timestamp=                2021-11-21T18:43:38.194437
shape=                    (5, 5)
sigma=                    2.5
nepochs=                  2
thresh=                   None
rate=                     0.0073
neighborhood function=    gaussian
init weights=             pca
topology=                 hexagonal
activation distance=      euclidean
output type=              labels
mapfile_prefix=           full2017_5x5_2_0073_3_09
apply classification=     False
seed=                     None
random order=             True
custom init file=         None
order labels by size=     False
decay_function=           3

Quantization Error=       0.34708984
Topographic Error=        0.16098610

############ NEURONS #############
 25 192
  0   0.128582   0.669921   0.694035   0.436081   0.928569   0.395096   0.530160   0.026761   0.304349   0.678750   0.707238   0.453034   0.927518   0.412035   0.534560   0.026707   0.304706   0.677686   0.708286   0.454323   0.928276   0.413312   0.532520   0.026856   0.305042   0.676689   0.709268   0.455585   0.930041   0.414573   0.532811   0.025971   0.305282   0.675921   0.709536   0.455930   0.931081   0.414917   0.533824   0.025358   0.306334   0.675173   0.709535   0.455903   0.931148   0.414886   0.534302   0.025279   0.317565   0.672147   0.713305   0.461013   0.930662   0.420041   0.535428   0.024834   0.346458   0.664822   0.723305   0.474795   0.929846   0.433989   0.541968   0.023322   0.385456   0.655463   0.737686   0.495159   0.929368   0.454701   0.554181   0.023956   0.424198   0.646996   0.754706   0.520215   0.929663   0.480366   0.567578   0.027463   0.454056   0.640910   0.771647   0.546194   0.929827   0.507177   0.578781   0.031266   0.464117   0.638696   0.785515   0.568240   0.929536   0.530083   0.587015   0.033777   0.449202   0.640851   0.794105   0.582280   0.928826   0.544746   0.594288   0.034408   0.414343   0.646312   0.796722   0.586683   0.927781   0.549368   0.602581   0.032813   0.369556   0.653365   0.793639   0.581681   0.927102   0.544151   0.613834   0.028913   0.330313   0.661298   0.781474   0.562067   0.927024   0.523717   0.627244   0.025897   0.310675   0.668146   0.764920   0.535844   0.927244   0.496489   0.633204   0.028496   0.306812   0.670914   0.755129   0.520710   0.927789   0.480847   0.630661   0.032640   0.306762   0.671122   0.750771   0.514166   0.928384   0.474120   0.627607   0.033912   0.306797   0.671217   0.747180   0.508838   0.928698   0.468655   0.625408   0.034344   0.306837   0.671279   0.744003   0.504181   0.928757   0.463889   0.623768   0.034532   0.306886   0.671309   0.741167   0.500056   0.928704   0.459673   0.622509   0.034407   0.306961   0.671293   0.738701   0.496492   0.928852   0.456035   0.621758   0.034107   0.307044   0.671253   0.736511   0.493359   0.929290   0.452843   0.621457   0.034112 202944
  1   0.143762   0.666062   0.583106   0.308956   0.588078   0.270495   0.410548   0.041255   0.305594   0.671326   0.604547   0.329172   0.586965   0.289615   0.415251   0.045829   0.306118   0.670766   0.606034   0.330712   0.587565   0.291096   0.414369   0.040377   0.306477   0.670179   0.606750   0.331464   0.589232   0.291820   0.415271   0.038573   0.306687   0.669775   0.606610   0.331308   0.590195   0.291668   0.416289   0.037786   0.308130   0.668247   0.607543   0.332287   0.590155   0.292611   0.417324   0.037387   0.321887   0.661009   0.614290   0.339673   0.589534   0.299782   0.419753   0.035568   0.356246   0.648506   0.623250   0.349632   0.588530   0.309476   0.427428   0.035762   0.400020   0.636767   0.630477   0.357853   0.588172   0.317513   0.439698   0.041883   0.437852   0.628872   0.637681   0.366215   0.588611   0.325718   0.451996   0.050810   0.459059   0.626114   0.643180   0.372722   0.588782   0.332124   0.463116   0.058997   0.457373   0.628781   0.645910   0.376009   0.588643   0.335371   0.472466   0.064172   0.434871   0.635938   0.645300   0.375310   0.588268   0.334687   0.479554   0.065073   0.399683   0.645838   0.641236   0.370509   0.587606   0.329961   0.483949   0.061133   0.361099   0.656666   0.634674   0.362821   0.586950   0.322405   0.485542   0.053328   0.328523   0.666613   0.626708   0.353609   0.586804   0.313373   0.485345   0.044564   0.310725   0.672921   0.619222   0.345083   0.587098   0.305036   0.482798   0.039421   0.306458   0.674468   0.615379   0.340763   0.587580   0.300823   0.478090   0.038189   0.306426   0.673974   0.614272   0.339544   0.587947   0.299638   0.473445   0.037786   0.306413   0.673529   0.613255   0.338435   0.587972   0.298562   0.469307   0.037981   0.306392   0.673160   0.612215   0.337316   0.588031   0.297479   0.465544   0.038699   0.306375   0.672853   0.611107   0.336134   0.588068   0.296337   0.462072   0.039317   0.306365   0.672544   0.610132   0.335098   0.588096   0.295336   0.458764   0.039639   0.306335   0.672238   0.609432   0.334361   0.588398   0.294626   0.455669   0.039984 359812
  2   0.155911   0.666927   0.473851   0.210650   0.381092   0.178150   0.299190   0.045215   0.304898   0.672855   0.488711   0.221383   0.380571   0.187844   0.299793   0.052049   0.305285   0.671996   0.490236   0.222540   0.381075   0.188898   0.299876   0.050697   0.305555   0.671177   0.491728   0.223714   0.382538   0.189974   0.300417   0.051195   0.305723   0.670576   0.492569   0.224389   0.383379   0.190595   0.300631   0.052436   0.308206   0.667954   0.494678   0.226105   0.383308   0.192177   0.301390   0.053426   0.327091   0.656263   0.502251   0.232442   0.382695   0.198047   0.303805   0.053539   0.370237   0.636267   0.512343   0.241072   0.381737   0.206071   0.309507   0.057919   0.423097   0.617394   0.522095   0.249642   0.381395   0.214078   0.317906   0.069063   0.467856   0.605003   0.531751   0.258315   0.381804   0.222213   0.326636   0.081072   0.491843   0.601492   0.539076   0.265055   0.381983   0.228561   0.334635   0.090715   0.489097   0.607087   0.543068   0.268830   0.381884   0.232133   0.341161   0.096911   0.463261   0.619573   0.543195   0.269009   0.381559   0.232313   0.345899   0.098607   0.423129   0.635923   0.539311   0.265419   0.380965   0.228929   0.348600   0.094562   0.377409   0.653574   0.532181   0.258839   0.380367   0.222729   0.349099   0.085189   0.336441   0.669674   0.523193   0.250687   0.380228   0.215069   0.347554   0.072850   0.311488   0.680101   0.514316   0.242808   0.380494   0.207694   0.343923   0.062882   0.303975   0.682922   0.508821   0.238015   0.380943   0.203222   0.339099   0.058938   0.303610   0.682025   0.506423   0.235964   0.381284   0.201314   0.334604   0.058361   0.303363   0.681174   0.504454   0.234311   0.381295   0.199781   0.330607   0.059512   0.303120   0.680427   0.502700   0.232856   0.381335   0.198436   0.326995   0.061305   0.302926   0.679731   0.501046   0.231491   0.381359   0.197174   0.323776   0.061787   0.302717   0.679117   0.499471   0.230197   0.381381   0.195979   0.320872   0.061402   0.302445   0.678589   0.498134   0.229113   0.381652   0.194981   0.318150   0.061559 407362
  3   0.163112   0.672537   0.371934   0.140655   0.204830   0.115377   0.209047   0.082899   0.293593   0.683199   0.360929   0.133639   0.204324   0.109167   0.201603   0.114458   0.294412   0.681127   0.363193   0.134915   0.204841   0.110273   0.203087   0.121564   0.294851   0.679846   0.363974   0.135368   0.206147   0.110667   0.204356   0.126645   0.295104   0.678982   0.363929   0.135346   0.206887   0.110648   0.205106   0.131129   0.303355   0.671036   0.368105   0.137763   0.206845   0.112754   0.206692   0.135361   0.343481   0.644606   0.379859   0.144898   0.206301   0.119018   0.209453   0.144182   0.419881   0.606840   0.393991   0.153889   0.205449   0.126972   0.212638   0.161703   0.505068   0.574031   0.407150   0.162563   0.205211   0.134692   0.216704   0.177906   0.576643   0.552222   0.419269   0.170789   0.205684   0.142049   0.221174   0.184055   0.619921   0.544943   0.428855   0.177470   0.205936   0.148052   0.225451   0.186160   0.622542   0.554556   0.434360   0.181394   0.205912   0.151592   0.229559   0.186991   0.585417   0.578247   0.435022   0.181879   0.205661   0.152032   0.233085   0.185213   0.521523   0.609676   0.430897   0.178925   0.205131   0.149366   0.235126   0.178537   0.443826   0.644721   0.422744   0.173166   0.204566   0.144179   0.235221   0.169526   0.367683   0.678631   0.411031   0.165111   0.204378   0.136959   0.233688   0.160639   0.311601   0.704040   0.396671   0.155573   0.204528   0.128458   0.230822   0.149569   0.288995   0.713133   0.385463   0.148380   0.204861   0.122084   0.226914   0.142412   0.287092   0.710817   0.379689   0.144826   0.205119   0.118956   0.222941   0.141345   0.286848   0.707730   0.375545   0.142319   0.205096   0.116757   0.219778   0.144219   0.286880   0.704877   0.371917   0.140151   0.205114   0.114859   0.217264   0.147491   0.286758   0.702455   0.368668   0.138234   0.205115   0.113184   0.214848   0.146581   0.286385   0.700590   0.365804   0.136565   0.205116   0.111729   0.212379   0.144410   0.285923   0.699065   0.363398   0.135174   0.205342   0.110517   0.210068   0.144367 264622
  4   0.153947   0.673027   0.415325   0.169426   0.253855   0.141026   0.224896   0.197451   0.278940   0.683838   0.403771   0.161684   0.255050   0.134109   0.216135   0.325122   0.278917   0.680858   0.406058   0.163199   0.255487   0.135460   0.217367   0.345874   0.278877   0.678650   0.407440   0.164148   0.256765   0.136312   0.218594   0.358626   0.278447   0.677237   0.407690   0.164354   0.257430   0.136502   0.219442   0.372427   0.292456   0.670973   0.409930   0.165850   0.257312   0.137838   0.220131   0.382621   0.354476   0.648277   0.419338   0.172255   0.256676   0.143576   0.222482   0.379817   0.464105   0.612718   0.434515   0.182986   0.255771   0.153252   0.225716   0.380357   0.579969   0.579818   0.450559   0.194821   0.255578   0.164003   0.228629   0.388388   0.673329   0.556280   0.465041   0.205886   0.256096   0.174115   0.231688   0.383883   0.730199   0.545552   0.476009   0.214515   0.256393   0.182041   0.234469   0.374390   0.738905   0.550853   0.482188   0.219486   0.256423   0.186625   0.237034   0.366613   0.698883   0.571203   0.482927   0.220084   0.256194   0.187179   0.239179   0.360574   0.620207   0.602304   0.477989   0.216085   0.255701   0.183487   0.240279   0.353589   0.515362   0.640589   0.467561   0.207807   0.255134   0.175872   0.239747   0.349365   0.403357   0.680862   0.451859   0.195759   0.254870   0.164852   0.237596   0.353546   0.309452   0.714521   0.432718   0.181656   0.254951   0.152044   0.233880   0.365024   0.267458   0.726501   0.419495   0.172257   0.255250   0.143559   0.229477   0.378715   0.264638   0.721128   0.414479   0.168871   0.255475   0.140530   0.225843   0.388310   0.264529   0.715073   0.411116   0.166646   0.255406   0.138548   0.223191   0.398018   0.264572   0.709759   0.408302   0.164807   0.255408   0.136911   0.221248   0.406511   0.264712   0.705198   0.405911   0.163255   0.255432   0.135533   0.219521   0.408145   0.264689   0.701381   0.403901   0.161958   0.255464   0.134381   0.217739   0.406488   0.264490   0.698039   0.402424   0.161011   0.255714   0.133541   0.216029   0.406388 126625
  5   0.128366   0.667250   0.709503   0.455950   0.883715   0.414949   0.669547   0.030198   0.307777   0.673840   0.722678   0.473499   0.882834   0.432599   0.673414   0.030059   0.308124   0.673518   0.722084   0.472700   0.883580   0.431794   0.671367   0.029582   0.308439   0.673103   0.721638   0.472118   0.885512   0.431211   0.670954   0.029331   0.308660   0.672839   0.720475   0.470538   0.886631   0.429617   0.670106   0.029595   0.308932   0.672681   0.718755   0.468174   0.886652   0.427226   0.668521   0.029883   0.313852   0.671227   0.718553   0.467931   0.886101   0.426988   0.666344   0.030171   0.329385   0.666901   0.721243   0.471710   0.885129   0.430824   0.667464   0.030196   0.352557   0.660997   0.726165   0.478607   0.884723   0.437824   0.674305   0.031623   0.375416   0.655747   0.732537   0.487625   0.885271   0.446994   0.683529   0.034881   0.391469   0.652276   0.738874   0.496706   0.885595   0.456248   0.692066   0.037901   0.395419   0.651279   0.743818   0.503877   0.885491   0.463573   0.698744   0.039292   0.385557   0.652970   0.746391   0.507649   0.885017   0.467432   0.703229   0.038633   0.365222   0.656854   0.746087   0.507210   0.884158   0.466984   0.705846   0.035963   0.340720   0.661873   0.743181   0.502934   0.883419   0.462606   0.708132   0.031174   0.319999   0.666824   0.737590   0.494738   0.883240   0.454218   0.711527   0.026904   0.310249   0.669774   0.731871   0.486415   0.883480   0.445713   0.712021   0.026193   0.308839   0.670334   0.729027   0.482320   0.883980   0.441536   0.708785   0.026873   0.308914   0.670161   0.727796   0.480569   0.884418   0.439754   0.705645   0.026964   0.308986   0.669959   0.726779   0.479138   0.884489   0.438301   0.702876   0.026929   0.309054   0.669762   0.725889   0.477900   0.884469   0.437047   0.700317   0.027119   0.309102   0.669619   0.724977   0.476641   0.884415   0.435771   0.697736   0.027752   0.309165   0.669479   0.724131   0.475478   0.884473   0.434596   0.695288   0.028376   0.309247   0.669296   0.723511   0.474636   0.884849   0.433747   0.693104   0.028930 340244
  6   0.138960   0.665482   0.629845   0.358343   0.677271   0.318187   0.506557   0.035179   0.307336   0.670239   0.647102   0.376669   0.676011   0.335888   0.511700   0.039710   0.307756   0.669706   0.648190   0.377921   0.676634   0.337113   0.510022   0.036136   0.308172   0.669057   0.649186   0.379094   0.678388   0.338267   0.510872   0.034091   0.308396   0.668673   0.649098   0.378997   0.679390   0.338173   0.511468   0.033213   0.309213   0.667947   0.649124   0.379021   0.679321   0.338195   0.511344   0.032877   0.319287   0.663420   0.653376   0.384141   0.678662   0.343250   0.511918   0.031228   0.346613   0.654377   0.660394   0.392649   0.677586   0.351662   0.518309   0.030346   0.383562   0.645081   0.666978   0.400740   0.677190   0.359681   0.530665   0.034385   0.416938   0.638427   0.673508   0.408901   0.677663   0.367794   0.543688   0.041584   0.436977   0.635501   0.678546   0.415292   0.677848   0.374164   0.555194   0.048188   0.437251   0.636725   0.681305   0.418827   0.677696   0.377695   0.564269   0.052187   0.418339   0.641750   0.681109   0.418589   0.677307   0.377460   0.570542   0.052670   0.387542   0.649275   0.677808   0.414383   0.676620   0.373264   0.573744   0.049266   0.353658   0.657758   0.672300   0.407410   0.675924   0.366316   0.574113   0.042659   0.325554   0.665610   0.665531   0.398925   0.675759   0.357876   0.573297   0.035819   0.311081   0.670426   0.659364   0.391271   0.676067   0.350277   0.570510   0.032632   0.308084   0.671526   0.656392   0.387619   0.676572   0.346657   0.565594   0.032379   0.308161   0.671169   0.655564   0.386619   0.676957   0.345670   0.561002   0.032319   0.308227   0.670844   0.654669   0.385547   0.676981   0.344613   0.557129   0.032445   0.308287   0.670576   0.653667   0.384352   0.677049   0.343435   0.553787   0.032827   0.308349   0.670344   0.652670   0.383171   0.677104   0.342272   0.550569   0.033227   0.308399   0.670093   0.651876   0.382238   0.677140   0.341355   0.547382   0.033561   0.308443   0.669798   0.651413   0.381704   0.677459   0.340832   0.544472   0.033802 308299
  7   0.149700   0.667120   0.527136   0.255456   0.479562   0.219727   0.346385   0.042577   0.304421   0.673380   0.548111   0.272922   0.478579   0.235894   0.349288   0.048015   0.304837   0.672773   0.549178   0.273879   0.479128   0.236791   0.349051   0.044127   0.305056   0.672173   0.549687   0.274349   0.480671   0.237233   0.349279   0.043208   0.305172   0.671746   0.549657   0.274324   0.481558   0.237210   0.349167   0.043197   0.307568   0.669096   0.551568   0.276081   0.481497   0.238864   0.350020   0.043545   0.326597   0.657901   0.559914   0.284070   0.480865   0.246440   0.353157   0.042522   0.370680   0.639546   0.569923   0.293880   0.479862   0.255781   0.360708   0.045312   0.424873   0.622456   0.578156   0.302180   0.479500   0.263723   0.371943   0.054884   0.469846   0.611349   0.586255   0.310512   0.479915   0.271725   0.383340   0.065714   0.492812   0.608436   0.592161   0.316716   0.480083   0.277706   0.393778   0.074821   0.487938   0.613894   0.594856   0.319608   0.479966   0.280505   0.402595   0.080611   0.459057   0.625648   0.593934   0.318654   0.479625   0.279588   0.409223   0.081625   0.417007   0.640544   0.589404   0.313873   0.479014   0.274975   0.413290   0.077236   0.371964   0.655983   0.582167   0.306320   0.478398   0.267702   0.414504   0.067968   0.333529   0.669560   0.573755   0.297705   0.478258   0.259435   0.413095   0.056181   0.311096   0.678110   0.566012   0.289936   0.478539   0.252007   0.409112   0.047587   0.304625   0.680326   0.561597   0.285583   0.478999   0.247858   0.403395   0.044728   0.304250   0.679575   0.559970   0.284022   0.479339   0.246378   0.397785   0.044462   0.303928   0.678924   0.558568   0.282702   0.479338   0.245129   0.392737   0.045267   0.303616   0.678424   0.557105   0.281339   0.479374   0.243843   0.388242   0.046520   0.303424   0.677965   0.555622   0.279960   0.479399   0.242542   0.384272   0.047248   0.303303   0.677496   0.554276   0.278711   0.479420   0.241364   0.380624   0.047680   0.303155   0.677054   0.553140   0.277670   0.479704   0.240384   0.377272   0.048280 363220
  8   0.161249   0.666826   0.421661   0.172177   0.282010   0.143255   0.252576   0.053966   0.303370   0.672396   0.425393   0.174196   0.281644   0.144981   0.249630   0.067124   0.303905   0.671316   0.427288   0.175448   0.282165   0.146095   0.250988   0.068696   0.304239   0.670569   0.428163   0.176050   0.283574   0.146635   0.252068   0.070547   0.304415   0.670054   0.428494   0.176287   0.284384   0.146848   0.252719   0.072530   0.307674   0.666790   0.430561   0.177725   0.284327   0.148139   0.253619   0.074125   0.329886   0.652384   0.438124   0.183117   0.283761   0.153000   0.255857   0.075599   0.378265   0.628686   0.448406   0.190619   0.282864   0.159790   0.260408   0.083103   0.435718   0.607121   0.458395   0.198110   0.282561   0.166600   0.266817   0.095841   0.485432   0.592690   0.468297   0.205705   0.283001   0.173534   0.273536   0.105896   0.514672   0.588055   0.476056   0.211784   0.283223   0.179103   0.279851   0.113028   0.515090   0.594318   0.480210   0.215108   0.283166   0.182160   0.285362   0.117405   0.488731   0.609185   0.480387   0.215272   0.282882   0.182315   0.289439   0.117599   0.444372   0.628940   0.476716   0.212344   0.282313   0.179624   0.291507   0.112246   0.391895   0.650754   0.469864   0.206920   0.281732   0.174647   0.291442   0.103183   0.343060   0.671326   0.460653   0.199779   0.281583   0.168116   0.289517   0.092761   0.311706   0.685211   0.450908   0.192413   0.281800   0.161408   0.285922   0.083452   0.301465   0.689245   0.444438   0.187630   0.282199   0.157070   0.281496   0.079341   0.300942   0.687931   0.441399   0.185439   0.282513   0.155090   0.277542   0.079218   0.300756   0.686559   0.438979   0.183716   0.282520   0.153537   0.274334   0.081778   0.300596   0.685343   0.436695   0.182109   0.282550   0.152092   0.271654   0.084559   0.300384   0.684240   0.434577   0.180634   0.282556   0.150767   0.269082   0.084778   0.300106   0.683292   0.432720   0.179352   0.282568   0.149618   0.266555   0.084258   0.299702   0.682562   0.431073   0.178231   0.282822   0.148615   0.264187   0.084822 374240
  9   0.150446   0.677634   0.459715   0.200946   0.375641   0.169457   0.255104   0.080456   0.286769   0.694436   0.474226   0.211341   0.375564   0.178844   0.248579   0.096945   0.285863   0.693378   0.475990   0.212722   0.375972   0.180110   0.244444   0.099488   0.285790   0.691765   0.477336   0.213779   0.377283   0.181079   0.241957   0.103281   0.285524   0.690357   0.477753   0.214141   0.377983   0.181417   0.239895   0.108823   0.297649   0.678035   0.487128   0.221369   0.377845   0.188025   0.242038   0.113461   0.355783   0.641861   0.511276   0.241170   0.377164   0.206323   0.247983   0.121185   0.463953   0.595140   0.537395   0.264235   0.376152   0.227907   0.252707   0.145021   0.582870   0.557403   0.559301   0.284926   0.375771   0.247495   0.256800   0.173692   0.681270   0.533479   0.577851   0.303256   0.376070   0.264987   0.261821   0.188859   0.741413   0.525742   0.591371   0.317138   0.376123   0.278325   0.268010   0.195826   0.747242   0.536939   0.598689   0.324932   0.375935   0.285862   0.275218   0.199830   0.697611   0.564589   0.598751   0.325169   0.375574   0.286121   0.282879   0.201141   0.608238   0.601774   0.591297   0.317483   0.375045   0.278730   0.289794   0.197480   0.498589   0.642535   0.577565   0.303410   0.374521   0.265211   0.294460   0.187889   0.391477   0.680802   0.559060   0.285004   0.374419   0.247623   0.296065   0.168562   0.310183   0.711978   0.534246   0.261719   0.374738   0.225598   0.293414   0.140431   0.276798   0.724745   0.514136   0.243744   0.375226   0.208739   0.285637   0.125570   0.275075   0.721727   0.505394   0.236346   0.375559   0.201866   0.277240   0.125430   0.275144   0.717618   0.499982   0.231840   0.375557   0.197692   0.271189   0.127634   0.275273   0.713857   0.495617   0.228269   0.375614   0.194393   0.266346   0.131041   0.275537   0.710636   0.491513   0.224964   0.375667   0.191349   0.262325   0.132063   0.275823   0.707949   0.487660   0.221890   0.375700   0.188522   0.258621   0.131830   0.275971   0.705525   0.484472   0.219377   0.375961   0.186216   0.255045   0.132211 201606
 10   0.125211   0.667074   0.739101   0.496920   0.930947   0.456445   0.753419   0.027370   0.308120   0.673371   0.748571   0.510492   0.930178   0.470275   0.759034   0.024049   0.308383   0.672853   0.748808   0.510820   0.930974   0.470608   0.759542   0.024824   0.308627   0.672320   0.748998   0.511096   0.932977   0.470890   0.760538   0.025593   0.308804   0.672037   0.748134   0.509824   0.934185   0.469587   0.760295   0.026505   0.309009   0.671999   0.746257   0.507072   0.934297   0.466770   0.758569   0.027641   0.313014   0.671177   0.745131   0.505434   0.933849   0.465097   0.755133   0.029833   0.325669   0.668256   0.746374   0.507286   0.933009   0.466997   0.753164   0.032004   0.344265   0.664002   0.749947   0.512585   0.932523   0.472431   0.755842   0.033983   0.362535   0.659999   0.755356   0.520669   0.933096   0.480733   0.761015   0.036583   0.375578   0.657179   0.761040   0.529258   0.933575   0.489571   0.765713   0.038485   0.378886   0.656198   0.765551   0.536143   0.933515   0.496669   0.768954   0.038947   0.370858   0.657215   0.768021   0.539938   0.933000   0.500586   0.770690   0.037597   0.354185   0.659904   0.767925   0.539793   0.932035   0.500436   0.771351   0.034492   0.333932   0.663447   0.765519   0.536094   0.931322   0.496619   0.773565   0.029301   0.317098   0.666976   0.760341   0.528168   0.931177   0.488443   0.779010   0.024560   0.309882   0.669084   0.754901   0.519889   0.931329   0.479913   0.780687   0.024264   0.309172   0.669522   0.751968   0.515472   0.931773   0.475371   0.777618   0.025591   0.309177   0.669516   0.750166   0.512780   0.932230   0.472606   0.775092   0.025664   0.309190   0.669461   0.748587   0.510432   0.932358   0.470198   0.772834   0.025390   0.309233   0.669378   0.747192   0.508373   0.932227   0.468088   0.770569   0.025358   0.309280   0.669282   0.746003   0.506624   0.932069   0.466297   0.768372   0.025670   0.309326   0.669129   0.745107   0.505310   0.932164   0.464953   0.766705   0.025663   0.309395   0.668906   0.744514   0.504448   0.932572   0.464072   0.765500   0.025492 673765
 11   0.126960   0.668895   0.719234   0.469160   0.935381   0.428283   0.660387   0.027774   0.306654   0.676719   0.732035   0.486685   0.934381   0.445995   0.664566   0.024476   0.306917   0.675639   0.733467   0.488664   0.935179   0.447997   0.663864   0.024318   0.307242   0.674577   0.734906   0.490685   0.937087   0.450049   0.664493   0.023946   0.307516   0.673767   0.735430   0.491412   0.938129   0.450785   0.664945   0.023588   0.308330   0.673104   0.735280   0.491177   0.938071   0.450542   0.664639   0.023288   0.317274   0.670655   0.737474   0.494322   0.937461   0.453747   0.663366   0.023019   0.339836   0.664641   0.744127   0.503992   0.936485   0.463627   0.664966   0.022525   0.369122   0.656866   0.754383   0.519192   0.935915   0.479212   0.672467   0.023311   0.396348   0.650002   0.767191   0.538665   0.936292   0.499273   0.681571   0.025779   0.415286   0.645420   0.780011   0.558684   0.936477   0.519999   0.688420   0.028282   0.419869   0.643989   0.790366   0.575253   0.936180   0.537231   0.693397   0.029666   0.407550   0.645971   0.796825   0.585775   0.935500   0.548211   0.697565   0.029779   0.382032   0.650574   0.798784   0.589008   0.934475   0.551593   0.702401   0.028511   0.350468   0.656316   0.796538   0.585341   0.933765   0.547765   0.710607   0.024813   0.323661   0.662568   0.787720   0.571069   0.933675   0.532890   0.721998   0.022254   0.311100   0.667151   0.776812   0.553580   0.933928   0.514694   0.727396   0.024738   0.308971   0.668621   0.770675   0.543901   0.934474   0.504655   0.725498   0.027982   0.308806   0.668945   0.767028   0.538263   0.935000   0.498829   0.723186   0.029188   0.308685   0.669190   0.763775   0.533280   0.935183   0.493689   0.721188   0.029622   0.308598   0.669371   0.760832   0.528808   0.935177   0.489082   0.719521   0.029816   0.308551   0.669502   0.758167   0.524783   0.935134   0.484940   0.718116   0.030081   0.308526   0.669569   0.755887   0.521358   0.935273   0.481421   0.717006   0.029982   0.308543   0.669553   0.754027   0.518582   0.935704   0.478571   0.716124   0.029578 622054
 12   0.133528   0.665628   0.668917   0.404547   0.765688   0.363696   0.563170   0.036050   0.307084   0.670390   0.692028   0.432359   0.764327   0.391171   0.568456   0.038723   0.307577   0.669745   0.693806   0.434709   0.764987   0.393531   0.566471   0.035122   0.308041   0.669123   0.695191   0.436544   0.766851   0.395374   0.567689   0.033498   0.308361   0.668689   0.695590   0.437081   0.767909   0.395914   0.568110   0.032789   0.309004   0.668147   0.695760   0.437315   0.767877   0.396151   0.567606   0.032161   0.316975   0.664878   0.700008   0.443049   0.767299   0.401931   0.566860   0.029843   0.339356   0.657928   0.707429   0.453108   0.766270   0.412079   0.571829   0.026800   0.370689   0.650338   0.714456   0.462752   0.765863   0.421832   0.583673   0.027995   0.401256   0.644262   0.721828   0.473046   0.766339   0.432274   0.595886   0.033175   0.422513   0.640757   0.728416   0.482397   0.766494   0.441790   0.606383   0.038695   0.426918   0.640608   0.732920   0.488876   0.766269   0.448398   0.615079   0.042782   0.412801   0.643874   0.734310   0.490915   0.765795   0.450486   0.621954   0.044184   0.385176   0.649785   0.732009   0.487625   0.764994   0.447135   0.627048   0.042230   0.352357   0.657038   0.726481   0.479709   0.764250   0.439066   0.631216   0.037111   0.324437   0.664126   0.717904   0.467525   0.764118   0.426668   0.636261   0.031250   0.310605   0.668672   0.709252   0.455387   0.764462   0.414344   0.637659   0.029216   0.308098   0.669848   0.704898   0.449364   0.765017   0.408245   0.633988   0.029445   0.308177   0.669683   0.703388   0.447310   0.765465   0.406171   0.630019   0.028928   0.308268   0.669516   0.702016   0.445465   0.765566   0.404313   0.626362   0.028848   0.308363   0.669374   0.700699   0.443710   0.765674   0.402548   0.622994   0.029235   0.308453   0.669244   0.699494   0.442118   0.765725   0.400950   0.619662   0.029693   0.308529   0.669085   0.698565   0.440900   0.765763   0.399729   0.616234   0.030024   0.308616   0.668856   0.698012   0.440185   0.766108   0.399013   0.613005   0.030257 368667
 13   0.136095   0.667769   0.624534   0.353577   0.702216   0.313737   0.413295   0.047836   0.302581   0.674416   0.654229   0.385891   0.699394   0.345104   0.418133   0.048706   0.303266   0.673435   0.657953   0.390240   0.699962   0.349375   0.414647   0.042324   0.303789   0.672588   0.660934   0.393743   0.701710   0.352819   0.413767   0.038671   0.304226   0.671832   0.662836   0.395984   0.702717   0.355023   0.413320   0.037201   0.306169   0.669626   0.666409   0.400245   0.702714   0.359225   0.413596   0.036114   0.321511   0.661302   0.678782   0.415715   0.702173   0.374608   0.415122   0.032295   0.359241   0.648122   0.694962   0.436552   0.701239   0.395439   0.421103   0.030950   0.408297   0.636054   0.709162   0.455631   0.700853   0.414660   0.430477   0.037531   0.454408   0.627172   0.723878   0.476111   0.701137   0.435427   0.438910   0.047729   0.484969   0.622902   0.736596   0.494376   0.701080   0.454055   0.446941   0.057752   0.488336   0.624374   0.744978   0.506719   0.700723   0.466703   0.455528   0.065705   0.464069   0.631046   0.747616   0.510699   0.700170   0.470800   0.464869   0.070284   0.421751   0.641064   0.743984   0.505397   0.699363   0.465375   0.474561   0.069994   0.373168   0.652533   0.734710   0.491899   0.698660   0.451573   0.484608   0.064325   0.331522   0.663646   0.719556   0.470340   0.698585   0.429621   0.495976   0.053752   0.309259   0.671601   0.702166   0.446284   0.698991   0.405252   0.501674   0.046651   0.304176   0.674264   0.691934   0.432489   0.699577   0.391346   0.499444   0.044926   0.304352   0.674002   0.688430   0.427901   0.700055   0.386745   0.496270   0.042753   0.304574   0.673639   0.685855   0.424559   0.700231   0.383400   0.493581   0.041158   0.304783   0.673258   0.683734   0.421834   0.700418   0.380677   0.491129   0.040518   0.304963   0.672922   0.681810   0.419384   0.700501   0.378233   0.488712   0.040244   0.305040   0.672665   0.679976   0.417069   0.700543   0.375928   0.486320   0.039772   0.305051   0.672453   0.678346   0.415032   0.700885   0.373903   0.483954   0.039291 203026
 14   0.139209   0.679501   0.556821   0.284203   0.560841   0.247068   0.321381   0.073370   0.289176   0.697393   0.588974   0.314631   0.558658   0.275899   0.320942   0.076650   0.288846   0.695224   0.592373   0.318117   0.558920   0.279249   0.313983   0.077032   0.289155   0.693138   0.593917   0.319769   0.560329   0.280847   0.310917   0.078513   0.289536   0.691507   0.593840   0.319725   0.561126   0.280810   0.309178   0.080315   0.298682   0.681321   0.602160   0.328238   0.560984   0.288984   0.310965   0.081545   0.348217   0.649755   0.626542   0.354803   0.560216   0.314781   0.316355   0.088352   0.447414   0.607369   0.654399   0.387313   0.559058   0.346737   0.321638   0.112667   0.560820   0.573279   0.678397   0.417377   0.558533   0.376668   0.325802   0.144048   0.656793   0.553497   0.699664   0.445289   0.558670   0.404694   0.330211   0.167709   0.715663   0.549479   0.714908   0.466096   0.558538   0.425735   0.336971   0.184672   0.720121   0.561284   0.722523   0.476856   0.558225   0.436685   0.346405   0.195431   0.669040   0.586005   0.721405   0.475523   0.557828   0.435375   0.357953   0.199407   0.579629   0.618213   0.711571   0.462122   0.557328   0.421825   0.370186   0.195074   0.474271   0.652734   0.694810   0.439605   0.556842   0.399115   0.380811   0.181693   0.377412   0.683660   0.674039   0.412486   0.556838   0.371906   0.387726   0.156891   0.310584   0.706468   0.649690   0.382147   0.557325   0.341721   0.388594   0.122577   0.286047   0.714080   0.631623   0.360542   0.557938   0.320385   0.383019   0.100404   0.285315   0.710754   0.624339   0.352276   0.558318   0.312302   0.375404   0.094976   0.285200   0.707448   0.619695   0.347139   0.558324   0.307301   0.368418   0.093535   0.284919   0.704783   0.615922   0.343047   0.558407   0.303331   0.361892   0.094198   0.284758   0.702627   0.612219   0.339070   0.558480   0.299480   0.356091   0.094775   0.284763   0.700830   0.608342   0.334938   0.558524   0.295484   0.350893   0.094828   0.284849   0.699207   0.604796   0.331205   0.558837   0.291881   0.346122   0.094758 94899
 15   0.123889   0.666475   0.755186   0.520504   0.938850   0.480580   0.787652   0.022306   0.308548   0.672001   0.765651   0.536101   0.938240   0.496589   0.797375   0.018649   0.308846   0.671193   0.766933   0.538040   0.939106   0.498584   0.800870   0.019546   0.309120   0.670438   0.767993   0.539657   0.941202   0.500250   0.804912   0.020516   0.309312   0.669957   0.767938   0.539566   0.942460   0.500156   0.807463   0.021423   0.309569   0.669712   0.766959   0.538057   0.942587   0.498598   0.808162   0.022414   0.314184   0.668453   0.767244   0.538503   0.942112   0.499059   0.806581   0.023997   0.328273   0.664811   0.770502   0.543557   0.941203   0.504285   0.807091   0.025320   0.348203   0.659925   0.776208   0.552482   0.940580   0.513527   0.813046   0.026378   0.367243   0.655632   0.783684   0.564335   0.941078   0.525832   0.820278   0.028669   0.380282   0.652878   0.790972   0.576058   0.941529   0.538035   0.825644   0.031005   0.382615   0.652193   0.796393   0.584893   0.941430   0.547256   0.828906   0.031958   0.373245   0.653605   0.799221   0.589543   0.940895   0.552116   0.830500   0.031446   0.355380   0.656668   0.799015   0.589214   0.939916   0.551774   0.831556   0.029492   0.334273   0.660419   0.796099   0.584435   0.939289   0.546782   0.836577   0.025091   0.317456   0.664268   0.789446   0.573613   0.939233   0.535492   0.845271   0.021904   0.310671   0.666777   0.782499   0.562407   0.939410   0.523821   0.847119   0.023452   0.309992   0.667456   0.778792   0.556514   0.939897   0.517700   0.842859   0.025465   0.309928   0.667647   0.776293   0.552580   0.940443   0.513621   0.839520   0.025716   0.309879   0.667773   0.774064   0.549090   0.940657   0.510007   0.836525   0.025403   0.309836   0.667864   0.772000   0.545873   0.940530   0.506678   0.833602   0.025134   0.309811   0.667921   0.770172   0.543038   0.940413   0.503747   0.830781   0.025298   0.309801   0.667926   0.768663   0.540708   0.940604   0.501340   0.828316   0.025449   0.309813   0.667867   0.767436   0.538824   0.941095   0.499395   0.826313   0.025380 1005167
 16   0.125775   0.667801   0.736524   0.493402   0.930540   0.452892   0.714554   0.024607   0.307661   0.674497   0.749663   0.512144   0.929702   0.471975   0.721914   0.021778   0.307949   0.673394   0.751671   0.515069   0.930522   0.474965   0.723912   0.021545   0.308241   0.672379   0.753425   0.517652   0.932573   0.477610   0.727095   0.021092   0.308474   0.671648   0.754058   0.518577   0.933732   0.478556   0.729454   0.021057   0.309085   0.671074   0.753972   0.518433   0.933774   0.478405   0.730347   0.021214   0.316568   0.668936   0.756147   0.521691   0.933314   0.481751   0.728996   0.021399   0.336032   0.663709   0.762341   0.531067   0.932396   0.491403   0.730759   0.020746   0.361488   0.657053   0.771620   0.545353   0.931769   0.506154   0.739410   0.020761   0.385429   0.651211   0.783130   0.563470   0.932157   0.524937   0.749277   0.022838   0.401600   0.647426   0.794345   0.581524   0.932386   0.543734   0.756546   0.025174   0.404506   0.646407   0.803027   0.595793   0.932137   0.558648   0.761660   0.026557   0.393025   0.648186   0.808135   0.604304   0.931540   0.567566   0.765574   0.026722   0.370679   0.652098   0.809203   0.606100   0.930526   0.569450   0.769698   0.025500   0.343570   0.656848   0.806649   0.601831   0.929841   0.564974   0.778082   0.022131   0.321061   0.662053   0.798150   0.587775   0.929764   0.550267   0.791440   0.020215   0.311279   0.665848   0.788227   0.571521   0.929967   0.533290   0.798024   0.023151   0.309973   0.667004   0.783030   0.563149   0.930482   0.524573   0.796117   0.026229   0.309837   0.667273   0.779940   0.558242   0.931031   0.519477   0.794052   0.026925   0.309723   0.667476   0.777182   0.553895   0.931258   0.514968   0.792190   0.027129   0.309631   0.667646   0.774629   0.549896   0.931249   0.510827   0.790407   0.027183   0.309570   0.667780   0.772316   0.546298   0.931203   0.507105   0.788555   0.027220   0.309538   0.667855   0.770347   0.543255   0.931361   0.503960   0.786707   0.027279   0.309535   0.667847   0.768753   0.540803   0.931823   0.501429   0.785275   0.027133 927255
 17   0.124738   0.669320   0.737620   0.495451   0.934164   0.455068   0.651718   0.025897   0.306033   0.677368   0.751386   0.514999   0.933311   0.474960   0.660078   0.024635   0.306456   0.675988   0.753427   0.517955   0.934219   0.477977   0.661853   0.024808   0.306792   0.674787   0.755074   0.520370   0.936296   0.480449   0.664527   0.024417   0.307023   0.673921   0.755547   0.521054   0.937456   0.481147   0.666376   0.023928   0.309101   0.672994   0.755942   0.521627   0.937483   0.481732   0.666272   0.023514   0.324893   0.669152   0.760679   0.528801   0.937005   0.489118   0.665727   0.022271   0.360772   0.660576   0.771490   0.545435   0.936115   0.506293   0.671898   0.020187   0.406668   0.650155   0.787130   0.570213   0.935479   0.532017   0.684915   0.020716   0.451795   0.641046   0.806314   0.601742   0.935735   0.564974   0.696301   0.024356   0.485287   0.635019   0.824699   0.633093   0.935816   0.597973   0.703363   0.028432   0.495270   0.633409   0.838846   0.658020   0.935388   0.624372   0.708187   0.031912   0.476321   0.636585   0.847224   0.673121   0.934605   0.640433   0.712411   0.034421   0.434102   0.643358   0.849217   0.676758   0.933476   0.644309   0.718030   0.034859   0.381557   0.651221   0.845636   0.670242   0.932752   0.637367   0.728658   0.031142   0.336053   0.659482   0.833027   0.647736   0.932667   0.613475   0.743797   0.026750   0.313082   0.666557   0.815331   0.616771   0.932883   0.580726   0.751874   0.029066   0.308351   0.669505   0.804132   0.597670   0.933424   0.560622   0.750698   0.033521   0.308043   0.669977   0.798531   0.588400   0.934021   0.550919   0.748568   0.034460   0.307821   0.670296   0.793794   0.580657   0.934333   0.542835   0.746831   0.034334   0.307644   0.670533   0.789547   0.573791   0.934380   0.535680   0.745315   0.033959   0.307532   0.670667   0.785812   0.567807   0.934374   0.529456   0.743920   0.033653   0.307510   0.670695   0.782662   0.562804   0.934584   0.524259   0.742547   0.033396   0.307569   0.670651   0.779959   0.558539   0.935083   0.519836   0.741506   0.033005 502986
 18   0.127800   0.667393   0.715823   0.465529   0.864997   0.424800   0.585360   0.035582   0.306467   0.673431   0.741422   0.500432   0.863958   0.460060   0.581635   0.037588   0.307067   0.672042   0.746315   0.507499   0.864656   0.467272   0.573347   0.034971   0.307591   0.670978   0.749585   0.512267   0.866615   0.472147   0.570594   0.033453   0.307975   0.670213   0.751278   0.514744   0.867747   0.474680   0.569384   0.033454   0.308988   0.669390   0.752578   0.516662   0.867777   0.476645   0.568259   0.033070   0.318550   0.666068   0.759398   0.526986   0.867330   0.487273   0.568500   0.029064   0.342044   0.659333   0.770764   0.544418   0.866454   0.505263   0.577000   0.022437   0.372199   0.651910   0.781679   0.561577   0.866010   0.523052   0.593369   0.020056   0.401356   0.645588   0.793001   0.579846   0.866361   0.542083   0.609483   0.022649   0.422604   0.641485   0.803227   0.596734   0.866428   0.559753   0.622829   0.027072   0.428518   0.640648   0.810362   0.608755   0.866109   0.572378   0.634172   0.031713   0.416062   0.643222   0.813220   0.613651   0.865502   0.577535   0.644919   0.034802   0.388439   0.648457   0.811223   0.610311   0.864554   0.574032   0.656117   0.034638   0.353823   0.655039   0.804499   0.599037   0.863863   0.562203   0.669796   0.030993   0.324255   0.662232   0.790920   0.576686   0.863861   0.538829   0.685620   0.027475   0.310505   0.667446   0.776481   0.553358   0.864243   0.514521   0.693553   0.028291   0.308407   0.669024   0.769279   0.541991   0.864850   0.502729   0.692188   0.029814   0.308428   0.669126   0.766087   0.537056   0.865403   0.497628   0.689256   0.029525   0.308499   0.669132   0.763571   0.533203   0.865638   0.493653   0.685966   0.029734   0.308598   0.669088   0.761508   0.530063   0.865750   0.490418   0.682482   0.030486   0.308700   0.669033   0.759730   0.527377   0.865722   0.487654   0.678712   0.031462   0.308784   0.668952   0.758291   0.525215   0.865758   0.485431   0.675048   0.032100   0.308881   0.668798   0.757341   0.523790   0.866130   0.483968   0.671840   0.032177 266863
 19   0.128408   0.668113   0.683781   0.424162   0.805684   0.383398   0.439746   0.048264   0.302247   0.674977   0.711700   0.459574   0.804227   0.418725   0.443752   0.048931   0.303043   0.673987   0.715850   0.465288   0.804857   0.424508   0.441287   0.042339   0.303556   0.673329   0.717988   0.468173   0.806705   0.427416   0.441745   0.039006   0.303970   0.672625   0.719508   0.470223   0.807789   0.429483   0.442141   0.038045   0.306041   0.670492   0.723525   0.475665   0.807833   0.434975   0.442810   0.036534   0.321379   0.663147   0.737221   0.495164   0.807329   0.454833   0.445647   0.030611   0.358254   0.651644   0.755621   0.522218   0.806425   0.482547   0.454499   0.025143   0.406159   0.640766   0.772010   0.547337   0.805984   0.508475   0.466840   0.027273   0.452248   0.632238   0.788359   0.573342   0.806177   0.535504   0.477743   0.034402   0.485171   0.627270   0.802579   0.596742   0.806028   0.559980   0.487868   0.042919   0.492454   0.627176   0.812584   0.613691   0.805543   0.577806   0.498331   0.050833   0.470307   0.632147   0.816677   0.620771   0.804827   0.585280   0.509687   0.056628   0.426794   0.640809   0.813855   0.615953   0.803877   0.580205   0.522044   0.058718   0.375274   0.651248   0.804155   0.599513   0.803206   0.562913   0.536699   0.055926   0.331501   0.661916   0.785624   0.569058   0.803253   0.531065   0.554236   0.046912   0.309265   0.669950   0.763999   0.534660   0.803738   0.495313   0.563979   0.040052   0.304869   0.672757   0.751974   0.516109   0.804413   0.476143   0.563057   0.038294   0.305207   0.672612   0.748071   0.510277   0.804990   0.470154   0.560217   0.036480   0.305522   0.672338   0.745299   0.506180   0.805251   0.465954   0.557467   0.035553   0.305804   0.672041   0.742948   0.502750   0.805433   0.462447   0.555107   0.035604   0.306025   0.671761   0.740851   0.499721   0.805452   0.459355   0.552790   0.036085   0.306151   0.671516   0.739097   0.497204   0.805486   0.456790   0.550538   0.036137   0.306237   0.671276   0.737646   0.495146   0.805856   0.454696   0.548543   0.035883 166041
 20   0.123345   0.666601   0.762550   0.531632   0.943028   0.492031   0.798608   0.020784   0.308678   0.672096   0.774661   0.550015   0.942334   0.510963   0.810714   0.016427   0.308939   0.671001   0.776880   0.553460   0.943207   0.514526   0.816200   0.017244   0.309238   0.670015   0.778700   0.556304   0.945375   0.517471   0.822021   0.018485   0.309483   0.669336   0.779292   0.557228   0.946626   0.518427   0.825858   0.019610   0.310324   0.668730   0.779379   0.557361   0.946794   0.518564   0.827208   0.020402   0.319240   0.666043   0.782330   0.562060   0.946391   0.523446   0.826468   0.020666   0.341299   0.660031   0.789562   0.573691   0.945460   0.535553   0.830778   0.020228   0.369177   0.653086   0.799626   0.590174   0.944717   0.552769   0.841744   0.020583   0.394412   0.647445   0.811476   0.610021   0.945049   0.573586   0.851950   0.022646   0.410489   0.644119   0.822405   0.628732   0.945340   0.593293   0.858800   0.024768   0.412034   0.643655   0.830488   0.642848   0.945091   0.608215   0.862830   0.026074   0.398330   0.645956   0.835089   0.650987   0.944464   0.616841   0.864942   0.026311   0.373914   0.650230   0.835892   0.652422   0.943371   0.618364   0.866959   0.025234   0.345454   0.655106   0.833332   0.647892   0.942679   0.613564   0.874833   0.021966   0.322369   0.660283   0.825013   0.633330   0.942571   0.598163   0.888821   0.020067   0.312616   0.663982   0.815374   0.616596   0.942688   0.580491   0.895207   0.022904   0.311403   0.665104   0.810266   0.607862   0.943178   0.571295   0.892507   0.026097   0.311233   0.665432   0.807072   0.602480   0.943779   0.565644   0.889894   0.027034   0.311073   0.665687   0.804213   0.597695   0.944046   0.560626   0.887872   0.027067   0.310914   0.665900   0.801541   0.593252   0.943948   0.555972   0.886182   0.026520   0.310779   0.666062   0.799181   0.589352   0.943889   0.551892   0.884808   0.025827   0.310694   0.666172   0.797172   0.586053   0.944142   0.548444   0.883268   0.025603   0.310656   0.666223   0.795476   0.583286   0.944694   0.545557   0.881627   0.025520 868015
 21   0.124558   0.667683   0.748760   0.511145   0.936363   0.471014   0.738261   0.021731   0.307790   0.674206   0.761279   0.529518   0.935647   0.489819   0.747861   0.019600   0.308119   0.672996   0.763541   0.532910   0.936562   0.493304   0.752187   0.020078   0.308452   0.671897   0.765489   0.535853   0.938690   0.496333   0.757201   0.020349   0.308716   0.671115   0.766207   0.536933   0.939886   0.497443   0.760950   0.020753   0.309725   0.670421   0.766372   0.537168   0.939973   0.497683   0.762845   0.021112   0.319694   0.667639   0.769538   0.542050   0.939576   0.502724   0.763107   0.021326   0.343739   0.661350   0.777263   0.554110   0.938697   0.515209   0.768228   0.020532   0.374071   0.653865   0.788364   0.571805   0.937960   0.533598   0.779833   0.020703   0.402109   0.647574   0.801870   0.593886   0.938233   0.556653   0.790695   0.023009   0.421012   0.643623   0.814626   0.615294   0.938409   0.579116   0.798042   0.025363   0.424064   0.642793   0.824264   0.631848   0.938095   0.596562   0.802779   0.026941   0.409804   0.645071   0.829876   0.641637   0.937440   0.606906   0.805965   0.027513   0.383186   0.649558   0.831173   0.643915   0.936379   0.609317   0.809264   0.026781   0.351195   0.654725   0.828769   0.639700   0.935733   0.604858   0.817946   0.023392   0.324397   0.660345   0.819706   0.624028   0.935686   0.588322   0.832500   0.021063   0.312516   0.664605   0.808565   0.604963   0.935870   0.568244   0.840046   0.024208   0.310861   0.665989   0.802539   0.594826   0.936393   0.557605   0.838594   0.027964   0.310651   0.666351   0.798974   0.588926   0.936991   0.551430   0.836767   0.029005   0.310462   0.666625   0.795837   0.583776   0.937280   0.546049   0.835349   0.029129   0.310301   0.666848   0.792951   0.579072   0.937244   0.541140   0.834269   0.028676   0.310171   0.667020   0.790382   0.574911   0.937183   0.536804   0.833281   0.028145   0.310093   0.667121   0.788224   0.571440   0.937392   0.533190   0.832046   0.027970   0.310062   0.667149   0.786412   0.568541   0.937895   0.530176   0.830901   0.027734 1114154
 22   0.122940   0.668128   0.756361   0.522613   0.938924   0.482812   0.723298   0.022866   0.306725   0.675066   0.768371   0.540487   0.938214   0.501155   0.734961   0.021144   0.307070   0.673822   0.770363   0.543509   0.939131   0.504266   0.740316   0.021761   0.307359   0.672733   0.772020   0.546043   0.941287   0.506880   0.745942   0.022314   0.307588   0.671961   0.772456   0.546696   0.942529   0.507551   0.749969   0.023013   0.311020   0.670804   0.773305   0.547998   0.942650   0.508894   0.751328   0.023865   0.330718   0.666144   0.779082   0.557090   0.942257   0.518320   0.753623   0.024021   0.372870   0.656757   0.791158   0.576479   0.941373   0.538499   0.764067   0.023549   0.426078   0.646134   0.807990   0.604390   0.940581   0.567722   0.779267   0.025576   0.477199   0.637269   0.827512   0.637965   0.940742   0.603116   0.791452   0.030232   0.513309   0.631778   0.845364   0.669792   0.940752   0.636898   0.799353   0.034592   0.519341   0.631108   0.858706   0.694323   0.940263   0.663085   0.803970   0.037710   0.490792   0.635429   0.866213   0.708402   0.939499   0.678171   0.806643   0.039643   0.440138   0.642926   0.867521   0.710853   0.938387   0.680797   0.810164   0.039995   0.383358   0.650652   0.863585   0.703371   0.937758   0.672759   0.821006   0.035605   0.336904   0.658151   0.851282   0.680514   0.937769   0.648311   0.837784   0.029848   0.314800   0.664049   0.835711   0.652138   0.937994   0.618071   0.845628   0.031484   0.310652   0.666315   0.826515   0.635802   0.938560   0.600745   0.843987   0.035471   0.310298   0.666869   0.821367   0.626854   0.939228   0.591295   0.842545   0.035842   0.310030   0.667268   0.816920   0.619214   0.939571   0.583242   0.841985   0.035121   0.309787   0.667581   0.812908   0.612383   0.939541   0.576056   0.842027   0.033820   0.309552   0.667824   0.809370   0.606408   0.939499   0.569779   0.842083   0.032470   0.309347   0.668011   0.806318   0.601295   0.939768   0.564416   0.841454   0.031751   0.309203   0.668112   0.803693   0.596933   0.940338   0.559848   0.840613   0.031219 480751
 23   0.121393   0.669386   0.747935   0.510071   0.939696   0.469939   0.674647   0.021886   0.302619   0.677539   0.758325   0.525317   0.938966   0.485546   0.685078   0.022952   0.303063   0.676255   0.759878   0.527640   0.939865   0.487932   0.688806   0.024241   0.303353   0.675204   0.760889   0.529165   0.941887   0.489500   0.692810   0.025033   0.303548   0.674479   0.760656   0.528812   0.943033   0.489137   0.695417   0.025757   0.311950   0.672401   0.762578   0.531691   0.943110   0.492095   0.695173   0.026022   0.351780   0.664283   0.772246   0.546607   0.942707   0.507505   0.699293   0.024774   0.434254   0.649002   0.792213   0.578670   0.941860   0.540878   0.714608   0.024342   0.539367   0.632234   0.820741   0.627012   0.940958   0.591711   0.731051   0.028740   0.638538   0.618757   0.851882   0.682944   0.940842   0.651175   0.739772   0.035038   0.701320   0.611431   0.878501   0.733406   0.940609   0.705375   0.740856   0.039600   0.700280   0.612595   0.897119   0.770253   0.939905   0.745275   0.736209   0.043071   0.636639   0.621394   0.906726   0.789750   0.938973   0.766488   0.730891   0.046233   0.538560   0.634124   0.907416   0.791089   0.937780   0.767934   0.731202   0.048043   0.436778   0.646412   0.900228   0.776291   0.937168   0.751790   0.744921   0.045362   0.356664   0.657449   0.880903   0.737736   0.937184   0.709982   0.769533   0.040121   0.315787   0.666447   0.856197   0.690071   0.937405   0.658620   0.781344   0.041776   0.306079   0.670401   0.840757   0.661497   0.937978   0.628075   0.779366   0.045945   0.305500   0.671208   0.832321   0.646442   0.938677   0.612093   0.779225   0.045507   0.305237   0.671738   0.825171   0.633910   0.939118   0.598834   0.780276   0.043871   0.305097   0.672042   0.819015   0.623284   0.939150   0.587623   0.781510   0.041635   0.305072   0.672084   0.813999   0.614721   0.939107   0.578608   0.782726   0.039457   0.305149   0.671908   0.810101   0.608136   0.939379   0.571689   0.783572   0.037827   0.305216   0.671703   0.806824   0.602658   0.939956   0.565943   0.784056   0.036393 208349
 24   0.124850   0.671125   0.715955   0.465355   0.924888   0.424560   0.543621   0.029456   0.301975   0.680786   0.730390   0.485047   0.923994   0.444455   0.549890   0.029666   0.302598   0.679274   0.732430   0.487924   0.924760   0.447379   0.547868   0.029848   0.302823   0.678272   0.733315   0.489159   0.926548   0.448632   0.547795   0.028929   0.302916   0.677548   0.733236   0.489051   0.927569   0.448523   0.548171   0.028455   0.307487   0.675574   0.735619   0.492459   0.927547   0.451996   0.548399   0.027586   0.335844   0.668101   0.746512   0.508481   0.926958   0.468408   0.552954   0.023511   0.400481   0.653511   0.766588   0.539003   0.926007   0.499867   0.567553   0.020170   0.487632   0.636494   0.794193   0.583188   0.925332   0.545850   0.585796   0.023730   0.579780   0.621385   0.826058   0.637266   0.925391   0.602747   0.597702   0.031646   0.655069   0.610985   0.854927   0.689126   0.925175   0.657897   0.603278   0.040140   0.680390   0.608699   0.876149   0.729086   0.924464   0.700768   0.605947   0.047697   0.641909   0.615227   0.887883   0.751863   0.923453   0.725344   0.608293   0.053458   0.557959   0.627670   0.890030   0.756017   0.922210   0.729824   0.613411   0.056194   0.456466   0.642009   0.883498   0.743043   0.921375   0.715765   0.626057   0.053855   0.366713   0.655850   0.864361   0.706247   0.921258   0.676137   0.649261   0.045601   0.316002   0.668678   0.833890   0.650197   0.921587   0.616273   0.661864   0.043395   0.303127   0.675054   0.812450   0.612310   0.922276   0.576117   0.657931   0.046502   0.303191   0.675306   0.804191   0.598397   0.923007   0.561505   0.654413   0.045359   0.303549   0.675186   0.798026   0.588166   0.923471   0.550791   0.652802   0.043407   0.304018   0.674839   0.793166   0.580187   0.923684   0.542451   0.652291   0.041475   0.304413   0.674451   0.788997   0.573404   0.923744   0.535374   0.652275   0.040205   0.304548   0.674230   0.785058   0.567077   0.923964   0.528788   0.652349   0.039636   0.304535   0.674127   0.781371   0.561238   0.924489   0.522726   0.652401   0.039039 221999
