timestamp=                2021-11-21T16:44:51.925816
shape=                    (5, 5)
sigma=                    2.5
nepochs=                  2
thresh=                   None
rate=                     0.0073
neighborhood function=    gaussian
init weights=             pca
topology=                 hexagonal
activation distance=      euclidean
output type=              labels
mapfile_prefix=           full2017_5x5_2_0073_3_01
apply classification=     False
seed=                     None
random order=             True
custom init file=         None
order labels by size=     False
decay_function=           3

Quantization Error=       0.34710173
Topographic Error=        0.15893315

############ NEURONS #############
 25 192
  0   0.128383   0.669965   0.695777   0.438363   0.928568   0.397384   0.530923   0.026970   0.304376   0.678844   0.708701   0.455012   0.927534   0.414031   0.535180   0.026968   0.304724   0.677783   0.709704   0.456249   0.928297   0.415257   0.532910   0.027190   0.305054   0.676783   0.710643   0.457459   0.930064   0.416466   0.533088   0.026244   0.305299   0.676013   0.710843   0.457707   0.931102   0.416712   0.534102   0.025602   0.306332   0.675262   0.710816   0.457648   0.931166   0.416648   0.534587   0.025463   0.317538   0.672234   0.714598   0.462799   0.930678   0.421849   0.535747   0.024824   0.346328   0.664900   0.724630   0.476678   0.929859   0.435906   0.542254   0.023153   0.385124   0.655538   0.738989   0.497077   0.929384   0.456665   0.554470   0.023743   0.423468   0.647118   0.755874   0.521999   0.929679   0.482204   0.568057   0.027248   0.452848   0.641100   0.772712   0.547877   0.929843   0.508923   0.579277   0.031029   0.462742   0.638914   0.786505   0.569848   0.929554   0.531760   0.587493   0.033510   0.448111   0.641050   0.795035   0.583824   0.928843   0.546363   0.594854   0.034151   0.413655   0.646451   0.797644   0.588226   0.927797   0.550987   0.603180   0.032525   0.369150   0.653453   0.794548   0.583195   0.927114   0.545738   0.614459   0.028632   0.330217   0.661388   0.782393   0.563557   0.927032   0.525272   0.627852   0.025793   0.310738   0.668211   0.765864   0.537317   0.927250   0.498014   0.633806   0.028481   0.306854   0.670942   0.756076   0.522154   0.927792   0.482335   0.631326   0.032572   0.306786   0.671145   0.751737   0.515622   0.928388   0.475617   0.628375   0.033793   0.306805   0.671240   0.748161   0.510304   0.928702   0.470160   0.626187   0.034224   0.306836   0.671315   0.744952   0.505591   0.928763   0.465335   0.624479   0.034359   0.306885   0.671348   0.742093   0.501424   0.928715   0.461075   0.623256   0.034205   0.306975   0.671330   0.739594   0.497805   0.928868   0.457380   0.622635   0.034044   0.307078   0.671277   0.737371   0.494617   0.929308   0.454130   0.622489   0.034112 210629
  1   0.143803   0.666149   0.582416   0.308267   0.587157   0.269836   0.409511   0.041211   0.305554   0.671509   0.604010   0.328601   0.585964   0.289063   0.414247   0.045851   0.306093   0.670937   0.605559   0.330204   0.586565   0.290604   0.413405   0.040292   0.306461   0.670332   0.606313   0.330988   0.588238   0.291358   0.414346   0.038296   0.306662   0.669927   0.606148   0.330805   0.589200   0.291180   0.415343   0.037618   0.308098   0.668381   0.607047   0.331749   0.589159   0.292090   0.416356   0.037422   0.322064   0.661060   0.613797   0.339133   0.588537   0.299257   0.418789   0.035753   0.356860   0.648408   0.622817   0.349150   0.587527   0.309007   0.426456   0.036100   0.401088   0.636548   0.630171   0.357505   0.587163   0.317172   0.438674   0.042415   0.439160   0.628602   0.637430   0.365925   0.587598   0.325434   0.450999   0.051470   0.460492   0.625791   0.642938   0.372447   0.587766   0.331856   0.462184   0.059625   0.458720   0.628514   0.645681   0.375750   0.587624   0.335118   0.471565   0.064914   0.435787   0.635809   0.645014   0.374979   0.587250   0.334362   0.478683   0.065859   0.400205   0.645818   0.640872   0.370084   0.586588   0.329543   0.483148   0.061737   0.361303   0.656790   0.634220   0.362297   0.585935   0.321892   0.484792   0.053867   0.328575   0.666826   0.626173   0.353004   0.585793   0.312782   0.484574   0.044897   0.310753   0.673130   0.618677   0.344478   0.586092   0.304448   0.482066   0.039591   0.306435   0.674672   0.614816   0.340147   0.586573   0.300224   0.477384   0.038393   0.306385   0.674184   0.613670   0.338890   0.586940   0.299004   0.472617   0.038108   0.306357   0.673736   0.612651   0.337785   0.586964   0.297933   0.468370   0.038406   0.306324   0.673364   0.611605   0.336662   0.587019   0.296847   0.464589   0.039148   0.306320   0.673049   0.610484   0.335471   0.587054   0.295696   0.461090   0.039791   0.306333   0.672714   0.609508   0.334435   0.587079   0.294696   0.457778   0.040144   0.306319   0.672360   0.608852   0.333746   0.587380   0.294033   0.454746   0.040440 358942
  2   0.155958   0.666920   0.473377   0.210257   0.380046   0.177787   0.299099   0.045139   0.304879   0.672809   0.487866   0.220695   0.379428   0.187211   0.299481   0.052094   0.305287   0.671907   0.489486   0.221928   0.379924   0.188333   0.299498   0.050661   0.305563   0.671087   0.491007   0.223124   0.381383   0.189429   0.300008   0.050972   0.305743   0.670467   0.491876   0.223817   0.382229   0.190067   0.300352   0.052130   0.308190   0.667866   0.493963   0.225513   0.382161   0.191629   0.301199   0.053120   0.326842   0.656285   0.501460   0.231781   0.381548   0.197435   0.303536   0.053338   0.369730   0.636413   0.511529   0.240378   0.380589   0.205427   0.309147   0.058064   0.422376   0.617615   0.521222   0.248879   0.380247   0.213366   0.317504   0.069453   0.467121   0.605166   0.530868   0.257521   0.380658   0.221467   0.326178   0.081357   0.491213   0.601507   0.538231   0.264269   0.380837   0.227819   0.334183   0.090755   0.488538   0.607082   0.542226   0.268026   0.380737   0.231372   0.340775   0.096835   0.463224   0.619506   0.542400   0.268247   0.380411   0.231590   0.345515   0.098564   0.423439   0.635760   0.538533   0.264678   0.379817   0.228228   0.348238   0.094655   0.377593   0.653480   0.531343   0.258059   0.379218   0.221993   0.348801   0.085406   0.336588   0.669597   0.522356   0.249930   0.379076   0.214358   0.347212   0.072858   0.311566   0.680008   0.513530   0.242119   0.379338   0.207051   0.343536   0.062617   0.303971   0.682870   0.508003   0.237314   0.379785   0.202569   0.338666   0.058567   0.303580   0.682007   0.505538   0.235212   0.380126   0.200615   0.334113   0.057944   0.303342   0.681138   0.503589   0.233575   0.380137   0.199098   0.330146   0.059147   0.303092   0.680392   0.501868   0.232152   0.380176   0.197782   0.326495   0.061035   0.302876   0.679696   0.500238   0.230813   0.380199   0.196546   0.323210   0.061616   0.302683   0.679060   0.498688   0.229546   0.380222   0.195377   0.320269   0.061456   0.302418   0.678530   0.497346   0.228460   0.380493   0.194376   0.317508   0.061620 405198
  3   0.163069   0.672444   0.372361   0.140901   0.204891   0.115591   0.209470   0.083081   0.293696   0.682977   0.361332   0.133869   0.204384   0.109367   0.202005   0.114885   0.294601   0.680873   0.363559   0.135124   0.204905   0.110454   0.203490   0.121730   0.295146   0.679501   0.364350   0.135579   0.206215   0.110850   0.204870   0.126808   0.295462   0.678536   0.364404   0.135611   0.206954   0.110878   0.205724   0.131566   0.303558   0.670752   0.368514   0.137997   0.206912   0.112957   0.207289   0.136086   0.343280   0.644653   0.380122   0.145054   0.206369   0.119154   0.209983   0.144949   0.419055   0.607202   0.394127   0.153965   0.205518   0.127037   0.213121   0.162291   0.503851   0.574584   0.407212   0.162594   0.205281   0.134718   0.217109   0.178273   0.575289   0.552788   0.419282   0.170794   0.205753   0.142053   0.221462   0.184384   0.618294   0.545546   0.428781   0.177420   0.206006   0.148007   0.225647   0.186407   0.621497   0.554969   0.434287   0.181342   0.205982   0.151545   0.229662   0.187459   0.585258   0.578325   0.434984   0.181851   0.205729   0.152006   0.233125   0.186060   0.521358   0.609743   0.430817   0.178863   0.205201   0.149309   0.235209   0.179389   0.443573   0.644842   0.422627   0.173075   0.204638   0.144096   0.235322   0.170386   0.367479   0.678736   0.410881   0.165003   0.204451   0.136861   0.233776   0.161608   0.311515   0.704062   0.396551   0.155497   0.204602   0.128390   0.230896   0.150692   0.289049   0.713050   0.385427   0.148366   0.204935   0.122072   0.226962   0.143870   0.287173   0.710681   0.379737   0.144861   0.205192   0.118988   0.223007   0.142709   0.286936   0.707519   0.375719   0.142422   0.205169   0.116847   0.219894   0.145382   0.287028   0.704560   0.372182   0.140300   0.205186   0.114988   0.217476   0.148745   0.286907   0.702116   0.368980   0.138404   0.205187   0.113331   0.215114   0.147855   0.286440   0.700310   0.366138   0.136741   0.205187   0.111880   0.212646   0.145721   0.286049   0.698697   0.363761   0.135367   0.205412   0.110684   0.210398   0.145623 265006
  4   0.153827   0.673096   0.415013   0.169236   0.254033   0.140859   0.224593   0.197804   0.278594   0.683946   0.403663   0.161645   0.255303   0.134080   0.215773   0.325334   0.278449   0.680963   0.406010   0.163192   0.255742   0.135459   0.216844   0.345705   0.278306   0.678798   0.407375   0.164126   0.257020   0.136297   0.217993   0.358326   0.277821   0.677406   0.407595   0.164308   0.257685   0.136464   0.218823   0.372156   0.292185   0.671005   0.409927   0.165857   0.257568   0.137846   0.219504   0.382629   0.354806   0.648044   0.419546   0.172394   0.256933   0.143701   0.221828   0.380311   0.464704   0.612334   0.434895   0.183238   0.256032   0.153478   0.224999   0.381196   0.581120   0.579292   0.451077   0.195174   0.255839   0.164320   0.227878   0.389533   0.674931   0.555647   0.465669   0.206332   0.256358   0.174518   0.230926   0.385059   0.731930   0.544816   0.476702   0.215022   0.256659   0.182501   0.233720   0.375165   0.740962   0.549930   0.482879   0.219993   0.256688   0.187086   0.236327   0.366943   0.700759   0.570413   0.483493   0.220494   0.256457   0.187550   0.238564   0.360671   0.621788   0.601726   0.478460   0.216420   0.255960   0.183789   0.239746   0.353701   0.516626   0.640181   0.468027   0.208134   0.255391   0.176167   0.239256   0.349518   0.403973   0.680830   0.452277   0.196044   0.255126   0.165109   0.237107   0.353777   0.309455   0.714843   0.433051   0.181878   0.255206   0.152243   0.233371   0.365379   0.267192   0.726947   0.419742   0.172420   0.255506   0.143706   0.228945   0.379115   0.264380   0.721551   0.414646   0.168978   0.255730   0.140627   0.225256   0.388539   0.264215   0.715495   0.411199   0.166696   0.255662   0.138593   0.222560   0.398041   0.264300   0.710118   0.408349   0.164833   0.255664   0.136936   0.220591   0.406426   0.264523   0.705458   0.405960   0.163283   0.255691   0.135558   0.218878   0.407863   0.264359   0.701672   0.403885   0.161942   0.255725   0.134367   0.217069   0.406101   0.264001   0.698408   0.402306   0.160934   0.255977   0.133474   0.215215   0.405917 126312
  5   0.128337   0.667303   0.709838   0.456374   0.886161   0.415372   0.670956   0.030205   0.307789   0.673939   0.722754   0.473591   0.885271   0.432689   0.674630   0.029960   0.308133   0.673602   0.722200   0.472845   0.886021   0.431938   0.672448   0.029544   0.308437   0.673167   0.721789   0.472312   0.887951   0.431404   0.671975   0.029236   0.308660   0.672902   0.720588   0.470682   0.889063   0.429760   0.671147   0.029455   0.308932   0.672758   0.718814   0.468243   0.889084   0.427294   0.669677   0.029821   0.313794   0.671322   0.718597   0.467976   0.888537   0.427030   0.667559   0.030199   0.329215   0.667016   0.721269   0.471723   0.887578   0.430834   0.668530   0.030133   0.352164   0.661148   0.726164   0.478577   0.887177   0.437789   0.675206   0.031439   0.374663   0.655949   0.732522   0.487570   0.887721   0.446931   0.684362   0.034730   0.390637   0.652467   0.738904   0.496715   0.888046   0.456251   0.692810   0.037627   0.394665   0.651427   0.743889   0.503949   0.887943   0.463640   0.699477   0.038920   0.384935   0.653078   0.746507   0.507791   0.887471   0.467573   0.703983   0.038363   0.364815   0.656925   0.746276   0.507464   0.886607   0.467240   0.706579   0.035717   0.340425   0.661923   0.743461   0.503325   0.885870   0.463003   0.708879   0.030932   0.319870   0.666840   0.737939   0.495231   0.885695   0.454719   0.712292   0.026758   0.310256   0.669757   0.732250   0.486947   0.885931   0.446253   0.712800   0.026213   0.308890   0.670313   0.729415   0.482864   0.886430   0.442088   0.709510   0.027086   0.308958   0.670154   0.728149   0.481062   0.886870   0.440254   0.706329   0.027219   0.309022   0.669963   0.727100   0.479582   0.886944   0.438750   0.703524   0.027189   0.309082   0.669785   0.726149   0.478257   0.886921   0.437406   0.700929   0.027426   0.309131   0.669661   0.725160   0.476890   0.886860   0.436023   0.698279   0.028017   0.309192   0.669523   0.724304   0.475713   0.886916   0.434833   0.695737   0.028546   0.309265   0.669337   0.723685   0.474873   0.887290   0.433986   0.693528   0.029059 342005
  6   0.138943   0.665514   0.629196   0.357596   0.676698   0.317455   0.505149   0.035294   0.307243   0.670297   0.646735   0.376239   0.675362   0.335464   0.510508   0.039653   0.307668   0.669763   0.647854   0.377530   0.675981   0.336730   0.508736   0.035883   0.308108   0.669099   0.648864   0.378715   0.677731   0.337895   0.509625   0.033862   0.308346   0.668684   0.648803   0.378646   0.678728   0.337828   0.510382   0.032898   0.309189   0.667938   0.648839   0.378680   0.678658   0.337859   0.510349   0.032426   0.319469   0.663345   0.653087   0.383788   0.678005   0.342902   0.511070   0.030793   0.347187   0.654205   0.660181   0.392383   0.676929   0.351398   0.517616   0.030094   0.384627   0.644873   0.666786   0.400500   0.676530   0.359442   0.530069   0.034405   0.418241   0.638275   0.673220   0.408539   0.677006   0.367433   0.543238   0.041888   0.438267   0.635405   0.678148   0.414786   0.677189   0.373659   0.554891   0.048601   0.438618   0.636653   0.680775   0.418150   0.677035   0.377019   0.564072   0.052660   0.419415   0.641737   0.680476   0.417779   0.676649   0.376651   0.570374   0.053081   0.388195   0.649308   0.677134   0.413526   0.675968   0.372409   0.573603   0.049451   0.354074   0.657822   0.671566   0.406487   0.675274   0.365397   0.573992   0.042685   0.325715   0.665698   0.664746   0.397949   0.675110   0.356907   0.573098   0.035642   0.311091   0.670529   0.658595   0.390331   0.675419   0.349346   0.570184   0.032260   0.308037   0.671633   0.655632   0.386700   0.675926   0.345749   0.565234   0.031893   0.308108   0.671274   0.654775   0.385668   0.676309   0.344731   0.560615   0.031904   0.308181   0.670942   0.653910   0.384634   0.676330   0.343711   0.556624   0.032132   0.308246   0.670661   0.652996   0.383548   0.676393   0.342641   0.553093   0.032622   0.308309   0.670416   0.652037   0.382417   0.676446   0.341529   0.549773   0.033144   0.308360   0.670160   0.651231   0.381472   0.676484   0.340601   0.546583   0.033404   0.308409   0.669854   0.650788   0.380963   0.676802   0.340102   0.543655   0.033568 308588
  7   0.149777   0.667161   0.526185   0.254644   0.478957   0.218972   0.345330   0.042591   0.304421   0.673416   0.547590   0.272433   0.477958   0.235431   0.348406   0.047962   0.304873   0.672761   0.548810   0.273526   0.478500   0.236456   0.348093   0.044082   0.305099   0.672154   0.549353   0.274025   0.480039   0.236925   0.348397   0.043389   0.305232   0.671693   0.549351   0.274023   0.480925   0.236924   0.348443   0.043344   0.307596   0.669038   0.551251   0.275774   0.480864   0.238573   0.349324   0.043420   0.326495   0.657845   0.559543   0.283713   0.480231   0.246102   0.352355   0.042351   0.370546   0.639379   0.569533   0.293497   0.479232   0.255416   0.359818   0.045074   0.424521   0.622265   0.577696   0.301721   0.478875   0.263285   0.370971   0.054494   0.469531   0.611151   0.585769   0.310018   0.479289   0.271252   0.382298   0.065326   0.492788   0.608162   0.591762   0.316304   0.479453   0.277310   0.392698   0.074421   0.487769   0.613724   0.594513   0.319250   0.479334   0.280161   0.401529   0.080287   0.458824   0.625567   0.593572   0.318272   0.478992   0.279220   0.408217   0.081462   0.416876   0.640470   0.589000   0.313450   0.478381   0.274568   0.412271   0.076991   0.371882   0.655996   0.581728   0.305871   0.477767   0.267272   0.413522   0.067700   0.333480   0.669655   0.573284   0.297234   0.477627   0.258985   0.412248   0.056009   0.311066   0.678222   0.565504   0.289443   0.477907   0.251539   0.408331   0.047304   0.304584   0.680433   0.561107   0.285117   0.478366   0.247417   0.402611   0.044278   0.304185   0.679694   0.559487   0.283565   0.478708   0.245945   0.396970   0.043895   0.303885   0.679027   0.558094   0.282256   0.478709   0.244708   0.391904   0.044717   0.303596   0.678511   0.556678   0.280938   0.478747   0.243465   0.387333   0.045988   0.303378   0.678067   0.555220   0.279582   0.478773   0.242184   0.383253   0.046730   0.303230   0.677625   0.553852   0.278315   0.478794   0.240990   0.379567   0.047193   0.303057   0.677230   0.552669   0.277230   0.479076   0.239969   0.376174   0.047746 364437
  8   0.161246   0.666828   0.421831   0.172301   0.282011   0.143366   0.252496   0.053982   0.303339   0.672408   0.425497   0.174257   0.281604   0.145033   0.249463   0.067212   0.303848   0.671353   0.427396   0.175515   0.282125   0.146154   0.250812   0.068602   0.304160   0.670628   0.428233   0.176091   0.283535   0.146670   0.251926   0.070356   0.304326   0.670137   0.428525   0.176300   0.284344   0.146858   0.252563   0.072186   0.307678   0.666803   0.430630   0.177762   0.284287   0.148170   0.253419   0.073801   0.330157   0.652226   0.438277   0.183211   0.283716   0.153083   0.255612   0.075448   0.378756   0.628441   0.448557   0.190715   0.282814   0.159874   0.260157   0.082968   0.436367   0.606874   0.458565   0.198224   0.282511   0.166703   0.266577   0.095625   0.485649   0.592573   0.468502   0.205850   0.282948   0.173664   0.273248   0.105576   0.514577   0.587995   0.476224   0.211901   0.283172   0.179208   0.279580   0.112607   0.515115   0.594207   0.480382   0.215229   0.283116   0.182269   0.285105   0.116805   0.488802   0.609071   0.480625   0.215448   0.282829   0.182475   0.289161   0.117046   0.444508   0.628831   0.476944   0.212511   0.282259   0.179776   0.291262   0.111911   0.391927   0.650720   0.470027   0.207035   0.281680   0.174750   0.291203   0.102906   0.343085   0.671358   0.460791   0.199874   0.281533   0.168201   0.289219   0.092560   0.311682   0.685286   0.451014   0.192481   0.281753   0.161468   0.285586   0.083133   0.301338   0.689377   0.444514   0.187674   0.282154   0.157107   0.281159   0.078854   0.300800   0.688067   0.441497   0.185497   0.282464   0.155141   0.277241   0.078554   0.300677   0.686619   0.439118   0.183800   0.282470   0.153611   0.274128   0.080909   0.300586   0.685337   0.436893   0.182232   0.282498   0.152200   0.271499   0.083864   0.300382   0.684247   0.434772   0.180753   0.282503   0.150872   0.268955   0.084284   0.300077   0.683324   0.432875   0.179442   0.282514   0.149696   0.266457   0.083631   0.299692   0.682561   0.431236   0.178324   0.282768   0.148696   0.264096   0.083984 371520
  9   0.150396   0.677694   0.459047   0.200438   0.375047   0.168994   0.254755   0.080345   0.286503   0.694542   0.473530   0.210811   0.374893   0.178360   0.248168   0.096808   0.285615   0.693462   0.475296   0.212184   0.375307   0.179617   0.244008   0.099092   0.285537   0.691861   0.476641   0.213228   0.376624   0.180573   0.241521   0.102637   0.285254   0.690452   0.477092   0.213622   0.377326   0.180941   0.239462   0.108189   0.297541   0.678011   0.486535   0.220907   0.377188   0.187603   0.241539   0.112887   0.355935   0.641677   0.510699   0.240687   0.376509   0.205875   0.247349   0.120433   0.464215   0.595040   0.536816   0.263700   0.375499   0.227402   0.251983   0.144138   0.583065   0.557525   0.558708   0.284334   0.375118   0.246929   0.256079   0.172799   0.681554   0.533655   0.577219   0.302582   0.375420   0.264336   0.261188   0.187706   0.741723   0.525790   0.590664   0.316360   0.375476   0.277569   0.267494   0.194321   0.747502   0.536669   0.597950   0.324114   0.375287   0.285066   0.274805   0.198114   0.697637   0.564141   0.598071   0.324415   0.374924   0.285387   0.282457   0.199380   0.608280   0.601328   0.590724   0.316844   0.374394   0.278108   0.289314   0.195708   0.498816   0.642109   0.577115   0.302907   0.373871   0.264721   0.293914   0.185928   0.391519   0.680575   0.558659   0.284574   0.373771   0.247207   0.295467   0.166885   0.310104   0.711963   0.533811   0.261297   0.374089   0.225197   0.292861   0.139340   0.276664   0.724818   0.513707   0.243363   0.374578   0.208383   0.285137   0.124674   0.274934   0.721813   0.504986   0.235990   0.374911   0.201534   0.276827   0.124647   0.274992   0.717704   0.499571   0.231486   0.374907   0.197362   0.270811   0.126831   0.275180   0.713944   0.495210   0.227933   0.374962   0.194083   0.265992   0.130025   0.275563   0.710672   0.491133   0.224659   0.375014   0.191069   0.262131   0.130924   0.275924   0.707926   0.487321   0.221628   0.375045   0.188283   0.258558   0.130584   0.276050   0.705498   0.484175   0.219158   0.375306   0.186017   0.255026   0.131000 201962
 10   0.125221   0.667048   0.739367   0.497303   0.930932   0.456835   0.753525   0.027333   0.308160   0.673319   0.748844   0.510897   0.930152   0.470690   0.759192   0.023927   0.308426   0.672807   0.749069   0.511209   0.930948   0.471006   0.759711   0.024687   0.308663   0.672279   0.749239   0.511455   0.932950   0.471258   0.760752   0.025480   0.308833   0.671996   0.748376   0.510182   0.934163   0.469954   0.760559   0.026318   0.309038   0.671968   0.746479   0.507397   0.934275   0.467103   0.758826   0.027451   0.313008   0.671160   0.745336   0.505733   0.933825   0.465402   0.755399   0.029735   0.325613   0.668228   0.746616   0.507642   0.932986   0.467362   0.753485   0.031865   0.344097   0.663974   0.750223   0.512997   0.932500   0.472854   0.756190   0.033811   0.362199   0.660003   0.755635   0.521093   0.933077   0.481170   0.761408   0.036436   0.375214   0.657177   0.761339   0.529719   0.933560   0.490047   0.766134   0.038322   0.378601   0.656165   0.765864   0.536631   0.933506   0.497174   0.769422   0.038774   0.370636   0.657189   0.768292   0.540363   0.932991   0.501026   0.771231   0.037499   0.353988   0.659896   0.768138   0.540127   0.932026   0.500782   0.771890   0.034494   0.333808   0.663442   0.765699   0.536374   0.931313   0.496907   0.774086   0.029293   0.317086   0.666962   0.760506   0.528420   0.931169   0.488703   0.779485   0.024579   0.309898   0.669072   0.755045   0.520108   0.931325   0.480138   0.781126   0.024379   0.309186   0.669524   0.752087   0.515652   0.931773   0.475556   0.777996   0.025786   0.309198   0.669519   0.750295   0.512974   0.932230   0.472806   0.775450   0.025856   0.309211   0.669455   0.748745   0.510668   0.932354   0.470440   0.773280   0.025549   0.309247   0.669369   0.747355   0.508613   0.932221   0.468334   0.771066   0.025555   0.309291   0.669276   0.746153   0.506844   0.932066   0.466523   0.768861   0.025856   0.309340   0.669123   0.745247   0.505518   0.932165   0.465166   0.767129   0.025854   0.309414   0.668902   0.744649   0.504646   0.932578   0.464275   0.765837   0.025733 675297
 11   0.126973   0.668822   0.719335   0.469301   0.935014   0.428426   0.661615   0.027779   0.306711   0.676583   0.732137   0.486830   0.934024   0.446142   0.665638   0.024478   0.306981   0.675517   0.733553   0.488784   0.934823   0.448119   0.664809   0.024314   0.307293   0.674472   0.734967   0.490770   0.936736   0.450135   0.665474   0.023809   0.307559   0.673672   0.735471   0.491468   0.937784   0.450841   0.665972   0.023300   0.308381   0.673019   0.735309   0.491212   0.937723   0.450577   0.665609   0.023072   0.317284   0.670592   0.737492   0.494343   0.937108   0.453767   0.664297   0.022902   0.339778   0.664618   0.744153   0.504022   0.936132   0.463656   0.665873   0.022365   0.368888   0.656917   0.754376   0.519173   0.935562   0.479190   0.673378   0.023092   0.396015   0.650101   0.767151   0.538595   0.935940   0.499198   0.682495   0.025524   0.414889   0.645556   0.779932   0.558549   0.936125   0.519857   0.689289   0.028075   0.419317   0.644149   0.790211   0.574993   0.935831   0.536959   0.694273   0.029598   0.407017   0.646104   0.796617   0.585421   0.935156   0.547839   0.698472   0.029747   0.381677   0.650653   0.798554   0.588613   0.934133   0.551177   0.703283   0.028407   0.350304   0.656335   0.796280   0.584903   0.933428   0.547305   0.711482   0.024690   0.323601   0.662551   0.787458   0.570629   0.933338   0.532428   0.722862   0.022125   0.311108   0.667084   0.776619   0.553259   0.933588   0.514358   0.728358   0.024584   0.309025   0.668521   0.770533   0.543669   0.934133   0.504413   0.726591   0.027927   0.308862   0.668844   0.766922   0.538086   0.934657   0.498643   0.724303   0.029159   0.308742   0.669080   0.763723   0.533184   0.934835   0.493586   0.722351   0.029580   0.308661   0.669266   0.760808   0.528756   0.934829   0.489026   0.720680   0.029792   0.308603   0.669415   0.758152   0.524748   0.934784   0.484902   0.719246   0.030027   0.308580   0.669480   0.755903   0.521372   0.934922   0.481432   0.718152   0.029897   0.308600   0.669449   0.754105   0.518688   0.935348   0.478677   0.717267   0.029420 623668
 12   0.133576   0.665608   0.668632   0.404218   0.765335   0.363373   0.563172   0.035701   0.307087   0.670363   0.691674   0.431908   0.764063   0.390721   0.568515   0.038308   0.307577   0.669719   0.693362   0.434127   0.764716   0.392947   0.566730   0.034647   0.308037   0.669082   0.694728   0.435929   0.766575   0.394755   0.568057   0.033008   0.308342   0.668640   0.695169   0.436520   0.767632   0.395350   0.568416   0.032295   0.308988   0.668105   0.695336   0.436750   0.767597   0.395583   0.567793   0.031765   0.316987   0.664828   0.699542   0.442421   0.767016   0.401298   0.566961   0.029493   0.339533   0.657831   0.706949   0.452447   0.765986   0.411411   0.571867   0.026537   0.371088   0.650197   0.714001   0.462112   0.765577   0.421182   0.583649   0.027877   0.401679   0.644120   0.721367   0.472380   0.766052   0.431594   0.595900   0.033115   0.423090   0.640592   0.727938   0.481691   0.766205   0.441066   0.606454   0.038690   0.427722   0.640416   0.732475   0.488211   0.765981   0.447716   0.615085   0.042847   0.413595   0.643713   0.733867   0.490250   0.765510   0.449803   0.621940   0.044337   0.385668   0.649693   0.731506   0.486874   0.764712   0.446363   0.627094   0.042387   0.352583   0.656988   0.725959   0.478938   0.763964   0.438277   0.631269   0.037168   0.324597   0.664086   0.717439   0.466854   0.763825   0.425982   0.636171   0.031195   0.310637   0.668660   0.708851   0.454825   0.764165   0.413774   0.637469   0.029069   0.308075   0.669850   0.704496   0.448814   0.764717   0.407690   0.633839   0.029278   0.308155   0.669686   0.702944   0.446707   0.765164   0.405563   0.629871   0.028781   0.308246   0.669507   0.701611   0.444917   0.765262   0.403760   0.626228   0.028634   0.308339   0.669350   0.700381   0.443283   0.765367   0.402119   0.622793   0.029044   0.308427   0.669211   0.699209   0.441742   0.765420   0.400572   0.619396   0.029601   0.308500   0.669046   0.698248   0.440482   0.765459   0.399309   0.616051   0.029831   0.308585   0.668826   0.697644   0.439697   0.765803   0.398523   0.612954   0.030027 369632
 13   0.136149   0.667741   0.624154   0.353133   0.701452   0.313301   0.412075   0.047733   0.302536   0.674398   0.653827   0.385395   0.698606   0.344612   0.416866   0.048465   0.303229   0.673465   0.657394   0.389544   0.699176   0.348684   0.413479   0.042051   0.303753   0.672611   0.660361   0.393029   0.700926   0.352109   0.412674   0.038467   0.304193   0.671845   0.662274   0.395284   0.701934   0.354328   0.412272   0.037051   0.306115   0.669640   0.665862   0.399558   0.701930   0.358542   0.412642   0.035951   0.321418   0.661357   0.678294   0.415077   0.701392   0.373969   0.414282   0.032105   0.359021   0.648299   0.694406   0.435806   0.700461   0.394688   0.420387   0.030700   0.407980   0.636332   0.708457   0.454670   0.700075   0.413689   0.429975   0.037229   0.454181   0.627486   0.723065   0.474973   0.700364   0.434271   0.438598   0.047432   0.484888   0.623228   0.735745   0.493153   0.700311   0.452807   0.446684   0.057540   0.488240   0.624613   0.744163   0.505522   0.699955   0.465477   0.455178   0.065427   0.463950   0.631148   0.746865   0.509588   0.699401   0.469661   0.464401   0.069919   0.421668   0.641085   0.743265   0.504341   0.698592   0.464294   0.474011   0.069680   0.373139   0.652463   0.734014   0.490895   0.697887   0.450547   0.483984   0.063846   0.331576   0.663515   0.718901   0.469429   0.697810   0.428696   0.495304   0.053069   0.309276   0.671512   0.701478   0.445369   0.698209   0.404333   0.500936   0.046043   0.304154   0.674218   0.691215   0.431556   0.698790   0.390411   0.498585   0.044581   0.304348   0.673941   0.687784   0.427073   0.699267   0.385918   0.495279   0.042617   0.304586   0.673558   0.685302   0.423856   0.699444   0.382699   0.492434   0.041186   0.304793   0.673187   0.683247   0.421217   0.699630   0.380063   0.489892   0.040584   0.304979   0.672850   0.681363   0.418822   0.699713   0.377675   0.487454   0.040248   0.305068   0.672581   0.679540   0.416523   0.699757   0.375385   0.485066   0.039817   0.305081   0.672371   0.677907   0.414488   0.700103   0.373363   0.482745   0.039314 202899
 14   0.139132   0.679664   0.556205   0.283612   0.559838   0.246506   0.320946   0.073743   0.288845   0.697729   0.588494   0.314137   0.557810   0.275424   0.320387   0.077045   0.288558   0.695545   0.591828   0.317571   0.558068   0.278726   0.313340   0.076907   0.288898   0.693467   0.593367   0.319217   0.559479   0.280319   0.310200   0.078109   0.289209   0.691910   0.593217   0.319107   0.560270   0.280220   0.308365   0.079782   0.298613   0.681478   0.601636   0.327707   0.560126   0.288475   0.310210   0.081020   0.348932   0.649301   0.626320   0.354554   0.559366   0.314537   0.315727   0.088177   0.448881   0.606367   0.654370   0.387247   0.558210   0.346666   0.320993   0.113143   0.562844   0.572023   0.678492   0.417451   0.557682   0.376733   0.324993   0.145246   0.658825   0.552273   0.699843   0.445471   0.557814   0.404866   0.329167   0.168930   0.717570   0.548320   0.715175   0.466401   0.557676   0.426032   0.335758   0.185420   0.721716   0.560467   0.722979   0.477441   0.557359   0.437269   0.345081   0.196126   0.670117   0.585633   0.721991   0.476302   0.556963   0.436159   0.356623   0.200199   0.580655   0.617952   0.712119   0.462842   0.556463   0.422548   0.369095   0.195945   0.474988   0.652704   0.695296   0.440233   0.555979   0.399743   0.379905   0.182693   0.377701   0.683988   0.674436   0.412983   0.555980   0.372400   0.386859   0.158014   0.310476   0.707006   0.649939   0.382441   0.556472   0.342010   0.387823   0.123133   0.285695   0.714653   0.631753   0.360677   0.557088   0.320515   0.382265   0.100216   0.285004   0.711272   0.624335   0.352258   0.557470   0.312281   0.374594   0.094671   0.284927   0.707937   0.619556   0.346977   0.557479   0.307141   0.367671   0.093208   0.284697   0.705204   0.615712   0.342798   0.557563   0.303086   0.361240   0.093869   0.284592   0.702956   0.612031   0.338846   0.557637   0.299259   0.355519   0.094303   0.284646   0.701112   0.608182   0.334754   0.557681   0.295303   0.350406   0.094357   0.284764   0.699434   0.604654   0.331041   0.557992   0.291720   0.345704   0.094512 94439
 15   0.123922   0.666487   0.755180   0.520490   0.938821   0.480565   0.787578   0.022264   0.308563   0.672029   0.765613   0.536040   0.938215   0.496525   0.797187   0.018611   0.308863   0.671229   0.766886   0.537967   0.939097   0.498509   0.800698   0.019535   0.309144   0.670479   0.767944   0.539580   0.941205   0.500171   0.804689   0.020533   0.309337   0.669989   0.767910   0.539522   0.942467   0.500110   0.807332   0.021404   0.309600   0.669732   0.766960   0.538056   0.942595   0.498596   0.808146   0.022384   0.314252   0.668465   0.767277   0.538553   0.942117   0.499110   0.806623   0.023974   0.328353   0.664819   0.770591   0.543694   0.941206   0.504427   0.807239   0.025301   0.348345   0.659940   0.776344   0.552692   0.940578   0.513744   0.813272   0.026455   0.367432   0.655656   0.783851   0.564598   0.941069   0.526105   0.820537   0.028828   0.380412   0.652905   0.791185   0.576399   0.941518   0.538390   0.825906   0.031133   0.382772   0.652204   0.796623   0.585267   0.941417   0.547645   0.829099   0.032059   0.373476   0.653580   0.799487   0.589979   0.940880   0.552571   0.830590   0.031411   0.355541   0.656630   0.799336   0.589739   0.939900   0.552323   0.831632   0.029432   0.334320   0.660372   0.796447   0.585004   0.939273   0.547375   0.836810   0.025078   0.317487   0.664217   0.789783   0.574155   0.939219   0.536057   0.845675   0.021938   0.310706   0.666737   0.782803   0.562887   0.939398   0.524319   0.847522   0.023599   0.310028   0.667421   0.779070   0.556949   0.939886   0.518151   0.843203   0.025655   0.309958   0.667620   0.776545   0.552973   0.940433   0.514029   0.839883   0.025875   0.309898   0.667748   0.774304   0.549463   0.940646   0.510393   0.836953   0.025501   0.309850   0.667846   0.772213   0.546204   0.940517   0.507020   0.834049   0.025232   0.309823   0.667913   0.770360   0.543330   0.940397   0.504049   0.831193   0.025419   0.309816   0.667919   0.768833   0.540972   0.940588   0.501612   0.828712   0.025529   0.309832   0.667858   0.767599   0.539075   0.941076   0.499654   0.826669   0.025440 1015805
 16   0.125737   0.667812   0.736757   0.493742   0.930662   0.453239   0.714546   0.024704   0.307654   0.674513   0.749962   0.512588   0.929826   0.472431   0.721929   0.021880   0.307944   0.673404   0.752016   0.515586   0.930652   0.475496   0.723887   0.021653   0.308234   0.672387   0.753783   0.518188   0.932707   0.478161   0.727025   0.021200   0.308467   0.671656   0.754403   0.519094   0.933869   0.479087   0.729338   0.021170   0.309095   0.671078   0.754316   0.518946   0.933908   0.478932   0.730179   0.021329   0.316623   0.668936   0.756524   0.522255   0.933443   0.482332   0.728851   0.021538   0.336103   0.663718   0.762731   0.531660   0.932520   0.492014   0.730710   0.020905   0.361483   0.657082   0.772013   0.545964   0.931894   0.506786   0.739384   0.020870   0.385204   0.651287   0.783517   0.564086   0.932285   0.525577   0.749201   0.022917   0.401397   0.647494   0.794710   0.582122   0.932517   0.544358   0.756488   0.025200   0.404455   0.646425   0.803393   0.596403   0.932267   0.559286   0.761644   0.026524   0.392993   0.648175   0.808533   0.604973   0.931667   0.568268   0.765547   0.026696   0.370712   0.652056   0.809651   0.606849   0.930650   0.570237   0.769673   0.025418   0.343650   0.656797   0.807130   0.602630   0.929962   0.565811   0.778066   0.021988   0.321135   0.662015   0.798609   0.588524   0.929882   0.551049   0.791487   0.020174   0.311296   0.665831   0.788632   0.572170   0.930083   0.533965   0.798133   0.023229   0.309962   0.667002   0.783406   0.563747   0.930595   0.525193   0.796175   0.026362   0.309826   0.667282   0.780288   0.558791   0.931142   0.520046   0.794066   0.027125   0.309718   0.667487   0.777508   0.554405   0.931369   0.515497   0.792230   0.027300   0.309635   0.667644   0.774976   0.550439   0.931363   0.511388   0.790388   0.027347   0.309573   0.667778   0.772677   0.546859   0.931320   0.507685   0.788441   0.027405   0.309544   0.667859   0.770687   0.543781   0.931480   0.504504   0.786572   0.027466   0.309542   0.667855   0.769082   0.541311   0.931943   0.501954   0.785110   0.027279 927975
 17   0.124798   0.669346   0.737068   0.494660   0.933947   0.454262   0.650065   0.025940   0.306023   0.677405   0.750811   0.514156   0.933104   0.474096   0.658212   0.024704   0.306468   0.676006   0.752907   0.517190   0.934007   0.477194   0.659779   0.024900   0.306815   0.674799   0.754583   0.519646   0.936079   0.479707   0.662265   0.024448   0.307049   0.673927   0.755081   0.520368   0.937237   0.480445   0.663997   0.023872   0.309092   0.673005   0.755476   0.520942   0.937263   0.481031   0.663802   0.023489   0.324813   0.669173   0.760205   0.528098   0.936782   0.488397   0.663205   0.022278   0.360894   0.660538   0.771096   0.544841   0.935891   0.505682   0.669429   0.020276   0.407102   0.650067   0.786884   0.569831   0.935255   0.531622   0.682415   0.020887   0.452546   0.640898   0.806207   0.601562   0.935504   0.564786   0.693726   0.024537   0.486508   0.634784   0.824725   0.633128   0.935576   0.598008   0.700870   0.028617   0.496367   0.633198   0.838942   0.658179   0.935146   0.624538   0.705827   0.032148   0.476792   0.636461   0.847282   0.673219   0.934361   0.640535   0.710130   0.034706   0.434080   0.643303   0.849213   0.676747   0.933230   0.644297   0.715862   0.035053   0.381397   0.651214   0.845544   0.670073   0.932503   0.637187   0.726656   0.031264   0.336004   0.659501   0.832849   0.647423   0.932413   0.613144   0.741826   0.026858   0.313078   0.666582   0.815121   0.616415   0.932629   0.580352   0.749875   0.029085   0.308370   0.669540   0.803876   0.597244   0.933167   0.560175   0.748768   0.033538   0.308077   0.670015   0.798252   0.587938   0.933758   0.550436   0.746556   0.034567   0.307861   0.670330   0.793535   0.580233   0.934069   0.542391   0.744769   0.034448   0.307700   0.670541   0.789333   0.573443   0.934120   0.535317   0.743380   0.034023   0.307615   0.670655   0.785639   0.567529   0.934121   0.529167   0.742037   0.033702   0.307600   0.670685   0.782494   0.562534   0.934332   0.523979   0.740711   0.033462   0.307630   0.670658   0.779748   0.558206   0.934830   0.519490   0.739611   0.033160 501838
 18   0.128147   0.667133   0.713887   0.462912   0.860322   0.422160   0.586713   0.036083   0.306578   0.672920   0.740370   0.498901   0.859281   0.458495   0.582728   0.038349   0.307182   0.671563   0.745356   0.506090   0.859960   0.465830   0.574494   0.035597   0.307707   0.670535   0.748633   0.510865   0.861915   0.470710   0.571898   0.034135   0.308096   0.669793   0.750337   0.513358   0.863040   0.473261   0.570703   0.034173   0.309094   0.668965   0.751724   0.515401   0.863065   0.475353   0.569537   0.033678   0.318551   0.665620   0.758642   0.525852   0.862620   0.486108   0.569815   0.029593   0.342002   0.658915   0.769868   0.543040   0.861737   0.503840   0.578506   0.023022   0.372328   0.651548   0.780488   0.559705   0.861292   0.521111   0.594928   0.020638   0.401840   0.645280   0.791483   0.577399   0.861654   0.539535   0.610853   0.023394   0.423211   0.641257   0.801341   0.593629   0.861724   0.556506   0.624162   0.027914   0.429126   0.640460   0.808199   0.605136   0.861407   0.568582   0.635575   0.032545   0.416704   0.643048   0.810867   0.609681   0.860812   0.573365   0.646318   0.035664   0.388924   0.648331   0.808696   0.606055   0.859870   0.569563   0.657372   0.035478   0.354160   0.654979   0.801907   0.594719   0.859176   0.557677   0.670701   0.031678   0.324453   0.662160   0.788565   0.572861   0.859173   0.534839   0.686330   0.027864   0.310565   0.667316   0.774405   0.550096   0.859564   0.511140   0.694244   0.028420   0.308413   0.668881   0.767326   0.538977   0.860174   0.499615   0.692751   0.029879   0.308448   0.668970   0.764275   0.534277   0.860727   0.494761   0.689611   0.029671   0.308540   0.668960   0.761883   0.530626   0.860961   0.490997   0.686185   0.029864   0.308652   0.668911   0.759888   0.527602   0.861081   0.487883   0.682715   0.030519   0.308744   0.668866   0.758155   0.524990   0.861061   0.485197   0.678943   0.031407   0.308821   0.668798   0.756757   0.522896   0.861094   0.483045   0.675227   0.031999   0.308917   0.668653   0.755803   0.521471   0.861465   0.481582   0.671990   0.032150 261650
 19   0.128504   0.668079   0.682985   0.423160   0.804083   0.382400   0.440164   0.048153   0.302285   0.674923   0.710983   0.458607   0.802689   0.417751   0.444287   0.048753   0.303079   0.673936   0.715156   0.464337   0.803317   0.423546   0.441764   0.042235   0.303577   0.673298   0.717245   0.467143   0.805156   0.426372   0.442234   0.038886   0.303992   0.672611   0.718679   0.469073   0.806233   0.428317   0.442582   0.037896   0.306080   0.670448   0.722715   0.474521   0.806277   0.433812   0.443218   0.036376   0.321388   0.663096   0.736373   0.493929   0.805779   0.453571   0.445872   0.030519   0.358175   0.651597   0.754758   0.520922   0.804878   0.481214   0.454549   0.025137   0.406208   0.640710   0.771225   0.546113   0.804434   0.507207   0.466835   0.027338   0.452798   0.632090   0.787711   0.572313   0.804620   0.534433   0.477562   0.034522   0.485950   0.627041   0.802149   0.596073   0.804464   0.559287   0.487395   0.043044   0.493032   0.626992   0.812298   0.613278   0.803975   0.577386   0.497585   0.051045   0.470428   0.632036   0.816449   0.620457   0.803261   0.584965   0.508697   0.056899   0.426558   0.640747   0.813617   0.615609   0.802316   0.579855   0.520912   0.058975   0.375084   0.651203   0.803899   0.599121   0.801642   0.562509   0.535515   0.056179   0.331405   0.661898   0.785323   0.568596   0.801685   0.530588   0.553058   0.047057   0.309257   0.669945   0.763628   0.534099   0.802171   0.494736   0.562776   0.040089   0.304914   0.672736   0.751604   0.515561   0.802847   0.475582   0.561863   0.038210   0.305223   0.672607   0.747664   0.509682   0.803425   0.469545   0.559105   0.036396   0.305517   0.672337   0.744879   0.505567   0.803688   0.465328   0.556320   0.035535   0.305801   0.672008   0.742645   0.502304   0.803869   0.461990   0.553893   0.035471   0.306038   0.671711   0.740630   0.499391   0.803890   0.459017   0.551572   0.035918   0.306168   0.671474   0.738851   0.496848   0.803925   0.456426   0.549372   0.035947   0.306248   0.671242   0.737389   0.494785   0.804294   0.454329   0.547392   0.035755 165655
 20   0.123360   0.666606   0.762537   0.531613   0.943012   0.492012   0.798393   0.020799   0.308707   0.672103   0.774662   0.550015   0.942315   0.510963   0.810533   0.016396   0.308966   0.671005   0.776900   0.553490   0.943181   0.514557   0.816025   0.017179   0.309268   0.670017   0.778735   0.556359   0.945337   0.517528   0.821866   0.018433   0.309512   0.669336   0.779336   0.557295   0.946583   0.518496   0.825738   0.019549   0.310334   0.668735   0.779409   0.557406   0.946754   0.518610   0.827146   0.020359   0.319199   0.666072   0.782344   0.562080   0.946356   0.523466   0.826463   0.020642   0.341231   0.660076   0.789571   0.573701   0.945431   0.535563   0.830793   0.020132   0.369061   0.653157   0.799613   0.590148   0.944689   0.552741   0.841772   0.020510   0.394294   0.647520   0.811456   0.609982   0.945018   0.573544   0.851919   0.022613   0.410569   0.644145   0.822410   0.628737   0.945305   0.593298   0.858684   0.024679   0.412177   0.643661   0.830502   0.642868   0.945049   0.608236   0.862658   0.025915   0.398370   0.645968   0.835088   0.650981   0.944417   0.616833   0.864761   0.026106   0.373965   0.650232   0.835885   0.652406   0.943326   0.618347   0.866750   0.025070   0.345514   0.655078   0.833346   0.647916   0.942631   0.613588   0.874651   0.021776   0.322419   0.660248   0.825048   0.633391   0.942519   0.598226   0.888655   0.019870   0.312658   0.663960   0.815414   0.616663   0.942637   0.580562   0.895048   0.022757   0.311425   0.665079   0.810340   0.607982   0.943129   0.571421   0.892509   0.025965   0.311255   0.665401   0.807181   0.602657   0.943729   0.565828   0.890028   0.026905   0.311096   0.665657   0.804326   0.597878   0.943999   0.560816   0.888076   0.026919   0.310940   0.665875   0.801647   0.593424   0.943907   0.556151   0.886439   0.026367   0.310802   0.666041   0.799285   0.589519   0.943851   0.552066   0.885041   0.025703   0.310717   0.666151   0.797293   0.586246   0.944103   0.548645   0.883478   0.025438   0.310688   0.666198   0.795610   0.583498   0.944654   0.545777   0.881885   0.025355 871167
 21   0.124498   0.667737   0.748948   0.511433   0.936369   0.471312   0.737287   0.021828   0.307755   0.674304   0.761416   0.529737   0.935650   0.490047   0.746943   0.019683   0.308091   0.673081   0.763689   0.533143   0.936567   0.493546   0.751240   0.020144   0.308422   0.671980   0.765629   0.536075   0.938697   0.496564   0.756184   0.020413   0.308681   0.671200   0.766322   0.537115   0.939897   0.497632   0.759967   0.020838   0.309704   0.670496   0.766477   0.537335   0.939987   0.497855   0.761887   0.021162   0.319785   0.667691   0.769688   0.542288   0.939597   0.502971   0.762168   0.021357   0.344067   0.661367   0.777483   0.554462   0.938720   0.515575   0.767365   0.020554   0.374583   0.653859   0.788665   0.572296   0.937984   0.534110   0.779049   0.020671   0.402801   0.647552   0.802242   0.594507   0.938257   0.557304   0.789971   0.023013   0.421746   0.643601   0.815050   0.616018   0.938431   0.579879   0.797339   0.025418   0.424827   0.642757   0.824731   0.632661   0.938115   0.597420   0.802115   0.026960   0.410622   0.645011   0.830373   0.642511   0.937460   0.607831   0.805378   0.027572   0.383747   0.649523   0.831680   0.644811   0.936399   0.610266   0.808751   0.026908   0.351454   0.654716   0.829261   0.640564   0.935754   0.605773   0.817430   0.023532   0.324503   0.660338   0.820172   0.624833   0.935708   0.589171   0.831943   0.021159   0.312557   0.664601   0.808973   0.605651   0.935891   0.568968   0.839557   0.024299   0.310868   0.665998   0.802883   0.595399   0.936410   0.558205   0.838143   0.028097   0.310658   0.666372   0.799287   0.589445   0.937007   0.551973   0.836267   0.029173   0.310473   0.666653   0.796121   0.584243   0.937296   0.546537   0.834943   0.029329   0.310303   0.666884   0.793207   0.579490   0.937257   0.541576   0.834050   0.028870   0.310176   0.667049   0.790642   0.575335   0.937193   0.537246   0.833162   0.028303   0.310095   0.667142   0.788499   0.571885   0.937398   0.533654   0.831982   0.028060   0.310047   0.667174   0.786691   0.568990   0.937900   0.530643   0.830858   0.027788 1108202
 22   0.122805   0.668107   0.756529   0.522861   0.938975   0.483066   0.722999   0.022850   0.306591   0.675025   0.768475   0.540650   0.938258   0.501324   0.734703   0.021133   0.306940   0.673783   0.770488   0.543705   0.939177   0.504470   0.739998   0.021760   0.307235   0.672699   0.772170   0.546279   0.941331   0.507125   0.745476   0.022433   0.307474   0.671935   0.772603   0.546928   0.942566   0.507792   0.749409   0.023225   0.310981   0.670781   0.773453   0.548230   0.942682   0.509135   0.750767   0.024077   0.331060   0.666100   0.779260   0.557372   0.942289   0.518613   0.753176   0.024178   0.373948   0.656677   0.791395   0.576866   0.941405   0.538902   0.763737   0.023643   0.427977   0.646024   0.808333   0.604978   0.940615   0.568341   0.778967   0.025707   0.480051   0.637153   0.828004   0.638849   0.940772   0.604057   0.791046   0.030429   0.516762   0.631679   0.845981   0.670941   0.940776   0.638127   0.798808   0.034814   0.522464   0.631054   0.859377   0.695607   0.940285   0.664466   0.803383   0.037915   0.492982   0.635430   0.866875   0.709687   0.939520   0.679557   0.806028   0.039837   0.441369   0.642959   0.868111   0.711999   0.938406   0.682034   0.809656   0.040293   0.383994   0.650676   0.864066   0.704298   0.937778   0.673758   0.820780   0.035947   0.337142   0.658173   0.851629   0.681160   0.937793   0.649003   0.837656   0.030154   0.314753   0.664073   0.835970   0.652600   0.938021   0.618560   0.845397   0.031784   0.310512   0.666328   0.826744   0.636202   0.938590   0.601169   0.843674   0.035768   0.310145   0.666895   0.821534   0.627148   0.939259   0.591606   0.842103   0.036135   0.309874   0.667308   0.817039   0.619423   0.939603   0.583464   0.841427   0.035427   0.309623   0.667638   0.812969   0.612497   0.939574   0.576178   0.841374   0.034118   0.309386   0.667886   0.809384   0.606443   0.939533   0.569819   0.841356   0.032719   0.309174   0.668068   0.806316   0.601305   0.939803   0.564429   0.840737   0.031973   0.309034   0.668172   0.803674   0.596910   0.940373   0.559825   0.839975   0.031419 474416
 23   0.121445   0.669393   0.747446   0.509349   0.939624   0.469200   0.674071   0.022021   0.302611   0.677547   0.757952   0.524749   0.938880   0.484961   0.684353   0.023091   0.303068   0.676270   0.759504   0.527073   0.939779   0.487348   0.687921   0.024312   0.303380   0.675208   0.760542   0.528635   0.941810   0.488954   0.691757   0.025023   0.303582   0.674475   0.760346   0.528338   0.942960   0.488649   0.694295   0.025721   0.311911   0.672420   0.762238   0.531172   0.943037   0.491561   0.694066   0.025986   0.351376   0.664365   0.771802   0.545918   0.942629   0.506793   0.698041   0.024810   0.433331   0.649150   0.791636   0.577738   0.941776   0.539907   0.713138   0.024414   0.537954   0.632393   0.820101   0.625919   0.940875   0.590559   0.729471   0.028776   0.636946   0.618863   0.851277   0.681849   0.940765   0.650009   0.738098   0.035100   0.700794   0.611363   0.878076   0.732594   0.940537   0.704501   0.738910   0.039769   0.701512   0.612313   0.896901   0.769814   0.939831   0.744798   0.733925   0.043372   0.638289   0.621074   0.906618   0.789523   0.938893   0.766240   0.728369   0.046579   0.539884   0.633897   0.907350   0.790952   0.937693   0.767784   0.728574   0.048365   0.437630   0.646278   0.900183   0.776200   0.937073   0.751692   0.742204   0.045566   0.356848   0.657399   0.880831   0.737598   0.937083   0.709833   0.766936   0.040136   0.315747   0.666477   0.855983   0.689683   0.937306   0.658207   0.778912   0.041850   0.305963   0.670496   0.840383   0.660840   0.937885   0.627379   0.776844   0.046137   0.305353   0.671349   0.831843   0.645621   0.938587   0.611228   0.776358   0.045670   0.305038   0.671943   0.824552   0.632866   0.939028   0.597737   0.777077   0.044028   0.304906   0.672248   0.818359   0.622197   0.939057   0.586484   0.778164   0.041825   0.304890   0.672290   0.813283   0.613556   0.939010   0.577392   0.779263   0.039759   0.304967   0.672126   0.809294   0.606836   0.939278   0.570334   0.780092   0.038208   0.305072   0.671877   0.806064   0.601444   0.939854   0.564680   0.780600   0.036784 208135
 24   0.124816   0.671151   0.715817   0.465165   0.924055   0.424368   0.540497   0.029598   0.301919   0.680830   0.730374   0.485027   0.923158   0.444436   0.546679   0.029918   0.302537   0.679335   0.732390   0.487881   0.923919   0.447338   0.544532   0.030153   0.302755   0.678351   0.733201   0.489014   0.925702   0.448487   0.544477   0.029211   0.302867   0.677614   0.733129   0.488918   0.926722   0.448391   0.544896   0.028619   0.307430   0.675598   0.735627   0.492494   0.926704   0.452036   0.545198   0.027605   0.335698   0.668087   0.746691   0.508773   0.926123   0.468714   0.549794   0.023487   0.399905   0.653524   0.766894   0.539504   0.925180   0.500391   0.564510   0.020160   0.486540   0.636569   0.794483   0.583675   0.924511   0.546361   0.582861   0.023663   0.578549   0.621489   0.826283   0.637657   0.924565   0.603161   0.594858   0.031602   0.654059   0.611041   0.855155   0.689529   0.924340   0.658325   0.600585   0.040216   0.679542   0.608688   0.876348   0.729443   0.923627   0.701148   0.603398   0.047789   0.641021   0.615215   0.888008   0.752087   0.922617   0.725582   0.605953   0.053494   0.557439   0.627659   0.890097   0.756138   0.921375   0.729953   0.611369   0.056217   0.456321   0.641991   0.883526   0.743107   0.920543   0.715836   0.624158   0.054004   0.366620   0.655837   0.864303   0.706164   0.920433   0.676053   0.647461   0.045831   0.315955   0.668718   0.833649   0.649795   0.920764   0.615853   0.660165   0.043549   0.303098   0.675147   0.812099   0.611723   0.921452   0.575502   0.656340   0.046442   0.303134   0.675407   0.803829   0.597800   0.922186   0.560880   0.652890   0.045159   0.303462   0.675287   0.797646   0.587544   0.922651   0.550142   0.651307   0.043225   0.303956   0.674913   0.792836   0.579653   0.922865   0.541895   0.650867   0.041259   0.304358   0.674514   0.788709   0.572947   0.922926   0.534900   0.650906   0.039905   0.304534   0.674247   0.784838   0.566728   0.923144   0.528426   0.651005   0.039382   0.304554   0.674098   0.781206   0.560977   0.923665   0.522455   0.651061   0.038907 217588
