timestamp=                2021-11-21T17:58:16.429751
shape=                    (5, 5)
sigma=                    2.5
nepochs=                  2
thresh=                   None
rate=                     0.0073
neighborhood function=    gaussian
init weights=             pca
topology=                 hexagonal
activation distance=      euclidean
output type=              labels
mapfile_prefix=           full2017_5x5_2_0073_3_06
apply classification=     False
seed=                     None
random order=             True
custom init file=         None
order labels by size=     False
decay_function=           3

Quantization Error=       0.34707120
Topographic Error=        0.15880807

############ NEURONS #############
 25 192
  0   0.128452   0.669985   0.695061   0.437447   0.928973   0.396470   0.531755   0.026857   0.304360   0.678876   0.708113   0.454232   0.927931   0.413246   0.536223   0.026856   0.304714   0.677804   0.709098   0.455438   0.928695   0.414440   0.534238   0.027028   0.305046   0.676793   0.710057   0.456670   0.930468   0.415670   0.534670   0.026014   0.305283   0.676006   0.710327   0.457014   0.931512   0.416014   0.535777   0.025291   0.306308   0.675261   0.710293   0.456945   0.931574   0.415939   0.536304   0.025192   0.317515   0.672241   0.713975   0.461948   0.931083   0.420990   0.537455   0.024616   0.346446   0.664880   0.723874   0.475616   0.930263   0.434827   0.543822   0.023072   0.385186   0.655515   0.738165   0.495877   0.929785   0.455438   0.555834   0.023793   0.423543   0.647077   0.755065   0.520775   0.930079   0.480945   0.569177   0.027325   0.453003   0.641030   0.771930   0.546651   0.930241   0.507653   0.580155   0.031092   0.462815   0.638850   0.785786   0.568687   0.929949   0.530549   0.588095   0.033565   0.448314   0.640969   0.794401   0.582773   0.929236   0.545263   0.595176   0.034175   0.413828   0.646406   0.797051   0.587231   0.928189   0.549943   0.603273   0.032569   0.369175   0.653454   0.794020   0.582305   0.927504   0.544804   0.614359   0.028700   0.330181   0.661391   0.781935   0.562802   0.927418   0.524481   0.627638   0.025782   0.310678   0.668233   0.765442   0.536654   0.927633   0.497327   0.633610   0.028400   0.306806   0.670978   0.755680   0.521553   0.928176   0.481716   0.631191   0.032536   0.306740   0.671188   0.751317   0.514992   0.928770   0.474970   0.628232   0.033857   0.306757   0.671284   0.747691   0.509608   0.929082   0.469447   0.626044   0.034289   0.306806   0.671350   0.744466   0.504876   0.929142   0.464603   0.624366   0.034481   0.306867   0.671380   0.741594   0.500691   0.929091   0.460325   0.623164   0.034377   0.306937   0.671367   0.739092   0.497072   0.929242   0.456630   0.622503   0.034041   0.307018   0.671328   0.736873   0.493895   0.929680   0.453393   0.622277   0.034022 210037
  1   0.143744   0.666144   0.583175   0.309067   0.589029   0.270608   0.409916   0.041204   0.305587   0.671505   0.604912   0.329567   0.587756   0.289998   0.414556   0.045886   0.306093   0.670943   0.606415   0.331125   0.588355   0.291496   0.413616   0.040437   0.306464   0.670339   0.607103   0.331843   0.590026   0.292187   0.414646   0.038477   0.306681   0.669917   0.606972   0.331693   0.590987   0.292040   0.415756   0.037655   0.308127   0.668383   0.607867   0.332633   0.590944   0.292946   0.416814   0.037171   0.321881   0.661160   0.614565   0.339975   0.590322   0.300075   0.419233   0.035439   0.356188   0.648649   0.623583   0.350009   0.589314   0.309845   0.426870   0.035762   0.399894   0.636905   0.630903   0.358349   0.588952   0.318000   0.439089   0.041966   0.437554   0.629050   0.638197   0.366831   0.589389   0.326325   0.451383   0.050993   0.458870   0.626240   0.643800   0.373472   0.589557   0.332866   0.462563   0.059117   0.457626   0.628796   0.646585   0.376827   0.589415   0.336180   0.472043   0.064330   0.435257   0.635903   0.645989   0.376140   0.589037   0.335507   0.479222   0.065283   0.400046   0.645804   0.641928   0.371334   0.588374   0.330775   0.483674   0.061168   0.361308   0.656712   0.635308   0.363568   0.587718   0.323140   0.485306   0.053167   0.328561   0.666709   0.627275   0.354266   0.587575   0.314017   0.485120   0.044211   0.310753   0.673003   0.619738   0.345667   0.587873   0.305607   0.482667   0.039002   0.306464   0.674554   0.615847   0.341285   0.588355   0.301332   0.477996   0.037874   0.306435   0.674056   0.614725   0.340048   0.588722   0.300129   0.473345   0.037603   0.306416   0.673607   0.613696   0.338929   0.588747   0.299044   0.469217   0.037922   0.306389   0.673234   0.612640   0.337792   0.588804   0.297943   0.465489   0.038653   0.306388   0.672904   0.611576   0.336655   0.588838   0.296844   0.462056   0.039223   0.306393   0.672586   0.610618   0.335634   0.588864   0.295857   0.458798   0.039539   0.306365   0.672277   0.609876   0.334850   0.589166   0.295101   0.455798   0.039792 359979
  2   0.155878   0.666934   0.474058   0.210799   0.380750   0.178284   0.299551   0.045580   0.304881   0.672847   0.488843   0.221491   0.380034   0.187944   0.299969   0.052683   0.305269   0.671972   0.490376   0.222656   0.380537   0.189006   0.299969   0.051282   0.305533   0.671159   0.491845   0.223816   0.382002   0.190069   0.300475   0.051703   0.305720   0.670534   0.492680   0.224488   0.382849   0.190688   0.300786   0.052916   0.308204   0.667942   0.494694   0.226125   0.382781   0.192196   0.301611   0.053882   0.326955   0.656362   0.502109   0.232331   0.382167   0.197945   0.304001   0.053988   0.370064   0.636389   0.512129   0.240900   0.381207   0.205914   0.309670   0.058445   0.423078   0.617407   0.521874   0.249460   0.380863   0.213911   0.318021   0.069686   0.468107   0.604850   0.531621   0.258206   0.381269   0.222112   0.326696   0.081595   0.492398   0.601209   0.539095   0.265072   0.381445   0.228576   0.334659   0.091166   0.489805   0.606833   0.543101   0.268854   0.381345   0.232156   0.341205   0.097466   0.464186   0.619346   0.543184   0.268992   0.381019   0.232296   0.345976   0.099175   0.423918   0.635779   0.539267   0.265372   0.380423   0.228884   0.348671   0.095158   0.377777   0.653630   0.532025   0.258697   0.379825   0.222595   0.349186   0.085785   0.336630   0.669785   0.522973   0.250495   0.379686   0.214889   0.347664   0.073094   0.311535   0.680197   0.514148   0.242669   0.379951   0.207565   0.344015   0.062977   0.303945   0.683027   0.508652   0.237880   0.380400   0.203097   0.339141   0.059237   0.303582   0.682126   0.506200   0.235787   0.380742   0.201152   0.334645   0.058712   0.303330   0.681264   0.504241   0.234144   0.380751   0.199629   0.330717   0.059863   0.303073   0.680493   0.502564   0.232754   0.380787   0.198343   0.327115   0.061740   0.302876   0.679778   0.500947   0.231420   0.380811   0.197111   0.323865   0.062447   0.302674   0.679185   0.499328   0.230088   0.380834   0.195880   0.320924   0.062372   0.302413   0.678681   0.497942   0.228964   0.381107   0.194844   0.318162   0.062544 410631
  3   0.163133   0.672465   0.372346   0.140899   0.204654   0.115590   0.208978   0.083690   0.293751   0.683047   0.361257   0.133841   0.204141   0.109344   0.201553   0.115722   0.294595   0.680988   0.363434   0.135064   0.204661   0.110404   0.203115   0.122640   0.295044   0.679708   0.364178   0.135495   0.205966   0.110779   0.204426   0.127738   0.295266   0.678836   0.364135   0.135475   0.206705   0.110763   0.205217   0.132353   0.303453   0.670993   0.368253   0.137868   0.206663   0.112848   0.206795   0.136702   0.343366   0.644846   0.379935   0.144963   0.206119   0.119077   0.209542   0.145584   0.419487   0.607353   0.393998   0.153907   0.205269   0.126989   0.212706   0.162945   0.504524   0.574709   0.407081   0.162531   0.205033   0.134665   0.216715   0.178905   0.576189   0.552925   0.419128   0.170710   0.205505   0.141981   0.221123   0.185045   0.619735   0.545510   0.428695   0.177376   0.205757   0.147970   0.225346   0.187062   0.622706   0.554894   0.434225   0.181311   0.205732   0.151519   0.229380   0.187875   0.585765   0.578360   0.434908   0.181805   0.205479   0.151966   0.232861   0.186115   0.521768   0.609725   0.430746   0.178824   0.204951   0.149276   0.234930   0.179371   0.444025   0.644752   0.422602   0.173077   0.204388   0.144101   0.234972   0.170522   0.367781   0.678697   0.410884   0.165032   0.204200   0.136890   0.233354   0.161932   0.311535   0.704185   0.396479   0.155475   0.204349   0.128374   0.230447   0.151150   0.288886   0.713267   0.385295   0.148303   0.204682   0.122020   0.226516   0.144336   0.287012   0.710870   0.379571   0.144779   0.204938   0.118919   0.222563   0.143341   0.286745   0.707737   0.375458   0.142291   0.204916   0.116736   0.219420   0.146218   0.286842   0.704818   0.371814   0.140114   0.204932   0.114830   0.216980   0.149654   0.286717   0.702421   0.368476   0.138141   0.204931   0.113106   0.214607   0.148881   0.286277   0.700620   0.365576   0.136445   0.204930   0.111626   0.212119   0.146805   0.285797   0.699102   0.363171   0.135055   0.205154   0.110416   0.209742   0.146678 264078
  4   0.153655   0.673280   0.415462   0.169557   0.254576   0.141149   0.224516   0.198567   0.278301   0.684298   0.403977   0.161844   0.255706   0.134256   0.215493   0.327169   0.278267   0.681269   0.406303   0.163382   0.256148   0.135628   0.216600   0.347624   0.278177   0.679079   0.407671   0.164321   0.257424   0.136470   0.217794   0.360364   0.277629   0.677668   0.407905   0.164514   0.258084   0.136648   0.218664   0.374528   0.291970   0.671197   0.410239   0.166066   0.257968   0.138033   0.219412   0.384829   0.354820   0.648112   0.419854   0.172600   0.257332   0.143885   0.221814   0.381961   0.465200   0.612237   0.435189   0.183434   0.256429   0.153653   0.225048   0.382344   0.581752   0.579150   0.451317   0.195334   0.256237   0.164462   0.227963   0.390369   0.675583   0.555620   0.465874   0.206467   0.256756   0.174638   0.231019   0.385985   0.732636   0.544917   0.476949   0.215191   0.257054   0.182653   0.233807   0.376408   0.741552   0.550081   0.483230   0.220247   0.257082   0.187316   0.236413   0.368245   0.701273   0.570490   0.483966   0.220844   0.256851   0.187867   0.238597   0.361808   0.622130   0.601813   0.478945   0.216775   0.256358   0.184111   0.239800   0.354586   0.516853   0.640306   0.468474   0.208449   0.255791   0.176450   0.239378   0.350330   0.404171   0.680886   0.452726   0.196350   0.255527   0.165382   0.237254   0.354841   0.309419   0.714937   0.433473   0.182165   0.255608   0.152499   0.233488   0.367031   0.266874   0.727145   0.420134   0.172688   0.255907   0.143946   0.228973   0.381394   0.263901   0.721788   0.415044   0.169250   0.256131   0.140871   0.225231   0.391197   0.263793   0.715652   0.411648   0.167002   0.256061   0.138866   0.222557   0.401007   0.263940   0.710226   0.408807   0.165141   0.256065   0.137211   0.220677   0.409360   0.264049   0.705626   0.406376   0.163564   0.256094   0.135809   0.218995   0.410638   0.263959   0.701802   0.404331   0.162245   0.256128   0.134638   0.217158   0.408841   0.263757   0.698467   0.402804   0.161266   0.256380   0.133770   0.215329   0.408504 125368
  5   0.128232   0.667321   0.710459   0.457209   0.887062   0.416213   0.672890   0.030050   0.307774   0.673987   0.723112   0.474087   0.886182   0.433192   0.676794   0.029754   0.308124   0.673672   0.722406   0.473124   0.886927   0.432220   0.674798   0.029479   0.308421   0.673256   0.721902   0.472456   0.888857   0.431548   0.674375   0.029225   0.308618   0.672989   0.720696   0.470814   0.889972   0.429891   0.673384   0.029312   0.308885   0.672843   0.718894   0.468335   0.889995   0.427384   0.671743   0.029603   0.313757   0.671417   0.718575   0.467926   0.889450   0.426975   0.669570   0.030014   0.329168   0.667088   0.721259   0.471693   0.888488   0.430799   0.670431   0.030063   0.352114   0.661196   0.726211   0.478633   0.888083   0.437843   0.676858   0.031469   0.374715   0.655970   0.732560   0.487618   0.888626   0.446979   0.685793   0.034717   0.390697   0.652462   0.738963   0.496799   0.888950   0.456336   0.694130   0.037662   0.394747   0.651419   0.744032   0.504153   0.888846   0.463848   0.700693   0.038992   0.385038   0.653074   0.746696   0.508062   0.888372   0.467849   0.705184   0.038370   0.364874   0.656928   0.746478   0.507752   0.887511   0.467533   0.707846   0.035727   0.340515   0.661934   0.743691   0.503651   0.886773   0.463333   0.710156   0.030877   0.319893   0.666858   0.738231   0.495642   0.886596   0.455137   0.713645   0.026546   0.310225   0.669771   0.732596   0.487434   0.886831   0.446747   0.714287   0.025900   0.308853   0.670321   0.729765   0.483353   0.887328   0.442584   0.711119   0.026695   0.308925   0.670159   0.728507   0.481561   0.887768   0.440760   0.708040   0.026815   0.308990   0.669974   0.727435   0.480045   0.887840   0.439219   0.705327   0.026827   0.309053   0.669794   0.726485   0.478720   0.887816   0.437875   0.702769   0.027087   0.309107   0.669662   0.725522   0.477388   0.887753   0.436527   0.700138   0.027652   0.309171   0.669527   0.724631   0.476161   0.887805   0.435286   0.697663   0.028239   0.309258   0.669341   0.724002   0.475306   0.888172   0.434422   0.695487   0.028863 346799
  6   0.138903   0.665461   0.629732   0.358247   0.677519   0.318098   0.506333   0.035482   0.307331   0.670198   0.647304   0.376919   0.676161   0.336135   0.511821   0.040022   0.307754   0.669675   0.648384   0.378165   0.676784   0.337356   0.510076   0.036234   0.308167   0.669036   0.649384   0.379341   0.678535   0.338513   0.510871   0.034199   0.308395   0.668645   0.649304   0.379254   0.679539   0.338428   0.511447   0.033330   0.309205   0.667930   0.649296   0.379238   0.679475   0.338411   0.511373   0.032853   0.319140   0.663468   0.653439   0.384227   0.678824   0.343338   0.511953   0.031312   0.346069   0.654537   0.660397   0.392664   0.677754   0.351679   0.518230   0.030518   0.382645   0.645301   0.666944   0.400705   0.677358   0.359648   0.530384   0.034320   0.415952   0.638654   0.673377   0.408740   0.677834   0.367634   0.543293   0.041516   0.436031   0.635717   0.678334   0.415024   0.678020   0.373897   0.554800   0.048180   0.436491   0.636910   0.681068   0.418525   0.677865   0.377393   0.563907   0.052157   0.417899   0.641869   0.680924   0.418353   0.677475   0.377224   0.570192   0.052614   0.387344   0.649313   0.677706   0.414257   0.676787   0.373138   0.573339   0.049165   0.353539   0.657767   0.672238   0.407340   0.676088   0.366247   0.573724   0.042558   0.325435   0.665615   0.665448   0.398830   0.675922   0.357783   0.572934   0.035774   0.311025   0.670432   0.659263   0.391156   0.676228   0.350165   0.570011   0.032772   0.308066   0.671520   0.656318   0.387540   0.676731   0.346582   0.565056   0.032524   0.308146   0.671160   0.655511   0.386567   0.677115   0.345621   0.560509   0.032404   0.308215   0.670835   0.654668   0.385557   0.677140   0.344625   0.556588   0.032453   0.308271   0.670559   0.653738   0.384449   0.677208   0.343532   0.553159   0.032752   0.308329   0.670323   0.652780   0.383315   0.677263   0.342416   0.549890   0.033210   0.308385   0.670077   0.651987   0.382381   0.677300   0.341498   0.546655   0.033670   0.308444   0.669773   0.651533   0.381857   0.677618   0.340984   0.543660   0.033902 309573
  7   0.149641   0.667098   0.527072   0.255423   0.480760   0.219700   0.346598   0.042390   0.304444   0.673327   0.548648   0.273429   0.479795   0.236373   0.349833   0.047738   0.304876   0.672721   0.549776   0.274447   0.480339   0.237329   0.349515   0.043754   0.305121   0.672120   0.550248   0.274879   0.481884   0.237735   0.349830   0.042857   0.305258   0.671676   0.550166   0.274803   0.482771   0.237663   0.349883   0.042970   0.307619   0.669068   0.552025   0.276516   0.482706   0.239276   0.350843   0.043130   0.326521   0.657992   0.560290   0.284439   0.482075   0.246791   0.353989   0.041951   0.370421   0.639765   0.570222   0.294181   0.481077   0.256069   0.361512   0.044671   0.424235   0.622906   0.578417   0.302444   0.480720   0.263975   0.372701   0.054242   0.468998   0.611985   0.586520   0.310784   0.481135   0.271986   0.384041   0.065275   0.491777   0.609107   0.592435   0.317001   0.481301   0.277980   0.394383   0.074549   0.487148   0.614413   0.595209   0.319979   0.481183   0.280863   0.403052   0.080540   0.459162   0.625828   0.594372   0.319108   0.480840   0.280025   0.409588   0.081757   0.417317   0.640510   0.589822   0.314300   0.480229   0.275385   0.413625   0.077241   0.372055   0.655872   0.582590   0.306745   0.479613   0.268110   0.414874   0.067701   0.333575   0.669422   0.574220   0.298163   0.479469   0.259872   0.413491   0.055834   0.311096   0.677982   0.566475   0.290387   0.479748   0.252436   0.409475   0.047179   0.304603   0.680209   0.562069   0.286041   0.480207   0.248293   0.403754   0.044289   0.304227   0.679486   0.560416   0.284455   0.480548   0.246789   0.398168   0.043938   0.303902   0.678866   0.558968   0.283089   0.480549   0.245498   0.393143   0.044720   0.303590   0.678379   0.557522   0.281741   0.480586   0.244224   0.388587   0.046043   0.303368   0.677948   0.556033   0.280353   0.480613   0.242915   0.384556   0.046814   0.303205   0.677541   0.554604   0.279025   0.480635   0.241662   0.380871   0.047237   0.303036   0.677169   0.553405   0.277926   0.480920   0.240627   0.377341   0.047746 364743
  8   0.161182   0.666844   0.421382   0.171997   0.281419   0.143094   0.252280   0.053661   0.303238   0.672474   0.424953   0.173897   0.281003   0.144714   0.249266   0.066881   0.303766   0.671437   0.426772   0.175095   0.281521   0.145779   0.250642   0.068259   0.304100   0.670710   0.427592   0.175659   0.282926   0.146285   0.251783   0.069903   0.304252   0.670228   0.427866   0.175859   0.283734   0.146465   0.252387   0.071517   0.307582   0.666870   0.430004   0.177339   0.283678   0.147793   0.253217   0.072945   0.330072   0.652246   0.437742   0.182845   0.283111   0.152755   0.255390   0.074763   0.378782   0.628457   0.448147   0.190433   0.282213   0.159621   0.259846   0.082727   0.436355   0.606938   0.458209   0.197975   0.281912   0.166479   0.266181   0.095464   0.485921   0.592540   0.468183   0.205621   0.282353   0.173457   0.272891   0.105250   0.515097   0.587916   0.475991   0.211734   0.282576   0.179057   0.279245   0.112374   0.515718   0.594123   0.480229   0.215126   0.282520   0.182178   0.284698   0.116853   0.489646   0.608914   0.480500   0.215369   0.282235   0.182405   0.288694   0.117362   0.445447   0.628600   0.476842   0.212451   0.281665   0.179724   0.290762   0.112333   0.392796   0.650421   0.469973   0.207013   0.281083   0.174732   0.290727   0.103350   0.343485   0.671181   0.460703   0.199824   0.280935   0.168157   0.288841   0.092951   0.311671   0.685286   0.450837   0.192362   0.281153   0.161362   0.285276   0.083500   0.301216   0.689449   0.444243   0.187486   0.281551   0.156939   0.280871   0.079196   0.300624   0.688165   0.441149   0.185256   0.281862   0.154925   0.276958   0.078829   0.300441   0.686756   0.438698   0.183512   0.281868   0.153353   0.273817   0.081161   0.300325   0.685489   0.436391   0.181889   0.281896   0.151894   0.271150   0.084185   0.300157   0.684339   0.434303   0.180438   0.281902   0.150591   0.268564   0.084704   0.299890   0.683364   0.432451   0.179163   0.281913   0.149448   0.266003   0.084062   0.299480   0.682627   0.430760   0.178015   0.282166   0.148421   0.263578   0.084486 375133
  9   0.150344   0.677762   0.459689   0.200949   0.376507   0.169464   0.255271   0.080046   0.286623   0.694709   0.474490   0.211588   0.376315   0.179076   0.248839   0.096454   0.285712   0.693662   0.476298   0.212998   0.376729   0.180368   0.244623   0.098875   0.285658   0.692005   0.477667   0.214075   0.378046   0.181356   0.242015   0.102678   0.285426   0.690521   0.478128   0.214475   0.378749   0.181729   0.239931   0.108233   0.297605   0.678020   0.487645   0.221825   0.378614   0.188451   0.242050   0.112750   0.355934   0.641506   0.511944   0.241766   0.377933   0.206882   0.247849   0.120241   0.464363   0.594528   0.538123   0.264906   0.376919   0.228538   0.252496   0.143757   0.583566   0.556595   0.560092   0.285684   0.376533   0.248214   0.256588   0.172470   0.682146   0.532581   0.578705   0.304100   0.376830   0.265792   0.261610   0.187787   0.742192   0.524983   0.592213   0.317995   0.376887   0.279147   0.267862   0.194823   0.748062   0.536243   0.599550   0.325828   0.376701   0.286726   0.275140   0.198954   0.698192   0.564072   0.599622   0.326082   0.376340   0.287001   0.282834   0.200386   0.608471   0.601597   0.592195   0.318412   0.375810   0.279624   0.289706   0.196787   0.498774   0.642505   0.578493   0.304344   0.375287   0.266107   0.294340   0.187164   0.391573   0.680870   0.559927   0.285841   0.375184   0.248419   0.296024   0.167925   0.310235   0.712062   0.535131   0.262531   0.375502   0.226363   0.293544   0.139591   0.276839   0.724778   0.515049   0.244555   0.375991   0.209499   0.285973   0.124288   0.275102   0.721764   0.506303   0.237133   0.376326   0.202600   0.277690   0.124238   0.275181   0.717653   0.500890   0.232624   0.376325   0.198422   0.271648   0.126479   0.275328   0.713936   0.496436   0.228980   0.376384   0.195057   0.266839   0.129648   0.275674   0.710655   0.492326   0.225663   0.376435   0.192000   0.262884   0.130647   0.276064   0.707862   0.488534   0.222632   0.376465   0.189212   0.259214   0.130359   0.276233   0.705411   0.485416   0.220170   0.376725   0.186951   0.255625   0.130837 201833
 10   0.125167   0.667020   0.739830   0.497975   0.931137   0.457522   0.755138   0.027126   0.308169   0.673260   0.749340   0.511629   0.930365   0.471440   0.760977   0.023739   0.308434   0.672737   0.749608   0.512002   0.931161   0.471818   0.761583   0.024536   0.308674   0.672205   0.749799   0.512280   0.933164   0.472102   0.762639   0.025343   0.308847   0.671934   0.748906   0.510963   0.934378   0.470753   0.762367   0.026258   0.309052   0.671905   0.747005   0.508168   0.934494   0.467892   0.760588   0.027435   0.313029   0.671097   0.745870   0.506515   0.934047   0.466202   0.757104   0.029738   0.325565   0.668203   0.747124   0.508390   0.933206   0.468128   0.755029   0.031929   0.344119   0.663950   0.750743   0.513771   0.932719   0.473648   0.757618   0.033871   0.362422   0.659961   0.756166   0.521897   0.933300   0.481997   0.762809   0.036645   0.375437   0.657174   0.761775   0.530387   0.933788   0.490736   0.767506   0.038661   0.378690   0.656212   0.766188   0.537129   0.933732   0.497688   0.770749   0.039101   0.370709   0.657249   0.768547   0.540754   0.933214   0.501429   0.772487   0.037828   0.354138   0.659940   0.768338   0.540428   0.932246   0.501093   0.773052   0.034712   0.333908   0.663466   0.765890   0.536661   0.931533   0.497203   0.775135   0.029359   0.317109   0.666976   0.760733   0.528761   0.931388   0.489053   0.780425   0.024583   0.309907   0.669079   0.755311   0.520502   0.931542   0.480543   0.782074   0.024273   0.309190   0.669522   0.752372   0.516073   0.931990   0.475987   0.778935   0.025601   0.309209   0.669513   0.750595   0.513415   0.932449   0.473257   0.776307   0.025717   0.309227   0.669450   0.749045   0.511107   0.932576   0.470889   0.774114   0.025446   0.309256   0.669374   0.747629   0.509012   0.932446   0.468742   0.771888   0.025436   0.309291   0.669287   0.746400   0.507204   0.932292   0.466890   0.769653   0.025779   0.309338   0.669131   0.745485   0.505863   0.932392   0.465519   0.767949   0.025861   0.309404   0.668906   0.744886   0.504991   0.932806   0.464627   0.766789   0.025677 675799
 11   0.126920   0.668853   0.719564   0.469614   0.935397   0.428742   0.661398   0.027823   0.306677   0.676638   0.732282   0.487040   0.934400   0.446356   0.665483   0.024430   0.306951   0.675564   0.733718   0.489022   0.935198   0.448362   0.664781   0.024238   0.307270   0.674511   0.735138   0.491015   0.937108   0.450385   0.665523   0.023847   0.307535   0.673704   0.735649   0.491724   0.938152   0.451103   0.666146   0.023440   0.308347   0.673031   0.735539   0.491542   0.938090   0.450913   0.665872   0.023183   0.317260   0.670592   0.737763   0.494731   0.937480   0.454163   0.664646   0.023035   0.339709   0.664618   0.744416   0.504404   0.936505   0.464046   0.666357   0.022569   0.368868   0.656908   0.754640   0.519563   0.935931   0.479590   0.673945   0.023294   0.396092   0.650104   0.767417   0.538998   0.936304   0.499614   0.683076   0.025788   0.415123   0.645539   0.780211   0.558988   0.936487   0.520312   0.689840   0.028391   0.419715   0.644114   0.790544   0.575529   0.936192   0.537516   0.694725   0.029927   0.407437   0.646084   0.796962   0.585986   0.935517   0.548428   0.698843   0.030063   0.381957   0.650653   0.798858   0.589116   0.934495   0.551702   0.703640   0.028689   0.350425   0.656360   0.796551   0.585348   0.933791   0.547770   0.711804   0.024931   0.323712   0.662550   0.787760   0.571119   0.933701   0.532938   0.723145   0.022315   0.311130   0.667078   0.776952   0.553788   0.933950   0.514907   0.728542   0.024723   0.308973   0.668540   0.770849   0.544163   0.934496   0.504924   0.726674   0.028005   0.308794   0.668883   0.767176   0.538484   0.935024   0.499056   0.724445   0.029231   0.308663   0.669137   0.763901   0.533466   0.935207   0.493879   0.722595   0.029607   0.308599   0.669306   0.760994   0.529048   0.935199   0.489328   0.720932   0.029810   0.308571   0.669419   0.758400   0.525128   0.935153   0.485294   0.719487   0.030072   0.308547   0.669485   0.756165   0.521770   0.935290   0.481843   0.718338   0.029982   0.308553   0.669477   0.754326   0.519023   0.935717   0.479022   0.717457   0.029577 625943
 12   0.133501   0.665666   0.669132   0.404839   0.766682   0.363990   0.564124   0.035628   0.307154   0.670496   0.692238   0.432636   0.765348   0.391448   0.569814   0.038096   0.307641   0.669871   0.693840   0.434754   0.766011   0.393575   0.568029   0.034426   0.308104   0.669240   0.695157   0.436498   0.767876   0.395328   0.569384   0.032856   0.308412   0.668802   0.695549   0.437030   0.768941   0.395864   0.569683   0.032269   0.309034   0.668264   0.695732   0.437286   0.768906   0.396124   0.568934   0.031852   0.316932   0.665004   0.699933   0.442959   0.768317   0.401843   0.568158   0.029658   0.339260   0.658039   0.707297   0.452941   0.767282   0.411913   0.573163   0.026707   0.370691   0.650407   0.714381   0.462655   0.766872   0.421734   0.585025   0.027929   0.401197   0.644341   0.721783   0.472978   0.767344   0.432204   0.597315   0.033147   0.422390   0.640858   0.728282   0.482198   0.767498   0.441586   0.607875   0.038706   0.426978   0.640682   0.732734   0.488607   0.767274   0.448124   0.616549   0.042743   0.412824   0.643962   0.734114   0.490637   0.766799   0.450204   0.623419   0.044124   0.384994   0.649922   0.731785   0.487309   0.765999   0.446814   0.628553   0.042188   0.352201   0.657154   0.726300   0.479457   0.765251   0.438811   0.632631   0.037064   0.324413   0.664196   0.717841   0.467442   0.765113   0.426584   0.637433   0.031161   0.310633   0.668731   0.709245   0.455381   0.765457   0.414339   0.638654   0.029015   0.308154   0.669895   0.704891   0.449356   0.766011   0.408237   0.634979   0.029217   0.308241   0.669729   0.703373   0.447289   0.766457   0.406150   0.631010   0.028776   0.308332   0.669553   0.702049   0.445509   0.766557   0.404357   0.627313   0.028598   0.308422   0.669393   0.700825   0.443880   0.766664   0.402720   0.623864   0.028843   0.308511   0.669262   0.699637   0.442315   0.766715   0.401148   0.620514   0.029333   0.308581   0.669104   0.698674   0.441052   0.766756   0.399882   0.617177   0.029582   0.308660   0.668882   0.698083   0.440285   0.767101   0.399115   0.614026   0.029836 368872
 13   0.135963   0.667689   0.625974   0.355120   0.704636   0.315232   0.415206   0.047663   0.302602   0.674275   0.655366   0.387239   0.701987   0.346432   0.419987   0.048475   0.303283   0.673335   0.659065   0.391577   0.702559   0.350696   0.416581   0.042163   0.303816   0.672486   0.662076   0.395131   0.704313   0.354192   0.415779   0.038511   0.304266   0.671707   0.664063   0.397476   0.705319   0.356500   0.415296   0.037114   0.306203   0.669521   0.667660   0.401777   0.705316   0.360743   0.415509   0.036007   0.321428   0.661350   0.679974   0.417216   0.704780   0.376103   0.417034   0.032061   0.358709   0.648436   0.696062   0.437991   0.703850   0.396881   0.423045   0.030513   0.407197   0.636568   0.710162   0.456973   0.703459   0.416011   0.432477   0.036734   0.453053   0.627720   0.724791   0.477361   0.703742   0.436689   0.441003   0.046631   0.483774   0.623360   0.737530   0.495678   0.703686   0.455375   0.449042   0.056573   0.487264   0.624711   0.746017   0.508205   0.703327   0.468218   0.457434   0.064464   0.463152   0.631174   0.748845   0.512485   0.702768   0.472625   0.466527   0.069012   0.421157   0.641005   0.745413   0.507463   0.701951   0.467485   0.476029   0.068864   0.372922   0.652342   0.736269   0.494112   0.701243   0.453825   0.486081   0.063320   0.331522   0.663364   0.721103   0.472470   0.701167   0.431776   0.497664   0.052949   0.309258   0.671344   0.703609   0.448195   0.701567   0.407172   0.503464   0.046220   0.304164   0.674041   0.693352   0.434326   0.702150   0.393184   0.501175   0.044956   0.304345   0.673788   0.689905   0.429800   0.702630   0.388644   0.497983   0.042970   0.304580   0.673422   0.687419   0.426561   0.702810   0.385399   0.495273   0.041381   0.304808   0.673048   0.685336   0.423876   0.702997   0.382715   0.492865   0.040799   0.305011   0.672701   0.683453   0.421468   0.703078   0.380311   0.490555   0.040457   0.305126   0.672406   0.681689   0.419227   0.703120   0.378077   0.488296   0.039975   0.305160   0.672186   0.680074   0.417201   0.703463   0.376060   0.486041   0.039554 204683
 14   0.138976   0.679518   0.558096   0.285440   0.563641   0.248245   0.321946   0.073660   0.289078   0.697447   0.590508   0.316233   0.561374   0.277443   0.321377   0.076613   0.288830   0.695267   0.593877   0.319706   0.561631   0.280782   0.314455   0.076620   0.289170   0.693176   0.595381   0.321323   0.563048   0.282348   0.311458   0.077863   0.289547   0.691539   0.595264   0.321249   0.563847   0.282284   0.309837   0.079607   0.298672   0.681369   0.603535   0.329729   0.563704   0.290430   0.311771   0.080958   0.348082   0.649902   0.628009   0.356459   0.562935   0.316398   0.317243   0.088084   0.447290   0.607670   0.656027   0.389226   0.561774   0.348619   0.322489   0.112972   0.560469   0.573947   0.680065   0.419432   0.561247   0.378707   0.326569   0.145043   0.656177   0.554418   0.701366   0.447479   0.561384   0.406884   0.330847   0.168886   0.715260   0.550349   0.716630   0.468384   0.561252   0.428037   0.337484   0.185484   0.719505   0.562157   0.724334   0.479307   0.560937   0.439159   0.346851   0.195781   0.667981   0.586811   0.723270   0.478049   0.560543   0.437925   0.358457   0.199302   0.578969   0.618605   0.713425   0.464592   0.560041   0.424311   0.370933   0.194902   0.474208   0.652626   0.696743   0.442101   0.559551   0.401614   0.381746   0.181818   0.377555   0.683341   0.676084   0.415025   0.559544   0.374429   0.388679   0.157240   0.310694   0.706142   0.651733   0.384569   0.560031   0.344107   0.389581   0.122650   0.286051   0.713792   0.633583   0.362780   0.560646   0.322577   0.384008   0.100204   0.285360   0.710467   0.626267   0.354445   0.561027   0.314419   0.376394   0.094829   0.285309   0.707117   0.621648   0.349318   0.561033   0.309424   0.369527   0.093452   0.285030   0.704478   0.617772   0.345099   0.561119   0.305329   0.363134   0.094080   0.284892   0.702350   0.613956   0.340990   0.561196   0.301348   0.357435   0.094430   0.284927   0.700560   0.610132   0.336895   0.561241   0.297384   0.352236   0.094466   0.284947   0.698982   0.606598   0.333154   0.561554   0.293771   0.347337   0.094650 94409
 15   0.123893   0.666500   0.755295   0.520668   0.939022   0.480749   0.787516   0.022236   0.308545   0.672050   0.765783   0.536304   0.938401   0.496798   0.797091   0.018540   0.308840   0.671238   0.767087   0.538277   0.939276   0.498829   0.800637   0.019453   0.309113   0.670478   0.768166   0.539924   0.941378   0.500526   0.804699   0.020428   0.309313   0.669986   0.768133   0.539866   0.942638   0.500465   0.807338   0.021351   0.309579   0.669728   0.767174   0.538386   0.942769   0.498937   0.808201   0.022380   0.314265   0.668445   0.767504   0.538901   0.942293   0.499470   0.806748   0.023945   0.328459   0.664777   0.770835   0.544073   0.941379   0.504818   0.807362   0.025226   0.348501   0.659891   0.776613   0.553117   0.940747   0.514184   0.813422   0.026398   0.367691   0.655581   0.784165   0.565100   0.941238   0.526627   0.820735   0.028779   0.380718   0.652802   0.791528   0.576955   0.941690   0.538970   0.826140   0.031069   0.383158   0.652084   0.797003   0.585889   0.941590   0.548295   0.829380   0.031961   0.373845   0.653478   0.799897   0.590654   0.941053   0.553276   0.830879   0.031393   0.355688   0.656564   0.799757   0.590431   0.940072   0.553045   0.831911   0.029388   0.334386   0.660318   0.796886   0.585718   0.939444   0.548120   0.837122   0.024945   0.317519   0.664182   0.790217   0.574853   0.939385   0.536783   0.846069   0.021851   0.310710   0.666715   0.783210   0.563532   0.939559   0.524989   0.848036   0.023486   0.310018   0.667398   0.779476   0.557588   0.940045   0.518813   0.843760   0.025523   0.309952   0.667592   0.776966   0.553631   0.940591   0.514710   0.840460   0.025789   0.309893   0.667719   0.774713   0.550100   0.940807   0.511052   0.837592   0.025432   0.309842   0.667817   0.772615   0.546827   0.940681   0.507664   0.834676   0.025127   0.309814   0.667885   0.770760   0.543945   0.940563   0.504683   0.831770   0.025293   0.309803   0.667898   0.769217   0.541560   0.940755   0.502219   0.829255   0.025455   0.309815   0.667848   0.767972   0.539644   0.941246   0.500241   0.827190   0.025443 1014481
 16   0.125744   0.667808   0.736791   0.493781   0.930618   0.453278   0.715186   0.024710   0.307680   0.674504   0.749997   0.512632   0.929805   0.472474   0.722606   0.021794   0.307959   0.673400   0.752042   0.515616   0.930627   0.475526   0.724557   0.021465   0.308249   0.672390   0.753795   0.518200   0.932673   0.478172   0.727669   0.020983   0.308486   0.671660   0.754417   0.519111   0.933830   0.479103   0.730040   0.020933   0.309076   0.671086   0.754330   0.518964   0.933868   0.478950   0.730949   0.021100   0.316515   0.668956   0.756513   0.522238   0.933404   0.482313   0.729557   0.021314   0.335943   0.663743   0.762673   0.531570   0.932484   0.491921   0.731324   0.020640   0.361388   0.657096   0.771915   0.545809   0.931858   0.506625   0.739993   0.020630   0.385254   0.651274   0.783419   0.563926   0.932244   0.525410   0.749766   0.022711   0.401403   0.647495   0.794631   0.581988   0.932471   0.544218   0.756939   0.025017   0.404359   0.646456   0.803325   0.596287   0.932222   0.559165   0.762013   0.026363   0.392973   0.648207   0.808462   0.604854   0.931626   0.568143   0.765860   0.026550   0.370736   0.652095   0.809557   0.606695   0.930617   0.570075   0.769961   0.025358   0.343707   0.656837   0.807022   0.602450   0.929932   0.565623   0.778367   0.022022   0.321210   0.662034   0.798539   0.588411   0.929854   0.550930   0.791732   0.020172   0.311337   0.665825   0.788611   0.572139   0.930059   0.533933   0.798354   0.023125   0.309999   0.666985   0.783408   0.563750   0.930576   0.525196   0.796454   0.026233   0.309866   0.667258   0.780311   0.558827   0.931125   0.520083   0.794397   0.026946   0.309759   0.667461   0.777554   0.554478   0.931351   0.515572   0.792562   0.027076   0.309667   0.667629   0.775023   0.550511   0.931344   0.511463   0.790769   0.027084   0.309601   0.667756   0.772755   0.546979   0.931299   0.507808   0.788957   0.027073   0.309572   0.667819   0.770823   0.543988   0.931456   0.504717   0.787241   0.027063   0.309567   0.667818   0.769225   0.541529   0.931918   0.502178   0.785849   0.026954 931401
 17   0.124716   0.669337   0.737320   0.495021   0.934247   0.454630   0.650949   0.025956   0.305959   0.677395   0.751041   0.514494   0.933395   0.474442   0.659265   0.024720   0.306407   0.676006   0.753068   0.517428   0.934298   0.477439   0.660898   0.024860   0.306746   0.674805   0.754707   0.519829   0.936365   0.479894   0.663533   0.024394   0.306964   0.673939   0.755180   0.520511   0.937520   0.480591   0.665358   0.023865   0.309080   0.673017   0.755587   0.521104   0.937546   0.481197   0.665129   0.023494   0.325010   0.669169   0.760337   0.528293   0.937069   0.488596   0.664587   0.022273   0.361237   0.660542   0.771188   0.544981   0.936178   0.505826   0.670767   0.020219   0.407408   0.650112   0.786869   0.569810   0.935540   0.531600   0.683693   0.020789   0.452764   0.641001   0.806076   0.601353   0.935794   0.564568   0.694871   0.024429   0.486888   0.634894   0.824549   0.632839   0.935870   0.597706   0.701756   0.028473   0.497116   0.633251   0.838776   0.657898   0.935441   0.624243   0.706639   0.031947   0.477813   0.636467   0.847190   0.673061   0.934659   0.640369   0.710930   0.034498   0.435007   0.643308   0.849200   0.676731   0.933528   0.644281   0.716570   0.034883   0.382007   0.651224   0.845606   0.670190   0.932804   0.637313   0.727287   0.031171   0.336290   0.659489   0.833035   0.647752   0.932715   0.613492   0.742368   0.026760   0.313098   0.666546   0.815356   0.616817   0.932929   0.580774   0.750487   0.029007   0.308326   0.669492   0.804108   0.597631   0.933471   0.560581   0.749484   0.033555   0.308025   0.669962   0.798503   0.588356   0.934068   0.550874   0.747334   0.034552   0.307809   0.670282   0.793763   0.580607   0.934378   0.542783   0.745570   0.034475   0.307640   0.670522   0.789502   0.573718   0.934425   0.535605   0.744143   0.034113   0.307537   0.670654   0.785783   0.567762   0.934422   0.529409   0.742805   0.033713   0.307511   0.670690   0.782626   0.562747   0.934634   0.524200   0.741396   0.033435   0.307534   0.670681   0.779832   0.558342   0.935136   0.519631   0.740416   0.033128 500465
 18   0.128129   0.667151   0.714342   0.463489   0.861708   0.422736   0.589757   0.035744   0.306642   0.672960   0.740382   0.498923   0.860686   0.458519   0.585936   0.037929   0.307241   0.671591   0.745383   0.506136   0.861366   0.465878   0.577596   0.035137   0.307770   0.670535   0.748755   0.511047   0.863319   0.470898   0.574684   0.033579   0.308154   0.669770   0.750558   0.513684   0.864445   0.473595   0.573260   0.033592   0.309143   0.668957   0.751944   0.515724   0.864472   0.475684   0.572007   0.033189   0.318646   0.665644   0.758749   0.526007   0.864030   0.486266   0.572186   0.029220   0.342147   0.658948   0.769951   0.543159   0.863147   0.503961   0.580726   0.022687   0.372256   0.651605   0.780588   0.559851   0.862701   0.521260   0.597134   0.020340   0.401390   0.645383   0.791547   0.577484   0.863061   0.539620   0.613253   0.023101   0.423005   0.641320   0.801433   0.593754   0.863128   0.556631   0.626804   0.027684   0.429371   0.640447   0.808426   0.605486   0.862809   0.568942   0.638295   0.032238   0.416907   0.643019   0.811232   0.610266   0.862210   0.573973   0.648962   0.035281   0.388974   0.648306   0.809158   0.606804   0.861266   0.570343   0.659971   0.035187   0.354134   0.654959   0.802424   0.595555   0.860568   0.558547   0.673311   0.031542   0.324461   0.662127   0.789101   0.573711   0.860563   0.535722   0.688801   0.027865   0.310624   0.667270   0.774967   0.550968   0.860951   0.512041   0.696551   0.028453   0.308469   0.668834   0.767887   0.539836   0.861562   0.500501   0.695007   0.029867   0.308495   0.668928   0.764808   0.535090   0.862116   0.495599   0.691835   0.029568   0.308581   0.668914   0.762417   0.531438   0.862348   0.491833   0.688453   0.029724   0.308685   0.668858   0.760435   0.528428   0.862466   0.488733   0.685050   0.030395   0.308773   0.668811   0.758716   0.525838   0.862445   0.486069   0.681331   0.031203   0.308838   0.668748   0.757291   0.523700   0.862479   0.483872   0.677686   0.031779   0.308920   0.668626   0.756246   0.522139   0.862852   0.482269   0.674501   0.031945 264530
 19   0.128297   0.668081   0.685149   0.425886   0.808261   0.385116   0.440930   0.048070   0.302344   0.674912   0.713171   0.461554   0.806855   0.420720   0.444705   0.048915   0.303133   0.673918   0.717337   0.467307   0.807491   0.426546   0.442013   0.042659   0.303653   0.673261   0.719497   0.470232   0.809341   0.429496   0.442499   0.039243   0.304072   0.672564   0.720954   0.472209   0.810429   0.431491   0.443046   0.038179   0.306077   0.670502   0.724769   0.477387   0.810473   0.436719   0.443938   0.036670   0.321111   0.663332   0.738190   0.496538   0.809965   0.456231   0.446811   0.030797   0.357511   0.651988   0.756543   0.523589   0.809057   0.483953   0.455658   0.025238   0.404973   0.641191   0.773017   0.548888   0.808617   0.510077   0.468231   0.027084   0.450775   0.632641   0.789439   0.575079   0.808814   0.537312   0.479289   0.033907   0.483586   0.627620   0.803776   0.598750   0.808669   0.562087   0.489440   0.042270   0.490860   0.627543   0.813763   0.615738   0.808185   0.579968   0.500026   0.050268   0.468719   0.632493   0.817806   0.622762   0.807467   0.587390   0.511409   0.056107   0.425485   0.641025   0.815028   0.617996   0.806512   0.582365   0.523674   0.058085   0.374554   0.651305   0.805394   0.601609   0.805835   0.565117   0.538333   0.055231   0.331241   0.661889   0.786859   0.571055   0.805880   0.533147   0.555888   0.046385   0.309275   0.669873   0.765237   0.536554   0.806367   0.497268   0.565518   0.039681   0.304966   0.672652   0.753272   0.518041   0.807045   0.478126   0.564504   0.037953   0.305275   0.672517   0.749364   0.512185   0.807623   0.472109   0.561596   0.036275   0.305572   0.672263   0.746528   0.507981   0.807886   0.467797   0.558697   0.035523   0.305836   0.671991   0.744154   0.504503   0.808065   0.464239   0.556223   0.035647   0.306040   0.671734   0.742047   0.501451   0.808079   0.461121   0.553892   0.036095   0.306156   0.671507   0.740258   0.498882   0.808112   0.458502   0.551622   0.036180   0.306240   0.671282   0.738818   0.496838   0.808481   0.456422   0.549436   0.036066 165985
 20   0.123329   0.666601   0.762716   0.531879   0.942935   0.492284   0.798644   0.020860   0.308696   0.672096   0.774812   0.550246   0.942227   0.511202   0.810742   0.016446   0.308951   0.671001   0.777037   0.553704   0.943098   0.514778   0.816264   0.017160   0.309252   0.670016   0.778872   0.556572   0.945263   0.517748   0.822101   0.018406   0.309497   0.669339   0.779467   0.557501   0.946512   0.518709   0.825891   0.019568   0.310338   0.668740   0.779533   0.557600   0.946678   0.518811   0.827238   0.020390   0.319287   0.666069   0.782476   0.562290   0.946275   0.523685   0.826497   0.020708   0.341449   0.660063   0.789724   0.573951   0.945346   0.535823   0.830792   0.020206   0.369479   0.653123   0.799809   0.590477   0.944606   0.553086   0.841795   0.020535   0.394896   0.647478   0.811700   0.610402   0.944934   0.573987   0.852007   0.022603   0.411245   0.644117   0.822682   0.629216   0.945223   0.593804   0.858855   0.024632   0.412874   0.643638   0.830801   0.643401   0.944970   0.608802   0.862869   0.025932   0.398901   0.645950   0.835401   0.651544   0.944338   0.617432   0.864984   0.026240   0.374223   0.650226   0.836179   0.652934   0.943246   0.618907   0.867028   0.025232   0.345590   0.655083   0.833591   0.648353   0.942553   0.614052   0.875018   0.021946   0.322418   0.660248   0.825249   0.633740   0.942443   0.598595   0.889040   0.020040   0.312654   0.663953   0.815602   0.616982   0.942564   0.580897   0.895392   0.022894   0.311425   0.665071   0.810523   0.608291   0.943056   0.571745   0.892812   0.026029   0.311254   0.665402   0.807345   0.602932   0.943656   0.566117   0.890319   0.026971   0.311090   0.665663   0.804476   0.598128   0.943924   0.561079   0.888382   0.027046   0.310929   0.665881   0.801796   0.593669   0.943828   0.556408   0.886742   0.026519   0.310792   0.666052   0.799422   0.589744   0.943770   0.552300   0.885288   0.025872   0.310711   0.666165   0.797397   0.586418   0.944027   0.548826   0.883694   0.025616   0.310675   0.666218   0.795688   0.583629   0.944582   0.545915   0.882067   0.025498 858887
 21   0.124567   0.667698   0.748692   0.511044   0.936118   0.470911   0.737912   0.021757   0.307774   0.674231   0.761187   0.529382   0.935409   0.489680   0.747412   0.019602   0.308114   0.673012   0.763457   0.532781   0.936326   0.493172   0.751702   0.020079   0.308451   0.671909   0.765418   0.535743   0.938457   0.496219   0.756722   0.020353   0.308717   0.671128   0.766143   0.536832   0.939657   0.497339   0.760477   0.020792   0.309765   0.670420   0.766337   0.537113   0.939749   0.497625   0.762404   0.021137   0.319878   0.667586   0.769615   0.542171   0.939361   0.502850   0.762766   0.021335   0.344201   0.661233   0.777468   0.554438   0.938488   0.515550   0.767983   0.020609   0.374814   0.653704   0.788677   0.572314   0.937750   0.534129   0.779681   0.020837   0.403205   0.647349   0.802297   0.594601   0.938020   0.557403   0.790667   0.023167   0.422401   0.643368   0.815163   0.616214   0.938191   0.580086   0.798079   0.025576   0.425580   0.642533   0.824898   0.632955   0.937872   0.597731   0.802837   0.027176   0.411208   0.644824   0.830571   0.642863   0.937216   0.608205   0.806055   0.027788   0.384180   0.649383   0.831874   0.645155   0.936152   0.610631   0.809358   0.027115   0.351799   0.654599   0.829457   0.640911   0.935504   0.606140   0.818080   0.023667   0.324697   0.660251   0.820377   0.625188   0.935456   0.589546   0.832629   0.021237   0.312619   0.664556   0.809132   0.605921   0.935639   0.569251   0.840186   0.024404   0.310888   0.665970   0.802987   0.595571   0.936160   0.558385   0.838756   0.028210   0.310668   0.666351   0.799368   0.589579   0.936759   0.552113   0.836813   0.029253   0.310479   0.666630   0.796198   0.584370   0.937047   0.546670   0.835368   0.029365   0.310323   0.666848   0.793304   0.579650   0.937010   0.541744   0.834354   0.028884   0.310202   0.667008   0.790756   0.575520   0.936950   0.537438   0.833434   0.028295   0.310135   0.667097   0.788609   0.572062   0.937158   0.533839   0.832265   0.028112   0.310097   0.667137   0.786775   0.569125   0.937661   0.530784   0.831131   0.027924 1104096
 22   0.122777   0.668105   0.756859   0.523347   0.938927   0.483563   0.722875   0.022793   0.306612   0.675022   0.768776   0.541108   0.938211   0.501796   0.734688   0.021097   0.306955   0.673785   0.770775   0.544148   0.939135   0.504927   0.740079   0.021765   0.307244   0.672702   0.772435   0.546691   0.941295   0.507551   0.745670   0.022433   0.307470   0.671931   0.772870   0.547343   0.942536   0.508221   0.749684   0.023230   0.311034   0.670762   0.773751   0.548693   0.942659   0.509613   0.751084   0.024122   0.331175   0.666074   0.779585   0.557883   0.942269   0.519143   0.753456   0.024274   0.374021   0.656670   0.791700   0.577355   0.941388   0.539411   0.763995   0.023775   0.427975   0.646055   0.808559   0.605348   0.940598   0.568727   0.779227   0.025820   0.479912   0.637206   0.828148   0.639088   0.940755   0.604307   0.791394   0.030532   0.516649   0.631717   0.846071   0.671095   0.940757   0.638288   0.799340   0.034879   0.522767   0.631045   0.859472   0.695783   0.940263   0.664654   0.803988   0.037864   0.493530   0.635410   0.867002   0.709931   0.939491   0.679820   0.806634   0.039728   0.441692   0.642971   0.868258   0.712285   0.938374   0.682342   0.810196   0.040150   0.384114   0.650694   0.864275   0.704698   0.937750   0.674188   0.821189   0.035786   0.337247   0.658159   0.851917   0.681697   0.937768   0.649577   0.838004   0.030048   0.314815   0.664039   0.836268   0.653135   0.937997   0.619130   0.845818   0.031766   0.310515   0.666294   0.827047   0.636731   0.938567   0.601727   0.844078   0.035767   0.310148   0.666859   0.821868   0.627722   0.939235   0.592211   0.842442   0.036131   0.309866   0.667283   0.817347   0.619948   0.939580   0.584017   0.841884   0.035460   0.309609   0.667618   0.813252   0.612976   0.939547   0.576681   0.841964   0.034173   0.309369   0.667874   0.809643   0.606876   0.939499   0.570272   0.842074   0.032750   0.309167   0.668056   0.806564   0.601713   0.939766   0.564856   0.841540   0.031968   0.309027   0.668157   0.803910   0.597299   0.940338   0.560232   0.840748   0.031431 469282
 23   0.121521   0.669468   0.747692   0.509706   0.939842   0.469564   0.673372   0.021906   0.302746   0.677679   0.758036   0.524879   0.939103   0.485095   0.683653   0.022884   0.303216   0.676372   0.759599   0.527220   0.940002   0.487500   0.687351   0.024095   0.303522   0.675307   0.760625   0.528769   0.942023   0.489093   0.691377   0.024838   0.303725   0.674569   0.760429   0.528473   0.943174   0.488788   0.694057   0.025570   0.312066   0.672476   0.762362   0.531367   0.943249   0.491762   0.693898   0.025864   0.351693   0.664316   0.772049   0.546311   0.942841   0.507201   0.698127   0.024698   0.434136   0.648956   0.792146   0.578588   0.941992   0.540798   0.713531   0.024448   0.539249   0.632113   0.820918   0.627350   0.941090   0.592074   0.729847   0.028930   0.638011   0.618604   0.852277   0.683691   0.940973   0.651978   0.738308   0.035267   0.700919   0.611201   0.879092   0.734543   0.940742   0.706600   0.738976   0.039879   0.701058   0.612207   0.897879   0.771745   0.940033   0.746889   0.733991   0.043359   0.637947   0.620952   0.907585   0.791465   0.939094   0.768349   0.728619   0.046514   0.539030   0.633831   0.908288   0.792837   0.937896   0.769831   0.728931   0.048303   0.436441   0.646288   0.901014   0.777848   0.937281   0.753478   0.742702   0.045619   0.356316   0.657389   0.881575   0.739030   0.937294   0.711376   0.767581   0.040198   0.315730   0.666473   0.856630   0.690875   0.937515   0.659481   0.779660   0.041775   0.306150   0.670524   0.840922   0.661790   0.938090   0.628386   0.777693   0.045958   0.305522   0.671404   0.832322   0.646454   0.938792   0.612107   0.777271   0.045464   0.305200   0.671981   0.825064   0.633740   0.939234   0.598657   0.778120   0.043870   0.305102   0.672246   0.818935   0.623158   0.939261   0.587492   0.779334   0.041668   0.305091   0.672265   0.813920   0.614607   0.939213   0.578492   0.780624   0.039526   0.305157   0.672095   0.809985   0.607966   0.939482   0.571514   0.781607   0.037886   0.305251   0.671857   0.806735   0.602534   0.940059   0.565817   0.782222   0.036490 204386
 24   0.124857   0.671085   0.716218   0.465694   0.924828   0.424899   0.544563   0.029312   0.302018   0.680727   0.730603   0.485329   0.923931   0.444739   0.550704   0.029596   0.302610   0.679246   0.732634   0.488199   0.924696   0.447657   0.548642   0.029802   0.302831   0.678242   0.733591   0.489543   0.926483   0.449022   0.548474   0.028828   0.302909   0.677530   0.733515   0.489442   0.927502   0.448920   0.548848   0.028267   0.307527   0.675568   0.735901   0.492861   0.927481   0.452406   0.549034   0.027422   0.335902   0.668112   0.746770   0.508859   0.926898   0.468796   0.553422   0.023435   0.400051   0.653660   0.766749   0.539250   0.925953   0.500122   0.567810   0.020099   0.486299   0.636831   0.794151   0.583108   0.925282   0.545764   0.585964   0.023482   0.578024   0.621809   0.825850   0.636896   0.925341   0.602355   0.597909   0.031331   0.653591   0.611369   0.854749   0.688793   0.925122   0.657540   0.603497   0.039905   0.678830   0.609059   0.875984   0.728768   0.924413   0.700426   0.606336   0.047451   0.639967   0.615589   0.887634   0.751378   0.923410   0.724821   0.608998   0.053240   0.556445   0.627928   0.889697   0.755369   0.922177   0.729124   0.614325   0.055945   0.455816   0.642111   0.883203   0.742484   0.921350   0.715165   0.627006   0.053555   0.366560   0.655849   0.864138   0.705848   0.921235   0.675713   0.650190   0.045414   0.316006   0.668647   0.833661   0.649795   0.921559   0.615849   0.662874   0.043329   0.303166   0.674999   0.812247   0.611950   0.922244   0.575736   0.659028   0.046464   0.303189   0.675255   0.804011   0.598087   0.922972   0.561179   0.655476   0.045339   0.303520   0.675167   0.797814   0.587813   0.923433   0.550421   0.653866   0.043364   0.303984   0.674844   0.792886   0.579733   0.923641   0.541978   0.653351   0.041381   0.304335   0.674495   0.788592   0.572761   0.923696   0.534706   0.653394   0.040070   0.304473   0.674262   0.784627   0.566404   0.923913   0.528092   0.653478   0.039558   0.304477   0.674124   0.780976   0.560628   0.924437   0.522095   0.653493   0.039077 221572
