timestamp=                2021-11-19T10:39:11.272861
shape=                    (5, 5)
sigma=                    2.5
nepochs=                  3
thresh=                   None
rate=                     0.007
neighborhood function=    gaussian
init weights=             pca
topology=                 hexagonal
activation distance=      euclidean
output type=              labels
mapfile_prefix=           full2017_5x5_3_007_3_01
apply classification=     False
seed=                     None
random order=             True
custom init file=         None
order labels by size=     False
decay_function=           3

Quantization Error=       0.34741960
Topographic Error=        0.15761215

############ NEURONS #############
 25 192
  0   0.123371   0.666644   0.762337   0.531322   0.942922   0.491714   0.796580   0.020689   0.308677   0.672175   0.774555   0.549856   0.942228   0.510800   0.808753   0.016382   0.308936   0.671067   0.776816   0.553366   0.943096   0.514430   0.814277   0.017133   0.309241   0.670069   0.778678   0.556275   0.945253   0.517442   0.820111   0.018386   0.309489   0.669380   0.779307   0.557256   0.946499   0.518456   0.824002   0.019525   0.310361   0.668761   0.779424   0.557436   0.946667   0.518642   0.825506   0.020315   0.319513   0.666030   0.782452   0.562258   0.946271   0.523652   0.824915   0.020613   0.342040   0.659928   0.789837   0.574138   0.945348   0.536019   0.829432   0.020142   0.370537   0.652884   0.800104   0.590967   0.944603   0.553600   0.840711   0.020572   0.396369   0.647152   0.812210   0.611269   0.944926   0.574899   0.851162   0.022728   0.412951   0.643751   0.823395   0.630453   0.945206   0.595111   0.858083   0.024855   0.414710   0.643274   0.831652   0.644904   0.944946   0.610394   0.862122   0.026243   0.400725   0.645620   0.836338   0.653215   0.944312   0.619205   0.864298   0.026557   0.375721   0.649960   0.837171   0.654706   0.943218   0.620789   0.866412   0.025496   0.346524   0.654890   0.834617   0.650174   0.942524   0.615984   0.874469   0.022164   0.322817   0.660118   0.826231   0.635456   0.942413   0.600409   0.888613   0.020190   0.312747   0.663891   0.816428   0.618395   0.942532   0.582385   0.895140   0.023056   0.311458   0.665059   0.811210   0.609450   0.943025   0.572962   0.892656   0.026286   0.311277   0.665400   0.807966   0.603972   0.943628   0.567208   0.890113   0.027212   0.311105   0.665668   0.805043   0.599073   0.943901   0.562069   0.888079   0.027240   0.310939   0.665895   0.802315   0.594530   0.943812   0.557309   0.886430   0.026697   0.310804   0.666061   0.799928   0.590578   0.943758   0.553173   0.885087   0.025975   0.310721   0.666166   0.797919   0.587274   0.944013   0.549719   0.883579   0.025687   0.310684   0.666219   0.796203   0.584470   0.944567   0.546792   0.881968   0.025616 874697
  1   0.123900   0.666534   0.755210   0.520544   0.938973   0.480622   0.786864   0.022081   0.308514   0.672107   0.765778   0.536293   0.938364   0.496786   0.796507   0.018459   0.308813   0.671277   0.767138   0.538351   0.939243   0.498904   0.800101   0.019400   0.309095   0.670506   0.768265   0.540070   0.941347   0.500677   0.804148   0.020399   0.309294   0.670006   0.768260   0.540057   0.942600   0.500661   0.806831   0.021313   0.309572   0.669731   0.767353   0.538656   0.942728   0.499214   0.807726   0.022258   0.314410   0.668389   0.767811   0.539368   0.942253   0.499951   0.806247   0.023728   0.328925   0.664605   0.771360   0.544883   0.941340   0.505655   0.806986   0.024878   0.349253   0.659586   0.777387   0.554330   0.940706   0.515442   0.813265   0.025850   0.368602   0.655197   0.785188   0.566734   0.941181   0.528326   0.820684   0.028124   0.381753   0.652386   0.792782   0.578992   0.941612   0.541095   0.826116   0.030404   0.383976   0.651681   0.798441   0.588254   0.941498   0.550767   0.829376   0.031318   0.374392   0.653111   0.801462   0.593242   0.940957   0.555985   0.830963   0.030787   0.356113   0.656252   0.801366   0.593092   0.939975   0.555829   0.832157   0.028940   0.334570   0.660077   0.798489   0.588356   0.939353   0.550878   0.837653   0.024704   0.317572   0.664004   0.791691   0.577245   0.939302   0.539278   0.846983   0.021712   0.310752   0.666586   0.784542   0.565659   0.939479   0.527200   0.849103   0.023515   0.310066   0.667284   0.780775   0.559647   0.939967   0.520950   0.844860   0.025669   0.309998   0.667484   0.778235   0.555632   0.940514   0.516785   0.841670   0.025901   0.309939   0.667614   0.775972   0.552076   0.940732   0.513099   0.838907   0.025562   0.309883   0.667717   0.773853   0.548760   0.940609   0.509665   0.836123   0.025281   0.309848   0.667792   0.771958   0.545810   0.940494   0.506612   0.833379   0.025418   0.309831   0.667805   0.770397   0.543390   0.940686   0.504111   0.831016   0.025538   0.309831   0.667759   0.769119   0.541418   0.941177   0.502074   0.829003   0.025494 1073784
  2   0.125168   0.667022   0.740020   0.498260   0.930804   0.457815   0.755215   0.027115   0.308183   0.673260   0.749557   0.511953   0.930029   0.471774   0.761142   0.023783   0.308454   0.672732   0.749818   0.512316   0.930826   0.472141   0.761887   0.024488   0.308695   0.672197   0.750015   0.512601   0.932831   0.472432   0.763021   0.025281   0.308866   0.671921   0.749141   0.511309   0.934048   0.471107   0.762833   0.026237   0.309070   0.671889   0.747270   0.508556   0.934161   0.468288   0.761064   0.027433   0.313070   0.671053   0.746200   0.506994   0.933703   0.466692   0.757647   0.029702   0.325796   0.668078   0.747556   0.509016   0.932858   0.468767   0.755829   0.031810   0.344480   0.663777   0.751278   0.514551   0.932368   0.474446   0.758620   0.033716   0.362774   0.659777   0.756807   0.522843   0.932949   0.482966   0.763882   0.036343   0.375780   0.656977   0.762498   0.531470   0.933434   0.491849   0.768659   0.038298   0.379115   0.656001   0.766948   0.538284   0.933375   0.498877   0.771984   0.038825   0.371144   0.657032   0.769356   0.541993   0.932858   0.502708   0.773724   0.037578   0.354384   0.659762   0.769167   0.541703   0.931888   0.502409   0.774295   0.034531   0.334052   0.663335   0.766695   0.537893   0.931175   0.498474   0.776488   0.029294   0.317179   0.666890   0.761469   0.529875   0.931031   0.490199   0.781873   0.024598   0.309928   0.669026   0.755980   0.521502   0.931188   0.481569   0.783530   0.024347   0.309203   0.669477   0.753030   0.517049   0.931638   0.476988   0.780442   0.025650   0.309208   0.669473   0.751222   0.514342   0.932100   0.474208   0.777852   0.025714   0.309221   0.669416   0.749640   0.511987   0.932229   0.471790   0.775628   0.025412   0.309255   0.669334   0.748220   0.509883   0.932099   0.469634   0.773390   0.025354   0.309295   0.669247   0.746982   0.508058   0.931946   0.467765   0.771121   0.025703   0.309344   0.669104   0.746042   0.506679   0.932047   0.466353   0.769317   0.025796   0.309418   0.668887   0.745411   0.505759   0.932461   0.465413   0.768050   0.025642 701706
  3   0.128138   0.667490   0.709889   0.456447   0.891111   0.415446   0.673360   0.029869   0.307713   0.674353   0.721796   0.472278   0.890202   0.431362   0.677669   0.029294   0.308038   0.674084   0.720801   0.470906   0.890958   0.429974   0.675697   0.029168   0.308320   0.673693   0.720089   0.469940   0.892892   0.428999   0.675157   0.029061   0.308527   0.673437   0.718738   0.468095   0.894006   0.427136   0.674047   0.029297   0.308800   0.673296   0.716844   0.465492   0.894029   0.424503   0.672200   0.029565   0.313757   0.671882   0.716303   0.464758   0.893476   0.423763   0.669812   0.030111   0.329237   0.667607   0.718732   0.468126   0.892519   0.427174   0.670165   0.030707   0.352121   0.661740   0.723626   0.474937   0.892118   0.434078   0.675909   0.032406   0.374461   0.656521   0.730031   0.483954   0.892658   0.443238   0.684285   0.035607   0.390247   0.653016   0.736505   0.493183   0.892988   0.452634   0.692124   0.038443   0.394166   0.651945   0.741703   0.500689   0.892889   0.460294   0.698228   0.039578   0.384364   0.653566   0.744573   0.504889   0.892410   0.464591   0.702242   0.038792   0.364249   0.657386   0.744527   0.504843   0.891548   0.464548   0.704478   0.036030   0.340043   0.662325   0.741895   0.500996   0.890821   0.460613   0.706492   0.031003   0.319702   0.667157   0.736600   0.493269   0.890646   0.452711   0.709627   0.026527   0.310159   0.670006   0.731116   0.485316   0.890871   0.444590   0.710003   0.025895   0.308794   0.670525   0.728362   0.481364   0.891362   0.440561   0.706842   0.026791   0.308864   0.670354   0.727113   0.479592   0.891800   0.438759   0.703843   0.026897   0.308925   0.670159   0.726068   0.478124   0.891868   0.437268   0.701213   0.026796   0.308976   0.669984   0.725090   0.476765   0.891828   0.435891   0.698778   0.027005   0.309021   0.669868   0.724047   0.475326   0.891751   0.434435   0.696325   0.027649   0.309078   0.669739   0.723114   0.474044   0.891802   0.433139   0.694014   0.028295   0.309152   0.669556   0.722421   0.473101   0.892170   0.432187   0.692067   0.028818 336505
  4   0.127452   0.669978   0.702335   0.447273   0.923551   0.406380   0.522717   0.027984   0.304209   0.678801   0.716510   0.465929   0.922478   0.425109   0.526572   0.027931   0.304623   0.677664   0.717822   0.467640   0.923243   0.426823   0.523577   0.027912   0.304989   0.676635   0.718878   0.469036   0.925045   0.428225   0.523747   0.026890   0.305278   0.675803   0.719305   0.469609   0.926115   0.428802   0.524944   0.026342   0.306388   0.674982   0.719566   0.469967   0.926196   0.429164   0.525648   0.026112   0.317462   0.671839   0.724111   0.476377   0.925715   0.435680   0.527368   0.024683   0.345456   0.664487   0.734928   0.491756   0.924897   0.451336   0.535233   0.021905   0.382344   0.655342   0.749372   0.512729   0.924429   0.472768   0.549120   0.021805   0.418606   0.647129   0.766092   0.537890   0.924716   0.498649   0.563929   0.024918   0.446419   0.641233   0.782673   0.563810   0.924851   0.525498   0.576079   0.028580   0.456068   0.639058   0.796089   0.585496   0.924547   0.548099   0.585272   0.031374   0.442557   0.641093   0.804205   0.598947   0.923832   0.562184   0.593766   0.032520   0.409436   0.646391   0.806353   0.602581   0.922789   0.566004   0.603469   0.031250   0.366435   0.653371   0.802601   0.596328   0.922110   0.559450   0.616163   0.027702   0.328947   0.661428   0.789420   0.574707   0.922041   0.536853   0.630565   0.025483   0.310473   0.668239   0.772326   0.547232   0.922278   0.508247   0.637071   0.028497   0.306907   0.670875   0.762548   0.531934   0.922828   0.492400   0.634909   0.032336   0.306855   0.671077   0.758148   0.525238   0.923418   0.485499   0.631906   0.033404   0.306915   0.671131   0.754615   0.519924   0.923722   0.480036   0.629398   0.033879   0.306981   0.671144   0.751570   0.515402   0.923787   0.475397   0.627306   0.034241   0.307058   0.671125   0.748881   0.511438   0.923736   0.471336   0.625700   0.034273   0.307151   0.671089   0.746460   0.507889   0.923879   0.467704   0.624868   0.034090   0.307250   0.671033   0.744298   0.504750   0.924319   0.464497   0.624578   0.034079 250345
  5   0.124487   0.667807   0.749120   0.511705   0.936351   0.471593   0.734468   0.021882   0.307714   0.674440   0.761633   0.530077   0.935635   0.490399   0.744092   0.019832   0.308048   0.673211   0.763900   0.533473   0.936558   0.493889   0.748475   0.020355   0.308384   0.672096   0.765841   0.536406   0.938694   0.496906   0.753543   0.020585   0.308649   0.671299   0.766560   0.537485   0.939901   0.498015   0.757415   0.020917   0.309796   0.670564   0.766780   0.537803   0.939991   0.498340   0.759304   0.021294   0.320435   0.667632   0.770179   0.543051   0.939597   0.503761   0.759681   0.021493   0.345738   0.661085   0.778278   0.555721   0.938721   0.516882   0.765257   0.020653   0.377555   0.653336   0.789888   0.574283   0.937981   0.536183   0.777262   0.020869   0.407006   0.646831   0.803964   0.597390   0.938247   0.560328   0.788331   0.023295   0.427032   0.642735   0.817221   0.619753   0.938413   0.583815   0.795795   0.025775   0.430600   0.641856   0.827271   0.637117   0.938087   0.602135   0.800625   0.027500   0.415647   0.644249   0.833112   0.647371   0.937422   0.612985   0.803914   0.028304   0.387414   0.648959   0.834455   0.649747   0.936353   0.615502   0.807333   0.027692   0.353755   0.654314   0.831988   0.645389   0.935699   0.610885   0.816202   0.024213   0.325493   0.660091   0.822724   0.629264   0.935647   0.593850   0.830856   0.021572   0.312755   0.664528   0.811120   0.609289   0.935830   0.572791   0.838559   0.024656   0.310903   0.666019   0.804696   0.598426   0.936354   0.561377   0.837302   0.028552   0.310685   0.666402   0.800980   0.592249   0.936958   0.554908   0.835482   0.029555   0.310493   0.666693   0.797717   0.586869   0.937253   0.549282   0.834133   0.029662   0.310322   0.666926   0.794735   0.581989   0.937221   0.544186   0.833187   0.029217   0.310184   0.667093   0.792110   0.577721   0.937161   0.539735   0.832305   0.028665   0.310095   0.667192   0.789899   0.574149   0.937373   0.536013   0.831174   0.028410   0.310047   0.667229   0.788024   0.571139   0.937883   0.532881   0.830165   0.028086 1091994
  6   0.125681   0.667823   0.737007   0.494099   0.931220   0.453603   0.715066   0.024618   0.307621   0.674537   0.750186   0.512921   0.930382   0.472772   0.722530   0.021796   0.307906   0.673435   0.752195   0.515852   0.931204   0.475769   0.724538   0.021575   0.308189   0.672423   0.753944   0.518430   0.933253   0.478409   0.727619   0.021138   0.308426   0.671692   0.754569   0.519344   0.934409   0.479344   0.729842   0.021115   0.309062   0.671107   0.754501   0.519225   0.934444   0.479219   0.730626   0.021275   0.316678   0.668936   0.756723   0.522556   0.933979   0.482641   0.729372   0.021426   0.336363   0.663667   0.762947   0.531989   0.933054   0.492352   0.731370   0.020736   0.362107   0.656979   0.772279   0.546373   0.932421   0.507208   0.740121   0.020767   0.386352   0.651103   0.783896   0.564683   0.932804   0.526196   0.749970   0.022832   0.402711   0.647275   0.795236   0.582974   0.933028   0.545246   0.757228   0.025070   0.405657   0.646237   0.804022   0.597445   0.932774   0.560377   0.762354   0.026396   0.394095   0.648017   0.809204   0.606101   0.932170   0.569452   0.766279   0.026603   0.371488   0.651942   0.810339   0.608013   0.931153   0.571460   0.770385   0.025373   0.344091   0.656716   0.807859   0.603857   0.930466   0.567100   0.778706   0.021998   0.321317   0.661957   0.799355   0.589757   0.930386   0.552339   0.792096   0.020118   0.311314   0.665802   0.789327   0.573292   0.930587   0.535134   0.798756   0.023131   0.309961   0.666986   0.784062   0.564792   0.931103   0.526279   0.796781   0.026346   0.309813   0.667263   0.780947   0.559835   0.931652   0.521129   0.794674   0.027101   0.309695   0.667466   0.778180   0.555462   0.931875   0.516592   0.792844   0.027289   0.309602   0.667635   0.775615   0.551437   0.931864   0.512422   0.791056   0.027340   0.309539   0.667770   0.773290   0.547813   0.931820   0.508671   0.789253   0.027319   0.309509   0.667850   0.771300   0.544730   0.931981   0.505485   0.787442   0.027368   0.309511   0.667849   0.769686   0.542242   0.932447   0.502916   0.786005   0.027250 953851
  7   0.127015   0.668782   0.719278   0.469241   0.933727   0.428368   0.661399   0.027680   0.306747   0.676499   0.732409   0.487232   0.932727   0.446553   0.665418   0.024475   0.307013   0.675428   0.733903   0.489299   0.933523   0.448647   0.664507   0.024260   0.307339   0.674376   0.735384   0.491383   0.935429   0.450763   0.665123   0.023789   0.307609   0.673573   0.735941   0.492159   0.936478   0.451549   0.665638   0.023485   0.308413   0.672911   0.735838   0.491991   0.936426   0.451374   0.665280   0.023318   0.317184   0.670501   0.738084   0.495218   0.935822   0.454664   0.663926   0.023108   0.339345   0.664579   0.744764   0.504942   0.934854   0.464602   0.665542   0.022545   0.368029   0.656943   0.754908   0.519989   0.934290   0.480033   0.673168   0.023174   0.394799   0.650211   0.767477   0.539106   0.934669   0.499729   0.682469   0.025609   0.413357   0.645732   0.780023   0.558693   0.934859   0.520007   0.689477   0.028113   0.417614   0.644372   0.790119   0.574838   0.934571   0.536795   0.694606   0.029585   0.405413   0.646333   0.796379   0.585019   0.933898   0.547417   0.698894   0.029828   0.380387   0.650841   0.798178   0.587977   0.932877   0.550508   0.703830   0.028495   0.349507   0.656472   0.795795   0.584086   0.932173   0.546447   0.712178   0.024754   0.323303   0.662616   0.786946   0.569787   0.932088   0.531547   0.723613   0.022244   0.311078   0.667092   0.776171   0.552544   0.932343   0.513615   0.729045   0.024726   0.309033   0.668517   0.770146   0.543067   0.932892   0.503790   0.727221   0.028005   0.308865   0.668855   0.766547   0.537512   0.933419   0.498051   0.724841   0.029135   0.308753   0.669091   0.763373   0.532655   0.933602   0.493042   0.722782   0.029450   0.308693   0.669254   0.760515   0.528316   0.933600   0.488573   0.721134   0.029646   0.308645   0.669383   0.757921   0.524405   0.933554   0.484551   0.719700   0.029893   0.308609   0.669451   0.755729   0.521117   0.933689   0.481171   0.718512   0.029770   0.308624   0.669430   0.753958   0.518475   0.934115   0.478460   0.717558   0.029323 642145
  8   0.139663   0.665455   0.624624   0.352528   0.665312   0.312520   0.496577   0.035639   0.307287   0.670208   0.641785   0.370469   0.663958   0.329801   0.501381   0.040677   0.307713   0.669705   0.642807   0.371631   0.664579   0.330936   0.499865   0.036886   0.308142   0.669052   0.643779   0.372759   0.666323   0.332043   0.500896   0.034723   0.308368   0.668647   0.643677   0.372645   0.667312   0.331932   0.501677   0.033891   0.309222   0.667869   0.643768   0.372742   0.667243   0.332025   0.501718   0.033478   0.319560   0.663161   0.648154   0.377951   0.666594   0.337157   0.502541   0.031961   0.347514   0.653823   0.655274   0.386476   0.665523   0.345565   0.509160   0.031382   0.385059   0.644295   0.661906   0.394535   0.665126   0.353536   0.521564   0.035527   0.418778   0.637559   0.668398   0.402558   0.665600   0.361495   0.534567   0.042836   0.438889   0.634655   0.673369   0.408790   0.665785   0.367695   0.546069   0.049710   0.438988   0.636035   0.675961   0.412075   0.665635   0.370969   0.555160   0.053912   0.419913   0.641266   0.675565   0.411588   0.665251   0.370486   0.561483   0.054449   0.388784   0.648995   0.672125   0.407263   0.664570   0.366182   0.564779   0.050918   0.354409   0.657711   0.666471   0.400200   0.663878   0.359161   0.565169   0.044083   0.325888   0.665743   0.659664   0.391780   0.663712   0.350807   0.564121   0.036985   0.311123   0.670665   0.653573   0.384325   0.664016   0.343424   0.561054   0.033548   0.308018   0.671786   0.650674   0.380813   0.664516   0.339952   0.556083   0.033079   0.308092   0.671407   0.649881   0.379869   0.664894   0.339021   0.551486   0.033061   0.308161   0.671061   0.649064   0.378902   0.664911   0.338069   0.547481   0.033394   0.308219   0.670765   0.648173   0.377852   0.664973   0.337038   0.544036   0.033980   0.308274   0.670508   0.647222   0.376742   0.665026   0.335947   0.540806   0.034448   0.308326   0.670243   0.646443   0.375838   0.665063   0.335060   0.537600   0.034700   0.308376   0.669927   0.646020   0.375354   0.665379   0.334587   0.534659   0.034989 309745
  9   0.144465   0.666164   0.575251   0.301088   0.573408   0.262969   0.400981   0.041283   0.305367   0.671549   0.597303   0.321520   0.572240   0.282233   0.405782   0.045992   0.305873   0.671032   0.598723   0.322964   0.572840   0.283617   0.404970   0.040512   0.306203   0.670474   0.599285   0.323543   0.574495   0.284173   0.405752   0.038746   0.306402   0.670064   0.599067   0.323311   0.575447   0.283949   0.406612   0.037979   0.307978   0.668375   0.600130   0.324407   0.575399   0.285001   0.407563   0.037599   0.322545   0.660681   0.607097   0.331896   0.574768   0.292248   0.410155   0.035843   0.358370   0.647612   0.616120   0.341757   0.573757   0.301819   0.418054   0.036462   0.403786   0.635422   0.623343   0.349836   0.573395   0.309693   0.430411   0.043240   0.442383   0.627358   0.630438   0.357935   0.573833   0.317615   0.442913   0.052524   0.463239   0.624722   0.635772   0.364140   0.574006   0.323706   0.454219   0.060761   0.460521   0.627776   0.638283   0.367113   0.573872   0.326634   0.463670   0.065841   0.436742   0.635397   0.637390   0.366093   0.573505   0.325636   0.470826   0.066582   0.400905   0.645628   0.633137   0.361154   0.572854   0.320789   0.475196   0.062288   0.361883   0.656757   0.626480   0.353501   0.572209   0.313294   0.476626   0.053884   0.328846   0.666934   0.618652   0.344626   0.572066   0.304622   0.476039   0.044591   0.310720   0.673353   0.611406   0.336532   0.572359   0.296736   0.473169   0.039186   0.306249   0.674950   0.607627   0.332366   0.572839   0.292686   0.468269   0.037900   0.306181   0.674446   0.606542   0.331195   0.573202   0.291553   0.463437   0.037569   0.306135   0.673980   0.605579   0.330169   0.573219   0.290561   0.459141   0.037874   0.306061   0.673613   0.604560   0.329099   0.573270   0.289530   0.455244   0.038667   0.306045   0.673285   0.603460   0.327948   0.573303   0.288421   0.451706   0.039306   0.306052   0.672949   0.602455   0.326898   0.573330   0.287411   0.448383   0.039665   0.305996   0.672652   0.601691   0.326112   0.573629   0.286655   0.445240   0.040036 349112
 10   0.122418   0.668166   0.756233   0.522428   0.938963   0.482623   0.718543   0.022940   0.305991   0.675138   0.767986   0.539916   0.938226   0.500570   0.730468   0.021582   0.306350   0.673905   0.769931   0.542868   0.939132   0.503610   0.735839   0.022298   0.306631   0.672830   0.771545   0.545338   0.941282   0.506157   0.741343   0.022936   0.306858   0.672069   0.771941   0.545933   0.942512   0.506769   0.745192   0.023736   0.311021   0.670809   0.772957   0.547490   0.942632   0.508375   0.746389   0.024622   0.333430   0.665770   0.779251   0.557386   0.942252   0.518633   0.749000   0.024663   0.380648   0.655814   0.792107   0.578058   0.941372   0.540152   0.760303   0.024207   0.440452   0.644611   0.810050   0.607940   0.940563   0.571465   0.775994   0.026613   0.498124   0.635277   0.830814   0.643894   0.940688   0.609418   0.788182   0.031722   0.538289   0.629575   0.849674   0.677817   0.940656   0.645484   0.795849   0.036373   0.543910   0.629066   0.863686   0.703847   0.940140   0.673329   0.799981   0.039593   0.510843   0.633883   0.871488   0.718639   0.939361   0.689211   0.802107   0.041639   0.453657   0.641999   0.872674   0.720871   0.938240   0.691605   0.805535   0.042280   0.390751   0.650183   0.868277   0.712405   0.937628   0.682487   0.817048   0.037956   0.339725   0.657992   0.855138   0.687735   0.937671   0.656047   0.834668   0.031840   0.314971   0.664135   0.838723   0.657573   0.937917   0.623852   0.842514   0.033303   0.310030   0.666496   0.829075   0.640332   0.938499   0.605545   0.840499   0.037316   0.309658   0.667062   0.823647   0.630853   0.939182   0.595525   0.838988   0.037492   0.309395   0.667477   0.818951   0.622748   0.939540   0.586975   0.838504   0.036545   0.309156   0.667811   0.814706   0.615493   0.939513   0.579338   0.838525   0.035110   0.308904   0.668087   0.810937   0.609108   0.939473   0.572626   0.838463   0.033653   0.308675   0.668304   0.807675   0.603628   0.939745   0.566875   0.837836   0.032824   0.308544   0.668391   0.804933   0.599056   0.940316   0.562083   0.837126   0.032161 434138
 11   0.124835   0.669368   0.735763   0.492837   0.932188   0.452413   0.643637   0.026275   0.305864   0.677453   0.749992   0.512965   0.931322   0.472879   0.651274   0.025060   0.306301   0.676063   0.752093   0.515999   0.932209   0.475977   0.652166   0.025185   0.306652   0.674857   0.753780   0.518467   0.934266   0.478500   0.654220   0.024686   0.306893   0.673983   0.754314   0.519243   0.935413   0.479293   0.655614   0.024184   0.309006   0.673071   0.754733   0.519855   0.935433   0.479919   0.655200   0.023827   0.325020   0.669233   0.759548   0.527137   0.934950   0.487415   0.654591   0.022391   0.361521   0.660568   0.770550   0.544037   0.934056   0.504859   0.660723   0.020097   0.408138   0.650031   0.786384   0.569074   0.933425   0.530843   0.673693   0.020608   0.454137   0.640779   0.805710   0.600775   0.933669   0.563969   0.685167   0.024260   0.488576   0.634608   0.824242   0.632335   0.933731   0.597180   0.692392   0.028446   0.499327   0.632903   0.838533   0.657497   0.933298   0.623824   0.697466   0.032111   0.480375   0.636098   0.846966   0.672698   0.932513   0.639990   0.702030   0.034822   0.437114   0.643027   0.848896   0.676231   0.931386   0.643759   0.708008   0.035267   0.383412   0.651086   0.845137   0.669403   0.930657   0.636487   0.718967   0.031521   0.336841   0.659526   0.832247   0.646429   0.930569   0.612105   0.734415   0.027146   0.313077   0.666745   0.814229   0.614944   0.930793   0.578813   0.742627   0.029295   0.308110   0.669763   0.802822   0.595516   0.931342   0.558369   0.741458   0.033621   0.307833   0.670208   0.797151   0.586153   0.931939   0.548576   0.739386   0.034607   0.307651   0.670493   0.792414   0.578430   0.932248   0.540515   0.737761   0.034558   0.307517   0.670701   0.788190   0.571616   0.932302   0.533418   0.736401   0.034186   0.307444   0.670815   0.784486   0.565698   0.932298   0.527265   0.734937   0.033833   0.307457   0.670811   0.781398   0.560802   0.932499   0.522182   0.733453   0.033528   0.307507   0.670752   0.778706   0.556567   0.932988   0.517791   0.732445   0.033158 502095
 12   0.134059   0.665598   0.664733   0.399369   0.757159   0.358555   0.560239   0.035073   0.307175   0.670373   0.686448   0.425132   0.755828   0.383939   0.566178   0.037487   0.307651   0.669763   0.687963   0.427082   0.756479   0.385889   0.564503   0.034131   0.308101   0.669140   0.689255   0.428759   0.758320   0.387567   0.565695   0.032638   0.308397   0.668716   0.689577   0.429188   0.759373   0.387999   0.566117   0.031959   0.309020   0.668203   0.689579   0.429198   0.759333   0.388010   0.565568   0.031595   0.317072   0.664921   0.693492   0.434400   0.758733   0.393238   0.564848   0.029624   0.339777   0.657884   0.700537   0.443794   0.757690   0.402687   0.569800   0.027037   0.371657   0.650191   0.707308   0.452924   0.757286   0.411889   0.581601   0.028717   0.402273   0.644152   0.714348   0.462578   0.757769   0.421650   0.594010   0.034222   0.423196   0.640750   0.720554   0.471225   0.757935   0.430419   0.604651   0.039783   0.427245   0.640711   0.724801   0.477218   0.757727   0.436512   0.613303   0.043688   0.412438   0.644175   0.725975   0.478911   0.757273   0.438238   0.619964   0.044867   0.384488   0.650190   0.723582   0.475552   0.756495   0.434829   0.624568   0.042594   0.351986   0.657404   0.718243   0.468058   0.755751   0.427219   0.627809   0.037113   0.324423   0.664400   0.710275   0.456954   0.755601   0.415959   0.631461   0.031116   0.310677   0.668868   0.702296   0.445962   0.755934   0.404836   0.631980   0.029019   0.308133   0.669996   0.698260   0.440475   0.756479   0.399298   0.628052   0.029143   0.308212   0.669802   0.696882   0.438630   0.756915   0.397440   0.623927   0.028676   0.308301   0.669619   0.695611   0.436949   0.757000   0.395753   0.620249   0.028598   0.308386   0.669466   0.694377   0.435332   0.757097   0.394131   0.616836   0.028948   0.308462   0.669326   0.693221   0.433828   0.757149   0.392626   0.613475   0.029426   0.308532   0.669145   0.692351   0.432705   0.757190   0.391503   0.610078   0.029688   0.308615   0.668905   0.691840   0.432055   0.757530   0.390855   0.606930   0.029955 366337
 13   0.150757   0.667283   0.518872   0.248165   0.464217   0.212905   0.338446   0.042627   0.304458   0.673639   0.539519   0.265007   0.463479   0.228439   0.341185   0.048523   0.304895   0.672950   0.540695   0.266039   0.464018   0.229403   0.340821   0.045167   0.305126   0.672312   0.541329   0.266611   0.465545   0.229939   0.341023   0.044301   0.305244   0.671825   0.541429   0.266699   0.466421   0.230021   0.340945   0.044423   0.307721   0.669053   0.543467   0.268539   0.466356   0.231749   0.341762   0.044606   0.327092   0.657396   0.551916   0.276482   0.465723   0.239257   0.344712   0.043780   0.371917   0.638120   0.562098   0.286280   0.464724   0.248556   0.351919   0.046881   0.426579   0.620232   0.570593   0.294686   0.464365   0.256573   0.362718   0.056644   0.471961   0.608576   0.579025   0.303203   0.464779   0.264727   0.373743   0.067654   0.495436   0.605331   0.585299   0.309683   0.464945   0.270955   0.383864   0.076846   0.490578   0.611053   0.588272   0.312832   0.464825   0.273996   0.392396   0.082892   0.461520   0.623525   0.587504   0.312061   0.464485   0.273259   0.398863   0.084261   0.419184   0.639249   0.582985   0.307362   0.463878   0.268737   0.402862   0.080059   0.373623   0.655504   0.575680   0.299848   0.463263   0.261520   0.404061   0.070741   0.334460   0.669824   0.567136   0.291227   0.463120   0.253269   0.402645   0.058759   0.311274   0.678883   0.559211   0.283401   0.463400   0.245807   0.398534   0.049814   0.304423   0.681265   0.554629   0.278956   0.463861   0.241583   0.392689   0.046718   0.304005   0.680486   0.552829   0.277255   0.464203   0.239973   0.387112   0.046406   0.303663   0.679794   0.551271   0.275811   0.464203   0.238611   0.382146   0.047300   0.303333   0.679242   0.549763   0.274428   0.464240   0.237309   0.377622   0.048778   0.303118   0.678725   0.548263   0.273054   0.464267   0.236016   0.373640   0.049557   0.302950   0.678256   0.546772   0.271695   0.464289   0.234738   0.370042   0.049845   0.302736   0.677854   0.545449   0.270498   0.464569   0.233615   0.366647   0.050367 379160
 14   0.156785   0.666696   0.466265   0.204674   0.365521   0.172669   0.292719   0.046834   0.304919   0.672416   0.479466   0.213984   0.364975   0.181043   0.292726   0.054981   0.305264   0.671574   0.481098   0.215204   0.365472   0.182152   0.292913   0.054166   0.305539   0.670745   0.482634   0.216396   0.366925   0.183241   0.293563   0.054914   0.305716   0.670145   0.483449   0.217037   0.367764   0.183829   0.293999   0.056238   0.308150   0.667644   0.485365   0.218564   0.367695   0.185232   0.294876   0.057295   0.326868   0.656105   0.492626   0.224509   0.367090   0.190718   0.297189   0.057496   0.369650   0.636264   0.502562   0.232808   0.366140   0.198404   0.302630   0.062225   0.422104   0.617415   0.512248   0.241121   0.365803   0.206138   0.310659   0.073473   0.466899   0.604790   0.521931   0.249607   0.366216   0.214063   0.319014   0.084938   0.491558   0.600988   0.529318   0.256222   0.366403   0.220264   0.326749   0.094103   0.489649   0.606422   0.533329   0.259903   0.366313   0.223730   0.333126   0.100037   0.464464   0.618913   0.533521   0.260128   0.365994   0.223951   0.337694   0.101451   0.424609   0.635282   0.529738   0.256716   0.365403   0.220747   0.340154   0.097260   0.378582   0.653127   0.522685   0.250368   0.364808   0.214792   0.340384   0.088073   0.337046   0.669583   0.513719   0.242436   0.364668   0.207371   0.338616   0.076060   0.311513   0.680361   0.504761   0.234681   0.364927   0.200144   0.334890   0.066253   0.303660   0.683382   0.499127   0.229889   0.365369   0.195691   0.330075   0.062496   0.303269   0.682484   0.496654   0.227827   0.365708   0.193782   0.325642   0.062260   0.303030   0.681598   0.494633   0.226170   0.365718   0.192253   0.321759   0.063834   0.302753   0.680852   0.492803   0.224692   0.365752   0.190892   0.318262   0.066063   0.302529   0.680124   0.491100   0.223324   0.365771   0.189633   0.315124   0.066737   0.302340   0.679439   0.489535   0.222073   0.365790   0.188483   0.312286   0.066462   0.302063   0.678887   0.488156   0.220982   0.366057   0.187483   0.309593   0.066720 408131
 15   0.122026   0.669863   0.744661   0.505271   0.939906   0.465027   0.660349   0.022102   0.302780   0.678443   0.754702   0.519902   0.939165   0.479984   0.670052   0.023306   0.303287   0.677066   0.756251   0.522209   0.940087   0.482352   0.673191   0.024590   0.303648   0.675935   0.757268   0.523732   0.942106   0.483917   0.676609   0.025244   0.303855   0.675193   0.757001   0.523328   0.943238   0.483502   0.678765   0.025833   0.312102   0.673090   0.758983   0.526279   0.943287   0.486530   0.678336   0.026029   0.351587   0.664773   0.768980   0.541614   0.942851   0.502356   0.682181   0.024637   0.434335   0.648958   0.789722   0.574767   0.941989   0.536835   0.697194   0.024153   0.541330   0.631347   0.819652   0.625307   0.941087   0.589947   0.713209   0.028669   0.643561   0.617006   0.852436   0.684091   0.940960   0.652426   0.721059   0.035083   0.710267   0.608954   0.880519   0.737368   0.940708   0.709660   0.721044   0.039812   0.712292   0.609768   0.900181   0.776399   0.939966   0.751948   0.715182   0.043512   0.648020   0.618831   0.910331   0.797092   0.938992   0.774484   0.708708   0.046865   0.546641   0.632249   0.911178   0.798768   0.937780   0.776299   0.708350   0.048667   0.441339   0.645300   0.903850   0.783617   0.937133   0.759758   0.722038   0.045878   0.358305   0.657075   0.883797   0.743458   0.937109   0.716176   0.747750   0.040448   0.315779   0.667072   0.857092   0.691864   0.937318   0.660566   0.760678   0.042159   0.305677   0.671714   0.839797   0.659864   0.937885   0.626357   0.758491   0.046580   0.305073   0.672602   0.830622   0.643553   0.938575   0.609053   0.757792   0.046262   0.304777   0.673153   0.822954   0.630175   0.939018   0.594910   0.758591   0.044728   0.304662   0.673421   0.816487   0.619072   0.939061   0.583209   0.759857   0.042515   0.304676   0.673404   0.811219   0.610146   0.939013   0.573824   0.761254   0.040385   0.304746   0.673205   0.807028   0.603128   0.939273   0.566461   0.762284   0.038818   0.304880   0.672924   0.803591   0.597432   0.939847   0.560497   0.763081   0.037374 192379
 16   0.129811   0.666195   0.704827   0.450602   0.837482   0.409729   0.595862   0.038161   0.307151   0.671067   0.733316   0.488709   0.836512   0.448092   0.591346   0.041538   0.307823   0.669748   0.738875   0.496679   0.837168   0.456215   0.583758   0.037649   0.308404   0.668775   0.742500   0.501926   0.839115   0.461573   0.581474   0.035834   0.308795   0.668127   0.744235   0.504454   0.840229   0.464157   0.580462   0.035773   0.309615   0.667421   0.745425   0.506195   0.840243   0.465938   0.579629   0.035369   0.318168   0.664195   0.751898   0.515862   0.839796   0.475865   0.579700   0.031505   0.340395   0.657688   0.762171   0.531374   0.838883   0.491827   0.587854   0.025012   0.370181   0.650600   0.771361   0.545558   0.838446   0.506482   0.603763   0.022733   0.399614   0.644627   0.780755   0.560365   0.838856   0.521841   0.618918   0.025952   0.421280   0.640866   0.788917   0.573462   0.838949   0.535472   0.631785   0.031040   0.427585   0.640240   0.794318   0.582259   0.838649   0.544653   0.643021   0.035826   0.415367   0.642939   0.796090   0.585176   0.838085   0.547703   0.653108   0.038667   0.388004   0.648349   0.793455   0.580874   0.837163   0.543211   0.662741   0.038176   0.353946   0.655140   0.786611   0.569776   0.836436   0.531638   0.673881   0.034168   0.324703   0.662214   0.774408   0.550364   0.836410   0.511467   0.687523   0.029479   0.310761   0.667139   0.761697   0.530511   0.836806   0.490911   0.694474   0.028870   0.308523   0.668618   0.755307   0.520734   0.837410   0.480826   0.692420   0.029936   0.308574   0.668680   0.752714   0.516844   0.837942   0.476829   0.688820   0.029751   0.308669   0.668649   0.750699   0.513852   0.838152   0.473759   0.685135   0.029807   0.308787   0.668586   0.749037   0.511404   0.838287   0.471251   0.681428   0.030325   0.308898   0.668525   0.747627   0.509333   0.838295   0.469132   0.677438   0.031326   0.308982   0.668419   0.746568   0.507781   0.838322   0.467543   0.673509   0.032029   0.309075   0.668256   0.745879   0.506779   0.838685   0.466520   0.669894   0.032304 244884
 17   0.136915   0.668185   0.617295   0.345604   0.686086   0.305979   0.403280   0.049108   0.302202   0.675220   0.647486   0.377907   0.683162   0.337241   0.407751   0.050279   0.302916   0.674196   0.651180   0.382132   0.683717   0.341375   0.404336   0.043414   0.303442   0.673311   0.653965   0.385347   0.685442   0.344527   0.403498   0.039703   0.303892   0.672525   0.655668   0.387315   0.686441   0.346455   0.403214   0.038175   0.305996   0.670079   0.659250   0.391505   0.686434   0.350573   0.403791   0.037005   0.322414   0.660935   0.671836   0.406981   0.685885   0.365916   0.405656   0.033570   0.362425   0.646590   0.688050   0.427559   0.684943   0.386433   0.411695   0.033383   0.414240   0.633533   0.702241   0.446381   0.684549   0.405351   0.420892   0.041437   0.462795   0.624093   0.716947   0.466564   0.684833   0.425766   0.429251   0.052793   0.494752   0.619859   0.729446   0.484246   0.684786   0.443751   0.437398   0.063698   0.497598   0.621977   0.737399   0.495770   0.684446   0.455525   0.446165   0.072074   0.471096   0.629689   0.739401   0.498744   0.683921   0.458576   0.455741   0.076535   0.426405   0.640788   0.735060   0.492499   0.683152   0.452204   0.465627   0.075684   0.375917   0.653169   0.725294   0.478565   0.682467   0.438007   0.475399   0.068944   0.332658   0.664904   0.710278   0.457631   0.682390   0.416769   0.485858   0.057323   0.309209   0.673160   0.693242   0.434542   0.682785   0.393468   0.490885   0.049219   0.303659   0.675827   0.683105   0.421145   0.683358   0.380011   0.488429   0.046793   0.303849   0.675394   0.679717   0.416793   0.683818   0.375663   0.484995   0.044463   0.304091   0.674882   0.677300   0.413716   0.683974   0.372593   0.482041   0.042937   0.304291   0.674414   0.675270   0.411154   0.684148   0.370041   0.479404   0.042370   0.304457   0.674005   0.673372   0.408780   0.684228   0.367681   0.476833   0.042038   0.304532   0.673677   0.671558   0.406538   0.684269   0.365456   0.474216   0.041661   0.304527   0.673431   0.669884   0.404489   0.684607   0.363427   0.471633   0.041194 196483
 18   0.162101   0.667105   0.412140   0.165767   0.264480   0.137530   0.244647   0.054325   0.302917   0.672901   0.413171   0.165979   0.264008   0.137647   0.240911   0.067794   0.303526   0.671765   0.415093   0.167209   0.264524   0.138735   0.242421   0.069593   0.303854   0.671062   0.415789   0.167673   0.265920   0.139149   0.243580   0.071359   0.304017   0.670590   0.415913   0.167765   0.266726   0.139232   0.244176   0.073072   0.307544   0.666959   0.418044   0.169194   0.266674   0.140507   0.245016   0.074808   0.330759   0.651356   0.425883   0.174596   0.266110   0.145349   0.247203   0.077270   0.380668   0.626093   0.436510   0.182102   0.265218   0.152106   0.251573   0.086034   0.439538   0.603378   0.446830   0.189603   0.264925   0.158891   0.257687   0.099325   0.490273   0.588270   0.456968   0.197151   0.265372   0.165746   0.264130   0.108959   0.520102   0.583513   0.464882   0.203166   0.265603   0.171228   0.270263   0.115644   0.520698   0.590244   0.469180   0.206497   0.265551   0.174275   0.275661   0.119768   0.493977   0.606025   0.469486   0.206749   0.265273   0.174508   0.279675   0.119829   0.448757   0.626957   0.465867   0.203938   0.264708   0.171937   0.281695   0.114568   0.395016   0.650053   0.459030   0.198679   0.264129   0.167133   0.281581   0.105608   0.344669   0.671911   0.449727   0.191675   0.263976   0.160760   0.279643   0.095409   0.311937   0.686770   0.439708   0.184322   0.264186   0.154098   0.276138   0.086103   0.301000   0.691147   0.432906   0.179449   0.264577   0.149701   0.271889   0.081698   0.300307   0.689783   0.429610   0.177149   0.264881   0.147635   0.268093   0.081087   0.300039   0.688316   0.427013   0.175356   0.264882   0.146028   0.265009   0.083432   0.299842   0.687022   0.424553   0.173678   0.264908   0.144525   0.262363   0.086453   0.299589   0.685863   0.422262   0.172132   0.264914   0.143144   0.259816   0.086532   0.299244   0.684873   0.420254   0.170791   0.264923   0.141949   0.257297   0.085628   0.298765   0.684138   0.418422   0.169588   0.265171   0.140879   0.254845   0.086007 360274
 19   0.162651   0.673515   0.369152   0.139087   0.200856   0.114018   0.205807   0.093422   0.291380   0.685138   0.356535   0.131171   0.200385   0.107029   0.198041   0.132214   0.292161   0.682949   0.358707   0.132379   0.200907   0.108074   0.199439   0.140535   0.292587   0.681516   0.359527   0.132847   0.202203   0.108481   0.200723   0.146557   0.292826   0.680488   0.359555   0.132865   0.202929   0.108496   0.201508   0.152313   0.302274   0.671768   0.364056   0.135455   0.202884   0.110750   0.203172   0.157429   0.346353   0.643878   0.376226   0.142789   0.202339   0.117180   0.205990   0.167185   0.428670   0.604464   0.390685   0.151925   0.201492   0.125255   0.209007   0.185542   0.519786   0.570037   0.404224   0.160796   0.201265   0.133143   0.212717   0.201434   0.596022   0.547057   0.416583   0.169141   0.201740   0.140601   0.216799   0.206438   0.641883   0.539319   0.426259   0.175851   0.201996   0.146625   0.220692   0.207151   0.645588   0.548861   0.431898   0.179846   0.201977   0.150226   0.224425   0.207095   0.607423   0.573234   0.432690   0.180426   0.201726   0.150752   0.227654   0.205028   0.539413   0.606435   0.428507   0.177451   0.201202   0.148070   0.229575   0.198108   0.455713   0.643838   0.420087   0.171536   0.200643   0.142748   0.229597   0.189208   0.373066   0.680226   0.407804   0.163143   0.200452   0.135231   0.227987   0.181146   0.311171   0.707878   0.392549   0.153091   0.200593   0.126283   0.225133   0.170825   0.285804   0.717848   0.380626   0.145504   0.200920   0.119569   0.221267   0.164219   0.283799   0.715102   0.374508   0.141766   0.201171   0.116284   0.217346   0.163452   0.283565   0.711545   0.370170   0.139168   0.201145   0.114008   0.214211   0.166500   0.283717   0.708185   0.366467   0.136979   0.201159   0.112095   0.211742   0.170062   0.283690   0.705379   0.363123   0.135031   0.201156   0.110396   0.209367   0.169234   0.283274   0.703286   0.360178   0.133332   0.201156   0.108917   0.206918   0.166952   0.282914   0.701429   0.357829   0.131983   0.201380   0.107744   0.204706   0.166745 220524
 20   0.124960   0.671127   0.714070   0.462909   0.917506   0.422112   0.524445   0.031416   0.301853   0.680774   0.729923   0.484513   0.916605   0.443936   0.529890   0.031806   0.302484   0.679292   0.732241   0.487804   0.917339   0.447285   0.526947   0.031336   0.302689   0.678349   0.733111   0.489023   0.919093   0.448523   0.526569   0.030130   0.302764   0.677645   0.733055   0.488958   0.920110   0.448459   0.526982   0.029669   0.307072   0.675552   0.735812   0.492906   0.920093   0.452484   0.527570   0.028655   0.334743   0.667791   0.747732   0.510491   0.919510   0.470508   0.532883   0.023931   0.398408   0.653035   0.768662   0.542399   0.918572   0.503414   0.548403   0.020012   0.483718   0.636133   0.796200   0.586556   0.917931   0.549384   0.567466   0.023451   0.573570   0.621322   0.827481   0.639703   0.917988   0.605316   0.580079   0.031670   0.647439   0.611216   0.855553   0.690155   0.917748   0.658971   0.586660   0.040929   0.672579   0.609051   0.875953   0.728562   0.917034   0.700175   0.591041   0.049203   0.635059   0.615556   0.886972   0.749940   0.916037   0.723238   0.595553   0.055489   0.552975   0.627928   0.888436   0.752773   0.914817   0.726294   0.602567   0.058602   0.453611   0.642285   0.881226   0.738563   0.913998   0.710918   0.616117   0.056512   0.365481   0.656174   0.861570   0.700996   0.913907   0.670505   0.639663   0.047668   0.315672   0.668944   0.830891   0.644892   0.914266   0.610650   0.652673   0.044237   0.303161   0.675185   0.809666   0.607572   0.914973   0.571133   0.649139   0.046365   0.303326   0.675316   0.801829   0.594444   0.915712   0.557359   0.645598   0.044623   0.303725   0.675116   0.796030   0.584866   0.916182   0.547338   0.643851   0.042503   0.304240   0.674700   0.791508   0.577466   0.916413   0.539608   0.643271   0.040618   0.304614   0.674310   0.787564   0.571073   0.916476   0.532942   0.642966   0.039440   0.304776   0.674052   0.783889   0.565188   0.916678   0.526820   0.642699   0.038971   0.304808   0.673885   0.780502   0.559833   0.917187   0.521262   0.642443   0.038517 194036
 21   0.129841   0.667780   0.673160   0.410843   0.788443   0.370135   0.441541   0.048174   0.302496   0.674356   0.701690   0.446078   0.786905   0.405119   0.446553   0.048777   0.303286   0.673385   0.705866   0.451686   0.787524   0.410769   0.444131   0.042295   0.303829   0.672705   0.708326   0.454923   0.789355   0.414017   0.444470   0.038849   0.304263   0.672007   0.710011   0.457138   0.790417   0.416239   0.444628   0.037616   0.306206   0.669972   0.713923   0.462327   0.790439   0.421457   0.444827   0.036102   0.320943   0.662779   0.727202   0.480849   0.789932   0.440248   0.446682   0.030548   0.356890   0.651405   0.745113   0.506618   0.789023   0.466540   0.454218   0.025576   0.404097   0.640642   0.761026   0.530458   0.788584   0.491045   0.465425   0.027921   0.449671   0.632150   0.777059   0.555372   0.788791   0.516828   0.475317   0.035043   0.481823   0.627261   0.791153   0.578026   0.788649   0.540420   0.484406   0.043532   0.488318   0.627336   0.801023   0.594370   0.788173   0.557537   0.493905   0.051413   0.465838   0.632415   0.805023   0.601133   0.787481   0.564648   0.504492   0.057123   0.423055   0.641042   0.802238   0.596473   0.786548   0.559758   0.516063   0.059078   0.373217   0.651322   0.792847   0.580899   0.785856   0.543442   0.529570   0.056182   0.330895   0.661786   0.775082   0.552336   0.785874   0.513693   0.545795   0.047032   0.309304   0.669659   0.754257   0.519901   0.786348   0.480114   0.554677   0.040197   0.304995   0.672434   0.742537   0.502192   0.787015   0.461885   0.553572   0.038595   0.305290   0.672344   0.738603   0.496442   0.787580   0.456003   0.550984   0.036727   0.305571   0.672109   0.735791   0.492371   0.787832   0.451846   0.548473   0.035661   0.305821   0.671839   0.733475   0.489051   0.788022   0.448462   0.546228   0.035553   0.306026   0.671587   0.731373   0.486076   0.788063   0.445437   0.544068   0.035846   0.306151   0.671358   0.729574   0.483553   0.788102   0.442876   0.542037   0.035708   0.306209   0.671147   0.728119   0.481534   0.788465   0.440830   0.540023   0.035451 180790
 22   0.139834   0.679985   0.549734   0.277442   0.546730   0.240650   0.316060   0.075179   0.288358   0.698354   0.581404   0.306913   0.544929   0.268494   0.315070   0.079744   0.288048   0.696154   0.584664   0.310212   0.545183   0.271656   0.308208   0.080424   0.288327   0.694090   0.586092   0.311733   0.546581   0.273126   0.305025   0.082228   0.288584   0.692524   0.585887   0.311589   0.547361   0.272999   0.303002   0.084400   0.298301   0.681768   0.594380   0.320123   0.547208   0.281167   0.304818   0.085851   0.349833   0.648538   0.619242   0.346729   0.546434   0.306923   0.310413   0.093274   0.451523   0.604257   0.647356   0.378989   0.545274   0.338538   0.315616   0.119092   0.566636   0.568903   0.671365   0.408578   0.544755   0.367911   0.319588   0.151892   0.663197   0.548595   0.692431   0.435786   0.544908   0.395152   0.323877   0.175464   0.722471   0.544454   0.707506   0.456044   0.544795   0.415580   0.330446   0.191384   0.727123   0.556888   0.715198   0.466751   0.544494   0.426447   0.339604   0.201379   0.676074   0.582777   0.714244   0.465670   0.544103   0.425395   0.350860   0.204917   0.586625   0.616149   0.704559   0.452679   0.543603   0.412297   0.362903   0.200532   0.479814   0.652172   0.687846   0.430570   0.543114   0.390061   0.373404   0.187474   0.380488   0.684508   0.667009   0.403781   0.543099   0.363256   0.380046   0.162634   0.310912   0.708446   0.642481   0.373709   0.543576   0.333423   0.380574   0.127050   0.284818   0.716535   0.624157   0.352152   0.544184   0.312198   0.374629   0.104251   0.283958   0.713044   0.616628   0.343750   0.544559   0.304004   0.366726   0.099375   0.283831   0.709562   0.611796   0.338490   0.544562   0.298898   0.359649   0.098361   0.283528   0.706751   0.607839   0.334261   0.544641   0.294807   0.353003   0.099347   0.283344   0.704461   0.603979   0.330196   0.544715   0.290883   0.347107   0.099837   0.283381   0.702532   0.600043   0.326083   0.544761   0.286920   0.341875   0.099974   0.283503   0.700792   0.596513   0.322432   0.545071   0.283407   0.337044   0.100161 94347
 23   0.150814   0.677631   0.455548   0.197765   0.369706   0.166553   0.252843   0.079162   0.286634   0.694517   0.469282   0.207469   0.369551   0.175293   0.246069   0.095155   0.285784   0.693427   0.471098   0.208872   0.369973   0.176577   0.242012   0.097405   0.285831   0.691694   0.472595   0.210033   0.371287   0.177640   0.239583   0.100968   0.285556   0.690277   0.473065   0.210431   0.371986   0.178010   0.237634   0.106610   0.297673   0.677884   0.482517   0.217640   0.371850   0.184589   0.239859   0.111182   0.355514   0.641714   0.506681   0.237234   0.371176   0.202660   0.245708   0.118421   0.463337   0.595135   0.532669   0.259921   0.370171   0.223846   0.250324   0.141852   0.582275   0.557432   0.554508   0.280301   0.369793   0.243099   0.254377   0.170676   0.680690   0.533555   0.572997   0.298337   0.370095   0.260272   0.259381   0.185779   0.740512   0.525814   0.586366   0.311888   0.370158   0.273261   0.265650   0.192371   0.745911   0.536858   0.593611   0.319507   0.369976   0.280613   0.272942   0.196195   0.695889   0.564380   0.593683   0.319748   0.369617   0.280874   0.280581   0.197392   0.606778   0.601346   0.586300   0.312221   0.369088   0.273650   0.287441   0.193611   0.497723   0.641973   0.572716   0.298463   0.368563   0.260463   0.292020   0.184003   0.390949   0.680346   0.554346   0.280411   0.368456   0.243250   0.293594   0.165126   0.310113   0.711571   0.529710   0.257559   0.368765   0.221679   0.291056   0.137502   0.276919   0.724438   0.509723   0.239901   0.369247   0.205152   0.283390   0.122700   0.275070   0.721624   0.500947   0.232556   0.369579   0.198341   0.275015   0.122443   0.275127   0.717587   0.495495   0.228070   0.369578   0.194195   0.268936   0.124416   0.275376   0.713841   0.491102   0.224524   0.369634   0.190927   0.264080   0.127503   0.275740   0.710626   0.486936   0.221214   0.369684   0.187885   0.260058   0.128419   0.276030   0.707919   0.483100   0.218195   0.369712   0.185115   0.256344   0.128338   0.276213   0.705424   0.480066   0.215829   0.369968   0.182948   0.252774   0.128921 200933
 24   0.153222   0.672881   0.420014   0.172599   0.260427   0.143865   0.227372   0.202696   0.278244   0.683493   0.408999   0.165143   0.261887   0.137193   0.218490   0.335408   0.278140   0.680511   0.411374   0.166740   0.262323   0.138621   0.219538   0.356613   0.277974   0.678407   0.412714   0.167671   0.263602   0.139459   0.220632   0.369646   0.277479   0.677003   0.412957   0.167873   0.264266   0.139645   0.221492   0.383975   0.291801   0.670822   0.415202   0.169394   0.264140   0.141006   0.222150   0.394961   0.354641   0.648521   0.424574   0.175849   0.263494   0.146800   0.224502   0.391105   0.465170   0.613454   0.439804   0.186736   0.262587   0.156635   0.227776   0.389671   0.581725   0.580929   0.455987   0.198812   0.262397   0.167626   0.230694   0.397063   0.675142   0.557797   0.470621   0.210130   0.262919   0.177992   0.233755   0.392208   0.732162   0.547107   0.481738   0.218993   0.263222   0.186151   0.236537   0.382244   0.741482   0.551917   0.488003   0.224100   0.263253   0.190870   0.239102   0.373854   0.701689   0.571726   0.488645   0.224630   0.263022   0.191362   0.241305   0.367414   0.623038   0.602321   0.483533   0.220438   0.262529   0.187485   0.242494   0.360508   0.517716   0.640265   0.472955   0.211939   0.261959   0.179650   0.242009   0.356564   0.404663   0.680385   0.457111   0.199643   0.261692   0.168382   0.239816   0.361610   0.309488   0.714001   0.437867   0.185302   0.261772   0.155332   0.235943   0.375546   0.266743   0.725974   0.424661   0.175808   0.262072   0.146747   0.231457   0.391411   0.263854   0.720591   0.419735   0.172450   0.262296   0.143738   0.227813   0.401704   0.263761   0.714514   0.416431   0.170245   0.262223   0.141769   0.225117   0.411994   0.263830   0.709162   0.413684   0.168432   0.262226   0.140153   0.223184   0.420650   0.263904   0.704618   0.411350   0.166899   0.262256   0.138789   0.221504   0.422002   0.263748   0.700829   0.409372   0.165608   0.262292   0.137640   0.219722   0.420509   0.263383   0.697525   0.407908   0.164662   0.262546   0.136801   0.217932   0.420633 114570
