timestamp=                2022-01-12T16:58:00.741122
shape=                    (5, 5)
sigma=                    2.5
nepochs=                  5
rate=                     0.00724
neighborhood function=    gaussian
init weights=             pca
topology=                 hexagonal
activation distance=      euclidean
output type=              labels
mapfile_prefix=           2021_5x5_5_00724_08
apply classification=     False
apply activation=         False
seed=                     None
random order=             True
custom init file=         None
decay_function=           3

quantization error=       0.33947991
topographic error=        0.09919858

############ NEURONS #############
 25 192
  0   0.135611   0.685998   0.587009   0.328102   0.616679   0.290341   0.450508   0.036843   0.303554   0.692478   0.603230   0.344252   0.615031   0.305839   0.453276   0.040145   0.303927   0.691931   0.604056   0.345106   0.615899   0.306664   0.451556   0.037959   0.304235   0.691347   0.604451   0.345512   0.618268   0.307056   0.451673   0.037485   0.304416   0.690934   0.603946   0.344964   0.619665   0.306522   0.451328   0.037437   0.306250   0.689246   0.604701   0.345759   0.619665   0.307292   0.450797   0.037506   0.323175   0.682087   0.610590   0.352180   0.618903   0.313552   0.452897   0.035977   0.362994   0.670164   0.618168   0.360560   0.617574   0.321744   0.461056   0.036537   0.412560   0.658866   0.624984   0.368241   0.617038   0.329277   0.473680   0.043102   0.455305   0.651292   0.631975   0.376221   0.617421   0.337123   0.486452   0.052176   0.479230   0.648745   0.637223   0.382286   0.617575   0.343098   0.497626   0.060575   0.477786   0.651456   0.639891   0.385393   0.617534   0.346165   0.505912   0.066367   0.452359   0.658503   0.639135   0.384503   0.617116   0.345285   0.510573   0.067546   0.413345   0.667634   0.635241   0.379956   0.616248   0.340796   0.511438   0.063050   0.370634   0.677297   0.629542   0.373367   0.615520   0.334304   0.509083   0.054828   0.332855   0.686414   0.622836   0.365723   0.615506   0.326792   0.504819   0.046277   0.310762   0.692715   0.615943   0.357973   0.615942   0.319194   0.498905   0.041591   0.304622   0.694676   0.612018   0.353610   0.616596   0.314925   0.492007   0.040911   0.304336   0.694356   0.610815   0.352303   0.617023   0.313652   0.485859   0.040886   0.304195   0.693982   0.609618   0.351009   0.616960   0.312392   0.480826   0.041254   0.304103   0.693619   0.608449   0.349752   0.616883   0.311169   0.476448   0.041890   0.304014   0.693337   0.607192   0.348408   0.616702   0.309863   0.472154   0.042204   0.303895   0.693091   0.606006   0.347145   0.616614   0.308637   0.468013   0.042093   0.303790   0.692814   0.605084   0.346174   0.617010   0.307696   0.464339   0.042072 
  1   0.140197   0.687097   0.541817   0.283706   0.526914   0.247825   0.387943   0.037250   0.301870   0.694609   0.556232   0.296504   0.525043   0.259859   0.388334   0.039301   0.302203   0.694105   0.556390   0.296632   0.525868   0.259977   0.387326   0.037971   0.302304   0.693684   0.555963   0.296225   0.528112   0.259590   0.387167   0.038070   0.302366   0.693345   0.555040   0.295345   0.529421   0.258752   0.386478   0.038543   0.305412   0.690396   0.556934   0.297147   0.529387   0.260467   0.386510   0.038827   0.328678   0.679316   0.564945   0.305005   0.528601   0.267987   0.389989   0.037851   0.380280   0.662298   0.573820   0.313922   0.527264   0.276557   0.398979   0.041066   0.441621   0.647047   0.581456   0.321776   0.526724   0.284136   0.411839   0.051426   0.491241   0.637713   0.588835   0.329459   0.527086   0.291568   0.424860   0.063412   0.514512   0.636165   0.593769   0.334651   0.527239   0.296600   0.436299   0.073829   0.506562   0.641950   0.595538   0.336515   0.527224   0.298406   0.444920   0.080194   0.472755   0.652719   0.593801   0.334641   0.526852   0.296583   0.449682   0.080691   0.426410   0.665311   0.589160   0.329706   0.526059   0.291792   0.450213   0.074678   0.378301   0.677826   0.582817   0.323053   0.525384   0.285348   0.447321   0.064073   0.336423   0.689179   0.575696   0.315711   0.525376   0.278260   0.442159   0.052507   0.311130   0.696913   0.568809   0.308737   0.525802   0.271548   0.435254   0.044751   0.303241   0.699344   0.564824   0.304760   0.526436   0.267731   0.427793   0.042196   0.302518   0.698944   0.563342   0.303323   0.526833   0.266359   0.421212   0.041677   0.302038   0.698534   0.561792   0.301830   0.526741   0.264935   0.415594   0.042020   0.301589   0.698215   0.560173   0.300282   0.526653   0.263460   0.410508   0.042801   0.301251   0.697894   0.558500   0.298687   0.526483   0.261941   0.405752   0.043219   0.300989   0.697565   0.556935   0.297200   0.526399   0.260527   0.401321   0.043282   0.300648   0.697373   0.555453   0.295808   0.526768   0.259204   0.397097   0.043521 
  2   0.151640   0.687273   0.445291   0.202489   0.341883   0.172092   0.289593   0.040921   0.301280   0.694859   0.444962   0.201672   0.341075   0.171256   0.285039   0.047650   0.301459   0.694161   0.445338   0.201927   0.341785   0.171485   0.285777   0.048812   0.301441   0.693614   0.445753   0.202242   0.343788   0.171773   0.286027   0.051114   0.301482   0.693174   0.445435   0.202012   0.344975   0.171564   0.285727   0.053762   0.305430   0.689427   0.447542   0.203589   0.344930   0.173005   0.286139   0.055802   0.331202   0.674891   0.455166   0.209451   0.344201   0.178383   0.289092   0.057656   0.386349   0.652098   0.464916   0.217148   0.342976   0.185477   0.295246   0.065160   0.450115   0.631987   0.475048   0.225339   0.342472   0.193058   0.303501   0.078400   0.499578   0.620626   0.484684   0.233241   0.342821   0.200389   0.312341   0.090492   0.522094   0.619793   0.491576   0.238986   0.342996   0.205735   0.320480   0.100653   0.514801   0.628349   0.495074   0.241959   0.343010   0.208510   0.326539   0.108152   0.483345   0.642790   0.494585   0.241554   0.342680   0.208134   0.329719   0.110419   0.438766   0.659148   0.490399   0.237999   0.341965   0.204817   0.329782   0.105520   0.389060   0.675786   0.483664   0.232335   0.341368   0.199538   0.327262   0.095041   0.342356   0.691474   0.475222   0.225363   0.341383   0.193062   0.322955   0.082238   0.311472   0.702741   0.466134   0.218021   0.341790   0.186267   0.317145   0.071026   0.300744   0.706516   0.459835   0.213033   0.342387   0.181668   0.311065   0.065478   0.299562   0.705917   0.456685   0.210598   0.342769   0.179432   0.305960   0.064281   0.298911   0.705131   0.454116   0.208636   0.342685   0.177633   0.301636   0.065736   0.298421   0.704343   0.451716   0.206820   0.342580   0.175972   0.297875   0.067759   0.298080   0.703557   0.449362   0.205048   0.342396   0.174352   0.294531   0.067827   0.297775   0.702814   0.447181   0.203421   0.342302   0.172867   0.291477   0.067191   0.297417   0.702191   0.445248   0.201998   0.342618   0.171571   0.288672   0.067519 
  3   0.157806   0.695823   0.348213   0.138219   0.190329   0.114544   0.206599   0.080811   0.287335   0.711119   0.322752   0.122827   0.189493   0.100973   0.194522   0.110305   0.287273   0.709464   0.323611   0.123295   0.190138   0.101378   0.195140   0.120930   0.286309   0.708679   0.323582   0.123287   0.191906   0.101372   0.195241   0.133168   0.285869   0.707736   0.322909   0.122913   0.192906   0.101047   0.195249   0.144280   0.298684   0.695882   0.328348   0.125934   0.192829   0.103673   0.196975   0.153746   0.353993   0.660873   0.342302   0.134021   0.192143   0.110751   0.200062   0.168303   0.452968   0.613870   0.357983   0.143557   0.191016   0.119163   0.203154   0.189536   0.561042   0.572981   0.373116   0.153088   0.190655   0.127621   0.206968   0.204208   0.651647   0.545238   0.387076   0.162154   0.191105   0.135709   0.210972   0.206368   0.707732   0.536024   0.398134   0.169554   0.191356   0.142344   0.214977   0.207031   0.713930   0.548523   0.404762   0.174104   0.191438   0.146441   0.219160   0.210344   0.667776   0.579174   0.405745   0.174802   0.191174   0.147073   0.222834   0.211523   0.584516   0.619217   0.401132   0.171630   0.190522   0.144216   0.224880   0.204615   0.483486   0.663075   0.392215   0.165576   0.189928   0.138776   0.224799   0.195036   0.385007   0.705539   0.379097   0.156904   0.189837   0.131017   0.222897   0.189858   0.311476   0.737244   0.362587   0.146352   0.190095   0.121628   0.219329   0.181585   0.281106   0.747973   0.349635   0.138343   0.190554   0.114543   0.214662   0.173150   0.278249   0.744341   0.342585   0.134145   0.190836   0.110853   0.210105   0.170967   0.277626   0.740001   0.337225   0.131019   0.190711   0.108113   0.206420   0.175651   0.277861   0.735703   0.332620   0.128369   0.190602   0.105798   0.203698   0.180800   0.278283   0.731829   0.328526   0.126046   0.190439   0.103772   0.201274   0.178231   0.278108   0.728923   0.324861   0.123997   0.190334   0.101989   0.198703   0.174035   0.277659   0.726545   0.321909   0.122359   0.190598   0.100566   0.196392   0.174164 
  4   0.150145   0.691730   0.410314   0.178709   0.275662   0.150713   0.242253   0.157114   0.280874   0.702567   0.391661   0.165989   0.277290   0.139268   0.229508   0.248313   0.280283   0.699872   0.393803   0.167463   0.277832   0.140597   0.229012   0.275580   0.278782   0.697854   0.395445   0.168606   0.279536   0.141629   0.228989   0.301362   0.277766   0.696277   0.395886   0.168932   0.280408   0.141927   0.229089   0.323582   0.291643   0.689886   0.398642   0.170759   0.280225   0.143564   0.229574   0.339975   0.352805   0.667661   0.409109   0.177934   0.279467   0.150028   0.232223   0.342204   0.460648   0.633393   0.425069   0.189313   0.278265   0.160350   0.236114   0.344427   0.575453   0.601415   0.441837   0.201755   0.277929   0.171714   0.239952   0.351198   0.668899   0.578095   0.456991   0.213378   0.278424   0.182390   0.243931   0.345766   0.726605   0.567355   0.468271   0.222298   0.278703   0.190627   0.247785   0.337389   0.737372   0.572402   0.474489   0.227327   0.278803   0.195288   0.251411   0.333446   0.700931   0.591661   0.475088   0.227830   0.278572   0.195758   0.254153   0.331726   0.625756   0.620588   0.470077   0.223768   0.277960   0.191991   0.255428   0.325847   0.522716   0.656686   0.460013   0.215741   0.277321   0.184568   0.254648   0.322249   0.411062   0.695489   0.444974   0.204107   0.277106   0.173866   0.251716   0.330888   0.315140   0.729141   0.425843   0.189803   0.277266   0.160784   0.247045   0.345364   0.270135   0.742350   0.412060   0.179819   0.277690   0.151704   0.241984   0.359351   0.265963   0.737938   0.406600   0.176063   0.277943   0.148319   0.237943   0.370185   0.265408   0.732301   0.402914   0.173581   0.277779   0.146090   0.234931   0.381920   0.265188   0.727251   0.399779   0.171495   0.277701   0.144220   0.232670   0.392020   0.265311   0.722870   0.396976   0.169645   0.277620   0.142563   0.230545   0.391857   0.265122   0.719291   0.394516   0.168032   0.277575   0.141121   0.228224   0.386983   0.264654   0.716087   0.392740   0.166876   0.277889   0.140089   0.226205   0.385419 
  5   0.126847   0.687409   0.664078   0.414685   0.937585   0.375275   0.570525   0.033805   0.303653   0.695326   0.670330   0.422051   0.936221   0.382558   0.568914   0.030869   0.303824   0.694793   0.670438   0.422027   0.936944   0.382506   0.565233   0.030882   0.303940   0.694256   0.670621   0.422137   0.939313   0.382595   0.562253   0.030982   0.304021   0.694013   0.669467   0.420627   0.940667   0.381074   0.557870   0.031420   0.304671   0.693915   0.667422   0.418029   0.940693   0.378470   0.551481   0.032554   0.314954   0.691904   0.667544   0.418107   0.940138   0.378534   0.544125   0.035857   0.340850   0.686719   0.671692   0.423209   0.939152   0.383617   0.539194   0.040551   0.374076   0.680328   0.679813   0.433450   0.938742   0.393866   0.538185   0.045379   0.405902   0.674599   0.691321   0.448375   0.939572   0.408879   0.538473   0.050779   0.425685   0.671116   0.702507   0.463292   0.940173   0.423961   0.537956   0.054633   0.427877   0.670512   0.710694   0.474546   0.940172   0.435403   0.536804   0.056123   0.413496   0.672479   0.715221   0.480958   0.939775   0.441958   0.535824   0.054824   0.386954   0.676409   0.715683   0.481779   0.938732   0.442828   0.535460   0.050513   0.355007   0.681003   0.713085   0.478365   0.938046   0.439383   0.538178   0.041979   0.323804   0.686054   0.705413   0.467946   0.938084   0.428810   0.545025   0.031334   0.306678   0.690744   0.693704   0.452124   0.938373   0.412770   0.548587   0.028779   0.303685   0.692775   0.685802   0.441638   0.939025   0.402175   0.547234   0.031465   0.303582   0.692861   0.682096   0.436852   0.939753   0.397364   0.546139   0.031444   0.303429   0.692944   0.678667   0.432451   0.940047   0.392945   0.545489   0.030806   0.303273   0.693044   0.675406   0.428301   0.939926   0.388784   0.544571   0.031075   0.303177   0.693057   0.672557   0.424693   0.939741   0.385171   0.543301   0.032001   0.303136   0.692959   0.670215   0.421737   0.939865   0.382211   0.542386   0.032270   0.303093   0.692839   0.668288   0.419336   0.940423   0.379813   0.541695   0.031803 
  6   0.131207   0.685702   0.621562   0.365030   0.698404   0.326235   0.505823   0.033954   0.304080   0.691853   0.640339   0.385584   0.696479   0.346294   0.512710   0.037151   0.304505   0.691189   0.642058   0.387548   0.697372   0.348225   0.510256   0.035142   0.304863   0.690482   0.643478   0.389184   0.699834   0.349837   0.509924   0.034076   0.305076   0.690025   0.643737   0.389479   0.701281   0.350126   0.509072   0.033717   0.306498   0.688770   0.644484   0.390336   0.701293   0.350970   0.508008   0.033279   0.320877   0.683184   0.650131   0.397062   0.700536   0.357631   0.508996   0.030860   0.356055   0.673508   0.658008   0.406538   0.699193   0.367035   0.516432   0.029937   0.401788   0.663974   0.665371   0.415540   0.698659   0.375995   0.529099   0.035115   0.444218   0.656999   0.673220   0.425300   0.699059   0.385738   0.541586   0.043571   0.471074   0.653799   0.679701   0.433495   0.699195   0.393944   0.552201   0.051328   0.473179   0.655019   0.683751   0.438682   0.699111   0.399152   0.560225   0.056594   0.450962   0.660160   0.684216   0.439296   0.698640   0.399771   0.565272   0.057954   0.413702   0.667561   0.681121   0.435341   0.697694   0.395803   0.567095   0.054156   0.370891   0.675938   0.675619   0.428348   0.696903   0.388793   0.566284   0.046432   0.332533   0.684086   0.668414   0.419284   0.696874   0.379726   0.564539   0.037834   0.310586   0.689986   0.660181   0.409062   0.697319   0.369524   0.560720   0.033968   0.305034   0.692024   0.655176   0.402922   0.698000   0.363409   0.554332   0.034454   0.304889   0.691893   0.653629   0.401070   0.698457   0.361572   0.548058   0.034771   0.304863   0.691671   0.652218   0.399389   0.698418   0.359908   0.542891   0.034932   0.304887   0.691430   0.650880   0.397801   0.698364   0.358336   0.538454   0.035196   0.304873   0.691267   0.649419   0.396076   0.698188   0.356631   0.534155   0.035451   0.304839   0.691095   0.648121   0.394557   0.698097   0.355130   0.530066   0.035482   0.304784   0.690882   0.647188   0.393475   0.698513   0.354064   0.526477   0.035376 
  7   0.146301   0.686841   0.495593   0.242493   0.430814   0.209019   0.337784   0.037623   0.302271   0.694117   0.502555   0.247750   0.429819   0.213823   0.335941   0.041744   0.302503   0.693632   0.502329   0.247534   0.430593   0.213618   0.335987   0.041956   0.302525   0.693244   0.502037   0.247283   0.432723   0.213382   0.335953   0.043104   0.302548   0.692969   0.501174   0.246551   0.433978   0.212699   0.335434   0.044379   0.305759   0.689884   0.502890   0.247997   0.433942   0.214047   0.335712   0.045174   0.328768   0.677623   0.510141   0.254288   0.433186   0.219940   0.338784   0.045280   0.379351   0.658171   0.518737   0.261921   0.431909   0.227119   0.346026   0.049899   0.438274   0.640794   0.527042   0.269447   0.431389   0.234223   0.356396   0.061092   0.483536   0.630790   0.535108   0.276859   0.431743   0.241235   0.367157   0.073289   0.502978   0.629823   0.540891   0.282254   0.431896   0.246354   0.376595   0.083777   0.493930   0.637103   0.543573   0.284796   0.431889   0.248772   0.383484   0.090921   0.463326   0.649411   0.542621   0.283899   0.431543   0.247921   0.387094   0.092817   0.422315   0.663275   0.538543   0.280048   0.430792   0.244259   0.387056   0.088076   0.377774   0.677307   0.532421   0.274323   0.430150   0.238826   0.384007   0.078128   0.337132   0.690250   0.525138   0.267621   0.430156   0.232483   0.379062   0.066305   0.311345   0.699112   0.517881   0.261059   0.430582   0.226291   0.372701   0.056899   0.302832   0.701883   0.513328   0.257006   0.431203   0.222478   0.366065   0.052788   0.301921   0.701381   0.511214   0.255169   0.431591   0.220756   0.360427   0.051756   0.301337   0.700841   0.509242   0.253474   0.431500   0.219171   0.355612   0.052174   0.300807   0.700389   0.507294   0.251814   0.431409   0.217621   0.351260   0.053144   0.300412   0.699935   0.505302   0.250119   0.431236   0.216040   0.347296   0.053351   0.300124   0.699486   0.503404   0.248512   0.431143   0.214540   0.343662   0.053048   0.299799   0.699131   0.501716   0.247095   0.431481   0.213220   0.340306   0.053126 
  8   0.157192   0.688415   0.388259   0.162646   0.241203   0.136112   0.241022   0.046146   0.299182   0.696842   0.374380   0.153196   0.240289   0.127617   0.232151   0.057077   0.299603   0.695824   0.375140   0.153656   0.240963   0.128022   0.233446   0.060504   0.299662   0.695203   0.375325   0.153779   0.242869   0.128132   0.234159   0.064479   0.299727   0.694720   0.374774   0.153438   0.243986   0.127830   0.234305   0.068614   0.305169   0.689385   0.376889   0.154764   0.243939   0.129005   0.234970   0.072567   0.335793   0.669444   0.384877   0.159930   0.243256   0.133609   0.237388   0.078120   0.397265   0.639426   0.395537   0.167014   0.242106   0.139950   0.241956   0.089432   0.466451   0.613785   0.406520   0.174489   0.241660   0.146668   0.248338   0.103324   0.522583   0.598936   0.416929   0.181724   0.242046   0.153194   0.255355   0.113451   0.551971   0.597671   0.424727   0.187248   0.242252   0.158193   0.262115   0.122032   0.547070   0.609484   0.428636   0.190063   0.242309   0.160747   0.267524   0.128926   0.513089   0.629199   0.428224   0.189765   0.242028   0.160477   0.270457   0.130470   0.462640   0.651405   0.424153   0.186819   0.241351   0.157801   0.270577   0.124676   0.404481   0.674503   0.417540   0.182086   0.240770   0.153511   0.268441   0.114765   0.348789   0.696596   0.408706   0.175887   0.240765   0.147911   0.264841   0.104236   0.311374   0.711913   0.398812   0.169099   0.241125   0.141802   0.260102   0.093474   0.297893   0.716581   0.391676   0.164316   0.241664   0.137515   0.255095   0.086390   0.296313   0.715255   0.387732   0.161746   0.242006   0.135222   0.250685   0.084425   0.295676   0.713677   0.384461   0.159636   0.241908   0.133343   0.247099   0.086777   0.295382   0.712068   0.381402   0.157677   0.241794   0.131600   0.244258   0.089492   0.295117   0.710582   0.378438   0.155799   0.241603   0.129932   0.241544   0.088622   0.294598   0.709500   0.375697   0.154085   0.241493   0.128413   0.238774   0.087086   0.293962   0.708702   0.373250   0.152575   0.241771   0.127079   0.236169   0.087578 
  9   0.149777   0.695576   0.415199   0.181230   0.319830   0.152856   0.251763   0.061622   0.288610   0.710920   0.416377   0.181591   0.319070   0.153109   0.244260   0.069421   0.288378   0.709574   0.417616   0.182476   0.319760   0.153911   0.242733   0.071793   0.287473   0.708777   0.418183   0.182924   0.321643   0.154324   0.240765   0.077815   0.286611   0.708089   0.417613   0.182570   0.322683   0.154010   0.238811   0.084812   0.298400   0.696076   0.426238   0.188571   0.322573   0.159426   0.240923   0.089911   0.355140   0.661459   0.447308   0.203957   0.321811   0.173427   0.246451   0.098518   0.460063   0.617691   0.469004   0.220860   0.320548   0.188976   0.251070   0.120789   0.576927   0.581008   0.488556   0.236862   0.320051   0.203821   0.255731   0.144105   0.676820   0.555835   0.506086   0.251724   0.320350   0.217694   0.260833   0.154741   0.739830   0.546649   0.519467   0.263452   0.320438   0.228704   0.266710   0.160830   0.747488   0.557242   0.526982   0.270254   0.320381   0.235126   0.273490   0.166440   0.696663   0.585051   0.527191   0.270558   0.320008   0.235433   0.280079   0.168870   0.605069   0.622193   0.520415   0.264539   0.319298   0.229769   0.284871   0.164294   0.494929   0.662269   0.508601   0.254091   0.318702   0.219944   0.286705   0.154457   0.389524   0.699610   0.492741   0.240425   0.318678   0.207151   0.285315   0.140969   0.310982   0.729538   0.471129   0.222622   0.319069   0.190614   0.280654   0.119382   0.278045   0.742280   0.452738   0.208063   0.319666   0.177183   0.272918   0.104174   0.275409   0.740391   0.443649   0.201205   0.320027   0.170909   0.265195   0.101545   0.275101   0.736981   0.437627   0.196759   0.319937   0.166856   0.259544   0.103295   0.275266   0.733530   0.432691   0.193173   0.319864   0.163597   0.255032   0.106630   0.275621   0.730454   0.428041   0.189850   0.319729   0.160585   0.251029   0.106513   0.275809   0.727954   0.423637   0.186746   0.319654   0.157778   0.247166   0.104970   0.275996   0.725615   0.420020   0.184230   0.319972   0.155508   0.243657   0.105271 
 10   0.126716   0.685615   0.661186   0.410946   0.780274   0.371512   0.573137   0.033648   0.304876   0.691640   0.679599   0.433013   0.778502   0.393398   0.580608   0.036254   0.305388   0.690902   0.681803   0.435817   0.779446   0.396210   0.577262   0.033593   0.305840   0.690148   0.683451   0.437927   0.782020   0.398328   0.576772   0.032664   0.306127   0.689643   0.683725   0.438289   0.783572   0.398692   0.575989   0.032422   0.306941   0.688950   0.683505   0.438012   0.783645   0.398415   0.574786   0.031922   0.317027   0.685303   0.687231   0.442874   0.782904   0.403312   0.574399   0.029508   0.343804   0.678063   0.693656   0.451252   0.781551   0.411749   0.580379   0.027225   0.379913   0.670388   0.700016   0.459602   0.780982   0.420167   0.592693   0.029780   0.414924   0.664253   0.707498   0.469561   0.781392   0.430233   0.604676   0.035574   0.440546   0.660481   0.714690   0.479279   0.781545   0.440083   0.614596   0.041409   0.447438   0.659996   0.720194   0.486816   0.781454   0.447741   0.622161   0.045636   0.432100   0.663125   0.722483   0.489984   0.780925   0.450966   0.626990   0.046732   0.401212   0.668816   0.721054   0.488016   0.779884   0.448964   0.629095   0.043899   0.363600   0.675792   0.716741   0.482070   0.779050   0.442916   0.629476   0.037774   0.329080   0.682890   0.709704   0.472431   0.779033   0.433122   0.630469   0.030903   0.310008   0.688182   0.700854   0.460457   0.779491   0.420983   0.628953   0.028707   0.305804   0.690035   0.695464   0.453251   0.780202   0.413695   0.623274   0.029915   0.305811   0.689924   0.693906   0.451216   0.780694   0.411645   0.617266   0.030161   0.305861   0.689763   0.692526   0.449427   0.780669   0.409845   0.612021   0.030138   0.305934   0.689605   0.691131   0.447628   0.780594   0.408038   0.607399   0.030542   0.305992   0.689498   0.689599   0.445666   0.780385   0.406069   0.602917   0.031180   0.306025   0.689394   0.688238   0.443935   0.780298   0.404334   0.598735   0.031435   0.306062   0.689238   0.687245   0.442685   0.780741   0.403083   0.595152   0.031614 
 11   0.123578   0.686337   0.684463   0.440149   0.836121   0.400723   0.590633   0.042842   0.303143   0.692606   0.709922   0.472775   0.834411   0.433480   0.591280   0.045302   0.303814   0.691271   0.716510   0.481775   0.835309   0.442622   0.583067   0.041473   0.304452   0.690264   0.720954   0.487891   0.837880   0.448841   0.578793   0.040028   0.304989   0.689469   0.723447   0.491341   0.839443   0.452353   0.575207   0.039927   0.307494   0.687518   0.726933   0.496179   0.839627   0.457280   0.572694   0.038893   0.325490   0.681165   0.738190   0.512199   0.839024   0.473675   0.575225   0.032951   0.367111   0.671111   0.752492   0.532887   0.837757   0.494909   0.588621   0.026678   0.420912   0.661177   0.765040   0.551532   0.837153   0.514143   0.607152   0.028029   0.475278   0.652981   0.778644   0.572292   0.837444   0.535664   0.621640   0.034627   0.518593   0.647595   0.791229   0.591987   0.837471   0.556177   0.632448   0.042405   0.533483   0.646775   0.800463   0.606747   0.837201   0.571611   0.641431   0.049186   0.511343   0.651189   0.804421   0.613159   0.836450   0.578332   0.648968   0.052900   0.462508   0.659078   0.802658   0.610289   0.835206   0.575320   0.655332   0.051944   0.401584   0.668452   0.796020   0.599560   0.834332   0.564079   0.662675   0.046387   0.344452   0.677945   0.783012   0.578923   0.834355   0.542531   0.673418   0.037144   0.312173   0.686382   0.763986   0.549587   0.834820   0.512064   0.677577   0.033457   0.304669   0.690408   0.751093   0.530173   0.835567   0.491992   0.671331   0.035485   0.304593   0.690581   0.746924   0.524095   0.836174   0.485745   0.663997   0.035753   0.304698   0.690498   0.743835   0.519635   0.836324   0.481169   0.658024   0.035549   0.304816   0.690387   0.741032   0.515617   0.836311   0.477053   0.652798   0.035681   0.304823   0.690403   0.738213   0.511613   0.836097   0.472958   0.647451   0.036265   0.304759   0.690456   0.735769   0.508170   0.836054   0.469442   0.642162   0.036487   0.304748   0.690397   0.733885   0.505535   0.836575   0.466754   0.637534   0.036414 
 12   0.128014   0.687572   0.629925   0.375054   0.748228   0.336176   0.499548   0.043176   0.300621   0.695221   0.657706   0.406541   0.745654   0.367103   0.503471   0.044758   0.300978   0.694097   0.663493   0.413588   0.746462   0.374113   0.496336   0.040903   0.301266   0.693282   0.667566   0.418579   0.748894   0.379082   0.492213   0.039436   0.301406   0.692726   0.669596   0.421068   0.750311   0.381561   0.488643   0.039424   0.305423   0.689260   0.675359   0.428204   0.750380   0.388681   0.486824   0.038163   0.333449   0.678676   0.691041   0.448270   0.749715   0.408823   0.492006   0.032230   0.395167   0.663751   0.708868   0.471763   0.748440   0.432531   0.506469   0.029079   0.473538   0.649749   0.725123   0.494017   0.747881   0.455146   0.522340   0.035505   0.551356   0.638867   0.742382   0.518426   0.748087   0.480099   0.534124   0.045921   0.608804   0.632957   0.757402   0.540367   0.747965   0.502663   0.544013   0.056300   0.620123   0.634244   0.767474   0.555475   0.747615   0.518277   0.553429   0.065119   0.580156   0.642446   0.770435   0.560037   0.746890   0.523015   0.562742   0.070526   0.509517   0.654439   0.766104   0.553559   0.745763   0.516324   0.571635   0.070232   0.428673   0.667629   0.756033   0.538529   0.744914   0.500805   0.579980   0.063580   0.356041   0.679827   0.741062   0.516587   0.744922   0.478225   0.588841   0.049851   0.313369   0.689938   0.720655   0.487673   0.745406   0.448656   0.590593   0.040813   0.301970   0.694753   0.706115   0.467617   0.746125   0.428249   0.582785   0.040086   0.301743   0.694966   0.701182   0.461056   0.746661   0.421618   0.574549   0.038686   0.301803   0.694806   0.697530   0.456244   0.746767   0.416763   0.568475   0.037334   0.301892   0.694590   0.694286   0.452015   0.746812   0.412504   0.563363   0.036676   0.301765   0.694545   0.691012   0.447785   0.746658   0.408251   0.558014   0.036192   0.301425   0.694648   0.687963   0.443884   0.746591   0.404336   0.552171   0.035796   0.301189   0.694625   0.685597   0.440882   0.747080   0.401328   0.546632   0.035595 
 13   0.132218   0.696886   0.566256   0.308512   0.609868   0.271714   0.391108   0.055136   0.291268   0.713446   0.600239   0.341918   0.605859   0.303718   0.394065   0.053237   0.291610   0.711288   0.603401   0.345272   0.606466   0.306973   0.385375   0.051563   0.291856   0.709632   0.604974   0.346987   0.608626   0.308646   0.380117   0.052199   0.291700   0.708767   0.604363   0.346377   0.609817   0.308060   0.375976   0.053941   0.299707   0.700551   0.610401   0.352787   0.609677   0.314283   0.375382   0.054639   0.346852   0.673754   0.630015   0.374589   0.608766   0.335625   0.380842   0.055311   0.442598   0.636299   0.652974   0.401474   0.607267   0.362190   0.389807   0.067225   0.555773   0.604464   0.674120   0.427714   0.606649   0.388393   0.398749   0.090795   0.653651   0.586081   0.693323   0.452512   0.606829   0.413338   0.407500   0.114210   0.712712   0.582904   0.706579   0.470244   0.606714   0.431291   0.418030   0.133638   0.716257   0.593642   0.712818   0.478835   0.606498   0.440035   0.429874   0.146923   0.662567   0.616174   0.710784   0.476242   0.606086   0.437434   0.441629   0.151904   0.570510   0.645549   0.700343   0.462420   0.605387   0.423464   0.451833   0.146820   0.465844   0.675828   0.684339   0.441557   0.604766   0.402438   0.458611   0.130873   0.374018   0.701622   0.666725   0.419091   0.604813   0.379886   0.460931   0.105903   0.312770   0.720190   0.647499   0.395390   0.605374   0.356243   0.457269   0.079390   0.290067   0.726685   0.633035   0.378105   0.606114   0.339096   0.448199   0.064259   0.288653   0.724641   0.626229   0.370297   0.606500   0.331409   0.438390   0.059725   0.287874   0.722677   0.621287   0.364754   0.606366   0.325975   0.429572   0.057967   0.287119   0.721028   0.617435   0.360508   0.606322   0.321825   0.421060   0.058172   0.286691   0.719507   0.613855   0.356610   0.606219   0.318023   0.413040   0.058946   0.286527   0.718157   0.610180   0.352641   0.606151   0.314159   0.405614   0.059580   0.286480   0.716890   0.606921   0.349164   0.606546   0.310779   0.398919   0.060112 
 14   0.143951   0.696784   0.477443   0.228473   0.429477   0.196140   0.302783   0.054922   0.291635   0.713350   0.499511   0.245791   0.428618   0.212095   0.303538   0.056618   0.291432   0.711728   0.501296   0.247308   0.429259   0.213511   0.299031   0.057090   0.290928   0.710675   0.502330   0.248225   0.431237   0.214374   0.295562   0.060059   0.290327   0.710135   0.501835   0.247843   0.432323   0.214023   0.292349   0.063914   0.300195   0.699518   0.508102   0.253149   0.432175   0.218974   0.292303   0.066833   0.351464   0.664610   0.526724   0.269678   0.431324   0.234526   0.296144   0.071388   0.451877   0.615125   0.548824   0.290363   0.429914   0.254169   0.300919   0.087479   0.567455   0.571848   0.570350   0.311528   0.429308   0.274443   0.305808   0.110648   0.666936   0.544392   0.590497   0.332157   0.429489   0.294348   0.311423   0.129184   0.727825   0.537652   0.605789   0.348462   0.429406   0.310193   0.318770   0.144472   0.732588   0.553190   0.614227   0.357801   0.429215   0.319330   0.327831   0.157589   0.680695   0.586266   0.614288   0.358053   0.428790   0.319608   0.337062   0.165486   0.589361   0.628204   0.606085   0.349217   0.428081   0.311005   0.344578   0.164247   0.482248   0.670939   0.591904   0.334031   0.427499   0.296234   0.348984   0.153257   0.382996   0.707821   0.574395   0.315747   0.427557   0.278530   0.349472   0.132724   0.312085   0.733949   0.553953   0.295316   0.428101   0.258900   0.345311   0.104955   0.284127   0.742440   0.537797   0.279789   0.428839   0.244085   0.337113   0.087065   0.282298   0.738934   0.529503   0.272146   0.429261   0.236847   0.328596   0.082452   0.281785   0.735309   0.523726   0.266938   0.429175   0.231934   0.321355   0.081676   0.281376   0.732145   0.519099   0.262840   0.429137   0.228080   0.314801   0.082792   0.281108   0.729586   0.514712   0.259002   0.429040   0.224477   0.309086   0.082528   0.281036   0.727521   0.510351   0.255227   0.428980   0.220942   0.303930   0.081405   0.280940   0.725722   0.506494   0.251939   0.429340   0.217869   0.299203   0.081225 
 15   0.123157   0.685729   0.697741   0.456367   0.891562   0.416858   0.647312   0.027084   0.304936   0.691975   0.706135   0.467234   0.890271   0.427787   0.652745   0.028432   0.305331   0.691431   0.706700   0.467982   0.891361   0.428541   0.651236   0.028058   0.305690   0.690767   0.707741   0.469376   0.894017   0.429952   0.651067   0.027968   0.306005   0.690269   0.707816   0.469485   0.895594   0.430064   0.650159   0.028364   0.306657   0.689747   0.707258   0.468730   0.895807   0.429299   0.648776   0.028412   0.314821   0.686913   0.709953   0.472365   0.895255   0.432982   0.647418   0.027165   0.337001   0.680769   0.716408   0.481140   0.893996   0.441884   0.650587   0.025829   0.367333   0.673738   0.724793   0.492699   0.893406   0.453640   0.660010   0.027672   0.397121   0.667752   0.734926   0.506939   0.893863   0.468176   0.670130   0.031906   0.420031   0.663604   0.744959   0.521340   0.894133   0.482934   0.678169   0.036030   0.428310   0.662152   0.753296   0.533534   0.894055   0.495474   0.683820   0.038841   0.417410   0.663925   0.758524   0.541295   0.893430   0.503476   0.686916   0.039279   0.390898   0.668478   0.759776   0.543187   0.892261   0.505433   0.688110   0.037210   0.356832   0.674545   0.757425   0.539699   0.891408   0.501837   0.689619   0.032181   0.325567   0.681133   0.749943   0.528627   0.891329   0.490427   0.694808   0.026453   0.309085   0.686610   0.738793   0.512347   0.891656   0.473692   0.695030   0.026476   0.305976   0.688802   0.731391   0.501714   0.892315   0.462794   0.689132   0.029260   0.305868   0.688966   0.728108   0.497099   0.892852   0.458083   0.684744   0.029932   0.305801   0.689090   0.725202   0.493058   0.892876   0.453967   0.680539   0.030129   0.305776   0.689153   0.722599   0.489471   0.892707   0.450319   0.676621   0.030414   0.305766   0.689190   0.720221   0.486220   0.892438   0.447018   0.672726   0.030978   0.305790   0.689181   0.718178   0.483449   0.892414   0.444207   0.669182   0.031173   0.305859   0.689098   0.716561   0.481275   0.892923   0.442006   0.666166   0.031133 
 16   0.121064   0.686415   0.712774   0.476200   0.927200   0.436872   0.672805   0.024726   0.302944   0.693203   0.717169   0.482096   0.926017   0.442838   0.676155   0.025451   0.303336   0.692454   0.717760   0.482885   0.927100   0.443637   0.675881   0.025983   0.303681   0.691703   0.718730   0.484200   0.929735   0.444970   0.676647   0.026458   0.304002   0.691100   0.718885   0.484402   0.931309   0.445173   0.676582   0.027090   0.305724   0.689780   0.719995   0.485890   0.931547   0.446678   0.676445   0.026875   0.319923   0.684658   0.727181   0.495830   0.931004   0.456795   0.677145   0.024849   0.352636   0.675712   0.739857   0.513730   0.929735   0.475082   0.683082   0.022873   0.393725   0.666555   0.755150   0.535997   0.928989   0.497959   0.694353   0.024503   0.433431   0.659025   0.772410   0.561944   0.929315   0.524776   0.704447   0.028624   0.462408   0.654023   0.788625   0.587102   0.929540   0.550929   0.711362   0.032390   0.470218   0.652616   0.801462   0.607568   0.929333   0.572313   0.715596   0.034657   0.454061   0.655151   0.809496   0.620628   0.928533   0.586009   0.717896   0.035451   0.419314   0.660900   0.812139   0.624972   0.927170   0.590573   0.719432   0.034693   0.374206   0.668308   0.810029   0.621500   0.926304   0.586923   0.724054   0.031024   0.332188   0.676619   0.799373   0.604237   0.926206   0.568833   0.735311   0.026095   0.310071   0.684540   0.781694   0.576175   0.926433   0.539536   0.738716   0.027532   0.305698   0.688273   0.769311   0.556970   0.927084   0.519574   0.732848   0.032062   0.305311   0.688738   0.763313   0.547923   0.927722   0.510218   0.729518   0.032976   0.305040   0.689081   0.758150   0.540233   0.927885   0.502285   0.726751   0.032837   0.304872   0.689304   0.753594   0.533520   0.927669   0.495372   0.724198   0.032455   0.304773   0.689430   0.749689   0.527812   0.927374   0.489505   0.721679   0.031866   0.304711   0.689482   0.746467   0.523139   0.927440   0.484707   0.719223   0.031394   0.304692   0.689445   0.743838   0.519351   0.928002   0.480824   0.717040   0.030994 
 17   0.119361   0.686654   0.725988   0.494207   0.933380   0.455148   0.702457   0.023983   0.302212   0.693610   0.730072   0.499876   0.932294   0.460922   0.706338   0.024345   0.302645   0.692742   0.730752   0.500825   0.933500   0.461888   0.707243   0.025110   0.302988   0.691952   0.731712   0.502171   0.936294   0.463262   0.708713   0.026040   0.303286   0.691337   0.731746   0.502217   0.937916   0.463309   0.708919   0.026945   0.306318   0.689404   0.733745   0.505006   0.938162   0.466151   0.709510   0.026438   0.326243   0.682748   0.743075   0.518331   0.937614   0.479793   0.712912   0.024299   0.369986   0.671916   0.758603   0.541086   0.936281   0.503199   0.722660   0.023060   0.424956   0.661080   0.777417   0.569684   0.935379   0.532817   0.735871   0.025637   0.477507   0.652389   0.798066   0.602273   0.935591   0.566805   0.746204   0.030491   0.514984   0.646968   0.816839   0.633001   0.935756   0.599070   0.752946   0.034865   0.524320   0.645966   0.831316   0.657440   0.935440   0.624880   0.756494   0.037879   0.501382   0.649742   0.840051   0.672509   0.934505   0.640861   0.757749   0.039698   0.454051   0.657214   0.842399   0.676613   0.932986   0.645223   0.758610   0.040353   0.394741   0.666238   0.839028   0.670740   0.932106   0.638984   0.763096   0.037865   0.340429   0.675619   0.826452   0.649212   0.932064   0.616188   0.774385   0.031982   0.311485   0.684337   0.806147   0.615290   0.932294   0.580432   0.777836   0.031959   0.305528   0.688588   0.791725   0.591805   0.932992   0.555797   0.771838   0.036093   0.305105   0.689081   0.784981   0.581161   0.933750   0.544697   0.768614   0.036597   0.304828   0.689407   0.779260   0.572249   0.934035   0.535426   0.766271   0.035998   0.304642   0.689629   0.774179   0.564423   0.933806   0.527301   0.764070   0.034890   0.304556   0.689716   0.769884   0.557867   0.933512   0.520507   0.761944   0.033686   0.304514   0.689714   0.766374   0.552554   0.933678   0.515009   0.759846   0.032821   0.304449   0.689704   0.763356   0.548024   0.934322   0.510329   0.757714   0.032229 
 18   0.118928   0.687665   0.721549   0.488462   0.925138   0.449375   0.667070   0.028365   0.300691   0.695556   0.726508   0.495220   0.923899   0.456236   0.670661   0.029614   0.301001   0.694696   0.727248   0.496246   0.925064   0.457280   0.670005   0.029733   0.301146   0.694067   0.727860   0.497120   0.927774   0.458175   0.669913   0.030116   0.301325   0.693511   0.727626   0.496810   0.929365   0.457862   0.668929   0.030754   0.306550   0.690557   0.731297   0.501898   0.929528   0.463042   0.669811   0.029248   0.336264   0.681414   0.745117   0.521659   0.928884   0.483279   0.674627   0.024989   0.401155   0.667003   0.766794   0.553838   0.927519   0.516463   0.686597   0.023104   0.486571   0.652084   0.793068   0.594813   0.926562   0.559109   0.701991   0.027125   0.577013   0.639258   0.821706   0.641827   0.926652   0.608513   0.712536   0.033932   0.648197   0.630719   0.847551   0.686444   0.926647   0.655842   0.717281   0.040469   0.664599   0.630099   0.866714   0.720955   0.926157   0.692742   0.717688   0.045836   0.622686   0.636782   0.877351   0.740692   0.925045   0.713965   0.717148   0.049096   0.544387   0.647531   0.879636   0.745020   0.923450   0.718638   0.718510   0.049446   0.451316   0.660230   0.874094   0.734696   0.922504   0.707528   0.723702   0.047176   0.367325   0.672782   0.857992   0.705321   0.922430   0.676043   0.734899   0.042017   0.316908   0.685048   0.830201   0.656348   0.922704   0.623891   0.739356   0.040840   0.302805   0.691868   0.808249   0.618866   0.923458   0.584213   0.733858   0.043658   0.302263   0.692577   0.798527   0.603046   0.924269   0.567620   0.730393   0.043854   0.302155   0.692821   0.790810   0.590702   0.924634   0.554713   0.728766   0.042981   0.302139   0.692950   0.784152   0.580206   0.924553   0.543768   0.727393   0.041461   0.302154   0.692987   0.778407   0.571260   0.924367   0.534461   0.725724   0.039886   0.302179   0.692923   0.773616   0.563887   0.924595   0.526808   0.723814   0.038813   0.302245   0.692760   0.769650   0.557851   0.925300   0.520555   0.722202   0.037703 
 19   0.120933   0.688914   0.703124   0.463877   0.941479   0.424513   0.604628   0.028705   0.300944   0.698077   0.708020   0.470243   0.940043   0.430919   0.607993   0.030216   0.301228   0.697162   0.707893   0.470020   0.940991   0.430684   0.605611   0.030678   0.301428   0.696303   0.708165   0.470362   0.943360   0.431026   0.604237   0.031207   0.301550   0.695671   0.707458   0.469405   0.944720   0.430055   0.602710   0.031741   0.304466   0.693607   0.709024   0.471390   0.944831   0.432043   0.602556   0.030877   0.327783   0.685800   0.719310   0.485300   0.944155   0.446145   0.604726   0.028296   0.383920   0.671707   0.737781   0.511249   0.942754   0.472634   0.612946   0.026989   0.463085   0.655679   0.762154   0.547155   0.941947   0.509613   0.625722   0.031496   0.542982   0.642086   0.790146   0.590513   0.942035   0.554686   0.634433   0.039006   0.599190   0.633770   0.815892   0.632403   0.941956   0.598635   0.637804   0.045120   0.615235   0.632340   0.835807   0.666167   0.941529   0.634333   0.637719   0.049476   0.583448   0.638173   0.848149   0.687700   0.940558   0.657221   0.636255   0.052284   0.517079   0.648995   0.852444   0.695310   0.939177   0.665334   0.636131   0.052546   0.436626   0.662013   0.848770   0.688768   0.938281   0.658354   0.639566   0.049522   0.361104   0.675114   0.834277   0.663525   0.938157   0.631532   0.649545   0.043434   0.314334   0.688194   0.806582   0.617095   0.938482   0.582545   0.653545   0.041678   0.300533   0.695479   0.783640   0.579883   0.939242   0.543525   0.647595   0.044560   0.300049   0.696187   0.773026   0.563501   0.939947   0.526507   0.643136   0.044883   0.300011   0.696545   0.764145   0.550011   0.940218   0.512535   0.640252   0.043599   0.300158   0.696666   0.756468   0.538526   0.940211   0.500673   0.637931   0.041960   0.300338   0.696619   0.749867   0.528784   0.940132   0.490636   0.635659   0.040504   0.300436   0.696493   0.744277   0.520651   0.940334   0.482280   0.633163   0.039399   0.300491   0.696296   0.739594   0.513940   0.940950   0.475403   0.630897   0.038524 
 20   0.120823   0.685156   0.722154   0.488829   0.930702   0.449661   0.706771   0.023132   0.304550   0.690777   0.725904   0.493976   0.929714   0.454892   0.711005   0.022749   0.304979   0.690156   0.726391   0.494638   0.931030   0.455563   0.711875   0.023339   0.305320   0.689501   0.727190   0.495738   0.933816   0.456681   0.713458   0.024070   0.305628   0.689011   0.727109   0.495612   0.935504   0.456551   0.713760   0.024833   0.306297   0.688469   0.726695   0.495019   0.935840   0.455943   0.713218   0.025232   0.314099   0.685816   0.729369   0.498740   0.935349   0.459735   0.714060   0.025667   0.334209   0.680482   0.735728   0.507698   0.934148   0.468881   0.719126   0.026060   0.360320   0.674870   0.744004   0.519561   0.933378   0.481034   0.727572   0.028059   0.385197   0.670325   0.753658   0.533658   0.933786   0.495523   0.736128   0.031761   0.403457   0.667356   0.762692   0.547094   0.934204   0.509381   0.743020   0.034910   0.408861   0.666441   0.769779   0.557801   0.934181   0.520457   0.747519   0.036564   0.398977   0.667810   0.773942   0.564160   0.933508   0.527047   0.749437   0.036611   0.377101   0.671177   0.774694   0.565323   0.932262   0.528255   0.749438   0.035161   0.348539   0.675707   0.772564   0.562069   0.931524   0.524884   0.750491   0.030710   0.321717   0.681044   0.765199   0.550911   0.931495   0.513335   0.755172   0.025167   0.308204   0.685622   0.754507   0.534896   0.931692   0.496795   0.752922   0.025861   0.306055   0.687440   0.747582   0.524680   0.932265   0.486274   0.745268   0.029472   0.305843   0.687670   0.744069   0.519587   0.932850   0.481046   0.741268   0.030026   0.305726   0.687826   0.741012   0.515193   0.932980   0.476544   0.737468   0.029497   0.305654   0.687938   0.738245   0.511249   0.932643   0.472508   0.733596   0.029124   0.305629   0.687996   0.735812   0.507807   0.932218   0.468990   0.729908   0.029111   0.305658   0.687974   0.733853   0.505056   0.932256   0.466182   0.726765   0.028847   0.305740   0.687867   0.732377   0.502998   0.932799   0.464085   0.724143   0.028500 
 21   0.119455   0.685493   0.735201   0.507006   0.935693   0.468184   0.729943   0.021889   0.304273   0.691342   0.739937   0.513707   0.934809   0.475033   0.734977   0.021584   0.304735   0.690525   0.740977   0.515191   0.936277   0.476551   0.736806   0.022675   0.305137   0.689715   0.742227   0.516979   0.939223   0.478383   0.739332   0.023745   0.305454   0.689133   0.742413   0.517242   0.941018   0.478651   0.740369   0.024740   0.306510   0.688337   0.742488   0.517331   0.941339   0.478739   0.740482   0.025006   0.316690   0.684875   0.746633   0.523307   0.940798   0.484866   0.741856   0.024804   0.341310   0.678407   0.755029   0.535582   0.939506   0.497487   0.748059   0.024621   0.372746   0.671740   0.765640   0.551444   0.938542   0.513862   0.757980   0.026469   0.402632   0.666302   0.778094   0.570489   0.938823   0.533606   0.767194   0.030049   0.423018   0.662866   0.789768   0.588754   0.939209   0.552622   0.774060   0.032900   0.426614   0.662118   0.798748   0.603085   0.939117   0.567598   0.778326   0.034241   0.412903   0.664097   0.803973   0.611537   0.938343   0.576453   0.780287   0.034281   0.386733   0.668231   0.805092   0.613367   0.936966   0.578374   0.780845   0.033325   0.353947   0.673406   0.802859   0.609746   0.936254   0.574579   0.784227   0.029399   0.323938   0.679349   0.794220   0.595885   0.936340   0.560079   0.793383   0.024256   0.309024   0.684635   0.781516   0.575771   0.936612   0.539091   0.793782   0.025159   0.306605   0.686835   0.773340   0.563058   0.937267   0.525871   0.786333   0.028877   0.306333   0.687129   0.769099   0.556589   0.937947   0.519168   0.782781   0.029680   0.306150   0.687328   0.765425   0.551037   0.938154   0.513424   0.779607   0.029333   0.306007   0.687486   0.761998   0.545898   0.937756   0.508116   0.776291   0.028948   0.305913   0.687583   0.758948   0.541354   0.937288   0.503428   0.773021   0.028744   0.305906   0.687566   0.756581   0.537851   0.937386   0.499819   0.770247   0.028396   0.305953   0.687474   0.754746   0.535152   0.937985   0.497041   0.767880   0.027971 
 22   0.118297   0.685632   0.750684   0.529382   0.936853   0.491142   0.746173   0.022269   0.304917   0.691559   0.757119   0.538761   0.936036   0.500778   0.752201   0.021485   0.305296   0.690599   0.758637   0.541005   0.937527   0.503090   0.755165   0.022497   0.305688   0.689674   0.760192   0.543314   0.940530   0.505471   0.758906   0.023424   0.305977   0.689034   0.760484   0.543749   0.942322   0.505920   0.760871   0.024332   0.307818   0.687909   0.761282   0.544917   0.942683   0.507121   0.761061   0.024696   0.321503   0.683582   0.767081   0.553629   0.942087   0.516123   0.761331   0.024292   0.352145   0.675843   0.777808   0.570040   0.940693   0.533138   0.767350   0.023747   0.389370   0.667965   0.791173   0.591027   0.939692   0.555004   0.777975   0.025483   0.422858   0.661827   0.806166   0.615217   0.939829   0.580335   0.787033   0.029004   0.445115   0.658135   0.819893   0.637968   0.940071   0.604278   0.793527   0.032185   0.449503   0.657456   0.830471   0.655911   0.939890   0.623246   0.797620   0.034377   0.433994   0.659942   0.836729   0.666701   0.939052   0.634686   0.799641   0.035390   0.403339   0.664876   0.838256   0.669366   0.937686   0.637519   0.800960   0.034891   0.364529   0.670786   0.835821   0.665153   0.937026   0.633048   0.806995   0.030676   0.328810   0.677530   0.825600   0.647704   0.937150   0.614581   0.819743   0.025431   0.310822   0.683623   0.810571   0.622449   0.937480   0.587933   0.823650   0.026695   0.307634   0.686192   0.800970   0.606652   0.938197   0.571330   0.818188   0.030740   0.307328   0.686569   0.795959   0.598588   0.938946   0.562891   0.814918   0.031889   0.307101   0.686828   0.791618   0.591673   0.939256   0.555667   0.812384   0.031814   0.306940   0.687003   0.787681   0.585456   0.938951   0.549182   0.810083   0.031192   0.306851   0.687091   0.784274   0.580118   0.938576   0.543623   0.807877   0.030482   0.306834   0.687076   0.781601   0.575960   0.938748   0.539299   0.805786   0.030004   0.306841   0.687011   0.779406   0.572568   0.939358   0.535776   0.803604   0.029811 
 23   0.117230   0.686812   0.749217   0.527448   0.936514   0.489193   0.729483   0.024378   0.302761   0.693906   0.753690   0.533922   0.935595   0.495838   0.735678   0.024445   0.303154   0.692956   0.754375   0.534914   0.937052   0.496856   0.737861   0.025612   0.303496   0.692078   0.755265   0.536221   0.940103   0.498200   0.740423   0.026760   0.303695   0.691505   0.754901   0.535687   0.941899   0.497650   0.741362   0.027612   0.308537   0.689114   0.757468   0.539435   0.942222   0.501503   0.741887   0.027026   0.335515   0.681220   0.768599   0.556130   0.941613   0.518750   0.745475   0.025216   0.392607   0.668754   0.786870   0.584440   0.940180   0.548174   0.756337   0.025324   0.464337   0.656243   0.809313   0.620711   0.939113   0.586171   0.769729   0.029683   0.531872   0.646402   0.833252   0.661121   0.939141   0.628853   0.779291   0.035905   0.576637   0.640823   0.854419   0.698350   0.939195   0.668480   0.784699   0.041480   0.582056   0.640961   0.870068   0.726822   0.938787   0.698979   0.786526   0.045848   0.546440   0.646547   0.878603   0.742711   0.937714   0.716074   0.786529   0.048668   0.483521   0.655530   0.879523   0.744468   0.936107   0.717973   0.787499   0.049001   0.411168   0.665648   0.873437   0.733132   0.935290   0.705776   0.793618   0.045402   0.347651   0.675800   0.857529   0.704088   0.935368   0.674642   0.805889   0.038722   0.313254   0.684853   0.834746   0.663662   0.935696   0.631540   0.809680   0.037534   0.305690   0.689179   0.818959   0.636474   0.936501   0.602718   0.804248   0.040350   0.305294   0.689668   0.811462   0.623987   0.937409   0.589563   0.801558   0.040163   0.305128   0.689894   0.805348   0.613934   0.937827   0.578998   0.799934   0.039193   0.305003   0.690061   0.799825   0.604955   0.937592   0.569582   0.798434   0.037840   0.304857   0.690206   0.794880   0.597001   0.937280   0.561258   0.796876   0.036496   0.304765   0.690241   0.790789   0.590489   0.937508   0.554456   0.795159   0.035632   0.304685   0.690222   0.787277   0.584957   0.938210   0.548688   0.793181   0.035178 
 24   0.116427   0.687844   0.747324   0.525074   0.932649   0.486826   0.695779   0.028575   0.301094   0.695844   0.750222   0.529189   0.931761   0.491034   0.701722   0.030023   0.301429   0.694905   0.750465   0.529548   0.933300   0.491404   0.702651   0.031191   0.301364   0.694393   0.750149   0.529135   0.936211   0.490987   0.703256   0.032479   0.301070   0.694258   0.748295   0.526509   0.937968   0.488302   0.702447   0.033528   0.312097   0.689723   0.754182   0.535060   0.938145   0.497086   0.704833   0.031547   0.360548   0.676782   0.773801   0.564508   0.937389   0.527519   0.714604   0.027766   0.454693   0.658751   0.801913   0.609072   0.936029   0.574043   0.731204   0.028490   0.570679   0.641097   0.834971   0.664719   0.934946   0.632798   0.747313   0.034294   0.676372   0.627729   0.867790   0.723358   0.934827   0.695411   0.756157   0.040514   0.732496   0.621998   0.894402   0.773553   0.934730   0.749559   0.757321   0.045187   0.713734   0.625818   0.911828   0.807821   0.934141   0.786819   0.753489   0.048695   0.637599   0.636258   0.919463   0.823251   0.932871   0.803683   0.750318   0.050551   0.543893   0.648409   0.918745   0.821885   0.931186   0.802208   0.751475   0.050076   0.451338   0.660861   0.910100   0.804627   0.930326   0.783390   0.758268   0.047586   0.367468   0.673305   0.890837   0.767087   0.930343   0.742640   0.771345   0.043343   0.316791   0.685619   0.860690   0.710538   0.930610   0.681698   0.775907   0.043421   0.302968   0.692419   0.837485   0.668455   0.931330   0.636638   0.770824   0.046241   0.302553   0.692987   0.827231   0.650798   0.932195   0.617918   0.768816   0.046123   0.302427   0.693209   0.818892   0.636714   0.932671   0.603040   0.768046   0.045318   0.302375   0.693325   0.811501   0.624428   0.932472   0.590101   0.767914   0.043500   0.302413   0.693286   0.805273   0.614196   0.932196   0.579348   0.767883   0.041424   0.302506   0.693090   0.800261   0.606049   0.932537   0.570803   0.767527   0.040292   0.302594   0.692872   0.795908   0.599040   0.933329   0.563466   0.766945   0.039604 
