timestamp=                2022-01-12T18:10:15.040190
shape=                    (5, 5)
sigma=                    2.5
nepochs=                  5
rate=                     0.00724
neighborhood function=    gaussian
init weights=             pca
topology=                 hexagonal
activation distance=      euclidean
output type=              labels
mapfile_prefix=           2021_5x5_5_00724_11
apply classification=     False
apply activation=         False
seed=                     None
random order=             True
custom init file=         None
decay_function=           3

quantization error=       0.33947722
topographic error=        0.09911454

############ NEURONS #############
 25 192
  0   0.135663   0.686020   0.587204   0.328285   0.616331   0.290515   0.450963   0.036491   0.303604   0.692548   0.603200   0.344202   0.614692   0.305788   0.453739   0.039840   0.303965   0.692010   0.603958   0.344984   0.615565   0.306543   0.452027   0.037744   0.304260   0.691419   0.604326   0.345367   0.617935   0.306913   0.452075   0.037361   0.304427   0.691022   0.603801   0.344801   0.619333   0.306363   0.451573   0.037353   0.306303   0.689294   0.604570   0.345612   0.619335   0.307148   0.451061   0.037387   0.323375   0.682050   0.610466   0.352039   0.618570   0.313415   0.453295   0.035915   0.363644   0.669974   0.618087   0.360469   0.617235   0.321654   0.461478   0.036546   0.413431   0.658603   0.624987   0.368244   0.616695   0.329280   0.474050   0.043196   0.456031   0.651061   0.631969   0.376217   0.617076   0.337120   0.486742   0.052371   0.479734   0.648596   0.637100   0.382151   0.617233   0.342967   0.497822   0.060772   0.477848   0.651457   0.639681   0.385154   0.617194   0.345930   0.506082   0.066422   0.452584   0.658502   0.638945   0.384285   0.616776   0.345071   0.510793   0.067581   0.413731   0.667650   0.635092   0.379787   0.615907   0.340631   0.511719   0.063261   0.370852   0.677398   0.629395   0.373200   0.615175   0.334140   0.509315   0.055071   0.333059   0.686538   0.622697   0.365568   0.615160   0.326640   0.504936   0.046334   0.310831   0.692857   0.615817   0.357835   0.615597   0.319059   0.498964   0.041601   0.304671   0.694794   0.611901   0.353482   0.616252   0.314799   0.492099   0.041028   0.304386   0.694453   0.610744   0.352223   0.616675   0.313572   0.485934   0.041141   0.304255   0.694060   0.609614   0.351000   0.616609   0.312382   0.480828   0.041572   0.304166   0.693693   0.608406   0.349704   0.616535   0.311122   0.476511   0.042158   0.304079   0.693398   0.607068   0.348274   0.616356   0.309733   0.472384   0.042626   0.304015   0.693087   0.605928   0.347059   0.616267   0.308553   0.468380   0.042780   0.303907   0.692796   0.605067   0.346150   0.616661   0.307671   0.464713   0.042769 
  1   0.140130   0.687102   0.541700   0.283610   0.527105   0.247735   0.387373   0.037661   0.301813   0.694619   0.556459   0.296737   0.525193   0.260083   0.387697   0.039581   0.302173   0.694093   0.556661   0.296904   0.526021   0.260239   0.386680   0.038051   0.302283   0.693682   0.556264   0.296529   0.528262   0.259882   0.386533   0.038211   0.302286   0.693434   0.555206   0.295520   0.529571   0.258921   0.385833   0.038579   0.305321   0.690480   0.557052   0.297271   0.529540   0.260587   0.385902   0.038769   0.328520   0.679384   0.565141   0.305211   0.528763   0.268186   0.389466   0.037709   0.379819   0.662487   0.573942   0.314054   0.527428   0.276685   0.398568   0.040831   0.440526   0.647447   0.581454   0.321772   0.526885   0.284133   0.411540   0.051201   0.489783   0.638213   0.588768   0.329382   0.527250   0.291493   0.424628   0.063200   0.513497   0.636449   0.593735   0.334613   0.527406   0.296562   0.436087   0.073537   0.506359   0.641957   0.595668   0.336658   0.527390   0.298547   0.444666   0.079961   0.472927   0.652646   0.594034   0.334901   0.527016   0.296837   0.449431   0.080588   0.426312   0.665308   0.589338   0.329910   0.526222   0.291993   0.450041   0.074588   0.378148   0.677807   0.582971   0.323229   0.525546   0.285521   0.447169   0.063910   0.336419   0.689081   0.575862   0.315895   0.525538   0.278440   0.442014   0.052336   0.311127   0.696810   0.568970   0.308910   0.525966   0.271717   0.435101   0.044594   0.303223   0.699277   0.564940   0.304886   0.526600   0.267854   0.427629   0.042125   0.302472   0.698920   0.563394   0.303383   0.526998   0.266418   0.421061   0.041793   0.301975   0.698509   0.561877   0.301920   0.526907   0.265023   0.415423   0.042269   0.301575   0.698142   0.560350   0.300461   0.526817   0.263632   0.410353   0.043025   0.301266   0.697803   0.558678   0.298864   0.526645   0.262111   0.405601   0.043325   0.301012   0.697460   0.557104   0.297365   0.526559   0.260684   0.401189   0.043262   0.300754   0.697177   0.555696   0.296036   0.526929   0.259421   0.397174   0.043363 
  2   0.151622   0.687303   0.444996   0.202254   0.341568   0.171875   0.289401   0.040872   0.301276   0.694909   0.444699   0.201482   0.340740   0.171084   0.284846   0.047568   0.301489   0.694187   0.445095   0.201752   0.341456   0.171326   0.285559   0.048731   0.301465   0.693647   0.445497   0.202056   0.343470   0.171605   0.285778   0.051060   0.301502   0.693205   0.445183   0.201833   0.344656   0.171403   0.285540   0.053723   0.305505   0.689411   0.447366   0.203468   0.344609   0.172895   0.286028   0.055946   0.331238   0.674904   0.455009   0.209340   0.343884   0.178283   0.288991   0.057948   0.386243   0.652153   0.464763   0.217041   0.342660   0.185380   0.295129   0.065482   0.450367   0.631866   0.474903   0.225232   0.342152   0.192960   0.303371   0.078770   0.500798   0.620229   0.484554   0.233142   0.342501   0.200299   0.312198   0.090960   0.523119   0.619601   0.491415   0.238857   0.342679   0.205615   0.320381   0.101150   0.515305   0.628235   0.494862   0.241777   0.342695   0.208341   0.326519   0.108551   0.484254   0.642416   0.494394   0.241386   0.342362   0.207977   0.329705   0.110658   0.439649   0.658857   0.490208   0.237837   0.341647   0.204665   0.329802   0.105766   0.389435   0.675745   0.483406   0.232123   0.341054   0.199342   0.327327   0.095263   0.342354   0.691628   0.474900   0.225104   0.341073   0.192822   0.322971   0.082278   0.311410   0.702930   0.465797   0.217758   0.341480   0.186026   0.317098   0.070946   0.300680   0.706688   0.459542   0.212809   0.342078   0.181462   0.310953   0.065352   0.299495   0.706056   0.456422   0.210402   0.342462   0.179252   0.305835   0.064206   0.298851   0.705276   0.453792   0.208396   0.342376   0.177415   0.301484   0.065831   0.298379   0.704508   0.451366   0.206561   0.342266   0.175736   0.297602   0.068000   0.298028   0.703685   0.449066   0.204831   0.342080   0.174155   0.294192   0.067981   0.297694   0.702942   0.446919   0.203231   0.341985   0.172694   0.291085   0.067227   0.297249   0.702414   0.444930   0.201768   0.342298   0.171361   0.288130   0.067634 
  3   0.157881   0.695704   0.348495   0.138371   0.190428   0.114675   0.206677   0.081286   0.287418   0.710925   0.323038   0.122970   0.189618   0.101095   0.194650   0.111142   0.287352   0.709247   0.323926   0.123453   0.190264   0.101514   0.195304   0.121651   0.286439   0.708410   0.323948   0.123473   0.192036   0.101532   0.195459   0.133688   0.285964   0.707484   0.323286   0.123103   0.193036   0.101210   0.195497   0.144816   0.298747   0.695747   0.328678   0.126101   0.192957   0.103816   0.197222   0.154495   0.353893   0.660970   0.342566   0.134159   0.192269   0.110870   0.200280   0.168871   0.452731   0.613990   0.358333   0.143759   0.191142   0.119340   0.203311   0.189989   0.561135   0.572951   0.373604   0.153384   0.190780   0.127882   0.207093   0.204765   0.652341   0.545031   0.387578   0.162464   0.191228   0.135983   0.211086   0.206740   0.708534   0.535660   0.398629   0.169861   0.191481   0.142615   0.215125   0.207070   0.714138   0.548331   0.405257   0.174411   0.191565   0.146713   0.219273   0.210257   0.668079   0.579017   0.406214   0.175094   0.191299   0.147332   0.222859   0.211679   0.584878   0.619175   0.401545   0.171885   0.190647   0.144442   0.224913   0.205044   0.483441   0.663276   0.392559   0.165782   0.190055   0.138957   0.224825   0.195610   0.384902   0.705752   0.379410   0.157088   0.189963   0.131177   0.222913   0.190820   0.311345   0.737502   0.362880   0.146520   0.190221   0.121775   0.219402   0.182867   0.281019   0.748182   0.349911   0.138493   0.190681   0.114672   0.214796   0.174374   0.278085   0.744514   0.342884   0.134304   0.190964   0.110990   0.210277   0.172198   0.277648   0.740012   0.337572   0.131202   0.190839   0.108272   0.206664   0.176854   0.278001   0.735594   0.332946   0.128537   0.190729   0.105942   0.203923   0.181991   0.278134   0.731837   0.328784   0.126177   0.190564   0.103884   0.201384   0.179517   0.277963   0.728855   0.325200   0.124173   0.190458   0.102141   0.198792   0.175366   0.277640   0.726388   0.322283   0.122553   0.190720   0.100733   0.196466   0.175600 
  4   0.150159   0.691696   0.410915   0.179141   0.276329   0.151105   0.242429   0.157264   0.280933   0.702517   0.392429   0.166528   0.277989   0.139754   0.229621   0.248669   0.280281   0.699839   0.394586   0.168008   0.278529   0.141089   0.229115   0.276175   0.278755   0.697863   0.396196   0.169130   0.280232   0.142102   0.229048   0.301999   0.277725   0.696314   0.396628   0.169450   0.281103   0.142395   0.229093   0.324092   0.291651   0.689859   0.399456   0.171335   0.280921   0.144085   0.229570   0.340281   0.353020   0.667499   0.410054   0.178630   0.280163   0.150662   0.232231   0.342373   0.461264   0.633117   0.426116   0.190123   0.278959   0.161094   0.236147   0.344506   0.575822   0.601217   0.442839   0.202565   0.278625   0.172464   0.240036   0.351055   0.669175   0.577889   0.457964   0.214202   0.279126   0.183159   0.244072   0.345330   0.726624   0.567108   0.469239   0.223143   0.279410   0.191420   0.247975   0.336714   0.737517   0.572110   0.475439   0.228176   0.279510   0.196089   0.251663   0.332724   0.701759   0.591302   0.476050   0.228700   0.279274   0.196580   0.254478   0.330876   0.626207   0.620366   0.470986   0.224582   0.278660   0.192759   0.255784   0.324659   0.522783   0.656579   0.460910   0.216521   0.278021   0.185300   0.254953   0.321053   0.411094   0.695420   0.445948   0.204917   0.277804   0.174619   0.251900   0.329852   0.315036   0.729181   0.426807   0.190555   0.277965   0.161476   0.247149   0.344238   0.269956   0.742465   0.412934   0.180467   0.278391   0.152296   0.242052   0.358281   0.265840   0.738025   0.407464   0.176692   0.278644   0.148891   0.238010   0.369196   0.265337   0.732331   0.403824   0.174232   0.278478   0.146680   0.235036   0.381054   0.265284   0.727219   0.400695   0.172149   0.278396   0.144812   0.232773   0.391316   0.265286   0.722888   0.397888   0.170291   0.278312   0.143149   0.230629   0.391293   0.264970   0.719326   0.395462   0.168699   0.278265   0.141724   0.228322   0.386526   0.264609   0.716087   0.393700   0.167550   0.278579   0.140698   0.226351   0.384852 
  5   0.126896   0.687451   0.663810   0.414373   0.937703   0.374966   0.570178   0.033681   0.303654   0.695403   0.670145   0.421830   0.936351   0.382339   0.568634   0.030719   0.303838   0.694852   0.670297   0.421859   0.937070   0.382339   0.565043   0.030712   0.303974   0.694284   0.670549   0.422054   0.939436   0.382512   0.562087   0.030778   0.304080   0.694009   0.669464   0.420628   0.940780   0.381076   0.557778   0.031150   0.304738   0.693899   0.667468   0.418090   0.940801   0.378532   0.551561   0.032264   0.314998   0.691871   0.667618   0.418205   0.940249   0.378633   0.544404   0.035593   0.340903   0.686634   0.671834   0.423391   0.939261   0.383800   0.539659   0.040288   0.374194   0.680170   0.680083   0.433792   0.938845   0.394207   0.538780   0.045159   0.406143   0.674393   0.691693   0.448846   0.939674   0.409350   0.539097   0.050649   0.426168   0.670890   0.702914   0.463815   0.940272   0.424486   0.538477   0.054497   0.428463   0.670286   0.711126   0.475112   0.940268   0.435974   0.537249   0.055923   0.413902   0.672310   0.715647   0.481528   0.939873   0.442535   0.536212   0.054732   0.387219   0.676294   0.716072   0.482298   0.938828   0.443353   0.535854   0.050502   0.355217   0.680937   0.713462   0.478865   0.938147   0.439889   0.538592   0.041981   0.323900   0.686058   0.705742   0.468381   0.938189   0.429249   0.545421   0.031361   0.306693   0.690780   0.693952   0.452443   0.938479   0.413091   0.548972   0.028829   0.303687   0.692813   0.686004   0.441890   0.939133   0.402428   0.547561   0.031572   0.303574   0.692903   0.682266   0.437060   0.939861   0.397571   0.546480   0.031580   0.303411   0.692988   0.678809   0.432622   0.940155   0.393114   0.545850   0.030917   0.303263   0.693092   0.675512   0.428428   0.940031   0.388909   0.544841   0.031184   0.303185   0.693095   0.672651   0.424807   0.939846   0.385283   0.543484   0.032067   0.303145   0.692993   0.670307   0.421848   0.939973   0.382321   0.542512   0.032257   0.303083   0.692890   0.668341   0.419402   0.940533   0.379879   0.541768   0.031815 
  6   0.131222   0.685710   0.621465   0.364929   0.698000   0.326138   0.505523   0.034066   0.304079   0.691873   0.640241   0.385477   0.696033   0.346190   0.512194   0.037310   0.304506   0.691212   0.641954   0.387435   0.696921   0.348116   0.509648   0.035256   0.304864   0.690500   0.643409   0.389112   0.699384   0.349767   0.509281   0.034100   0.305083   0.690033   0.643677   0.389414   0.700828   0.350063   0.508489   0.033678   0.306499   0.688796   0.644338   0.390170   0.700840   0.350807   0.507477   0.033261   0.320897   0.683193   0.649926   0.396823   0.700087   0.357396   0.508505   0.030844   0.356320   0.673428   0.657832   0.406331   0.698746   0.366831   0.515936   0.029930   0.401818   0.663896   0.665241   0.415389   0.698209   0.375845   0.528540   0.035055   0.444106   0.656863   0.673201   0.425279   0.698603   0.385718   0.541017   0.043421   0.471260   0.653579   0.679760   0.433566   0.698737   0.394016   0.551699   0.051358   0.473384   0.654841   0.683836   0.438782   0.698656   0.399250   0.559778   0.056549   0.451052   0.660073   0.684291   0.439381   0.698185   0.399854   0.564814   0.057695   0.413698   0.667585   0.681130   0.435345   0.697238   0.395806   0.566630   0.054015   0.370879   0.676014   0.675604   0.428324   0.696447   0.388769   0.565800   0.046479   0.332492   0.684186   0.668328   0.419174   0.696423   0.379615   0.564031   0.038023   0.310579   0.690097   0.659972   0.408806   0.696872   0.369269   0.560279   0.034206   0.305028   0.692135   0.654916   0.402606   0.697554   0.363095   0.553996   0.034605   0.304910   0.691970   0.653404   0.400797   0.698010   0.361301   0.547782   0.034902   0.304905   0.691731   0.652012   0.399139   0.697972   0.359659   0.542595   0.035204   0.304928   0.691495   0.650635   0.397508   0.697919   0.358046   0.538195   0.035642   0.304935   0.691291   0.649232   0.395854   0.697746   0.356410   0.533947   0.035878   0.304890   0.691104   0.648019   0.394439   0.697656   0.355014   0.529747   0.035633   0.304823   0.690911   0.647101   0.393375   0.698070   0.353965   0.526092   0.035413 
  7   0.146318   0.686878   0.495263   0.242226   0.430667   0.208772   0.337794   0.037331   0.302310   0.694171   0.502082   0.247345   0.429441   0.213444   0.335931   0.041438   0.302580   0.693633   0.501904   0.247167   0.430211   0.213273   0.335935   0.041770   0.302650   0.693169   0.501747   0.247027   0.432336   0.213142   0.335930   0.042851   0.302680   0.692866   0.500990   0.246386   0.433590   0.212544   0.335392   0.044034   0.305791   0.689868   0.502615   0.247756   0.433554   0.213821   0.335571   0.044785   0.328687   0.677690   0.509730   0.253931   0.432799   0.219606   0.338552   0.044799   0.379402   0.658223   0.518333   0.261569   0.431519   0.226788   0.345752   0.049583   0.438685   0.640830   0.526646   0.269092   0.430999   0.233888   0.356174   0.061004   0.484210   0.630880   0.534699   0.276480   0.431355   0.240876   0.366994   0.073345   0.502995   0.630049   0.540420   0.281815   0.431513   0.245937   0.376390   0.083776   0.493895   0.637125   0.543137   0.284390   0.431511   0.248387   0.383180   0.090735   0.463787   0.649229   0.542345   0.283643   0.431166   0.247678   0.386674   0.092679   0.422655   0.663159   0.538273   0.279799   0.430417   0.244023   0.386591   0.087901   0.378035   0.677211   0.532062   0.273993   0.429774   0.238514   0.383550   0.077657   0.337286   0.690210   0.524789   0.267300   0.429774   0.232179   0.378588   0.065699   0.311448   0.699123   0.517578   0.260784   0.430197   0.226031   0.372230   0.056421   0.302881   0.701915   0.513027   0.256737   0.430820   0.222224   0.365680   0.052387   0.301950   0.701432   0.510856   0.254852   0.431210   0.220459   0.360075   0.051371   0.301327   0.700915   0.508837   0.253118   0.431120   0.218838   0.355241   0.051709   0.300794   0.700464   0.506862   0.251434   0.431031   0.217265   0.350916   0.052555   0.300402   0.700018   0.504838   0.249715   0.430864   0.215660   0.347010   0.052731   0.300122   0.699554   0.502978   0.248146   0.430774   0.214197   0.343425   0.052518   0.299793   0.699191   0.501300   0.246743   0.431113   0.212892   0.340074   0.052589 
  8   0.157191   0.688458   0.387848   0.162381   0.240828   0.135876   0.240801   0.046454   0.299100   0.696928   0.373963   0.152943   0.239880   0.127393   0.231917   0.057125   0.299551   0.695869   0.374771   0.153430   0.240555   0.127822   0.233235   0.060592   0.299643   0.695189   0.374983   0.153567   0.242464   0.127944   0.234006   0.064735   0.299639   0.694794   0.374350   0.153180   0.243577   0.127602   0.234145   0.068785   0.305074   0.689463   0.376471   0.154510   0.243530   0.128781   0.234863   0.072627   0.335803   0.669435   0.384549   0.159723   0.242851   0.133425   0.237378   0.078243   0.397415   0.639492   0.395234   0.166817   0.241704   0.139775   0.241933   0.089910   0.467156   0.613679   0.406307   0.174352   0.241260   0.146547   0.248243   0.103709   0.523075   0.598970   0.416752   0.181608   0.241644   0.153091   0.255180   0.113655   0.552110   0.597933   0.424504   0.187099   0.241847   0.158060   0.261872   0.122311   0.547208   0.609689   0.428380   0.189883   0.241903   0.160585   0.267277   0.129042   0.513188   0.629305   0.427938   0.189562   0.241624   0.160293   0.270222   0.130645   0.462499   0.651509   0.423797   0.186571   0.240950   0.157577   0.270358   0.124918   0.404185   0.674575   0.417147   0.181814   0.240372   0.153266   0.268277   0.114933   0.348798   0.696497   0.408367   0.175654   0.240367   0.147701   0.264688   0.104284   0.311314   0.711887   0.398451   0.168859   0.240729   0.141587   0.259936   0.093409   0.297895   0.716538   0.391335   0.164094   0.241271   0.137317   0.254932   0.086403   0.296319   0.715213   0.387412   0.161539   0.241613   0.135037   0.250579   0.084481   0.295646   0.713684   0.384080   0.159390   0.241516   0.133123   0.246974   0.086877   0.295449   0.712005   0.381032   0.157440   0.241404   0.131389   0.244061   0.089597   0.295273   0.710433   0.378149   0.155615   0.241214   0.129769   0.241345   0.088539   0.294732   0.709359   0.375435   0.153918   0.241101   0.128265   0.238562   0.086972   0.294049   0.708597   0.372997   0.152410   0.241379   0.126931   0.235974   0.087384 
  9   0.149778   0.695645   0.414949   0.181091   0.320137   0.152735   0.251644   0.062069   0.288552   0.711059   0.416327   0.181587   0.319360   0.153111   0.244177   0.070081   0.288300   0.709697   0.417643   0.182519   0.320049   0.153954   0.242668   0.072307   0.287345   0.708980   0.418118   0.182898   0.321931   0.154304   0.240717   0.078089   0.286502   0.708279   0.417608   0.182589   0.322969   0.154031   0.238787   0.084976   0.298342   0.696087   0.426397   0.188704   0.322856   0.159550   0.240866   0.090258   0.354878   0.661458   0.447359   0.204008   0.322099   0.173476   0.246354   0.098941   0.459701   0.617615   0.468997   0.220870   0.320835   0.188988   0.250994   0.121127   0.576560   0.580791   0.488609   0.236919   0.320338   0.203877   0.255648   0.144531   0.675872   0.555750   0.506150   0.251785   0.320643   0.217752   0.260790   0.155193   0.738606   0.546553   0.519602   0.263569   0.320729   0.228815   0.266667   0.161120   0.746224   0.557127   0.527144   0.270397   0.320670   0.235261   0.273453   0.166679   0.695703   0.584976   0.527354   0.270706   0.320300   0.235572   0.280035   0.169261   0.604351   0.622279   0.520576   0.264685   0.319590   0.229907   0.284803   0.164886   0.494712   0.662373   0.508729   0.254204   0.318993   0.220050   0.286714   0.155204   0.389872   0.699614   0.492870   0.240533   0.318969   0.207251   0.285384   0.141712   0.311114   0.729640   0.471245   0.222713   0.319358   0.190698   0.280740   0.120111   0.278221   0.742322   0.452871   0.208168   0.319953   0.177280   0.273001   0.104725   0.275498   0.740447   0.443770   0.201302   0.320313   0.170999   0.265244   0.101809   0.275127   0.737044   0.437752   0.196853   0.320223   0.166943   0.259543   0.103723   0.275181   0.733652   0.432823   0.193270   0.320150   0.163685   0.254978   0.107415   0.275422   0.730625   0.428169   0.189940   0.320016   0.160667   0.250898   0.107382   0.275676   0.728054   0.423773   0.186843   0.319940   0.157866   0.246997   0.105709   0.275848   0.725686   0.420190   0.184355   0.320260   0.155622   0.243565   0.106011 
 10   0.126643   0.685632   0.661346   0.411135   0.780327   0.371699   0.573516   0.033805   0.304839   0.691672   0.679762   0.433213   0.778532   0.393597   0.580991   0.036686   0.305370   0.690927   0.681992   0.436051   0.779486   0.396443   0.577501   0.033797   0.305830   0.690169   0.683564   0.438059   0.782068   0.398458   0.577049   0.032717   0.306107   0.689665   0.683767   0.438326   0.783623   0.398727   0.576469   0.032561   0.306888   0.688989   0.683525   0.438021   0.783697   0.398422   0.575363   0.031908   0.316877   0.685390   0.687137   0.442737   0.782954   0.403171   0.574978   0.029447   0.343642   0.678148   0.693471   0.451000   0.781600   0.411492   0.580971   0.027252   0.379781   0.670462   0.699801   0.459312   0.781035   0.419873   0.593269   0.029770   0.414716   0.664370   0.707210   0.469173   0.781449   0.429840   0.605248   0.035704   0.440086   0.660641   0.714346   0.478817   0.781603   0.439616   0.615104   0.041616   0.447091   0.660138   0.719836   0.486333   0.781509   0.447252   0.622578   0.045782   0.432311   0.663178   0.722218   0.489626   0.780979   0.450603   0.627360   0.046868   0.401454   0.668861   0.720876   0.487779   0.779939   0.448725   0.629340   0.044063   0.363678   0.675863   0.716578   0.481853   0.779102   0.442697   0.629516   0.037880   0.329151   0.682921   0.709625   0.472328   0.779079   0.433019   0.630394   0.030885   0.309993   0.688207   0.700824   0.460418   0.779535   0.420945   0.628871   0.028605   0.305750   0.690074   0.695463   0.453247   0.780243   0.413690   0.623190   0.029694   0.305754   0.689960   0.693907   0.451213   0.780733   0.411641   0.617224   0.029810   0.305803   0.689794   0.692485   0.449369   0.780704   0.409787   0.612038   0.029812   0.305886   0.689623   0.691103   0.447587   0.780629   0.407996   0.607500   0.030318   0.305958   0.689504   0.689624   0.445693   0.780424   0.406095   0.603105   0.030989   0.305998   0.689384   0.688321   0.444038   0.780337   0.404436   0.598946   0.031203   0.306025   0.689231   0.687340   0.442803   0.780779   0.403200   0.595401   0.031240 
 11   0.123596   0.686331   0.684531   0.440233   0.836329   0.400806   0.590481   0.042721   0.303220   0.692580   0.709911   0.472778   0.834579   0.433487   0.591067   0.045186   0.303907   0.691226   0.716558   0.481849   0.835484   0.442698   0.582923   0.041288   0.304552   0.690212   0.720995   0.487949   0.838057   0.448900   0.578766   0.039888   0.305074   0.689425   0.723486   0.491395   0.839617   0.452408   0.575137   0.039914   0.307534   0.687505   0.726948   0.496199   0.839799   0.457302   0.572554   0.038881   0.325388   0.681242   0.738111   0.512080   0.839193   0.473551   0.574998   0.033172   0.366615   0.671284   0.752361   0.532684   0.837924   0.494698   0.588286   0.026964   0.420381   0.661343   0.764930   0.551356   0.837322   0.513959   0.606770   0.028137   0.474802   0.653097   0.778568   0.572165   0.837618   0.535531   0.621215   0.034673   0.517824   0.647720   0.791131   0.591819   0.837651   0.555999   0.632015   0.042357   0.532481   0.646945   0.800294   0.606462   0.837386   0.571309   0.641022   0.049083   0.510928   0.651241   0.804252   0.612880   0.836639   0.578038   0.648661   0.052786   0.462572   0.659026   0.802515   0.610060   0.835393   0.575081   0.655193   0.051846   0.401227   0.668466   0.795782   0.599184   0.834523   0.563686   0.662730   0.046419   0.344169   0.677977   0.782673   0.578399   0.834552   0.541987   0.673622   0.037296   0.312161   0.686400   0.763650   0.549086   0.835018   0.511547   0.677800   0.033562   0.304681   0.690419   0.750777   0.529712   0.835764   0.491517   0.671500   0.035561   0.304615   0.690589   0.746629   0.523667   0.836371   0.485306   0.664025   0.035741   0.304713   0.690520   0.743526   0.519187   0.836524   0.480709   0.657985   0.035455   0.304853   0.690401   0.740716   0.515159   0.836516   0.476583   0.652829   0.035665   0.304892   0.690381   0.737976   0.511265   0.836303   0.472600   0.647593   0.036145   0.304826   0.690407   0.735663   0.508008   0.836259   0.469274   0.642397   0.036225   0.304812   0.690335   0.733898   0.505543   0.836778   0.466760   0.637770   0.036222 
 12   0.128006   0.687560   0.630002   0.375148   0.748148   0.336270   0.499582   0.043471   0.300605   0.695190   0.657849   0.406724   0.745565   0.367287   0.503300   0.045211   0.300956   0.694081   0.663612   0.413745   0.746379   0.374271   0.496254   0.041277   0.301202   0.693327   0.667554   0.418579   0.748812   0.379085   0.492268   0.039600   0.301344   0.692777   0.669529   0.420997   0.750233   0.381493   0.488825   0.039367   0.305417   0.689266   0.675391   0.428248   0.750302   0.388727   0.487071   0.038076   0.333629   0.678651   0.691207   0.448488   0.749631   0.409043   0.492273   0.032085   0.395639   0.663633   0.709221   0.472241   0.748349   0.433015   0.506766   0.028860   0.474222   0.649626   0.725522   0.494565   0.747785   0.455703   0.522737   0.035257   0.552075   0.638848   0.742645   0.518791   0.747993   0.480470   0.534706   0.045832   0.609350   0.632962   0.757599   0.540644   0.747872   0.502946   0.544663   0.056364   0.620483   0.634228   0.767633   0.555702   0.747520   0.518509   0.554152   0.065167   0.580561   0.642476   0.770571   0.560229   0.746794   0.523212   0.563591   0.070630   0.509755   0.654546   0.766187   0.553686   0.745666   0.516455   0.572572   0.070461   0.428526   0.667719   0.756113   0.538666   0.744818   0.500949   0.580876   0.063732   0.355853   0.679845   0.741164   0.516751   0.744831   0.478397   0.589645   0.049908   0.313347   0.689870   0.720833   0.487916   0.745320   0.448904   0.591309   0.040877   0.302059   0.694607   0.706494   0.468113   0.746039   0.428749   0.583477   0.040130   0.301825   0.694831   0.701614   0.461621   0.746576   0.422188   0.575277   0.038752   0.301857   0.694716   0.697894   0.456715   0.746687   0.417236   0.569256   0.037395   0.301959   0.694484   0.694648   0.452473   0.746733   0.412962   0.564314   0.036679   0.301827   0.694446   0.691352   0.448208   0.746579   0.408674   0.559053   0.036087   0.301496   0.694563   0.688253   0.444243   0.746514   0.404694   0.553214   0.035699   0.301268   0.694533   0.685868   0.441220   0.747002   0.401666   0.547774   0.035520 
 13   0.132208   0.696931   0.566587   0.308819   0.609596   0.272006   0.391852   0.054802   0.291313   0.713539   0.600253   0.341901   0.605575   0.303695   0.394792   0.053112   0.291660   0.711373   0.603424   0.345266   0.606188   0.306963   0.386137   0.051479   0.291945   0.709682   0.605008   0.346997   0.608352   0.308651   0.380952   0.052031   0.291831   0.708773   0.604446   0.346436   0.609542   0.308113   0.376958   0.053661   0.299828   0.700554   0.610454   0.352820   0.609402   0.314311   0.376326   0.054194   0.347053   0.673681   0.629921   0.374467   0.608496   0.335504   0.381671   0.054985   0.443085   0.636017   0.652814   0.401277   0.606995   0.361994   0.390483   0.067019   0.556069   0.604111   0.673878   0.427388   0.606371   0.388063   0.399353   0.090343   0.653389   0.585605   0.693063   0.452143   0.606547   0.412961   0.408110   0.113368   0.712676   0.582479   0.706380   0.469950   0.606434   0.430987   0.418633   0.132514   0.716415   0.593488   0.712639   0.478557   0.606220   0.439745   0.430489   0.145892   0.661846   0.616205   0.710490   0.475810   0.605808   0.436988   0.442331   0.151149   0.569186   0.645823   0.699877   0.461781   0.605114   0.422815   0.452583   0.146131   0.464924   0.676126   0.683845   0.440907   0.604499   0.401782   0.459323   0.130054   0.373741   0.701780   0.666272   0.418519   0.604546   0.379313   0.461624   0.105358   0.312791   0.720373   0.647136   0.394943   0.605104   0.355797   0.457918   0.079259   0.290135   0.726861   0.632790   0.377797   0.605846   0.338788   0.448885   0.064099   0.288810   0.724698   0.626084   0.370098   0.606235   0.331208   0.439186   0.059548   0.288078   0.722657   0.621157   0.364569   0.606104   0.325786   0.430553   0.057684   0.287305   0.720981   0.617281   0.360304   0.606061   0.321619   0.422230   0.057772   0.286910   0.719414   0.613792   0.356510   0.605958   0.317920   0.414397   0.058461   0.286761   0.718074   0.610105   0.352534   0.605890   0.314049   0.406985   0.058904   0.286608   0.716958   0.606631   0.348827   0.606287   0.310447   0.400110   0.059439 
 14   0.143852   0.696980   0.476881   0.228052   0.429667   0.195755   0.302129   0.054907   0.291472   0.713718   0.499431   0.245742   0.428722   0.212053   0.303058   0.056613   0.291249   0.712121   0.501211   0.247261   0.429359   0.213472   0.298561   0.056949   0.290734   0.711077   0.502199   0.248141   0.431328   0.214300   0.295035   0.059737   0.290182   0.710464   0.501655   0.247712   0.432414   0.213904   0.291748   0.063546   0.300176   0.699666   0.507983   0.253064   0.432274   0.218898   0.291660   0.066377   0.351669   0.664449   0.526669   0.269634   0.431427   0.234486   0.295467   0.070998   0.451992   0.614583   0.548753   0.290303   0.430017   0.254113   0.300173   0.087102   0.567607   0.570762   0.570344   0.311516   0.429402   0.274431   0.304985   0.110174   0.667180   0.542806   0.590497   0.332144   0.429579   0.294333   0.310596   0.128790   0.729022   0.535813   0.605900   0.348571   0.429497   0.310298   0.317984   0.144278   0.734425   0.551521   0.614601   0.358199   0.429304   0.319717   0.327062   0.157591   0.681843   0.585113   0.614776   0.358578   0.428875   0.320120   0.336340   0.165556   0.590170   0.627551   0.606657   0.349826   0.428161   0.311597   0.343882   0.164407   0.482753   0.670974   0.592527   0.334682   0.427580   0.296864   0.348291   0.153811   0.383067   0.708469   0.574856   0.316216   0.427640   0.278982   0.348867   0.133612   0.311904   0.734734   0.554292   0.295647   0.428184   0.259216   0.344739   0.105760   0.283977   0.743132   0.538027   0.280010   0.428925   0.244296   0.336494   0.087429   0.282212   0.739446   0.529635   0.272273   0.429350   0.236968   0.328080   0.082405   0.281727   0.735676   0.523900   0.267097   0.429266   0.232084   0.321061   0.081475   0.281352   0.732439   0.519349   0.263063   0.429230   0.228290   0.314618   0.082476   0.281188   0.729819   0.514968   0.259233   0.429134   0.224695   0.308880   0.082092   0.281145   0.727709   0.510585   0.255442   0.429075   0.221145   0.303757   0.080985   0.281037   0.725874   0.506735   0.252160   0.429435   0.218078   0.299138   0.080834 
 15   0.123125   0.685739   0.697790   0.456434   0.891898   0.416927   0.647410   0.027176   0.304902   0.691992   0.706211   0.467337   0.890615   0.427891   0.652765   0.028541   0.305301   0.691442   0.706794   0.468107   0.891706   0.428668   0.651291   0.028202   0.305671   0.690778   0.707804   0.469460   0.894358   0.430037   0.651207   0.028076   0.305993   0.690284   0.707844   0.469519   0.895935   0.430097   0.650372   0.028411   0.306628   0.689770   0.707247   0.468709   0.896149   0.429276   0.649102   0.028378   0.314740   0.686945   0.709906   0.472294   0.895596   0.432908   0.647824   0.027080   0.336772   0.680830   0.716328   0.481020   0.894338   0.441760   0.651033   0.025766   0.366956   0.673840   0.724690   0.492543   0.893747   0.453479   0.660464   0.027626   0.396677   0.667883   0.734801   0.506749   0.894203   0.467980   0.670618   0.031823   0.419502   0.663752   0.744755   0.521033   0.894479   0.482616   0.678725   0.035878   0.427675   0.662313   0.752986   0.533068   0.894404   0.494991   0.684443   0.038628   0.416927   0.664042   0.758219   0.540834   0.893777   0.502999   0.687610   0.039016   0.390810   0.668505   0.759556   0.542853   0.892606   0.505087   0.688803   0.036889   0.356849   0.674541   0.757290   0.539491   0.891752   0.501621   0.690247   0.031914   0.325548   0.681114   0.749913   0.528577   0.891670   0.490374   0.695444   0.026296   0.309107   0.686565   0.738838   0.512410   0.891997   0.473756   0.695686   0.026344   0.305980   0.688771   0.731430   0.501770   0.892657   0.462851   0.689696   0.029195   0.305860   0.688952   0.728138   0.497140   0.893196   0.458125   0.685268   0.029858   0.305804   0.689060   0.725298   0.493191   0.893221   0.454102   0.681136   0.029920   0.305788   0.689104   0.722765   0.489698   0.893050   0.450549   0.677336   0.030105   0.305780   0.689138   0.720381   0.486435   0.892779   0.447235   0.673565   0.030599   0.305803   0.689136   0.718305   0.483615   0.892754   0.444374   0.670031   0.030843   0.305875   0.689045   0.716718   0.481477   0.893264   0.442209   0.667031   0.030907 
 16   0.121023   0.686431   0.712859   0.476329   0.927332   0.437006   0.672337   0.024749   0.302887   0.693238   0.717238   0.482208   0.926119   0.442956   0.675716   0.025521   0.303281   0.692492   0.717804   0.482959   0.927201   0.443714   0.675563   0.025970   0.303609   0.691750   0.718753   0.484243   0.929836   0.445017   0.676337   0.026490   0.303910   0.691160   0.718890   0.484422   0.931404   0.445196   0.676198   0.027144   0.305689   0.689807   0.720060   0.485993   0.931645   0.446786   0.676040   0.026885   0.320030   0.684652   0.727293   0.495994   0.931112   0.456963   0.676776   0.024818   0.353047   0.675665   0.740044   0.514005   0.929846   0.475365   0.682759   0.022800   0.394544   0.666459   0.755459   0.536460   0.929102   0.498437   0.694058   0.024424   0.434146   0.658941   0.772772   0.562502   0.929429   0.525355   0.704132   0.028519   0.462737   0.653973   0.789015   0.587721   0.929653   0.551576   0.711057   0.032184   0.470422   0.652576   0.801846   0.608191   0.929445   0.572967   0.715363   0.034371   0.453820   0.655195   0.809836   0.621188   0.928647   0.586597   0.717636   0.035127   0.418782   0.660988   0.812476   0.625528   0.927286   0.591158   0.719115   0.034356   0.373825   0.668354   0.810384   0.622081   0.926425   0.587534   0.723801   0.030810   0.331955   0.676641   0.799689   0.604746   0.926331   0.569366   0.735163   0.025965   0.309995   0.684550   0.781955   0.576582   0.926556   0.539960   0.738572   0.027417   0.305662   0.688286   0.769551   0.557335   0.927206   0.519952   0.732724   0.031988   0.305303   0.688724   0.763591   0.548343   0.927847   0.510652   0.729459   0.032963   0.305036   0.689061   0.758467   0.540704   0.928010   0.502770   0.726616   0.032877   0.304851   0.689295   0.753903   0.533973   0.927791   0.495838   0.724012   0.032552   0.304753   0.689409   0.749991   0.528251   0.927491   0.489956   0.721581   0.032025   0.304693   0.689456   0.746762   0.523564   0.927554   0.485143   0.719148   0.031553   0.304664   0.689440   0.744107   0.519741   0.928114   0.481223   0.716858   0.031100 
 17   0.119320   0.686654   0.725993   0.494210   0.933456   0.455150   0.702706   0.023877   0.302154   0.693625   0.730022   0.499802   0.932338   0.460845   0.706502   0.024305   0.302573   0.692775   0.730643   0.500669   0.933538   0.461729   0.707314   0.025156   0.302927   0.691978   0.731602   0.502017   0.936335   0.463104   0.708759   0.026045   0.303224   0.691359   0.731634   0.502062   0.937963   0.463150   0.708926   0.026918   0.306238   0.689431   0.733602   0.504805   0.938213   0.465946   0.709514   0.026388   0.325977   0.682803   0.742871   0.518034   0.937662   0.479488   0.712988   0.024234   0.369602   0.672000   0.758331   0.540676   0.936333   0.502776   0.722727   0.023087   0.424756   0.661159   0.777135   0.569245   0.935433   0.532360   0.735856   0.025799   0.477800   0.652411   0.797770   0.601789   0.935647   0.566297   0.746248   0.030726   0.515993   0.646859   0.816560   0.632532   0.935812   0.598576   0.753092   0.035062   0.525431   0.645879   0.831079   0.657035   0.935493   0.624452   0.756652   0.038075   0.502213   0.649756   0.839821   0.672112   0.934559   0.640439   0.757907   0.039927   0.454730   0.657188   0.842203   0.676272   0.933041   0.644861   0.758715   0.040482   0.395189   0.666174   0.838898   0.670517   0.932156   0.638747   0.763148   0.037858   0.340619   0.675588   0.826387   0.649105   0.932108   0.616075   0.774452   0.031980   0.311502   0.684346   0.806093   0.615202   0.932339   0.580340   0.777969   0.031951   0.305500   0.688603   0.791648   0.591681   0.933038   0.555666   0.772046   0.036015   0.305059   0.689097   0.784876   0.580992   0.933797   0.544520   0.768867   0.036542   0.304776   0.689417   0.779139   0.572059   0.934079   0.535227   0.766481   0.035993   0.304605   0.689626   0.774068   0.564250   0.933851   0.527121   0.764246   0.034927   0.304524   0.689720   0.769758   0.557673   0.933557   0.520306   0.762035   0.033765   0.304471   0.689733   0.766213   0.552308   0.933719   0.514755   0.759807   0.032933   0.304425   0.689713   0.763198   0.547781   0.934359   0.510078   0.757660   0.032325 
 18   0.118938   0.687629   0.721617   0.488572   0.924659   0.449490   0.666585   0.028544   0.300703   0.695513   0.726688   0.495477   0.923416   0.456498   0.670097   0.029942   0.301007   0.694669   0.727492   0.496597   0.924576   0.457639   0.669303   0.030083   0.301152   0.694037   0.728163   0.497554   0.927291   0.458619   0.669149   0.030418   0.301314   0.693505   0.727926   0.497238   0.928881   0.458300   0.668003   0.031048   0.306667   0.690537   0.731683   0.502456   0.929046   0.463615   0.668752   0.029451   0.336367   0.681416   0.745609   0.522387   0.928408   0.484030   0.673561   0.025064   0.400573   0.667205   0.767172   0.554422   0.927048   0.517070   0.685541   0.023093   0.486229   0.652346   0.793289   0.595181   0.926095   0.559498   0.700916   0.027137   0.577317   0.639487   0.821904   0.642180   0.926186   0.608889   0.711398   0.034033   0.647088   0.631193   0.847656   0.686641   0.926183   0.656055   0.716085   0.040684   0.663910   0.630468   0.866772   0.721070   0.925696   0.692868   0.716383   0.046057   0.623165   0.636893   0.877500   0.740973   0.924583   0.714269   0.715590   0.049231   0.545421   0.647519   0.879872   0.745468   0.922989   0.719121   0.716805   0.049662   0.452655   0.660129   0.874309   0.735098   0.922040   0.707962   0.722094   0.047484   0.367703   0.672728   0.858120   0.705549   0.921967   0.676287   0.733515   0.042267   0.316963   0.685023   0.830185   0.656322   0.922244   0.623865   0.738094   0.040945   0.302760   0.691854   0.808152   0.618707   0.923002   0.584047   0.732615   0.043716   0.302263   0.692531   0.798491   0.602994   0.923817   0.567566   0.729176   0.043881   0.302167   0.692779   0.790762   0.590632   0.924184   0.554641   0.727519   0.043015   0.302142   0.692929   0.784062   0.580070   0.924105   0.543628   0.726056   0.041553   0.302132   0.693005   0.778269   0.571058   0.923923   0.534254   0.724305   0.040027   0.302180   0.692918   0.773540   0.563783   0.924153   0.526702   0.722543   0.038963   0.302270   0.692728   0.769655   0.557869   0.924857   0.520576   0.721055   0.037884 
 19   0.120971   0.688882   0.702800   0.463432   0.941652   0.424061   0.604510   0.028706   0.300965   0.697997   0.707735   0.469849   0.940231   0.430519   0.607991   0.030142   0.301260   0.697070   0.707654   0.469683   0.941181   0.430340   0.605726   0.030513   0.301432   0.696230   0.707926   0.470028   0.943547   0.430686   0.604357   0.031073   0.301535   0.695624   0.707199   0.469054   0.944900   0.429699   0.602642   0.031697   0.304460   0.693558   0.708782   0.471061   0.945018   0.431710   0.602338   0.030890   0.327561   0.685793   0.719028   0.484898   0.944344   0.445734   0.604488   0.028267   0.383338   0.671789   0.737414   0.510707   0.942944   0.472076   0.612627   0.026874   0.462267   0.655835   0.761780   0.546585   0.942140   0.509022   0.625284   0.031399   0.543262   0.642148   0.789883   0.590101   0.942225   0.554257   0.633922   0.039034   0.601008   0.633648   0.815724   0.632129   0.942151   0.598348   0.637266   0.045243   0.615695   0.632360   0.835618   0.665838   0.941727   0.633983   0.637165   0.049516   0.583501   0.638243   0.848064   0.687542   0.940757   0.657052   0.635635   0.052207   0.517869   0.648905   0.852490   0.695375   0.939374   0.665400   0.635526   0.052442   0.437051   0.661879   0.848847   0.688889   0.938478   0.658480   0.639115   0.049498   0.361597   0.674957   0.834356   0.663653   0.938353   0.631665   0.649106   0.043538   0.314491   0.688119   0.806544   0.617038   0.938677   0.582487   0.652948   0.041787   0.300503   0.695442   0.783569   0.579778   0.939440   0.543418   0.647132   0.044625   0.300040   0.696137   0.772942   0.563378   0.940147   0.526380   0.642866   0.044951   0.300002   0.696507   0.764002   0.549800   0.940423   0.512318   0.639985   0.043661   0.300117   0.696646   0.756301   0.538285   0.940418   0.500425   0.637593   0.041994   0.300232   0.696648   0.749611   0.528421   0.940342   0.490265   0.635183   0.040543   0.300325   0.696525   0.743991   0.520253   0.940550   0.481874   0.632668   0.039495   0.300369   0.696341   0.739263   0.513486   0.941168   0.474941   0.630403   0.038623 
 20   0.120815   0.685187   0.722068   0.488714   0.930645   0.449544   0.706574   0.023091   0.304544   0.690840   0.725866   0.493925   0.929659   0.454840   0.710840   0.022667   0.304977   0.690223   0.726327   0.494549   0.930969   0.455472   0.711709   0.023212   0.305313   0.689568   0.727115   0.495632   0.933758   0.456573   0.713311   0.023917   0.305617   0.689076   0.727034   0.495507   0.935451   0.456443   0.713561   0.024698   0.306300   0.688530   0.726621   0.494914   0.935782   0.455836   0.712980   0.025207   0.314103   0.685880   0.729301   0.498646   0.935292   0.459639   0.713753   0.025649   0.334194   0.680538   0.735645   0.507584   0.934094   0.468765   0.718778   0.025972   0.360460   0.674868   0.743964   0.519507   0.933328   0.480979   0.727305   0.027925   0.385554   0.670291   0.753694   0.533713   0.933736   0.495580   0.735870   0.031680   0.403992   0.667298   0.762780   0.547226   0.934150   0.509517   0.742664   0.034924   0.409408   0.666370   0.769910   0.557995   0.934123   0.520657   0.747114   0.036504   0.399341   0.667773   0.774101   0.564395   0.933446   0.527290   0.749048   0.036523   0.377519   0.671128   0.774911   0.565648   0.932191   0.528592   0.749065   0.035109   0.348925   0.675661   0.772809   0.562438   0.931451   0.525265   0.750103   0.030675   0.321858   0.681026   0.765447   0.551279   0.931422   0.513715   0.754943   0.025134   0.308229   0.685620   0.754750   0.535249   0.931620   0.497158   0.752793   0.025843   0.306046   0.687470   0.747766   0.524944   0.932193   0.486545   0.745044   0.029493   0.305827   0.687711   0.744212   0.519791   0.932780   0.481256   0.741046   0.030013   0.305713   0.687861   0.741154   0.515394   0.932911   0.476750   0.737317   0.029467   0.305640   0.687976   0.738356   0.511406   0.932576   0.472668   0.733484   0.029113   0.305614   0.688044   0.735876   0.507899   0.932150   0.469085   0.729733   0.029075   0.305650   0.688022   0.733901   0.505130   0.932189   0.466260   0.726520   0.028769   0.305732   0.687914   0.732400   0.503040   0.932732   0.464130   0.723829   0.028430 
 21   0.119442   0.685479   0.735149   0.506930   0.935543   0.468106   0.729679   0.021922   0.304269   0.691314   0.739885   0.513629   0.934649   0.474952   0.734726   0.021677   0.304734   0.690496   0.740915   0.515099   0.936117   0.476456   0.736574   0.022859   0.305137   0.689689   0.742155   0.516873   0.939066   0.478272   0.739110   0.023959   0.305441   0.689114   0.742339   0.517133   0.940856   0.478538   0.740165   0.024870   0.306464   0.688321   0.742428   0.517243   0.941180   0.478647   0.740293   0.025052   0.316602   0.684881   0.746582   0.523233   0.940643   0.484791   0.741620   0.024896   0.341144   0.678462   0.754980   0.535511   0.939354   0.497414   0.747756   0.024837   0.372571   0.671840   0.765564   0.551330   0.938394   0.513744   0.757637   0.026716   0.402330   0.666440   0.777949   0.570268   0.938676   0.533376   0.766802   0.030234   0.422603   0.663012   0.789571   0.588446   0.939062   0.552302   0.773640   0.032927   0.426172   0.662249   0.798526   0.602732   0.938974   0.567230   0.777941   0.034126   0.412298   0.664239   0.803690   0.611086   0.938209   0.575982   0.779926   0.034075   0.386210   0.668347   0.804794   0.612889   0.936837   0.577874   0.780504   0.033000   0.353670   0.673440   0.802626   0.609373   0.936126   0.574189   0.783985   0.029147   0.323837   0.679336   0.793992   0.595524   0.936210   0.559703   0.793213   0.024253   0.309010   0.684615   0.781261   0.575376   0.936479   0.538681   0.793481   0.025328   0.306582   0.686816   0.773084   0.562667   0.937132   0.525466   0.785898   0.029038   0.306308   0.687106   0.768866   0.556238   0.937810   0.518804   0.782346   0.029765   0.306126   0.687303   0.765204   0.550705   0.938018   0.513081   0.779217   0.029407   0.305982   0.687466   0.761768   0.545555   0.937623   0.507762   0.775895   0.029027   0.305895   0.687556   0.758723   0.541021   0.937160   0.503085   0.772596   0.028864   0.305885   0.687535   0.756359   0.537523   0.937262   0.499482   0.769826   0.028504   0.305929   0.687445   0.754554   0.534869   0.937856   0.496749   0.767446   0.028040 
 22   0.118319   0.685637   0.750599   0.529254   0.937037   0.491009   0.746516   0.022282   0.304924   0.691568   0.756983   0.538559   0.936220   0.500570   0.752506   0.021383   0.305305   0.690611   0.758490   0.540789   0.937711   0.502868   0.755383   0.022351   0.305707   0.689683   0.760051   0.543106   0.940718   0.505256   0.759047   0.023306   0.305999   0.689043   0.760348   0.543548   0.942515   0.505713   0.760984   0.024242   0.307803   0.687925   0.761117   0.544673   0.942881   0.506870   0.761149   0.024665   0.321337   0.683607   0.766885   0.553334   0.942287   0.515819   0.761468   0.024221   0.351730   0.675901   0.777563   0.569659   0.940891   0.532743   0.767582   0.023656   0.388923   0.668034   0.790899   0.590589   0.939895   0.554546   0.778287   0.025441   0.422574   0.661854   0.805907   0.614790   0.940039   0.579886   0.787428   0.028923   0.444931   0.658118   0.819681   0.637607   0.940279   0.603897   0.793956   0.031983   0.449265   0.657428   0.830292   0.655598   0.940097   0.622913   0.798000   0.034178   0.433620   0.659961   0.836503   0.666303   0.939264   0.634262   0.799942   0.035277   0.402970   0.664922   0.837957   0.668840   0.937899   0.636958   0.801269   0.034852   0.364398   0.670819   0.835459   0.664525   0.937239   0.632382   0.807251   0.030697   0.328836   0.677558   0.825254   0.647115   0.937361   0.613959   0.819927   0.025408   0.310817   0.683649   0.810267   0.621946   0.937685   0.587404   0.823783   0.026605   0.307626   0.686223   0.800653   0.606140   0.938396   0.570793   0.818305   0.030627   0.307316   0.686605   0.795642   0.598081   0.939139   0.562360   0.815082   0.031747   0.307090   0.686863   0.791324   0.591206   0.939446   0.555179   0.812516   0.031636   0.306933   0.687035   0.787387   0.584994   0.939142   0.548702   0.810208   0.031005   0.306848   0.687116   0.783986   0.579667   0.938767   0.543154   0.808009   0.030302   0.306829   0.687099   0.781304   0.575497   0.938933   0.538818   0.805878   0.029827   0.306846   0.687028   0.779112   0.572112   0.939541   0.535302   0.803713   0.029656 
 23   0.117233   0.686820   0.749033   0.527183   0.936587   0.488922   0.729572   0.024571   0.302748   0.693906   0.753554   0.533726   0.935664   0.495636   0.735697   0.024545   0.303134   0.692947   0.754258   0.534749   0.937132   0.496686   0.737945   0.025673   0.303466   0.692070   0.755140   0.536045   0.940192   0.498020   0.740501   0.026790   0.303679   0.691487   0.754779   0.535515   0.941992   0.497475   0.741441   0.027618   0.308606   0.689072   0.757355   0.539273   0.942317   0.501338   0.741984   0.026995   0.335822   0.681144   0.768517   0.556009   0.941712   0.518625   0.745626   0.025211   0.393193   0.668661   0.786816   0.584359   0.940278   0.548091   0.756446   0.025351   0.464689   0.656177   0.809250   0.620612   0.939204   0.586068   0.769770   0.029718   0.531653   0.646411   0.833137   0.660922   0.939227   0.628642   0.779327   0.035936   0.576178   0.640880   0.854270   0.698082   0.939282   0.668193   0.784811   0.041483   0.580538   0.641133   0.869865   0.726446   0.938873   0.698575   0.786528   0.045769   0.544376   0.646732   0.878326   0.742186   0.937799   0.715507   0.786343   0.048462   0.482412   0.655606   0.879202   0.743862   0.936187   0.717320   0.787363   0.048785   0.410596   0.665697   0.873125   0.732560   0.935370   0.705162   0.793589   0.045127   0.347322   0.675847   0.857230   0.703560   0.935449   0.674080   0.805865   0.038415   0.313144   0.684907   0.834459   0.663170   0.935774   0.631020   0.809586   0.037302   0.305658   0.689186   0.818803   0.636215   0.936576   0.602444   0.804304   0.040125   0.305301   0.689635   0.811430   0.623933   0.937480   0.589506   0.801623   0.039978   0.305154   0.689852   0.805371   0.613970   0.937893   0.579035   0.799903   0.039024   0.305023   0.690011   0.799878   0.605038   0.937650   0.569669   0.798495   0.037637   0.304882   0.690138   0.794993   0.597178   0.937330   0.561442   0.796969   0.036301   0.304778   0.690179   0.790946   0.590734   0.937555   0.554711   0.795124   0.035508   0.304663   0.690193   0.787394   0.585142   0.938255   0.548881   0.793000   0.035094 
 24   0.116342   0.687823   0.747684   0.525594   0.932763   0.487360   0.696336   0.028580   0.301051   0.695811   0.750636   0.529785   0.931875   0.491645   0.702357   0.030041   0.301360   0.694890   0.750819   0.530056   0.933405   0.491924   0.703259   0.031250   0.301238   0.694431   0.750364   0.529447   0.936314   0.491308   0.703720   0.032587   0.300938   0.694303   0.748454   0.526747   0.938073   0.488548   0.702779   0.033720   0.312043   0.689730   0.754346   0.535304   0.938257   0.497337   0.705196   0.031695   0.360612   0.676760   0.773852   0.564581   0.937506   0.527593   0.714937   0.027872   0.454225   0.658791   0.801759   0.608815   0.936148   0.573772   0.731415   0.028544   0.569488   0.641172   0.834622   0.664116   0.935061   0.632158   0.747467   0.034242   0.675680   0.627717   0.867462   0.722769   0.934944   0.694781   0.756370   0.040454   0.732282   0.622010   0.894160   0.773104   0.934846   0.749076   0.757560   0.045185   0.712923   0.625886   0.911559   0.807297   0.934255   0.786251   0.753801   0.048718   0.638026   0.636138   0.919260   0.822849   0.932987   0.803245   0.750875   0.050492   0.544496   0.648311   0.918548   0.821483   0.931303   0.801768   0.752240   0.050058   0.451308   0.660898   0.909937   0.804296   0.930443   0.783027   0.759017   0.047615   0.367989   0.673338   0.890834   0.767083   0.930456   0.742636   0.771970   0.043295   0.316814   0.685751   0.860648   0.710473   0.930721   0.681631   0.776343   0.043280   0.302850   0.692545   0.837473   0.668444   0.931441   0.636627   0.770947   0.046080   0.302504   0.693023   0.827404   0.651099   0.932305   0.618237   0.768800   0.046079   0.302402   0.693205   0.819128   0.637115   0.932778   0.603464   0.768151   0.045320   0.302340   0.693326   0.811695   0.624755   0.932583   0.590446   0.767974   0.043531   0.302372   0.693308   0.805425   0.614452   0.932308   0.579618   0.767809   0.041510   0.302440   0.693140   0.800343   0.606190   0.932647   0.570953   0.767445   0.040418   0.302476   0.692961   0.795864   0.598982   0.933440   0.563407   0.766774   0.039783 
