timestamp=                2022-01-12T15:14:48.917642
shape=                    (5, 5)
sigma=                    2.5
nepochs=                  5
rate=                     0.00724
neighborhood function=    gaussian
init weights=             pca
topology=                 hexagonal
activation distance=      euclidean
output type=              labels
mapfile_prefix=           2021_5x5_5_00724_03
apply classification=     False
apply activation=         False
seed=                     None
random order=             True
custom init file=         None
decay_function=           3

quantization error=       0.33949016
topographic error=        0.09968336

############ NEURONS #############
 25 192
  0   0.116394   0.687818   0.747614   0.525500   0.932673   0.487265   0.696119   0.028603   0.301123   0.695785   0.750645   0.529801   0.931780   0.491662   0.702232   0.029982   0.301461   0.694843   0.750893   0.530162   0.933313   0.492033   0.703185   0.031188   0.301382   0.694354   0.750509   0.529653   0.936217   0.491519   0.703721   0.032538   0.301066   0.694245   0.748605   0.526959   0.937966   0.488764   0.702764   0.033564   0.312041   0.689755   0.754441   0.535446   0.938145   0.497484   0.705021   0.031543   0.360354   0.676893   0.773966   0.564770   0.937392   0.527793   0.714666   0.027766   0.453894   0.658987   0.801917   0.609080   0.936036   0.574052   0.731110   0.028453   0.569152   0.641410   0.834735   0.664313   0.934953   0.632366   0.747141   0.034262   0.675209   0.628019   0.867501   0.722845   0.934834   0.694864   0.756091   0.040576   0.731414   0.622304   0.894198   0.773173   0.934738   0.749151   0.757358   0.045312   0.713828   0.625976   0.911738   0.807649   0.934145   0.786633   0.753567   0.048926   0.639953   0.636102   0.919433   0.823201   0.932871   0.803632   0.750513   0.050808   0.545676   0.648273   0.918727   0.821859   0.931185   0.802182   0.751684   0.050301   0.451898   0.660867   0.910173   0.804773   0.930326   0.783548   0.758477   0.047676   0.367680   0.673345   0.890897   0.767210   0.930342   0.742774   0.771597   0.043269   0.316712   0.685729   0.860630   0.710444   0.930606   0.681601   0.776099   0.043263   0.302913   0.692519   0.837434   0.668377   0.931324   0.636556   0.770953   0.046048   0.302508   0.693056   0.827203   0.650762   0.932190   0.617882   0.768785   0.046079   0.302357   0.693288   0.818801   0.636578   0.932664   0.602900   0.767834   0.045312   0.302345   0.693364   0.811458   0.624376   0.932463   0.590049   0.767631   0.043399   0.302382   0.693332   0.805223   0.614133   0.932188   0.579285   0.767514   0.041273   0.302444   0.693173   0.800156   0.605899   0.932531   0.570650   0.766978   0.040184   0.302523   0.692956   0.795767   0.598839   0.933326   0.563260   0.766246   0.039646 
  1   0.120922   0.688922   0.702866   0.463533   0.941736   0.424165   0.604214   0.028609   0.300913   0.698088   0.707833   0.470005   0.940298   0.430682   0.607568   0.030097   0.301209   0.697168   0.707674   0.469739   0.941246   0.430402   0.605217   0.030583   0.301408   0.696310   0.707916   0.470038   0.943613   0.430700   0.603846   0.031163   0.301532   0.695684   0.707224   0.469102   0.944969   0.429751   0.602178   0.031713   0.304458   0.693624   0.708800   0.471096   0.945087   0.431747   0.601897   0.030829   0.327542   0.685879   0.718998   0.484867   0.944409   0.445704   0.604023   0.028234   0.383271   0.671907   0.737356   0.510634   0.943006   0.472003   0.612118   0.027002   0.462473   0.655911   0.761697   0.546466   0.942200   0.508900   0.624816   0.031530   0.543433   0.642225   0.789770   0.589923   0.942285   0.554071   0.633625   0.039074   0.600271   0.633785   0.815659   0.632027   0.942209   0.598241   0.637040   0.045277   0.615286   0.632367   0.835622   0.665855   0.941781   0.634003   0.637028   0.049615   0.584154   0.638103   0.848065   0.687563   0.940810   0.657077   0.635600   0.052433   0.518327   0.648836   0.852453   0.695332   0.939430   0.665359   0.635396   0.052656   0.437158   0.661923   0.848786   0.688805   0.938538   0.658395   0.638821   0.049573   0.361649   0.675036   0.834310   0.663592   0.938416   0.631604   0.648778   0.043482   0.314470   0.688220   0.806532   0.617026   0.938744   0.582475   0.652640   0.041596   0.300507   0.695519   0.783583   0.579798   0.939507   0.543438   0.646844   0.044367   0.300073   0.696188   0.772937   0.563363   0.940212   0.526363   0.642580   0.044726   0.299970   0.696612   0.763860   0.549584   0.940485   0.512093   0.639420   0.043539   0.300064   0.696771   0.756071   0.537942   0.940478   0.500072   0.636798   0.041941   0.300255   0.696698   0.749480   0.528223   0.940400   0.490060   0.634611   0.040449   0.300374   0.696535   0.743929   0.520158   0.940603   0.481775   0.632333   0.039370   0.300419   0.696341   0.739234   0.513440   0.941218   0.474893   0.630100   0.038559 
  2   0.143887   0.697002   0.477316   0.228394   0.429571   0.196071   0.302530   0.055015   0.291569   0.713731   0.499630   0.245914   0.428727   0.212214   0.303357   0.056540   0.291313   0.712152   0.501421   0.247433   0.429364   0.213631   0.298738   0.057039   0.290784   0.711114   0.502436   0.248337   0.431337   0.214482   0.295193   0.059802   0.290257   0.710471   0.501991   0.247989   0.432426   0.214161   0.291976   0.063485   0.300202   0.699661   0.508321   0.253352   0.432282   0.219166   0.291886   0.066329   0.351850   0.664113   0.527028   0.269963   0.431430   0.234797   0.295683   0.070915   0.452071   0.614085   0.549121   0.290657   0.430020   0.254451   0.300404   0.087077   0.567760   0.570057   0.570665   0.311844   0.429409   0.274748   0.305213   0.110179   0.668186   0.541593   0.590922   0.332600   0.429583   0.294776   0.310680   0.128737   0.730040   0.534555   0.606455   0.349177   0.429497   0.310890   0.317933   0.144120   0.734540   0.550509   0.615050   0.358702   0.429303   0.320210   0.327022   0.157254   0.681401   0.584573   0.615089   0.358939   0.428877   0.320476   0.336384   0.165117   0.589601   0.627486   0.606869   0.350086   0.428169   0.311855   0.344060   0.163972   0.481999   0.671116   0.592678   0.334876   0.427592   0.297059   0.348567   0.153070   0.382594   0.708626   0.575103   0.316496   0.427654   0.279256   0.349193   0.132504   0.312050   0.734826   0.554692   0.296043   0.428199   0.259596   0.345262   0.104545   0.284176   0.743301   0.538434   0.280387   0.428937   0.244653   0.337170   0.086306   0.282282   0.739694   0.530035   0.272636   0.429362   0.237311   0.328633   0.081407   0.281719   0.735995   0.524260   0.267421   0.429278   0.232389   0.321382   0.080506   0.281333   0.732768   0.519627   0.263306   0.429239   0.228518   0.314723   0.081691   0.281119   0.730126   0.515215   0.259441   0.429140   0.224890   0.308876   0.081587   0.280975   0.728076   0.510737   0.255572   0.429083   0.221267   0.303712   0.080445   0.280867   0.726229   0.506856   0.252260   0.429443   0.218172   0.299055   0.080313 
  3   0.149798   0.695681   0.414821   0.180984   0.319152   0.152636   0.251588   0.061587   0.288629   0.711153   0.416238   0.181516   0.318365   0.153045   0.244220   0.069052   0.288389   0.709813   0.417511   0.182415   0.319056   0.153859   0.242720   0.071225   0.287507   0.708978   0.418133   0.182900   0.320939   0.154304   0.240759   0.077004   0.286688   0.708230   0.417613   0.182582   0.321977   0.154024   0.238850   0.083901   0.298470   0.696135   0.426247   0.188592   0.321862   0.159448   0.240911   0.089040   0.354964   0.661510   0.447178   0.203877   0.321101   0.173356   0.246314   0.097768   0.459913   0.617482   0.468780   0.220707   0.319834   0.188839   0.250896   0.120202   0.577183   0.580314   0.488370   0.236733   0.319339   0.203706   0.255519   0.143599   0.676751   0.555097   0.505906   0.251587   0.319643   0.217569   0.260587   0.154391   0.739594   0.545914   0.519334   0.263347   0.319727   0.228608   0.266424   0.160582   0.747053   0.556565   0.526892   0.270180   0.319666   0.235058   0.273183   0.166225   0.695711   0.584805   0.527065   0.270439   0.319297   0.235320   0.279760   0.168772   0.604154   0.622333   0.520247   0.264374   0.318589   0.229611   0.284546   0.164145   0.494363   0.662657   0.508337   0.253845   0.317994   0.219710   0.286462   0.154313   0.389311   0.700119   0.492456   0.240171   0.317972   0.206911   0.285121   0.140815   0.310949   0.730067   0.470889   0.222423   0.318365   0.190429   0.280442   0.119148   0.278143   0.742749   0.452499   0.207886   0.318963   0.177021   0.272720   0.104025   0.275522   0.740793   0.443398   0.201026   0.319326   0.170747   0.265013   0.101334   0.275092   0.737413   0.437292   0.196520   0.319236   0.166640   0.259216   0.103101   0.275053   0.734029   0.432308   0.192903   0.319163   0.163353   0.254580   0.106498   0.275497   0.730809   0.427787   0.189671   0.319029   0.160423   0.250652   0.106131   0.275851   0.728163   0.423419   0.186594   0.318954   0.157641   0.246910   0.104310   0.275949   0.725907   0.419643   0.183968   0.319273   0.155271   0.243444   0.104549 
  4   0.149980   0.691653   0.411927   0.179832   0.277486   0.151727   0.243295   0.157341   0.280924   0.702355   0.393453   0.167189   0.279192   0.140345   0.230466   0.249118   0.280358   0.699666   0.395626   0.168691   0.279730   0.141700   0.229973   0.276389   0.278851   0.697723   0.397203   0.169790   0.281441   0.142693   0.229935   0.301996   0.277829   0.696167   0.397621   0.170102   0.282316   0.142978   0.230006   0.324209   0.291598   0.689817   0.400351   0.171923   0.282133   0.144611   0.230499   0.340535   0.352830   0.667582   0.410854   0.179159   0.281371   0.151136   0.233165   0.342687   0.461117   0.633212   0.426882   0.190641   0.280163   0.161559   0.237040   0.344828   0.575893   0.601332   0.443585   0.203082   0.279829   0.172930   0.240871   0.351492   0.668979   0.578228   0.458663   0.214692   0.280327   0.183602   0.244859   0.345950   0.726759   0.567422   0.469962   0.223660   0.280609   0.191888   0.248719   0.337325   0.738028   0.572151   0.476225   0.228747   0.280709   0.196608   0.252391   0.332903   0.701680   0.591315   0.476855   0.229283   0.280475   0.197109   0.255212   0.330689   0.626203   0.620279   0.471869   0.225223   0.279860   0.193341   0.256522   0.324475   0.523002   0.656417   0.461831   0.217178   0.279221   0.185895   0.255742   0.320707   0.411196   0.695327   0.446850   0.205533   0.279007   0.175173   0.252756   0.329389   0.315195   0.729046   0.427724   0.191165   0.279168   0.162023   0.248019   0.344141   0.270113   0.742332   0.413846   0.181059   0.279593   0.152824   0.242925   0.358501   0.265970   0.737925   0.408352   0.177259   0.279848   0.149395   0.238873   0.369560   0.265455   0.732257   0.404702   0.174789   0.279682   0.147175   0.235864   0.381343   0.265203   0.727204   0.401579   0.172705   0.279600   0.145306   0.233588   0.391776   0.265247   0.722847   0.398802   0.170864   0.279516   0.143657   0.231456   0.391983   0.265058   0.719225   0.396412   0.169292   0.279468   0.142250   0.229180   0.387317   0.264720   0.715959   0.394648   0.168141   0.279782   0.141222   0.227208   0.385877 
  5   0.117239   0.686816   0.749319   0.527605   0.936602   0.489356   0.729701   0.024469   0.302765   0.693910   0.753813   0.534109   0.935687   0.496030   0.735858   0.024445   0.303159   0.692955   0.754510   0.535119   0.937153   0.497068   0.738073   0.025602   0.303506   0.692067   0.755420   0.536456   0.940207   0.498443   0.740656   0.026773   0.303712   0.691485   0.755083   0.535961   0.942005   0.497934   0.741639   0.027619   0.308579   0.689105   0.757640   0.539694   0.942330   0.501771   0.742147   0.027009   0.335634   0.681226   0.768758   0.556374   0.941723   0.519004   0.745753   0.025254   0.392689   0.668789   0.786988   0.584625   0.940291   0.548367   0.756654   0.025333   0.463875   0.656356   0.809325   0.620728   0.939221   0.586190   0.770027   0.029602   0.530456   0.646602   0.833141   0.660925   0.939247   0.628645   0.779458   0.035783   0.574642   0.641086   0.854266   0.698075   0.939304   0.668187   0.784845   0.041286   0.579789   0.641228   0.869961   0.726631   0.938891   0.698775   0.786616   0.045598   0.544062   0.646781   0.878505   0.742530   0.937818   0.715880   0.786490   0.048413   0.481382   0.655731   0.879399   0.744230   0.936211   0.717715   0.787529   0.048790   0.409677   0.665749   0.873338   0.732944   0.935398   0.705572   0.793828   0.045172   0.347096   0.675830   0.857395   0.703855   0.935480   0.674394   0.806066   0.038579   0.313205   0.684858   0.834608   0.663430   0.935810   0.631296   0.809583   0.037529   0.305728   0.689129   0.818964   0.636490   0.936614   0.602736   0.804084   0.040306   0.305344   0.689616   0.811498   0.624053   0.937520   0.589633   0.801406   0.040113   0.305174   0.689844   0.805389   0.614005   0.937935   0.579073   0.799918   0.039101   0.305037   0.690010   0.799861   0.605017   0.937693   0.569648   0.798588   0.037740   0.304893   0.690160   0.794928   0.597080   0.937372   0.561340   0.796984   0.036479   0.304812   0.690178   0.790927   0.590708   0.937597   0.554685   0.795204   0.035724   0.304717   0.690161   0.787462   0.585252   0.938299   0.548997   0.793247   0.035331 
  6   0.118937   0.687606   0.721593   0.488517   0.925212   0.449430   0.667413   0.028288   0.300702   0.695461   0.726504   0.495212   0.923968   0.456226   0.670998   0.029677   0.301022   0.694595   0.727302   0.496321   0.925127   0.457356   0.670374   0.029830   0.301192   0.693941   0.727977   0.497276   0.927842   0.458333   0.670456   0.030190   0.301349   0.693421   0.727664   0.496857   0.929431   0.457908   0.669497   0.030839   0.306565   0.690504   0.731295   0.501894   0.929599   0.463038   0.670262   0.029282   0.336030   0.681436   0.745049   0.521555   0.928969   0.483172   0.675026   0.024911   0.399924   0.667247   0.766525   0.553416   0.927609   0.516023   0.686973   0.022924   0.484995   0.652429   0.792576   0.594010   0.926655   0.558267   0.702337   0.026945   0.575345   0.639648   0.821093   0.640786   0.926749   0.607412   0.712840   0.033816   0.646288   0.631197   0.846961   0.685400   0.926748   0.654730   0.717566   0.040439   0.664388   0.630311   0.866181   0.719974   0.926258   0.691690   0.717919   0.045810   0.622499   0.636896   0.876836   0.739720   0.925144   0.712917   0.717299   0.049092   0.543864   0.647592   0.879167   0.744126   0.923545   0.717672   0.718629   0.049575   0.451896   0.660081   0.873713   0.733971   0.922597   0.706746   0.723791   0.047360   0.367593   0.672681   0.857627   0.704642   0.922524   0.675312   0.735133   0.042065   0.316885   0.684970   0.829812   0.655664   0.922796   0.623163   0.739762   0.040787   0.302837   0.691753   0.807916   0.618308   0.923550   0.583625   0.734335   0.043607   0.302291   0.692482   0.798214   0.602536   0.924361   0.567084   0.730839   0.043791   0.302199   0.692717   0.790557   0.590293   0.924725   0.554284   0.729219   0.042902   0.302182   0.692840   0.783966   0.579908   0.924639   0.543456   0.727932   0.041337   0.302117   0.692942   0.778165   0.570887   0.924449   0.534074   0.726209   0.039745   0.302139   0.692873   0.773416   0.563587   0.924676   0.526498   0.724392   0.038634   0.302213   0.692700   0.769510   0.557644   0.925379   0.520342   0.722821   0.037642 
  7   0.132268   0.696836   0.566506   0.308754   0.609437   0.271946   0.391628   0.054949   0.291367   0.713398   0.600278   0.341948   0.605461   0.303744   0.394693   0.053117   0.291669   0.711287   0.603345   0.345192   0.606072   0.306893   0.386033   0.051522   0.291926   0.709637   0.604928   0.346906   0.608236   0.308561   0.380808   0.052131   0.291721   0.708852   0.604257   0.346233   0.609432   0.307915   0.376598   0.053705   0.299727   0.700665   0.610233   0.352582   0.609292   0.314079   0.375876   0.054273   0.347012   0.673732   0.629853   0.374396   0.608380   0.335435   0.381203   0.055237   0.442650   0.636218   0.652830   0.401314   0.606885   0.362034   0.389993   0.067455   0.555851   0.604287   0.673961   0.427531   0.606263   0.388214   0.398860   0.091109   0.653987   0.585655   0.693177   0.452329   0.606436   0.413154   0.407470   0.114298   0.712991   0.582555   0.706453   0.470074   0.606322   0.431118   0.417819   0.133346   0.716398   0.593641   0.712655   0.478609   0.606112   0.439804   0.429666   0.146585   0.662326   0.616360   0.710537   0.475894   0.605698   0.437077   0.441451   0.151663   0.569973   0.645812   0.700094   0.462074   0.605002   0.423111   0.451621   0.146505   0.465514   0.676129   0.684141   0.441287   0.604386   0.402163   0.458384   0.130391   0.374000   0.701804   0.666552   0.418858   0.604432   0.379650   0.460717   0.105460   0.312793   0.720313   0.647216   0.395048   0.604991   0.355902   0.457063   0.079120   0.290001   0.726849   0.632573   0.377571   0.605734   0.338569   0.448017   0.064080   0.288669   0.724750   0.625800   0.369805   0.606121   0.330925   0.438323   0.059594   0.287918   0.722744   0.620889   0.364297   0.605987   0.325525   0.429689   0.057734   0.287106   0.721111   0.616987   0.360000   0.605944   0.321326   0.421373   0.057803   0.286675   0.719577   0.613440   0.356141   0.605839   0.317562   0.413484   0.058493   0.286561   0.718168   0.609857   0.352280   0.605767   0.313804   0.406063   0.059061   0.286521   0.716925   0.606550   0.348752   0.606164   0.310376   0.399261   0.059541 
  8   0.157340   0.688378   0.387504   0.162165   0.239825   0.135685   0.240494   0.046364   0.299202   0.696803   0.373307   0.152530   0.238877   0.127027   0.231482   0.057360   0.299628   0.695781   0.374090   0.153002   0.239550   0.127443   0.232763   0.060939   0.299696   0.695152   0.374262   0.153114   0.241452   0.127542   0.233496   0.064905   0.299711   0.694728   0.373660   0.152741   0.242566   0.127212   0.233627   0.068876   0.305170   0.689359   0.375822   0.154095   0.242520   0.128413   0.234275   0.072621   0.335905   0.669313   0.383882   0.159299   0.241839   0.133048   0.236704   0.078072   0.397760   0.639178   0.394585   0.166396   0.240689   0.139399   0.241253   0.089657   0.467575   0.613316   0.405689   0.173941   0.240243   0.146178   0.247597   0.103553   0.523611   0.598562   0.416127   0.181183   0.240632   0.152708   0.254615   0.113619   0.552076   0.597783   0.423801   0.186608   0.240839   0.157616   0.261378   0.122266   0.547260   0.609519   0.427638   0.189361   0.240894   0.160113   0.266765   0.129108   0.513562   0.629012   0.427201   0.189040   0.240611   0.159821   0.269679   0.130633   0.462648   0.651408   0.423102   0.186077   0.239936   0.157130   0.269810   0.124878   0.404553   0.674486   0.416468   0.181341   0.239358   0.152839   0.267704   0.114859   0.348987   0.696498   0.407677   0.175187   0.239354   0.147282   0.264092   0.103871   0.311444   0.711901   0.397803   0.168431   0.239713   0.141205   0.259358   0.092914   0.297972   0.716605   0.390721   0.163694   0.240252   0.136960   0.254380   0.086058   0.296383   0.715260   0.386852   0.161173   0.240593   0.134711   0.250025   0.084189   0.295665   0.713715   0.383567   0.159058   0.240496   0.132828   0.246451   0.086687   0.295441   0.712045   0.380524   0.157115   0.240382   0.131100   0.243595   0.089675   0.295252   0.710505   0.377578   0.155251   0.240191   0.129445   0.240914   0.088801   0.294746   0.709405   0.374843   0.153539   0.240080   0.127928   0.238180   0.087189   0.294140   0.708562   0.372445   0.152057   0.240358   0.126617   0.235640   0.087741 
  9   0.157865   0.695780   0.348229   0.138225   0.190060   0.114548   0.206469   0.081753   0.287243   0.711065   0.322490   0.122663   0.189257   0.100828   0.194375   0.111904   0.287130   0.709413   0.323312   0.123109   0.189904   0.101215   0.194985   0.122689   0.286169   0.708586   0.323278   0.123094   0.191675   0.101202   0.195098   0.135214   0.285682   0.707661   0.322593   0.122711   0.192669   0.100868   0.195141   0.146636   0.298603   0.695825   0.328018   0.125725   0.192591   0.103488   0.196862   0.156534   0.354100   0.660926   0.341958   0.133802   0.191907   0.110557   0.199935   0.171200   0.453364   0.613820   0.357727   0.143389   0.190778   0.119014   0.202967   0.192367   0.561706   0.572733   0.372984   0.152996   0.190419   0.127539   0.206704   0.206743   0.652737   0.544811   0.387027   0.162113   0.190870   0.135672   0.210667   0.208381   0.708479   0.535691   0.398070   0.169495   0.191121   0.142289   0.214745   0.208715   0.713886   0.548589   0.404588   0.173965   0.191205   0.146313   0.218968   0.212064   0.667987   0.579280   0.405544   0.174642   0.190941   0.146926   0.222581   0.213425   0.585382   0.619153   0.401002   0.171522   0.190289   0.144117   0.224515   0.206672   0.484376   0.663034   0.392101   0.165484   0.189695   0.138691   0.224354   0.197282   0.385311   0.705734   0.378881   0.156752   0.189602   0.130879   0.222495   0.192204   0.311388   0.737641   0.362285   0.146154   0.189858   0.121452   0.219008   0.183959   0.280817   0.748445   0.349310   0.138136   0.190316   0.114359   0.214404   0.175736   0.277989   0.744689   0.342229   0.133924   0.190597   0.110657   0.209860   0.173809   0.277506   0.740181   0.336870   0.130800   0.190472   0.107921   0.206244   0.178605   0.277875   0.735732   0.332300   0.128175   0.190364   0.105626   0.203549   0.183868   0.278223   0.731878   0.328131   0.125812   0.190203   0.103567   0.201026   0.181360   0.277858   0.729065   0.324433   0.123742   0.190099   0.101766   0.198379   0.177051   0.277312   0.726676   0.321520   0.122126   0.190361   0.100362   0.196017   0.177032 
 10   0.118274   0.685676   0.750716   0.529426   0.937148   0.491186   0.746288   0.022135   0.304875   0.691642   0.757089   0.538718   0.936334   0.500735   0.752283   0.021406   0.305254   0.690675   0.758581   0.540924   0.937825   0.503007   0.755236   0.022415   0.305652   0.689749   0.760116   0.543203   0.940830   0.505356   0.758933   0.023361   0.305946   0.689110   0.760395   0.543618   0.942622   0.505785   0.760790   0.024326   0.307741   0.687989   0.761156   0.544730   0.942983   0.506928   0.760985   0.024763   0.321297   0.683647   0.766914   0.553378   0.942390   0.515864   0.761336   0.024407   0.351581   0.675912   0.777558   0.569651   0.940996   0.532734   0.767403   0.023854   0.388719   0.668021   0.790815   0.590453   0.940004   0.554404   0.778054   0.025659   0.422563   0.661793   0.805769   0.614561   0.940151   0.579645   0.787191   0.029246   0.445219   0.657987   0.819510   0.637318   0.940394   0.603592   0.793778   0.032356   0.449616   0.657310   0.830098   0.655267   0.940210   0.622563   0.797872   0.034511   0.433817   0.659907   0.836326   0.665998   0.939377   0.633939   0.799829   0.035548   0.403085   0.664903   0.837808   0.668581   0.938010   0.636684   0.801154   0.035040   0.364428   0.670848   0.835334   0.664305   0.937347   0.632147   0.807172   0.030883   0.328836   0.677628   0.825110   0.646867   0.937466   0.613696   0.819907   0.025617   0.310790   0.683733   0.810123   0.621707   0.937789   0.587152   0.823728   0.026737   0.307575   0.686311   0.800526   0.605935   0.938500   0.570580   0.818093   0.030680   0.307272   0.686694   0.795506   0.597865   0.939246   0.562134   0.814806   0.031776   0.307060   0.686943   0.791179   0.590977   0.939556   0.554940   0.812328   0.031659   0.306899   0.687112   0.787246   0.584772   0.939253   0.548470   0.810062   0.030983   0.306810   0.687193   0.783859   0.579469   0.938883   0.542947   0.807842   0.030233   0.306788   0.687182   0.781167   0.575284   0.939051   0.538595   0.805672   0.029770   0.306793   0.687114   0.778965   0.571882   0.939658   0.535063   0.803488   0.029661 
 11   0.119349   0.686667   0.725981   0.494196   0.933625   0.455137   0.702367   0.023935   0.302213   0.693645   0.730032   0.499819   0.932515   0.460863   0.706289   0.024314   0.302638   0.692788   0.730681   0.500725   0.933717   0.461786   0.707131   0.025151   0.302999   0.691982   0.731659   0.502098   0.936513   0.463187   0.708598   0.026077   0.303290   0.691373   0.731663   0.502102   0.938136   0.463191   0.708781   0.026935   0.306266   0.689457   0.733590   0.504788   0.938383   0.465929   0.709358   0.026406   0.326063   0.682800   0.742883   0.518052   0.937838   0.479507   0.712753   0.024295   0.369860   0.671958   0.758424   0.540816   0.936509   0.502920   0.722401   0.023125   0.425042   0.661128   0.777291   0.569481   0.935607   0.532604   0.735564   0.025797   0.477646   0.652492   0.797924   0.602031   0.935824   0.566549   0.745941   0.030751   0.514703   0.647107   0.816634   0.632646   0.935994   0.598694   0.752690   0.035085   0.523324   0.646172   0.831023   0.656927   0.935681   0.624335   0.756248   0.037978   0.499849   0.650025   0.839660   0.671818   0.934753   0.640125   0.757590   0.039780   0.452666   0.657450   0.841940   0.675802   0.933236   0.644359   0.758523   0.040408   0.394061   0.666347   0.838572   0.669941   0.932352   0.638134   0.763116   0.037790   0.340267   0.675649   0.826070   0.648559   0.932305   0.615497   0.774440   0.031898   0.311495   0.684348   0.805818   0.614750   0.932533   0.579865   0.777787   0.031943   0.305530   0.688570   0.791449   0.591364   0.933230   0.555336   0.771761   0.035997   0.305117   0.689050   0.784746   0.580789   0.933986   0.544308   0.768536   0.036464   0.304832   0.689379   0.779043   0.571912   0.934267   0.535075   0.766070   0.035959   0.304673   0.689579   0.774029   0.564193   0.934034   0.527063   0.763862   0.034905   0.304574   0.689684   0.769707   0.557601   0.933740   0.520232   0.761729   0.033665   0.304501   0.689714   0.766116   0.552167   0.933905   0.514610   0.759563   0.032860   0.304461   0.689686   0.763114   0.547661   0.934549   0.509954   0.757523   0.032255 
 12   0.127999   0.687525   0.629925   0.375059   0.747955   0.336182   0.499496   0.043318   0.300617   0.695141   0.657659   0.406490   0.745397   0.367053   0.503425   0.044962   0.300974   0.694028   0.663398   0.413478   0.746205   0.374004   0.496305   0.041063   0.301260   0.693229   0.667415   0.418401   0.748637   0.378907   0.492286   0.039579   0.301399   0.692688   0.669380   0.420806   0.750057   0.381301   0.488867   0.039485   0.305364   0.689259   0.675085   0.427857   0.750126   0.388334   0.487048   0.038216   0.333340   0.678739   0.690687   0.447801   0.749461   0.408349   0.492211   0.032255   0.395099   0.663846   0.708537   0.471301   0.748179   0.432059   0.506701   0.029037   0.473412   0.649911   0.724796   0.493535   0.747617   0.454649   0.522578   0.035412   0.551695   0.638993   0.741986   0.517829   0.747829   0.479481   0.534466   0.045811   0.609692   0.632940   0.756969   0.539700   0.747705   0.501970   0.544459   0.056239   0.620679   0.634188   0.767021   0.554769   0.747353   0.517542   0.553872   0.065075   0.580132   0.642477   0.769946   0.559280   0.746631   0.522228   0.563158   0.070417   0.509299   0.654541   0.765528   0.552693   0.745504   0.515429   0.572134   0.070149   0.428542   0.667704   0.755407   0.537617   0.744658   0.499867   0.580503   0.063516   0.355923   0.679867   0.740467   0.515746   0.744671   0.477366   0.589208   0.049758   0.313314   0.689902   0.720216   0.487065   0.745153   0.448038   0.590821   0.040652   0.302060   0.694598   0.705949   0.467382   0.745868   0.428009   0.583062   0.039930   0.301845   0.694805   0.701100   0.460938   0.746401   0.421496   0.574910   0.038741   0.301789   0.694749   0.697305   0.455941   0.746505   0.416456   0.568765   0.037466   0.301799   0.694605   0.693957   0.451578   0.746550   0.412062   0.563507   0.036808   0.301677   0.694555   0.690738   0.447423   0.746397   0.407886   0.558079   0.036312   0.301388   0.694624   0.687733   0.443581   0.746333   0.404031   0.552268   0.035940   0.301171   0.694587   0.685347   0.440559   0.746823   0.401003   0.546732   0.035836 
 13   0.146412   0.686899   0.494800   0.241823   0.429367   0.208394   0.337307   0.037440   0.302350   0.694215   0.501827   0.247126   0.428358   0.213239   0.335566   0.041775   0.302612   0.693688   0.501598   0.246907   0.429126   0.213031   0.335551   0.042191   0.302672   0.693254   0.501345   0.246687   0.431251   0.212825   0.335528   0.043170   0.302698   0.692943   0.500569   0.246030   0.432505   0.212212   0.334986   0.044337   0.305844   0.689909   0.502216   0.247418   0.432468   0.213506   0.335202   0.045128   0.328711   0.677707   0.509311   0.253569   0.431713   0.219267   0.338226   0.045132   0.379243   0.658149   0.517875   0.261164   0.430432   0.226409   0.345421   0.049897   0.438529   0.640554   0.526274   0.268761   0.429909   0.233577   0.355738   0.061248   0.484053   0.630551   0.534445   0.276254   0.430261   0.240664   0.366430   0.073557   0.503591   0.629603   0.540272   0.281685   0.430414   0.245816   0.375720   0.084133   0.494383   0.636844   0.542949   0.284216   0.430411   0.248222   0.382459   0.091336   0.463528   0.649267   0.541990   0.283309   0.430068   0.247361   0.385942   0.093142   0.422473   0.663263   0.537865   0.279419   0.429322   0.243663   0.385893   0.088174   0.377878   0.677385   0.531667   0.273631   0.428681   0.238171   0.382930   0.078045   0.337287   0.690370   0.524387   0.266941   0.428683   0.231840   0.378075   0.066108   0.311437   0.699289   0.517116   0.260376   0.429108   0.225649   0.371770   0.056697   0.302892   0.702067   0.512518   0.256291   0.429730   0.221806   0.365194   0.052551   0.301982   0.701552   0.510373   0.254432   0.430119   0.220066   0.359629   0.051500   0.301406   0.700993   0.508413   0.252753   0.430031   0.218496   0.354866   0.051863   0.300903   0.700508   0.506487   0.251111   0.429942   0.216963   0.350547   0.052721   0.300513   0.700041   0.504478   0.249406   0.429770   0.215372   0.346622   0.052715   0.300195   0.699600   0.502579   0.247803   0.429675   0.213877   0.343027   0.052371   0.299848   0.699238   0.500904   0.246401   0.430010   0.212572   0.339696   0.052528 
 14   0.151682   0.687309   0.444350   0.201763   0.340497   0.171425   0.288760   0.040742   0.301238   0.694918   0.443839   0.200833   0.339676   0.170491   0.284152   0.047438   0.301447   0.694204   0.444181   0.201065   0.340390   0.170698   0.284905   0.048713   0.301428   0.693658   0.444597   0.201380   0.342396   0.170986   0.285105   0.051244   0.301482   0.693187   0.444313   0.201179   0.343579   0.170805   0.284817   0.053927   0.305470   0.689404   0.446492   0.202808   0.343536   0.172292   0.285311   0.055941   0.331135   0.674947   0.454063   0.208610   0.342811   0.177613   0.288330   0.057837   0.386121   0.652276   0.463691   0.216190   0.341589   0.184596   0.294524   0.065421   0.449743   0.632307   0.473782   0.224318   0.341085   0.192113   0.302815   0.078814   0.499915   0.620713   0.483431   0.232205   0.341435   0.199427   0.311655   0.091011   0.523192   0.619577   0.490390   0.237993   0.341611   0.204810   0.319731   0.101150   0.515972   0.628037   0.493956   0.241015   0.341625   0.207630   0.325712   0.108495   0.484994   0.642272   0.493541   0.240672   0.341294   0.207312   0.328876   0.110617   0.440291   0.658685   0.489373   0.237145   0.340579   0.204022   0.328964   0.105842   0.389930   0.675532   0.482602   0.231466   0.339984   0.198732   0.326431   0.095455   0.342758   0.691407   0.474153   0.224506   0.340001   0.192270   0.322073   0.082565   0.311515   0.702804   0.465065   0.217184   0.340408   0.185497   0.316277   0.071390   0.300708   0.706590   0.458781   0.212218   0.341002   0.180919   0.310223   0.065879   0.299471   0.706037   0.455566   0.209743   0.341383   0.178647   0.305030   0.064690   0.298754   0.705320   0.452866   0.207689   0.341298   0.176767   0.300612   0.066219   0.298279   0.704529   0.450462   0.205872   0.341191   0.175105   0.296818   0.068241   0.297928   0.703712   0.448141   0.204128   0.341007   0.173511   0.293470   0.068229   0.297572   0.703009   0.445909   0.202470   0.340914   0.171999   0.290329   0.067537   0.297162   0.702466   0.443887   0.200986   0.341228   0.170648   0.287380   0.067985 
 15   0.119469   0.685492   0.735088   0.506843   0.935556   0.468017   0.729706   0.021971   0.304281   0.691340   0.739775   0.513474   0.934660   0.474793   0.734729   0.021551   0.304745   0.690522   0.740811   0.514952   0.936125   0.476306   0.736620   0.022681   0.305146   0.689716   0.742044   0.516715   0.939072   0.478111   0.739168   0.023851   0.305453   0.689140   0.742209   0.516948   0.940859   0.478348   0.740188   0.024832   0.306489   0.688348   0.742275   0.517024   0.941182   0.478424   0.740288   0.025054   0.316592   0.684903   0.746401   0.522972   0.940643   0.484523   0.741632   0.024875   0.341011   0.678479   0.754780   0.535216   0.939350   0.497110   0.747783   0.024765   0.372385   0.671830   0.765370   0.551040   0.938391   0.513444   0.757663   0.026622   0.402114   0.666440   0.777769   0.569990   0.938680   0.533088   0.766855   0.030221   0.422200   0.663059   0.789353   0.588100   0.939070   0.551941   0.773674   0.033015   0.425757   0.662291   0.798272   0.602323   0.938981   0.566802   0.777920   0.034265   0.412065   0.664242   0.803468   0.610721   0.938217   0.575599   0.779870   0.034264   0.386154   0.668327   0.804551   0.612489   0.936846   0.577454   0.780439   0.033269   0.353696   0.673457   0.802302   0.608844   0.936135   0.573633   0.783884   0.029374   0.323850   0.679376   0.793693   0.595041   0.936221   0.559197   0.792980   0.024280   0.309029   0.684642   0.781023   0.575003   0.936491   0.538292   0.793211   0.025252   0.306584   0.686853   0.772840   0.562293   0.937142   0.525077   0.785625   0.028944   0.306310   0.687147   0.768621   0.555863   0.937818   0.518416   0.782058   0.029681   0.306134   0.687336   0.764973   0.550355   0.938024   0.512719   0.778944   0.029356   0.305991   0.687491   0.761555   0.545233   0.937627   0.507430   0.775655   0.028977   0.305905   0.687573   0.758532   0.540736   0.937163   0.502791   0.772404   0.028771   0.305901   0.687548   0.756183   0.537262   0.937262   0.499212   0.769649   0.028388   0.305942   0.687461   0.754343   0.534558   0.937859   0.496429   0.767260   0.027964 
 16   0.121032   0.686452   0.712856   0.476321   0.927472   0.436996   0.672624   0.024806   0.302916   0.693276   0.717287   0.482265   0.926275   0.443012   0.676010   0.025482   0.303303   0.692529   0.717846   0.483008   0.927365   0.443762   0.675783   0.025998   0.303633   0.691782   0.718790   0.484287   0.930002   0.445060   0.676534   0.026422   0.303952   0.691178   0.718940   0.484484   0.931578   0.445258   0.676401   0.026971   0.305730   0.689837   0.720080   0.486013   0.931816   0.446805   0.676197   0.026735   0.319981   0.684700   0.727273   0.495963   0.931273   0.456932   0.676895   0.024767   0.352886   0.675714   0.739960   0.513884   0.930001   0.475241   0.682869   0.022900   0.394440   0.666487   0.755299   0.536226   0.929253   0.498196   0.694139   0.024631   0.434425   0.658918   0.772576   0.562205   0.929581   0.525047   0.704251   0.028818   0.463572   0.653888   0.788816   0.587408   0.929806   0.551249   0.711232   0.032580   0.471369   0.652476   0.801694   0.607945   0.929600   0.572708   0.715498   0.034824   0.454730   0.655091   0.809722   0.620999   0.928800   0.586398   0.717773   0.035607   0.419388   0.660948   0.812327   0.625284   0.927435   0.590901   0.719233   0.034838   0.374071   0.668419   0.810173   0.621737   0.926569   0.587173   0.723781   0.031198   0.332163   0.676726   0.799522   0.604478   0.926472   0.569085   0.735030   0.026195   0.310048   0.684627   0.781865   0.576445   0.926697   0.539818   0.738382   0.027488   0.305644   0.688365   0.769468   0.557214   0.927349   0.519827   0.732443   0.031973   0.305277   0.688806   0.763494   0.548202   0.927987   0.510507   0.729176   0.032976   0.305013   0.689139   0.758347   0.540532   0.928145   0.502594   0.726420   0.032880   0.304816   0.689380   0.753762   0.533771   0.927926   0.495632   0.723840   0.032460   0.304718   0.689495   0.749844   0.528041   0.927631   0.489741   0.721379   0.031925   0.304656   0.689546   0.746568   0.523288   0.927698   0.484861   0.718921   0.031515   0.304623   0.689531   0.743868   0.519403   0.928262   0.480878   0.716645   0.031158 
 17   0.123599   0.686337   0.684257   0.439880   0.835592   0.400451   0.590107   0.042838   0.303180   0.692593   0.709596   0.472345   0.833891   0.433047   0.590783   0.045265   0.303879   0.691247   0.716186   0.481342   0.834790   0.442184   0.582664   0.041311   0.304511   0.690245   0.720533   0.487321   0.837369   0.448264   0.578587   0.039803   0.305028   0.689455   0.722989   0.490717   0.838934   0.451720   0.575105   0.039711   0.307480   0.687527   0.726453   0.495521   0.839121   0.456612   0.572550   0.038735   0.325375   0.681239   0.737626   0.511407   0.838517   0.472866   0.574923   0.033002   0.366753   0.671250   0.751966   0.532123   0.837238   0.494125   0.588102   0.026871   0.420296   0.661341   0.764587   0.550855   0.836632   0.513445   0.606524   0.028124   0.474530   0.653117   0.778214   0.571633   0.836926   0.534981   0.621010   0.034641   0.517819   0.647685   0.790852   0.591395   0.836954   0.555560   0.631826   0.042381   0.532738   0.646842   0.800120   0.606203   0.836684   0.571043   0.640741   0.049061   0.510813   0.651178   0.804131   0.612700   0.835936   0.577852   0.648222   0.052771   0.462302   0.658994   0.802450   0.609964   0.834687   0.574982   0.654662   0.051902   0.401395   0.668406   0.795756   0.599158   0.833813   0.563662   0.662146   0.046418   0.344320   0.677935   0.782632   0.578348   0.833840   0.541937   0.673032   0.037226   0.312177   0.686375   0.763591   0.549003   0.834307   0.511462   0.677264   0.033491   0.304667   0.690400   0.750740   0.529664   0.835057   0.491469   0.670922   0.035452   0.304600   0.690556   0.746618   0.523659   0.835666   0.485298   0.663535   0.035638   0.304691   0.690494   0.743465   0.519108   0.835819   0.480630   0.657664   0.035401   0.304831   0.690372   0.740668   0.515098   0.835809   0.476522   0.652491   0.035579   0.304883   0.690341   0.737987   0.511291   0.835596   0.472628   0.647178   0.036084   0.304837   0.690363   0.735660   0.508014   0.835554   0.469281   0.641964   0.036231   0.304811   0.690314   0.733797   0.505411   0.836077   0.466628   0.637327   0.036246 
 18   0.131288   0.685708   0.621114   0.364548   0.697275   0.325766   0.504937   0.034236   0.304053   0.691863   0.639767   0.384931   0.695429   0.345652   0.511578   0.037585   0.304463   0.691217   0.641474   0.386880   0.696319   0.347568   0.509034   0.035603   0.304824   0.690509   0.642935   0.388559   0.698774   0.349222   0.508570   0.034579   0.305041   0.690033   0.643257   0.388923   0.700218   0.349578   0.507672   0.034123   0.306465   0.688791   0.643935   0.389694   0.700232   0.350335   0.506613   0.033790   0.320955   0.683169   0.649558   0.396381   0.699479   0.356957   0.507645   0.031488   0.356589   0.673370   0.657505   0.405931   0.698141   0.366432   0.515063   0.030564   0.402416   0.663800   0.664832   0.414881   0.697608   0.375338   0.527772   0.035802   0.444870   0.656786   0.672673   0.424616   0.698001   0.385055   0.540305   0.044278   0.472334   0.653495   0.679202   0.432860   0.698132   0.393307   0.550955   0.052086   0.474390   0.654809   0.683204   0.437982   0.698054   0.398448   0.559012   0.057282   0.451835   0.660067   0.683650   0.438571   0.697584   0.399043   0.564049   0.058471   0.414294   0.667554   0.680542   0.434604   0.696639   0.395064   0.565910   0.054724   0.371111   0.676003   0.674984   0.427549   0.695848   0.387994   0.565135   0.047160   0.332654   0.684158   0.667743   0.418454   0.695821   0.378898   0.563393   0.038611   0.310601   0.690085   0.659486   0.408221   0.696270   0.368688   0.559534   0.034762   0.304972   0.692150   0.654435   0.402034   0.696948   0.362528   0.553168   0.035239   0.304817   0.692016   0.652859   0.400147   0.697401   0.360658   0.546944   0.035543   0.304788   0.691788   0.651443   0.398464   0.697361   0.358991   0.541738   0.035692   0.304834   0.691522   0.650131   0.396915   0.697306   0.357459   0.537302   0.035931   0.304848   0.691320   0.648719   0.395254   0.697134   0.355817   0.533075   0.036149   0.304782   0.691167   0.647414   0.393727   0.697050   0.354310   0.528918   0.036136   0.304706   0.690996   0.646442   0.392603   0.697469   0.353202   0.525146   0.036082 
 19   0.140250   0.687092   0.541183   0.283129   0.525796   0.247279   0.386932   0.037563   0.301822   0.694627   0.555636   0.295944   0.523979   0.259328   0.387190   0.039432   0.302159   0.694111   0.555837   0.296113   0.524801   0.259484   0.386166   0.037962   0.302272   0.693681   0.555506   0.295795   0.527031   0.259181   0.385971   0.038152   0.302330   0.693363   0.554591   0.294927   0.528338   0.258355   0.385178   0.038697   0.305427   0.690344   0.556548   0.296787   0.528309   0.260125   0.385182   0.038988   0.328693   0.679218   0.564668   0.304744   0.527534   0.267739   0.388739   0.037942   0.380151   0.662257   0.573516   0.313624   0.526201   0.276271   0.397853   0.041126   0.441163   0.647086   0.581044   0.321352   0.525657   0.283728   0.410789   0.051473   0.490733   0.637718   0.588394   0.328995   0.526020   0.291118   0.423832   0.063406   0.514438   0.636000   0.593352   0.334212   0.526173   0.296174   0.435384   0.073687   0.507155   0.641623   0.595240   0.336205   0.526153   0.298107   0.444149   0.080215   0.473421   0.652470   0.593563   0.334402   0.525777   0.296354   0.448984   0.081006   0.426555   0.665251   0.588838   0.329389   0.524985   0.291488   0.449525   0.075066   0.378372   0.677747   0.582486   0.322734   0.524309   0.285045   0.446574   0.064412   0.336555   0.689039   0.575388   0.315421   0.524300   0.277985   0.441365   0.052767   0.311129   0.696822   0.568467   0.308414   0.524724   0.271242   0.434399   0.044809   0.303162   0.699318   0.564408   0.304365   0.525355   0.267355   0.426819   0.042109   0.302424   0.698960   0.562823   0.302827   0.525749   0.265886   0.420247   0.041676   0.301928   0.698546   0.561296   0.301356   0.525660   0.264483   0.414668   0.042081   0.301521   0.698179   0.559789   0.299916   0.525574   0.263112   0.409565   0.042875   0.301241   0.697816   0.558179   0.298380   0.525406   0.261649   0.404808   0.043344   0.300980   0.697500   0.556623   0.296899   0.525322   0.260238   0.400317   0.043501   0.300636   0.697310   0.555124   0.295488   0.525690   0.258898   0.396177   0.043809 
 20   0.120871   0.685196   0.721689   0.488190   0.930579   0.449012   0.705907   0.023034   0.304546   0.690852   0.725527   0.493453   0.929579   0.454359   0.710245   0.022629   0.304983   0.690227   0.726024   0.494127   0.930882   0.455042   0.711097   0.023225   0.305326   0.689566   0.726840   0.495249   0.933661   0.456183   0.712701   0.023959   0.305633   0.689074   0.726766   0.495135   0.935345   0.456065   0.712990   0.024669   0.306308   0.688525   0.726364   0.494558   0.935681   0.455474   0.712417   0.025140   0.314126   0.685857   0.729086   0.498347   0.935197   0.459334   0.713225   0.025598   0.334218   0.680513   0.735480   0.507350   0.933998   0.468527   0.718303   0.025952   0.360419   0.674864   0.743800   0.519272   0.933231   0.480737   0.726854   0.027912   0.385533   0.670279   0.753525   0.533464   0.933640   0.495325   0.735493   0.031590   0.403970   0.667267   0.762611   0.546972   0.934052   0.509255   0.742394   0.034723   0.409353   0.666331   0.769725   0.557716   0.934027   0.520368   0.746889   0.036322   0.399310   0.667715   0.773919   0.564120   0.933354   0.527006   0.748865   0.036294   0.377315   0.671090   0.774699   0.565327   0.932101   0.528260   0.748992   0.034807   0.348670   0.675641   0.772588   0.562107   0.931360   0.524923   0.750059   0.030414   0.321785   0.681002   0.765251   0.550991   0.931331   0.513418   0.754793   0.024914   0.308239   0.685606   0.754550   0.534959   0.931528   0.496860   0.752646   0.025660   0.306076   0.687454   0.747575   0.524670   0.932102   0.486265   0.744922   0.029365   0.305861   0.687697   0.744015   0.519511   0.932692   0.480970   0.740826   0.029993   0.305738   0.687859   0.740923   0.515068   0.932823   0.476417   0.736997   0.029511   0.305652   0.687984   0.738109   0.511059   0.932490   0.472314   0.733088   0.029166   0.305633   0.688045   0.735649   0.507579   0.932069   0.468758   0.729346   0.029142   0.305688   0.688014   0.733692   0.504833   0.932107   0.465955   0.726141   0.028823   0.305775   0.687908   0.732190   0.502742   0.932649   0.463825   0.723482   0.028429 
 21   0.123183   0.685727   0.697560   0.456130   0.890787   0.416619   0.646923   0.027179   0.304942   0.691971   0.706050   0.467122   0.889505   0.427673   0.652350   0.028432   0.305337   0.691429   0.706614   0.467866   0.890594   0.428423   0.650867   0.028067   0.305690   0.690779   0.707554   0.469122   0.893240   0.429695   0.650756   0.027943   0.305997   0.690291   0.707567   0.469146   0.894815   0.429720   0.649902   0.028227   0.306639   0.689771   0.706988   0.468364   0.895023   0.428927   0.648573   0.028190   0.314752   0.686948   0.709647   0.471949   0.894461   0.432559   0.647206   0.026976   0.336902   0.680799   0.716077   0.480686   0.893200   0.441422   0.650384   0.025724   0.367293   0.673740   0.724481   0.492267   0.892609   0.453201   0.659849   0.027497   0.397055   0.667754   0.734603   0.506485   0.893063   0.467712   0.670059   0.031650   0.420104   0.663602   0.744594   0.520816   0.893337   0.482397   0.678194   0.035839   0.428638   0.662127   0.752896   0.532945   0.893262   0.494867   0.683862   0.038774   0.417789   0.663905   0.758078   0.540630   0.892635   0.502790   0.686944   0.039318   0.391352   0.668426   0.759352   0.542554   0.891465   0.504780   0.688108   0.037199   0.357119   0.674488   0.757077   0.539182   0.890610   0.501304   0.689594   0.032001   0.325627   0.681109   0.749701   0.528272   0.890529   0.490061   0.694756   0.026202   0.309130   0.686577   0.738642   0.512131   0.890857   0.473471   0.695091   0.026260   0.305994   0.688772   0.731280   0.501559   0.891516   0.462636   0.689243   0.029077   0.305865   0.688955   0.728003   0.496953   0.892052   0.457935   0.684807   0.029733   0.305803   0.689070   0.725146   0.492980   0.892076   0.453888   0.680671   0.029851   0.305801   0.689113   0.722626   0.489506   0.891906   0.450354   0.676852   0.030038   0.305806   0.689142   0.720274   0.486288   0.891637   0.447085   0.673020   0.030533   0.305838   0.689127   0.718231   0.483513   0.891614   0.444271   0.669489   0.030742   0.305902   0.689047   0.716616   0.481341   0.892126   0.442071   0.666435   0.030826 
 22   0.126689   0.685617   0.660945   0.410658   0.779443   0.371226   0.572618   0.033752   0.304831   0.691649   0.679382   0.432737   0.777611   0.393122   0.580087   0.036310   0.305345   0.690912   0.681584   0.435535   0.778560   0.395926   0.576764   0.033615   0.305799   0.690137   0.683317   0.437750   0.781143   0.398148   0.576211   0.032510   0.306098   0.689606   0.683665   0.438202   0.782695   0.398603   0.575478   0.032314   0.306912   0.688921   0.683398   0.437864   0.782771   0.398264   0.574398   0.031903   0.317003   0.685311   0.687025   0.442598   0.782031   0.403033   0.574108   0.029547   0.343784   0.678112   0.693450   0.450980   0.780677   0.411474   0.580132   0.027303   0.380163   0.670444   0.699893   0.459438   0.780110   0.420001   0.592470   0.029781   0.415236   0.664355   0.707372   0.469387   0.780521   0.430056   0.604533   0.035640   0.440668   0.660629   0.714542   0.479079   0.780677   0.439881   0.614464   0.041551   0.447707   0.660149   0.720054   0.486629   0.780590   0.447553   0.621958   0.045741   0.432761   0.663225   0.722349   0.489804   0.780062   0.450784   0.626745   0.046826   0.401913   0.668837   0.720947   0.487874   0.779018   0.448821   0.628739   0.044015   0.364036   0.675764   0.716652   0.481951   0.778181   0.442795   0.628966   0.037796   0.329293   0.682811   0.709642   0.472349   0.778159   0.433039   0.629961   0.030765   0.309987   0.688117   0.700735   0.460301   0.778613   0.420826   0.628578   0.028479   0.305747   0.689989   0.695306   0.453041   0.779319   0.413482   0.622940   0.029703   0.305745   0.689888   0.693735   0.450988   0.779809   0.411415   0.616903   0.030009   0.305789   0.689732   0.692349   0.449194   0.779785   0.409610   0.611661   0.030004   0.305884   0.689563   0.691010   0.447471   0.779710   0.407880   0.607007   0.030442   0.305957   0.689451   0.689523   0.445566   0.779501   0.405968   0.602499   0.031081   0.306001   0.689338   0.688185   0.443863   0.779415   0.404261   0.598372   0.031288   0.306024   0.689195   0.687186   0.442605   0.779858   0.403002   0.594816   0.031379 
 23   0.126855   0.687403   0.664132   0.414758   0.937790   0.375349   0.570668   0.033778   0.303659   0.695315   0.670373   0.422107   0.936426   0.382614   0.569100   0.030761   0.303826   0.694786   0.670472   0.422072   0.937148   0.382551   0.565478   0.030762   0.303954   0.694242   0.670678   0.422210   0.939517   0.382668   0.562447   0.030903   0.304046   0.693990   0.669554   0.420737   0.940866   0.381184   0.558061   0.031349   0.304685   0.693903   0.667495   0.418122   0.940887   0.378563   0.551741   0.032468   0.314939   0.691917   0.667566   0.418137   0.940335   0.378565   0.544332   0.035857   0.340818   0.686744   0.671673   0.423188   0.939354   0.383596   0.539270   0.040538   0.373937   0.680361   0.679796   0.433430   0.938947   0.393845   0.538208   0.045305   0.405781   0.674630   0.691323   0.448380   0.939782   0.408884   0.538510   0.050725   0.425679   0.671152   0.702503   0.463295   0.940384   0.423965   0.537899   0.054577   0.427961   0.670542   0.710682   0.474544   0.940380   0.435404   0.536716   0.056071   0.413893   0.672455   0.715217   0.480972   0.939982   0.441976   0.535774   0.054892   0.387236   0.676387   0.715677   0.481788   0.938937   0.442839   0.535375   0.050646   0.355050   0.681024   0.713077   0.478365   0.938250   0.439385   0.538061   0.042112   0.323865   0.686076   0.705397   0.467933   0.938289   0.428798   0.544919   0.031414   0.306665   0.690765   0.693662   0.452074   0.938577   0.412721   0.548507   0.028822   0.303663   0.692799   0.685750   0.441575   0.939229   0.402113   0.547129   0.031518   0.303562   0.692884   0.682044   0.436789   0.939957   0.397302   0.545986   0.031486   0.303406   0.692971   0.678603   0.432372   0.940253   0.392866   0.545314   0.030815   0.303249   0.693072   0.675323   0.428195   0.940131   0.388678   0.544399   0.031051   0.303167   0.693070   0.672487   0.424605   0.939945   0.385082   0.543107   0.031967   0.303137   0.692966   0.670145   0.421648   0.940073   0.382122   0.542204   0.032244   0.303084   0.692857   0.668182   0.419206   0.940634   0.379683   0.541572   0.031841 
 24   0.135723   0.685985   0.586702   0.327773   0.615748   0.290022   0.450103   0.036655   0.303638   0.692455   0.602856   0.343849   0.614122   0.305447   0.452775   0.039917   0.304019   0.691900   0.603619   0.344632   0.614996   0.306202   0.451105   0.037782   0.304314   0.691316   0.603958   0.344978   0.617362   0.306536   0.451237   0.037306   0.304479   0.690907   0.603475   0.344454   0.618753   0.306025   0.450865   0.037228   0.306327   0.689216   0.604235   0.345254   0.618757   0.306801   0.450373   0.037218   0.323199   0.682072   0.610082   0.351626   0.618001   0.313013   0.452470   0.035697   0.362928   0.670104   0.617585   0.359915   0.616673   0.321114   0.460651   0.036256   0.412727   0.658688   0.624395   0.367578   0.616129   0.328628   0.473332   0.042874   0.455794   0.651030   0.631408   0.375581   0.616507   0.336495   0.486104   0.052182   0.479936   0.648485   0.636647   0.381634   0.616663   0.342459   0.497247   0.060685   0.477819   0.651378   0.639211   0.384617   0.616624   0.345402   0.505569   0.066436   0.452001   0.658537   0.638373   0.383630   0.616208   0.344426   0.510259   0.067633   0.413240   0.667710   0.634446   0.379047   0.615344   0.339903   0.511062   0.063315   0.370509   0.677451   0.628681   0.372394   0.614617   0.333350   0.508564   0.055093   0.332859   0.686561   0.621998   0.364794   0.614604   0.325883   0.504106   0.046391   0.310772   0.692843   0.615160   0.357118   0.615039   0.318359   0.498057   0.041763   0.304686   0.694770   0.611288   0.352818   0.615693   0.314153   0.491149   0.041158   0.304416   0.694410   0.610153   0.351587   0.616119   0.312954   0.485054   0.041209   0.304285   0.694009   0.608994   0.350337   0.616056   0.311737   0.480072   0.041582   0.304188   0.693652   0.607814   0.349071   0.615982   0.310507   0.475742   0.042131   0.304096   0.693359   0.606570   0.347740   0.615803   0.309214   0.471508   0.042473   0.303963   0.693121   0.605390   0.346487   0.615715   0.307998   0.467355   0.042396   0.303836   0.692876   0.604423   0.345470   0.616109   0.307013   0.463674   0.042260 
