timestamp=                2022-01-12T16:57:23.009073
shape=                    (5, 5)
sigma=                    2.5
nepochs=                  5
rate=                     0.00724
neighborhood function=    gaussian
init weights=             pca
topology=                 hexagonal
activation distance=      euclidean
output type=              labels
mapfile_prefix=           2021_5x5_5_00724_09
apply classification=     False
apply activation=         False
seed=                     None
random order=             True
custom init file=         None
decay_function=           3

quantization error=       0.33950394
topographic error=        0.09955172

############ NEURONS #############
 25 192
  0   0.116370   0.687846   0.747399   0.525172   0.932763   0.486925   0.695619   0.028552   0.301065   0.695816   0.750398   0.529427   0.931872   0.491275   0.701723   0.030012   0.301404   0.694865   0.750675   0.529836   0.933398   0.491695   0.702706   0.031194   0.301294   0.694394   0.750267   0.529298   0.936298   0.491153   0.703208   0.032546   0.300998   0.694268   0.748369   0.526614   0.938051   0.488410   0.702290   0.033633   0.312029   0.689757   0.754205   0.535089   0.938229   0.497115   0.704695   0.031662   0.360574   0.676857   0.773722   0.564382   0.937477   0.527387   0.714430   0.027925   0.454098   0.658974   0.801592   0.608536   0.936123   0.573478   0.730972   0.028526   0.569745   0.641403   0.834418   0.663759   0.935038   0.631778   0.747169   0.034311   0.675551   0.628038   0.867242   0.722350   0.934920   0.694329   0.756057   0.040612   0.731246   0.622358   0.893918   0.772618   0.934826   0.748546   0.757073   0.045310   0.713715   0.625968   0.911441   0.807052   0.934236   0.785981   0.753163   0.048814   0.639651   0.636076   0.919223   0.822768   0.932965   0.803156   0.750207   0.050584   0.545726   0.648233   0.918598   0.821584   0.931278   0.801879   0.751544   0.050138   0.452384   0.660789   0.910062   0.804536   0.930415   0.783287   0.758348   0.047552   0.368219   0.673247   0.890980   0.767356   0.930426   0.742930   0.771392   0.043157   0.316922   0.685652   0.860802   0.710757   0.930686   0.681936   0.775943   0.043145   0.302896   0.692495   0.837457   0.668417   0.931406   0.636599   0.770676   0.045974   0.302490   0.693045   0.827170   0.650705   0.932275   0.617821   0.768549   0.046008   0.302382   0.693235   0.818833   0.636623   0.932751   0.602945   0.767926   0.045243   0.302366   0.693307   0.811486   0.624413   0.932553   0.590087   0.767736   0.043437   0.302401   0.693283   0.805246   0.614171   0.932279   0.579326   0.767465   0.041432   0.302430   0.693171   0.800085   0.605786   0.932618   0.570532   0.766853   0.040453   0.302501   0.692972   0.795650   0.598649   0.933410   0.563060   0.766175   0.039871 
  1   0.120937   0.688914   0.702945   0.463628   0.941753   0.424259   0.604365   0.028722   0.300925   0.698050   0.707868   0.470032   0.940364   0.430705   0.607819   0.030099   0.301222   0.697121   0.707763   0.469838   0.941310   0.430498   0.605529   0.030510   0.301395   0.696283   0.707978   0.470108   0.943678   0.430768   0.604145   0.031100   0.301513   0.695655   0.707248   0.469121   0.945035   0.429768   0.602593   0.031673   0.304461   0.693584   0.708827   0.471119   0.945153   0.431768   0.602415   0.030831   0.327716   0.685810   0.719092   0.484985   0.944482   0.445822   0.604550   0.028182   0.383760   0.671751   0.737527   0.510865   0.943086   0.472238   0.612748   0.026808   0.463102   0.655732   0.761939   0.546819   0.942283   0.509263   0.625486   0.031379   0.543699   0.642157   0.790025   0.590318   0.942371   0.554482   0.634213   0.038936   0.600034   0.633805   0.815787   0.632224   0.942293   0.598446   0.637572   0.045081   0.614062   0.632515   0.835651   0.665897   0.941864   0.634046   0.637360   0.049374   0.582665   0.638278   0.848109   0.687631   0.940895   0.657149   0.635829   0.052110   0.517925   0.648828   0.852529   0.695463   0.939512   0.665498   0.635605   0.052377   0.437092   0.661877   0.848892   0.688993   0.938614   0.658596   0.638883   0.049441   0.361463   0.675032   0.834416   0.663777   0.938486   0.631802   0.648833   0.043490   0.314369   0.688235   0.806528   0.617035   0.938810   0.582487   0.652711   0.041736   0.300374   0.695602   0.783420   0.579558   0.939573   0.543191   0.646802   0.044644   0.299957   0.696258   0.772784   0.563139   0.940280   0.526133   0.642616   0.045029   0.299931   0.696637   0.763785   0.549477   0.940554   0.511984   0.639666   0.043693   0.300031   0.696803   0.756013   0.537862   0.940547   0.499990   0.637058   0.041998   0.300209   0.696741   0.749421   0.528149   0.940470   0.489986   0.634642   0.040535   0.300327   0.696583   0.743838   0.520039   0.940673   0.481655   0.632218   0.039485   0.300373   0.696388   0.739107   0.513270   0.941288   0.474722   0.629954   0.038681 
  2   0.143899   0.697001   0.477069   0.228175   0.429127   0.195865   0.302234   0.055063   0.291579   0.713669   0.499218   0.245552   0.428209   0.211874   0.302922   0.056738   0.291409   0.712013   0.501054   0.247110   0.428845   0.213328   0.298421   0.057063   0.290780   0.711103   0.501958   0.247919   0.430821   0.214090   0.294924   0.059806   0.290156   0.710601   0.501329   0.247421   0.431907   0.213631   0.291616   0.063641   0.300157   0.699728   0.507660   0.252771   0.431758   0.218621   0.291511   0.066583   0.351783   0.664191   0.526382   0.269373   0.430908   0.234239   0.295281   0.071235   0.451770   0.614131   0.548520   0.290089   0.429498   0.253910   0.299909   0.087153   0.566816   0.570366   0.570132   0.311311   0.428889   0.274235   0.304740   0.109991   0.666829   0.542069   0.590306   0.331942   0.429067   0.294136   0.310451   0.128399   0.728879   0.534720   0.605722   0.348374   0.428982   0.310105   0.317877   0.143768   0.733856   0.550766   0.614327   0.357895   0.428788   0.319419   0.326960   0.157126   0.680961   0.585081   0.614433   0.358190   0.428361   0.319738   0.336291   0.165039   0.589358   0.627856   0.606236   0.349359   0.427655   0.311140   0.343941   0.163917   0.482116   0.671181   0.592040   0.334163   0.427077   0.296360   0.348366   0.153219   0.382676   0.708599   0.574402   0.315756   0.427137   0.278538   0.348920   0.132842   0.311940   0.734856   0.553890   0.295251   0.427681   0.258837   0.344897   0.105126   0.284060   0.743277   0.537717   0.279711   0.428418   0.244010   0.336714   0.087004   0.282279   0.739594   0.529380   0.272036   0.428842   0.236743   0.328227   0.082270   0.281833   0.735813   0.523633   0.266856   0.428759   0.231857   0.321165   0.081486   0.281477   0.732562   0.519039   0.262782   0.428723   0.228024   0.314733   0.082433   0.281298   0.729931   0.514650   0.258942   0.428627   0.224421   0.309057   0.082100   0.281185   0.727872   0.510196   0.255100   0.428569   0.220824   0.303912   0.081030   0.281037   0.726065   0.506307   0.251793   0.428928   0.217736   0.299202   0.080846 
  3   0.149756   0.695769   0.414655   0.180859   0.319385   0.152522   0.251336   0.061406   0.288500   0.711206   0.415805   0.181198   0.318597   0.152756   0.243809   0.068860   0.288297   0.709791   0.417117   0.182126   0.319289   0.153596   0.242368   0.071252   0.287382   0.709033   0.417671   0.182561   0.321168   0.153995   0.240440   0.077147   0.286534   0.708312   0.417168   0.182256   0.322204   0.153726   0.238484   0.083983   0.298366   0.696112   0.425885   0.188328   0.322095   0.159208   0.240552   0.089085   0.355347   0.661103   0.447081   0.203812   0.321336   0.173299   0.246025   0.097616   0.460981   0.616801   0.468926   0.220833   0.320070   0.188956   0.250681   0.119941   0.578330   0.579908   0.488483   0.236839   0.319570   0.203807   0.255397   0.143528   0.677077   0.555074   0.505899   0.251600   0.319873   0.217584   0.260579   0.154229   0.738727   0.546167   0.519179   0.263232   0.319962   0.228504   0.266556   0.160249   0.745524   0.557171   0.526617   0.269963   0.319903   0.234859   0.273411   0.165709   0.694747   0.585176   0.526786   0.270230   0.319533   0.235129   0.280000   0.168073   0.603413   0.622389   0.520001   0.264206   0.318826   0.229462   0.284765   0.163401   0.493549   0.662623   0.508154   0.253741   0.318230   0.219623   0.286640   0.153567   0.389122   0.699817   0.492378   0.240154   0.318204   0.206904   0.285283   0.140044   0.311016   0.729734   0.470872   0.222434   0.318594   0.190443   0.280623   0.118229   0.278178   0.742524   0.452495   0.207886   0.319190   0.177022   0.272777   0.103029   0.275435   0.740684   0.443372   0.201007   0.319551   0.170730   0.264934   0.100514   0.274981   0.737361   0.437297   0.196517   0.319463   0.166636   0.259201   0.102289   0.275016   0.733999   0.432299   0.192883   0.319390   0.163333   0.254626   0.105611   0.275474   0.730838   0.427671   0.189579   0.319253   0.160339   0.250635   0.105298   0.275794   0.728207   0.423340   0.186533   0.319177   0.157585   0.246803   0.103642   0.275835   0.725897   0.419718   0.184014   0.319494   0.155312   0.243320   0.104062 
  4   0.150079   0.691626   0.411552   0.179564   0.277417   0.151485   0.243080   0.157329   0.280956   0.702390   0.393127   0.166944   0.279059   0.140120   0.230327   0.248950   0.280231   0.699803   0.395248   0.168405   0.279598   0.141438   0.229807   0.276423   0.278734   0.697852   0.396844   0.169523   0.281304   0.142449   0.229706   0.302000   0.277715   0.696263   0.397289   0.169854   0.282177   0.142752   0.229764   0.323972   0.291494   0.689902   0.400099   0.171729   0.281994   0.144433   0.230268   0.340290   0.352644   0.667721   0.410674   0.179015   0.281234   0.151003   0.232935   0.342183   0.460619   0.633474   0.426745   0.190530   0.280026   0.161457   0.236847   0.344325   0.575324   0.601634   0.443489   0.203010   0.279691   0.172865   0.240721   0.351296   0.668618   0.578538   0.458618   0.214674   0.280188   0.183588   0.244696   0.346166   0.726530   0.567751   0.469961   0.223688   0.280467   0.191919   0.248505   0.338104   0.737922   0.572551   0.476246   0.228788   0.280566   0.196651   0.252135   0.334036   0.701794   0.591655   0.476840   0.229289   0.280334   0.197118   0.254962   0.331948   0.626371   0.620502   0.471786   0.225167   0.279721   0.193292   0.256293   0.325890   0.523060   0.656504   0.461689   0.217073   0.279081   0.185799   0.255508   0.322185   0.411363   0.695141   0.446692   0.205420   0.278863   0.175071   0.252523   0.330770   0.315304   0.728796   0.427559   0.191047   0.279019   0.161916   0.247799   0.345573   0.269948   0.742154   0.413690   0.180950   0.279442   0.152726   0.242712   0.359865   0.265633   0.737816   0.408208   0.177160   0.279696   0.149306   0.238662   0.370568   0.265151   0.732154   0.404559   0.174690   0.279534   0.147085   0.235681   0.382081   0.265106   0.727071   0.401455   0.172617   0.279454   0.145226   0.233438   0.392291   0.265204   0.722749   0.398642   0.170754   0.279369   0.143557   0.231299   0.392319   0.265015   0.719156   0.396208   0.169151   0.279322   0.142124   0.228992   0.387430   0.264642   0.715941   0.394435   0.167992   0.279637   0.141088   0.227005   0.385855 
  5   0.117260   0.686816   0.749033   0.527183   0.936469   0.488921   0.728925   0.024495   0.302762   0.693915   0.753528   0.533684   0.935540   0.495592   0.735089   0.024474   0.303125   0.692984   0.754148   0.534583   0.936997   0.496515   0.737281   0.025617   0.303455   0.692117   0.755000   0.535835   0.940045   0.497803   0.739781   0.026750   0.303664   0.691539   0.754645   0.535314   0.941834   0.497268   0.740668   0.027624   0.308552   0.689139   0.757216   0.539067   0.942156   0.501124   0.741172   0.027035   0.335474   0.681270   0.768406   0.555843   0.941552   0.518454   0.744736   0.025201   0.392592   0.668791   0.786731   0.584227   0.940125   0.547953   0.755612   0.025260   0.463952   0.656305   0.809165   0.620472   0.939058   0.585921   0.769103   0.029462   0.530406   0.646611   0.833021   0.660720   0.939088   0.628428   0.778757   0.035593   0.575165   0.641016   0.854159   0.697878   0.939142   0.667974   0.784326   0.041110   0.581239   0.641025   0.869909   0.726519   0.938730   0.698652   0.786250   0.045459   0.545653   0.646552   0.878522   0.742551   0.937659   0.715900   0.786282   0.048266   0.483162   0.655484   0.879526   0.744464   0.936048   0.717967   0.787350   0.048707   0.410994   0.665606   0.873486   0.733211   0.935228   0.705858   0.793578   0.045277   0.347476   0.675796   0.857487   0.704010   0.935305   0.674558   0.805804   0.038661   0.313305   0.684845   0.834629   0.663462   0.935628   0.631329   0.809355   0.037523   0.305668   0.689186   0.818801   0.636215   0.936427   0.602445   0.803716   0.040361   0.305270   0.689688   0.811266   0.623669   0.937333   0.589230   0.800983   0.040184   0.305129   0.689891   0.805181   0.613665   0.937751   0.578716   0.799488   0.039194   0.305006   0.690059   0.799659   0.604692   0.937516   0.569308   0.798004   0.037835   0.304856   0.690205   0.794734   0.596773   0.937203   0.561021   0.796337   0.036498   0.304749   0.690250   0.790655   0.590282   0.937433   0.554241   0.794507   0.035627   0.304659   0.690234   0.787148   0.584761   0.938135   0.548486   0.792520   0.035145 
  6   0.118894   0.687643   0.721923   0.488970   0.925289   0.449890   0.666905   0.028398   0.300711   0.695516   0.726836   0.495669   0.924064   0.456691   0.670577   0.029780   0.301043   0.694655   0.727559   0.496676   0.925233   0.457717   0.669992   0.029977   0.301174   0.694034   0.728126   0.497487   0.927953   0.458548   0.669954   0.030361   0.301317   0.693503   0.727837   0.497104   0.929540   0.458161   0.668918   0.031004   0.306572   0.690549   0.731531   0.502230   0.929702   0.463382   0.669798   0.029411   0.336053   0.681470   0.745295   0.521913   0.929067   0.483540   0.674630   0.025031   0.400387   0.667245   0.766807   0.553855   0.927707   0.516480   0.686503   0.023125   0.486365   0.652284   0.793037   0.594772   0.926748   0.559069   0.701833   0.027157   0.577321   0.639391   0.821717   0.641857   0.926837   0.608547   0.712415   0.034000   0.647920   0.630955   0.847540   0.686436   0.926841   0.655835   0.717132   0.040582   0.664818   0.630171   0.866723   0.720980   0.926353   0.692771   0.717389   0.045801   0.622981   0.636768   0.877428   0.740845   0.925238   0.714132   0.716680   0.048905   0.544995   0.647452   0.879853   0.745439   0.923639   0.719092   0.717889   0.049285   0.452135   0.660103   0.874334   0.735154   0.922692   0.708024   0.723024   0.046952   0.367581   0.672727   0.858266   0.705831   0.922620   0.676592   0.734199   0.041822   0.317074   0.685049   0.830391   0.656705   0.922895   0.624276   0.738659   0.040740   0.302724   0.691913   0.808274   0.618913   0.923650   0.584264   0.733323   0.043567   0.302244   0.692570   0.798647   0.603243   0.924462   0.567827   0.729992   0.043775   0.302129   0.692833   0.790916   0.590876   0.924827   0.554895   0.728303   0.042900   0.302089   0.692992   0.784195   0.580272   0.924741   0.543837   0.726825   0.041392   0.302109   0.693018   0.778472   0.571357   0.924551   0.534562   0.725210   0.039811   0.302173   0.692907   0.773750   0.564090   0.924779   0.527018   0.723539   0.038766   0.302217   0.692761   0.769765   0.558023   0.925486   0.520732   0.722027   0.037729 
  7   0.132306   0.696789   0.566731   0.308961   0.609499   0.272142   0.391782   0.054986   0.291362   0.713314   0.600207   0.341867   0.605452   0.303666   0.394548   0.053438   0.291642   0.711208   0.603357   0.345210   0.606066   0.306911   0.385905   0.051787   0.291908   0.709550   0.604931   0.346932   0.608228   0.308591   0.380649   0.052390   0.291761   0.708706   0.604331   0.346335   0.609422   0.308018   0.376544   0.054049   0.299790   0.700494   0.610409   0.352787   0.609285   0.314282   0.375980   0.054553   0.346897   0.673642   0.629923   0.374482   0.608381   0.335520   0.381489   0.055272   0.442740   0.636161   0.652791   0.401267   0.606883   0.361988   0.390416   0.067593   0.555524   0.604469   0.673874   0.427414   0.606260   0.388094   0.399351   0.091100   0.653159   0.586124   0.693068   0.452187   0.606440   0.413011   0.408099   0.113967   0.712231   0.582919   0.706358   0.469959   0.606330   0.431004   0.418585   0.132956   0.715889   0.593758   0.712600   0.478555   0.606118   0.439754   0.430419   0.146240   0.662228   0.616343   0.710537   0.475929   0.605703   0.437120   0.442092   0.151505   0.569699   0.645757   0.700093   0.462110   0.605004   0.423156   0.452180   0.146403   0.465350   0.675932   0.684132   0.441305   0.604383   0.402188   0.458899   0.130536   0.374060   0.701491   0.666541   0.418870   0.604427   0.379666   0.461269   0.105839   0.312893   0.720038   0.647289   0.395150   0.604988   0.356006   0.457660   0.079397   0.290152   0.726596   0.632803   0.377841   0.605728   0.338837   0.448621   0.064269   0.288773   0.724544   0.626014   0.370048   0.606115   0.331164   0.438903   0.059864   0.288065   0.722489   0.621124   0.364561   0.605985   0.325784   0.430279   0.058137   0.287275   0.720835   0.617319   0.360366   0.605942   0.321684   0.421929   0.058475   0.286778   0.719375   0.613734   0.356461   0.605837   0.317875   0.413916   0.059356   0.286649   0.717984   0.610083   0.352523   0.605768   0.314040   0.406549   0.059827   0.286562   0.716773   0.606748   0.348965   0.606166   0.310583   0.399869   0.060182 
  8   0.157260   0.688408   0.387630   0.162236   0.239926   0.135746   0.240631   0.046252   0.299147   0.696809   0.373486   0.152632   0.238981   0.127116   0.231658   0.056888   0.299568   0.695778   0.374306   0.153128   0.239659   0.127553   0.232944   0.060201   0.299589   0.695207   0.374483   0.153247   0.241566   0.127659   0.233654   0.064440   0.299570   0.694829   0.373832   0.152846   0.242682   0.127305   0.233758   0.068705   0.305118   0.689387   0.375969   0.154182   0.242635   0.128489   0.234449   0.072436   0.336166   0.669112   0.384126   0.159443   0.241952   0.133175   0.236908   0.078007   0.398330   0.638786   0.394987   0.166646   0.240803   0.139621   0.241435   0.089712   0.468048   0.612960   0.406140   0.174230   0.240359   0.146435   0.247766   0.103571   0.524052   0.598165   0.416605   0.181495   0.240746   0.152987   0.254808   0.113418   0.553135   0.597127   0.424345   0.186970   0.240950   0.157940   0.261621   0.122021   0.548183   0.609056   0.428212   0.189749   0.241005   0.160461   0.267027   0.129018   0.513598   0.629026   0.427709   0.189384   0.240724   0.160129   0.269948   0.130715   0.462688   0.651439   0.423555   0.186380   0.240048   0.157401   0.270045   0.125003   0.404715   0.674438   0.416928   0.181645   0.239469   0.153111   0.267931   0.114925   0.348914   0.696549   0.408092   0.175452   0.239468   0.147518   0.264367   0.104085   0.311269   0.712030   0.398139   0.168639   0.239831   0.141389   0.259623   0.093317   0.297782   0.716713   0.390979   0.163849   0.240374   0.137096   0.254675   0.086403   0.296260   0.715301   0.387089   0.161318   0.240717   0.134839   0.250339   0.084443   0.295581   0.713772   0.383785   0.159190   0.240618   0.132944   0.246682   0.086820   0.295293   0.712181   0.380684   0.157209   0.240504   0.131182   0.243759   0.089564   0.295062   0.710660   0.377724   0.155336   0.240311   0.129520   0.241038   0.088655   0.294577   0.709542   0.374959   0.153609   0.240199   0.127990   0.238271   0.087158   0.293877   0.708784   0.372447   0.152057   0.240477   0.126617   0.235666   0.087694 
  9   0.157847   0.695769   0.348045   0.138109   0.190023   0.114445   0.206420   0.082045   0.287357   0.710957   0.322516   0.122681   0.189196   0.100844   0.194372   0.112530   0.287343   0.709203   0.323458   0.123192   0.189839   0.101286   0.195010   0.123179   0.286383   0.708401   0.323439   0.123188   0.191610   0.101284   0.195122   0.135341   0.285894   0.707537   0.322741   0.122803   0.192606   0.100950   0.195142   0.146513   0.298664   0.695847   0.328149   0.125807   0.192526   0.103560   0.196835   0.156164   0.353835   0.661199   0.342025   0.133847   0.191841   0.110597   0.199865   0.170636   0.452717   0.614365   0.357735   0.143403   0.190713   0.119028   0.202884   0.191729   0.560761   0.573487   0.372955   0.152987   0.190353   0.127532   0.206659   0.206208   0.651595   0.545683   0.386890   0.162031   0.190805   0.135599   0.210699   0.208191   0.707978   0.536339   0.397939   0.169418   0.191057   0.142221   0.214751   0.208855   0.714521   0.548762   0.404602   0.173987   0.191138   0.146334   0.218903   0.212227   0.668792   0.579230   0.405646   0.174725   0.190873   0.147003   0.222475   0.213611   0.585792   0.619128   0.401096   0.171600   0.190218   0.144189   0.224426   0.206955   0.484659   0.662977   0.392136   0.165520   0.189625   0.138725   0.224294   0.197663   0.385496   0.705598   0.378888   0.156767   0.189535   0.130894   0.222403   0.192722   0.311403   0.737454   0.362299   0.146172   0.189793   0.121469   0.218901   0.184313   0.280917   0.748146   0.349380   0.138185   0.190254   0.114403   0.214343   0.175762   0.278074   0.744446   0.342332   0.133989   0.190536   0.110715   0.209857   0.173801   0.277657   0.739931   0.336991   0.130873   0.190408   0.107985   0.206235   0.178504   0.278090   0.735475   0.332463   0.128267   0.190298   0.105707   0.203518   0.183628   0.278287   0.731729   0.328341   0.125926   0.190134   0.103665   0.201027   0.181221   0.277950   0.728894   0.324680   0.123878   0.190028   0.101883   0.198428   0.177058   0.277489   0.726496   0.321786   0.122271   0.190290   0.100487   0.196112   0.177192 
 10   0.118278   0.685641   0.750486   0.529086   0.936968   0.490836   0.746220   0.022218   0.304859   0.691574   0.756862   0.538379   0.936147   0.500385   0.752222   0.021418   0.305241   0.690617   0.758340   0.540564   0.937641   0.502636   0.755137   0.022450   0.305640   0.689694   0.759882   0.542853   0.940652   0.504995   0.758793   0.023442   0.305937   0.689051   0.760183   0.543300   0.942443   0.505457   0.760698   0.024348   0.307770   0.687923   0.760957   0.544433   0.942807   0.506622   0.760921   0.024771   0.321344   0.683590   0.766740   0.553115   0.942215   0.515592   0.761232   0.024363   0.351805   0.675856   0.777435   0.569465   0.940819   0.532541   0.767257   0.023721   0.389020   0.667978   0.790758   0.590368   0.939824   0.554315   0.777879   0.025455   0.422979   0.661776   0.805778   0.614583   0.939964   0.579669   0.786997   0.029069   0.445650   0.658024   0.819571   0.637426   0.940204   0.603707   0.793545   0.032292   0.449986   0.657352   0.830162   0.655380   0.940024   0.622683   0.797643   0.034539   0.434297   0.659880   0.836385   0.666104   0.939189   0.634052   0.799682   0.035577   0.403499   0.664853   0.837888   0.668722   0.937821   0.636834   0.801060   0.035066   0.364661   0.670776   0.835449   0.664506   0.937160   0.632362   0.807108   0.030866   0.328844   0.677545   0.825228   0.647068   0.937280   0.613908   0.819773   0.025521   0.310767   0.683666   0.810190   0.621817   0.937604   0.587268   0.823561   0.026681   0.307583   0.686250   0.800548   0.605970   0.938316   0.570616   0.818042   0.030707   0.307275   0.686631   0.795517   0.597881   0.939060   0.562151   0.814803   0.031812   0.307050   0.686882   0.791190   0.590993   0.939367   0.554957   0.812326   0.031699   0.306891   0.687051   0.787238   0.584759   0.939063   0.548456   0.810081   0.031121   0.306806   0.687130   0.783824   0.579413   0.938691   0.542890   0.807897   0.030389   0.306787   0.687113   0.781141   0.575244   0.938863   0.538554   0.805783   0.029858   0.306793   0.687046   0.778947   0.571857   0.939472   0.535036   0.803544   0.029745 
 11   0.119370   0.686665   0.726195   0.494490   0.933522   0.455436   0.702430   0.024088   0.302257   0.693637   0.730278   0.500161   0.932413   0.461211   0.706322   0.024460   0.302695   0.692776   0.730941   0.501086   0.933620   0.462155   0.707148   0.025215   0.303049   0.691977   0.731925   0.502469   0.936413   0.463566   0.708572   0.026030   0.303339   0.691369   0.731941   0.502491   0.938038   0.463589   0.708735   0.026912   0.306319   0.689459   0.733878   0.505195   0.938286   0.466344   0.709247   0.026452   0.326071   0.682842   0.743162   0.518456   0.937732   0.479921   0.712605   0.024378   0.369659   0.672066   0.758641   0.541140   0.936397   0.503254   0.722275   0.023223   0.424586   0.661270   0.777391   0.569634   0.935495   0.532762   0.735360   0.025903   0.477454   0.652574   0.797957   0.602084   0.935708   0.566604   0.745689   0.030870   0.515348   0.647069   0.816667   0.632703   0.935874   0.598754   0.752436   0.035257   0.524340   0.646097   0.831110   0.657081   0.935561   0.624500   0.755949   0.038222   0.500826   0.649978   0.839800   0.672071   0.934630   0.640395   0.757265   0.040053   0.453698   0.657372   0.842099   0.676090   0.933114   0.644668   0.758248   0.040625   0.394806   0.666285   0.838757   0.670273   0.932225   0.638488   0.762774   0.037961   0.340560   0.675628   0.826253   0.648876   0.932173   0.615834   0.773972   0.032069   0.311551   0.684353   0.805953   0.614977   0.932404   0.580105   0.777301   0.032001   0.305529   0.688608   0.791542   0.591518   0.933103   0.555498   0.771276   0.036034   0.305097   0.689101   0.784789   0.580864   0.933858   0.544389   0.768069   0.036530   0.304823   0.689422   0.779067   0.571955   0.934142   0.535121   0.765773   0.035944   0.304663   0.689633   0.774002   0.564157   0.933915   0.527026   0.763646   0.034865   0.304573   0.689746   0.769653   0.557520   0.933619   0.520149   0.761514   0.033644   0.304516   0.689761   0.766097   0.552137   0.933785   0.514579   0.759406   0.032790   0.304463   0.689738   0.763081   0.547610   0.934427   0.509901   0.757320   0.032180 
 12   0.127991   0.687551   0.629755   0.374842   0.748131   0.335964   0.499510   0.043357   0.300526   0.695187   0.657354   0.406117   0.745569   0.366682   0.503238   0.045251   0.300881   0.694065   0.663194   0.413232   0.746368   0.373760   0.496078   0.041440   0.301183   0.693246   0.667283   0.418252   0.748800   0.378761   0.492095   0.039868   0.301335   0.692695   0.669269   0.420682   0.750218   0.381179   0.488656   0.039590   0.305351   0.689239   0.675049   0.427818   0.750289   0.388296   0.486851   0.038295   0.333300   0.678701   0.690743   0.447878   0.749631   0.408428   0.492034   0.032450   0.395163   0.663761   0.708674   0.471496   0.748356   0.432259   0.506473   0.029207   0.473673   0.649737   0.725117   0.493993   0.747790   0.455118   0.522304   0.035461   0.551514   0.638850   0.742439   0.518490   0.747994   0.480161   0.534059   0.045844   0.609169   0.632846   0.757476   0.540460   0.747871   0.502756   0.543907   0.056229   0.620645   0.634068   0.767592   0.555641   0.747518   0.518447   0.553251   0.065108   0.580321   0.642367   0.770547   0.560208   0.746795   0.523193   0.562516   0.070634   0.509025   0.654483   0.766139   0.553630   0.745669   0.516401   0.571487   0.070407   0.428267   0.667652   0.756038   0.538553   0.744820   0.500833   0.579978   0.063783   0.356027   0.679782   0.741075   0.516613   0.744829   0.478253   0.588845   0.050127   0.313391   0.689868   0.720659   0.487678   0.745312   0.448661   0.590480   0.041172   0.302002   0.694645   0.706222   0.467752   0.746028   0.428384   0.582692   0.040586   0.301799   0.694833   0.701380   0.461317   0.746564   0.421881   0.574581   0.039208   0.301818   0.694708   0.697661   0.456417   0.746674   0.416937   0.568601   0.037664   0.301883   0.694511   0.694358   0.452104   0.746723   0.412593   0.563663   0.036935   0.301782   0.694453   0.691086   0.447872   0.746570   0.408338   0.558504   0.036477   0.301459   0.694558   0.688007   0.443932   0.746504   0.404383   0.552764   0.036018   0.301216   0.694549   0.685602   0.440882   0.746992   0.401327   0.547308   0.035758 
 13   0.146355   0.686935   0.494881   0.241904   0.429659   0.208471   0.337386   0.037531   0.302308   0.694295   0.501903   0.247197   0.428506   0.213307   0.335624   0.041663   0.302536   0.693812   0.501668   0.246971   0.429278   0.213092   0.335546   0.041974   0.302574   0.693408   0.501394   0.246736   0.431407   0.212872   0.335496   0.043021   0.302629   0.693073   0.500644   0.246104   0.432658   0.212282   0.334960   0.044148   0.305786   0.690034   0.502273   0.247475   0.432624   0.213561   0.335147   0.044899   0.328811   0.677769   0.509430   0.253683   0.431873   0.219375   0.338087   0.045061   0.379480   0.658143   0.518082   0.261354   0.430596   0.226588   0.345211   0.049841   0.438591   0.640658   0.526412   0.268891   0.430073   0.233700   0.355508   0.061076   0.484059   0.630668   0.534527   0.276335   0.430424   0.240742   0.366215   0.073316   0.503002   0.629731   0.540364   0.281772   0.430576   0.245898   0.375596   0.083889   0.493658   0.636898   0.543134   0.284389   0.430568   0.248386   0.382446   0.091055   0.463858   0.649047   0.542328   0.283633   0.430220   0.247669   0.385968   0.092938   0.423262   0.662979   0.538316   0.279854   0.429471   0.244078   0.385896   0.088245   0.378283   0.677252   0.532145   0.274089   0.428833   0.238607   0.382909   0.078134   0.337328   0.690373   0.524833   0.267360   0.428840   0.232239   0.377991   0.066063   0.311431   0.699332   0.517517   0.260745   0.429266   0.225998   0.371657   0.056665   0.302842   0.702137   0.512858   0.256602   0.429888   0.222100   0.365094   0.052499   0.301950   0.701608   0.510667   0.254698   0.430278   0.220316   0.359513   0.051483   0.301376   0.701042   0.508670   0.252983   0.430189   0.218712   0.354751   0.051896   0.300835   0.700592   0.506673   0.251280   0.430101   0.217122   0.350464   0.052822   0.300481   0.700104   0.504698   0.249601   0.429932   0.215555   0.346626   0.052975   0.300221   0.699592   0.502886   0.248071   0.429840   0.214128   0.343117   0.052570   0.299874   0.699215   0.501221   0.246677   0.430177   0.212831   0.339769   0.052611 
 14   0.151656   0.687312   0.444364   0.201789   0.340486   0.171452   0.288845   0.040735   0.301189   0.694919   0.443728   0.200762   0.339697   0.170428   0.284173   0.047634   0.301406   0.694189   0.444138   0.201045   0.340407   0.170682   0.284875   0.049159   0.301435   0.693584   0.444642   0.201423   0.342414   0.171027   0.285161   0.051493   0.301480   0.693140   0.444315   0.201188   0.343601   0.170814   0.284932   0.054029   0.305467   0.689385   0.446411   0.202753   0.343559   0.172243   0.285415   0.056073   0.331320   0.674843   0.454031   0.208592   0.342833   0.177597   0.288443   0.058046   0.386240   0.652179   0.463717   0.216221   0.341608   0.184625   0.294591   0.065605   0.449829   0.632120   0.473798   0.224349   0.341102   0.192145   0.302834   0.078835   0.499812   0.620595   0.483454   0.232247   0.341451   0.199469   0.311608   0.091037   0.522589   0.619768   0.490401   0.238021   0.341628   0.204839   0.319647   0.101185   0.515249   0.628328   0.493915   0.240995   0.341643   0.207614   0.325707   0.108720   0.484210   0.642584   0.493444   0.240603   0.341313   0.207250   0.328922   0.111132   0.439672   0.658960   0.489248   0.237049   0.340598   0.203934   0.328985   0.106380   0.389548   0.675711   0.482464   0.231359   0.340003   0.198634   0.326462   0.095899   0.342548   0.691461   0.474019   0.224407   0.340021   0.192179   0.322116   0.082898   0.311498   0.702755   0.464965   0.217112   0.340427   0.185432   0.316290   0.071605   0.300654   0.706574   0.458660   0.212132   0.341023   0.180842   0.310170   0.066058   0.299436   0.706004   0.455454   0.209664   0.341403   0.178577   0.305077   0.064807   0.298824   0.705203   0.452818   0.207659   0.341319   0.176740   0.300814   0.066165   0.298392   0.704384   0.450444   0.205869   0.341214   0.175103   0.297008   0.068212   0.298111   0.703523   0.448190   0.204176   0.341032   0.173556   0.293659   0.068207   0.297849   0.702762   0.446045   0.202579   0.340939   0.172099   0.290604   0.067341   0.297451   0.702204   0.444070   0.201128   0.341254   0.170778   0.287737   0.067665 
 15   0.119456   0.685503   0.735206   0.507009   0.935535   0.468186   0.729904   0.021996   0.304280   0.691354   0.739912   0.513668   0.934652   0.474992   0.734899   0.021605   0.304742   0.690531   0.740959   0.515164   0.936118   0.476523   0.736778   0.022651   0.305141   0.689726   0.742194   0.516932   0.939060   0.478334   0.739325   0.023768   0.305457   0.689146   0.742377   0.517189   0.940853   0.478597   0.740361   0.024729   0.306488   0.688352   0.742445   0.517270   0.941175   0.478676   0.740428   0.024956   0.316563   0.684915   0.746546   0.523181   0.940636   0.484737   0.741701   0.024860   0.340989   0.678503   0.754884   0.535368   0.939348   0.497266   0.747855   0.024756   0.372431   0.671871   0.765429   0.551126   0.938386   0.513532   0.757760   0.026635   0.402144   0.666488   0.777793   0.570026   0.938672   0.533125   0.766886   0.030232   0.422191   0.663102   0.789370   0.588129   0.939064   0.551971   0.773668   0.032973   0.425688   0.662353   0.798255   0.602297   0.938977   0.566775   0.777947   0.034208   0.411931   0.664315   0.803399   0.610611   0.938213   0.575483   0.779950   0.034178   0.385854   0.668410   0.804458   0.612341   0.936845   0.577299   0.780532   0.033139   0.353371   0.673540   0.802195   0.608674   0.936140   0.573456   0.783976   0.029249   0.323745   0.679414   0.793607   0.594908   0.936229   0.559058   0.793144   0.024207   0.309010   0.684651   0.780955   0.574899   0.936497   0.538185   0.793394   0.025228   0.306590   0.686847   0.772782   0.562205   0.937145   0.524987   0.785833   0.028952   0.306310   0.687146   0.768548   0.555755   0.937818   0.518305   0.782249   0.029752   0.306123   0.687350   0.764863   0.550193   0.938021   0.512553   0.779051   0.029434   0.305986   0.687500   0.761448   0.545077   0.937621   0.507270   0.775731   0.029002   0.305914   0.687574   0.758451   0.540617   0.937155   0.502669   0.772445   0.028802   0.305908   0.687548   0.756120   0.537170   0.937254   0.499118   0.769663   0.028388   0.305942   0.687461   0.754297   0.534491   0.937849   0.496360   0.767294   0.027898 
 16   0.121031   0.686422   0.712843   0.476294   0.927118   0.436967   0.672910   0.024771   0.302887   0.693219   0.717238   0.482200   0.925915   0.442946   0.676253   0.025434   0.303278   0.692477   0.717806   0.482957   0.927002   0.443712   0.676063   0.025906   0.303617   0.691732   0.718764   0.484257   0.929639   0.445029   0.676770   0.026387   0.303933   0.691134   0.718918   0.484459   0.931209   0.445233   0.676575   0.027018   0.305719   0.689787   0.720086   0.486024   0.931446   0.446816   0.676379   0.026816   0.320038   0.684632   0.727339   0.496053   0.930911   0.457023   0.677105   0.024724   0.352984   0.675653   0.740068   0.514032   0.929642   0.475391   0.683144   0.022711   0.394348   0.666468   0.755431   0.536410   0.928892   0.498384   0.694501   0.024409   0.434123   0.658920   0.772745   0.562453   0.929216   0.525302   0.704621   0.028570   0.463376   0.653853   0.789027   0.587735   0.929437   0.551590   0.711549   0.032255   0.471301   0.652434   0.801914   0.608301   0.929228   0.573081   0.715772   0.034515   0.454627   0.655071   0.809913   0.621315   0.928427   0.586731   0.718014   0.035363   0.419333   0.660904   0.812526   0.625612   0.927063   0.591246   0.719453   0.034587   0.373911   0.668348   0.810413   0.622131   0.926203   0.587587   0.724023   0.030952   0.331949   0.676652   0.799701   0.604767   0.926112   0.569388   0.735301   0.026068   0.310010   0.684563   0.781942   0.576560   0.926343   0.539937   0.738751   0.027582   0.305677   0.688293   0.769560   0.557345   0.926996   0.519961   0.732935   0.032108   0.305315   0.688726   0.763621   0.548381   0.927635   0.510691   0.729640   0.032997   0.305054   0.689054   0.758502   0.540751   0.927796   0.502818   0.726838   0.032919   0.304858   0.689292   0.753946   0.534033   0.927579   0.495901   0.724200   0.032640   0.304743   0.689425   0.750022   0.528293   0.927286   0.489999   0.721680   0.032121   0.304692   0.689464   0.746789   0.523600   0.927352   0.485179   0.719255   0.031593   0.304653   0.689454   0.744078   0.519698   0.927914   0.481180   0.716930   0.031162 
 17   0.123597   0.686337   0.684214   0.439846   0.836055   0.400420   0.590204   0.042734   0.303160   0.692598   0.709633   0.472401   0.834362   0.433105   0.590970   0.045205   0.303854   0.691236   0.716268   0.481451   0.835266   0.442294   0.582896   0.041354   0.304504   0.690216   0.720666   0.487497   0.837840   0.448441   0.578796   0.039868   0.305023   0.689436   0.723100   0.490866   0.839404   0.451870   0.575298   0.039772   0.307486   0.687518   0.726571   0.495684   0.839586   0.456778   0.572718   0.038751   0.325393   0.681238   0.737720   0.511540   0.838979   0.473002   0.575108   0.033017   0.366774   0.671245   0.751946   0.532094   0.837714   0.494094   0.588376   0.026798   0.420220   0.661348   0.764472   0.550683   0.837116   0.513266   0.606895   0.028027   0.474762   0.653087   0.778126   0.571496   0.837410   0.534838   0.621431   0.034555   0.518430   0.647576   0.790880   0.591425   0.837438   0.555589   0.632209   0.042219   0.532769   0.646767   0.800232   0.606361   0.837167   0.571204   0.641086   0.048757   0.510373   0.651175   0.804266   0.612901   0.836418   0.578059   0.648573   0.052333   0.461904   0.659036   0.802595   0.610186   0.835174   0.575211   0.655013   0.051480   0.400865   0.668440   0.795905   0.599370   0.834303   0.563879   0.662510   0.046044   0.343952   0.677932   0.782797   0.578580   0.834330   0.542172   0.673335   0.036915   0.312142   0.686338   0.763816   0.549327   0.834798   0.511794   0.677567   0.033339   0.304707   0.690350   0.750953   0.529969   0.835545   0.491782   0.671373   0.035489   0.304626   0.690538   0.746787   0.523898   0.836152   0.485542   0.663982   0.035734   0.304705   0.690487   0.743631   0.519339   0.836304   0.480866   0.658023   0.035466   0.304839   0.690380   0.740775   0.515244   0.836290   0.476670   0.652932   0.035672   0.304892   0.690346   0.738054   0.511382   0.836072   0.472721   0.647752   0.036150   0.304850   0.690356   0.735730   0.508108   0.836028   0.469377   0.642521   0.036272   0.304835   0.690292   0.733926   0.505585   0.836549   0.466803   0.637798   0.036236 
 18   0.131235   0.685720   0.621387   0.364862   0.697698   0.326076   0.505092   0.034171   0.304063   0.691904   0.640327   0.385582   0.695762   0.346294   0.511779   0.037324   0.304486   0.691250   0.642056   0.387560   0.696652   0.348240   0.509231   0.035260   0.304864   0.690522   0.643472   0.389190   0.699116   0.349845   0.508890   0.034135   0.305073   0.690052   0.643748   0.389501   0.700558   0.350149   0.508106   0.033769   0.306489   0.688804   0.644475   0.390332   0.700568   0.350967   0.507081   0.033453   0.321013   0.683174   0.650142   0.397083   0.699813   0.357654   0.508038   0.031006   0.356554   0.673404   0.658089   0.406648   0.698472   0.367146   0.515436   0.030048   0.402285   0.663861   0.665407   0.415595   0.697939   0.376051   0.528139   0.035276   0.444759   0.656837   0.673246   0.425342   0.698333   0.385782   0.540646   0.043583   0.471776   0.653608   0.679750   0.433566   0.698465   0.394018   0.551320   0.051300   0.473896   0.654903   0.683749   0.438681   0.698384   0.399150   0.559433   0.056731   0.451618   0.660129   0.684116   0.439162   0.697916   0.399635   0.564560   0.058117   0.413859   0.667657   0.680947   0.435117   0.696975   0.395578   0.566435   0.054272   0.370820   0.676071   0.675442   0.428125   0.696185   0.388571   0.565636   0.046518   0.332556   0.684189   0.668239   0.419066   0.696155   0.379508   0.563944   0.037966   0.310594   0.690090   0.659991   0.408828   0.696600   0.369290   0.560157   0.034200   0.305010   0.692138   0.654981   0.402683   0.697281   0.363171   0.553719   0.034732   0.304881   0.691983   0.653489   0.400896   0.697734   0.361400   0.547361   0.035082   0.304865   0.691745   0.652088   0.399228   0.697694   0.359747   0.542154   0.035251   0.304901   0.691483   0.650744   0.397637   0.697643   0.358174   0.537760   0.035517   0.304905   0.691294   0.649277   0.395910   0.697472   0.356466   0.533450   0.035690   0.304858   0.691141   0.647917   0.394317   0.697387   0.354893   0.529338   0.035641   0.304798   0.690951   0.646935   0.393181   0.697805   0.353774   0.525759   0.035565 
 19   0.140283   0.687052   0.541282   0.283211   0.526163   0.247356   0.386888   0.037694   0.301901   0.694542   0.555936   0.296225   0.524289   0.259594   0.387240   0.039446   0.302188   0.694081   0.556109   0.296367   0.525113   0.259725   0.386218   0.037815   0.302279   0.693667   0.555721   0.295999   0.527350   0.259375   0.386003   0.037973   0.302328   0.693352   0.554741   0.295066   0.528659   0.258487   0.385242   0.038535   0.305372   0.690392   0.556602   0.296834   0.528631   0.260170   0.385268   0.038805   0.328583   0.679244   0.564649   0.304722   0.527857   0.267718   0.388846   0.037688   0.380139   0.662173   0.573475   0.313577   0.526526   0.276225   0.397955   0.040833   0.441450   0.646930   0.581040   0.321342   0.525982   0.283716   0.410862   0.051197   0.490803   0.637688   0.588277   0.328862   0.526346   0.290988   0.424031   0.063103   0.513592   0.636203   0.593058   0.333888   0.526502   0.295857   0.435630   0.073240   0.505569   0.641960   0.594834   0.335757   0.526486   0.297669   0.444320   0.079656   0.472091   0.652692   0.593147   0.333940   0.526111   0.295901   0.449158   0.080356   0.426029   0.665337   0.588535   0.329045   0.525315   0.291151   0.449740   0.074451   0.378202   0.677834   0.582282   0.322500   0.524638   0.284814   0.446746   0.063967   0.336457   0.689097   0.575298   0.315311   0.524628   0.277876   0.441442   0.052370   0.311127   0.696843   0.568490   0.308423   0.525052   0.271248   0.434468   0.044568   0.303190   0.699311   0.564509   0.304454   0.525681   0.267438   0.426941   0.042028   0.302455   0.698932   0.562992   0.302982   0.526077   0.266033   0.420326   0.041554   0.301970   0.698529   0.561442   0.301493   0.525989   0.264613   0.414631   0.041948   0.301503   0.698208   0.559835   0.299957   0.525901   0.263150   0.409534   0.042791   0.301155   0.697885   0.558165   0.298363   0.525730   0.261632   0.404807   0.043154   0.300940   0.697528   0.556631   0.296906   0.525646   0.260245   0.400413   0.043126   0.300632   0.697306   0.555170   0.295533   0.526015   0.258941   0.396291   0.043338 
 20   0.120861   0.685198   0.721755   0.488281   0.930477   0.449103   0.706006   0.023056   0.304555   0.690862   0.725462   0.493365   0.929486   0.454270   0.710207   0.022669   0.304992   0.690240   0.725915   0.493978   0.930795   0.454890   0.711056   0.023220   0.305342   0.689579   0.726704   0.495061   0.933572   0.455992   0.712595   0.023957   0.305657   0.689081   0.726641   0.494962   0.935257   0.455888   0.712864   0.024705   0.306331   0.688533   0.726251   0.494402   0.935583   0.455314   0.712304   0.025130   0.314109   0.685880   0.728938   0.498139   0.935093   0.459122   0.713108   0.025642   0.334180   0.680534   0.735277   0.507061   0.933898   0.468230   0.718156   0.026043   0.360397   0.674868   0.743574   0.518946   0.933133   0.480403   0.726623   0.028031   0.385375   0.670281   0.753299   0.533133   0.933542   0.494984   0.735176   0.031726   0.403848   0.667255   0.762414   0.546678   0.933958   0.508952   0.742083   0.034896   0.409405   0.666334   0.769546   0.557445   0.933935   0.520088   0.746650   0.036612   0.399371   0.667757   0.773693   0.563776   0.933262   0.526650   0.748618   0.036692   0.377346   0.671136   0.774449   0.564945   0.932011   0.527863   0.748618   0.035223   0.348652   0.675690   0.772341   0.561727   0.931270   0.524529   0.749606   0.030726   0.321788   0.681031   0.765066   0.550709   0.931236   0.513126   0.754324   0.025077   0.308260   0.685613   0.754422   0.534770   0.931431   0.496666   0.752200   0.025754   0.306087   0.687462   0.747437   0.524468   0.932004   0.486057   0.744556   0.029427   0.305882   0.687695   0.743895   0.519334   0.932589   0.480788   0.740537   0.029991   0.305763   0.687848   0.740829   0.514928   0.932720   0.476272   0.736764   0.029500   0.305683   0.687969   0.738034   0.510947   0.932391   0.472198   0.732904   0.029169   0.305644   0.688053   0.735532   0.507410   0.931971   0.468585   0.729108   0.029245   0.305676   0.688042   0.733529   0.504600   0.932009   0.465717   0.725853   0.029001   0.305772   0.687929   0.732026   0.502507   0.932551   0.463584   0.723202   0.028589 
 21   0.123145   0.685722   0.697670   0.456276   0.891068   0.416767   0.646980   0.027133   0.304928   0.691970   0.706096   0.467180   0.889777   0.427732   0.652470   0.028533   0.305334   0.691431   0.706622   0.467873   0.890869   0.428431   0.651037   0.028236   0.305697   0.690768   0.707627   0.469219   0.893520   0.429793   0.650863   0.028173   0.306007   0.690277   0.707673   0.469288   0.895088   0.429863   0.649933   0.028557   0.306638   0.689771   0.707047   0.468441   0.895298   0.429005   0.648636   0.028595   0.314762   0.686943   0.709704   0.472026   0.894744   0.432637   0.647339   0.027308   0.336929   0.680793   0.716163   0.480805   0.893480   0.441543   0.650554   0.025920   0.367346   0.673759   0.724569   0.492390   0.892880   0.453326   0.659975   0.027757   0.397208   0.667776   0.734723   0.506651   0.893332   0.467882   0.670086   0.031935   0.420004   0.663643   0.744726   0.521005   0.893604   0.482590   0.678143   0.035974   0.428371   0.662174   0.753049   0.533173   0.893529   0.495102   0.683807   0.038823   0.417725   0.663895   0.758272   0.540924   0.892904   0.503094   0.686955   0.039316   0.391429   0.668390   0.759558   0.542867   0.891735   0.505104   0.688159   0.037248   0.357193   0.674477   0.757256   0.539453   0.890882   0.501584   0.689654   0.032191   0.325610   0.681107   0.749827   0.528459   0.890801   0.490254   0.694727   0.026459   0.309111   0.686575   0.738748   0.512283   0.891130   0.473626   0.694917   0.026565   0.305982   0.688760   0.731402   0.501731   0.891794   0.462812   0.689018   0.029396   0.305871   0.688933   0.728125   0.497125   0.892336   0.458111   0.684582   0.030024   0.305802   0.689060   0.725218   0.493082   0.892365   0.453992   0.680459   0.030087   0.305787   0.689120   0.722636   0.489524   0.892200   0.450373   0.676590   0.030268   0.305786   0.689155   0.720243   0.486250   0.891931   0.447047   0.672774   0.030740   0.305819   0.689147   0.718170   0.483437   0.891909   0.444194   0.669288   0.031030   0.305896   0.689064   0.716563   0.481278   0.892423   0.442008   0.666242   0.031157 
 22   0.126736   0.685575   0.661276   0.411063   0.779591   0.371629   0.573159   0.033635   0.304875   0.691570   0.679634   0.433057   0.777868   0.393442   0.580499   0.036241   0.305392   0.690837   0.681822   0.435840   0.778815   0.396232   0.577182   0.033530   0.305842   0.690078   0.683495   0.437979   0.781391   0.398379   0.576709   0.032442   0.306130   0.689572   0.683757   0.438322   0.782947   0.398724   0.576008   0.032306   0.306920   0.688894   0.683474   0.437964   0.783021   0.398366   0.574909   0.031794   0.316917   0.685286   0.687095   0.442691   0.782280   0.403127   0.574478   0.029397   0.343597   0.678091   0.693430   0.450948   0.780929   0.411441   0.580329   0.027266   0.379759   0.670413   0.699813   0.459323   0.780359   0.419883   0.592589   0.029825   0.414581   0.664289   0.707336   0.469336   0.780768   0.430004   0.604576   0.035586   0.439610   0.660589   0.714522   0.479052   0.780926   0.439853   0.614419   0.041348   0.446422   0.660134   0.720013   0.486571   0.780839   0.447493   0.621943   0.045522   0.431792   0.663169   0.722336   0.489781   0.780311   0.450760   0.626787   0.046656   0.401320   0.668777   0.720963   0.487891   0.779268   0.448838   0.628870   0.043915   0.363711   0.675737   0.716694   0.482007   0.778428   0.442852   0.629216   0.037729   0.329213   0.682804   0.709699   0.472429   0.778403   0.433120   0.630229   0.030802   0.310050   0.688115   0.700819   0.460415   0.778857   0.420942   0.628773   0.028611   0.305796   0.689992   0.695424   0.453197   0.779565   0.413640   0.623056   0.029803   0.305794   0.689888   0.693872   0.451168   0.780057   0.411596   0.616988   0.030043   0.305852   0.689721   0.692486   0.449373   0.780032   0.409791   0.611748   0.030054   0.305941   0.689550   0.691127   0.447625   0.779958   0.408035   0.607130   0.030474   0.305997   0.689442   0.689651   0.445736   0.779752   0.406139   0.602616   0.031042   0.306022   0.689342   0.688308   0.444025   0.779667   0.404424   0.598378   0.031285   0.306051   0.689190   0.687293   0.442743   0.780110   0.403141   0.594837   0.031417 
 23   0.126872   0.687428   0.664019   0.414627   0.937501   0.375220   0.570467   0.033790   0.303662   0.695364   0.670299   0.422021   0.936131   0.382530   0.568890   0.030832   0.303829   0.694823   0.670445   0.422041   0.936852   0.382520   0.565226   0.030862   0.303965   0.694261   0.670705   0.422245   0.939223   0.382703   0.562183   0.031009   0.304064   0.693995   0.669605   0.420801   0.940576   0.381248   0.557862   0.031441   0.304708   0.693893   0.667568   0.418213   0.940598   0.378654   0.551641   0.032534   0.314953   0.691885   0.667693   0.418296   0.940043   0.378723   0.544345   0.035900   0.340829   0.686683   0.671872   0.423436   0.939058   0.383844   0.539392   0.040555   0.374055   0.680264   0.680035   0.433729   0.938645   0.394145   0.538421   0.045291   0.406096   0.674503   0.691568   0.448691   0.939474   0.409196   0.538756   0.050719   0.426143   0.671011   0.702747   0.463607   0.940079   0.424278   0.538154   0.054667   0.428129   0.670449   0.710876   0.474788   0.940081   0.435648   0.536921   0.056181   0.413573   0.672442   0.715329   0.481103   0.939687   0.442105   0.535898   0.054911   0.387030   0.676386   0.715720   0.481829   0.938644   0.442878   0.535501   0.050585   0.354996   0.681021   0.713070   0.478340   0.937957   0.439357   0.538225   0.042037   0.323795   0.686089   0.705382   0.467899   0.937993   0.428761   0.545088   0.031436   0.306679   0.690779   0.693650   0.452051   0.938282   0.412696   0.548612   0.028886   0.303674   0.692826   0.685711   0.441517   0.938934   0.402053   0.547141   0.031637   0.303554   0.692929   0.681947   0.436658   0.939660   0.397168   0.545988   0.031659   0.303381   0.693028   0.678461   0.432185   0.939954   0.392677   0.545292   0.031029   0.303224   0.693131   0.675181   0.428016   0.939830   0.388499   0.544284   0.031267   0.303145   0.693129   0.672354   0.424441   0.939643   0.384919   0.542929   0.032106   0.303125   0.693008   0.670045   0.421528   0.939770   0.382002   0.541991   0.032318   0.303082   0.692882   0.668107   0.419118   0.940331   0.379597   0.541293   0.031919 
 24   0.135800   0.685913   0.586843   0.327925   0.615935   0.290169   0.450509   0.036668   0.303690   0.692331   0.602704   0.343682   0.614448   0.305284   0.453109   0.040056   0.304079   0.691774   0.603472   0.344469   0.615317   0.306043   0.451445   0.037968   0.304375   0.691177   0.603903   0.344911   0.617683   0.306470   0.451526   0.037640   0.304540   0.690760   0.603493   0.344468   0.619076   0.306038   0.451107   0.037686   0.306370   0.689068   0.604272   0.345292   0.619081   0.306837   0.450588   0.037749   0.323193   0.681955   0.610077   0.351617   0.618330   0.313003   0.452720   0.036220   0.362995   0.670000   0.617627   0.359957   0.617002   0.321154   0.460823   0.036647   0.412450   0.658687   0.624451   0.367635   0.616464   0.328682   0.473370   0.043109   0.455196   0.651109   0.631457   0.375625   0.616848   0.336536   0.486013   0.052320   0.479183   0.648574   0.636669   0.381646   0.617003   0.342468   0.497040   0.060780   0.477658   0.651336   0.639315   0.384729   0.616962   0.345511   0.505270   0.066491   0.452402   0.658366   0.638584   0.383870   0.616544   0.344662   0.509959   0.067562   0.413467   0.667519   0.634722   0.379363   0.615674   0.340213   0.510826   0.063170   0.370819   0.677220   0.629060   0.372826   0.614943   0.333774   0.508416   0.055063   0.333065   0.686370   0.622344   0.365180   0.614929   0.326261   0.504134   0.046486   0.310833   0.692701   0.615434   0.357418   0.615363   0.318652   0.498222   0.041964   0.304677   0.694646   0.611531   0.353081   0.616016   0.314409   0.491429   0.041446   0.304408   0.694295   0.610369   0.351817   0.616439   0.313178   0.485426   0.041375   0.304291   0.693887   0.609233   0.350592   0.616375   0.311985   0.480521   0.041687   0.304221   0.693500   0.608117   0.349393   0.616301   0.310820   0.476272   0.042327   0.304142   0.693190   0.606944   0.348137   0.616121   0.309598   0.472074   0.042699   0.304051   0.692909   0.605833   0.346954   0.616030   0.308450   0.468000   0.042703   0.303908   0.692676   0.604865   0.345934   0.616425   0.307461   0.464325   0.042724 
