timestamp=                2021-11-24T10:34:28.874967
shape=                    (5, 5)
sigma=                    2.5
nepochs=                  3
thresh=                   None
rate=                     0.00723
neighborhood function=    gaussian
init weights=             pca
topology=                 hexagonal
activation distance=      euclidean
output type=              labels
mapfile_prefix=           full2017_5x5_3_00723_3_02
apply classification=     False
seed=                     None
random order=             True
custom init file=         None
order labels by size=     False
decay_function=           3

Quantization Error=       0.34751763
Topographic Error=        0.14065585

############ NEURONS #############
 25 192
  0   0.123247   0.671403   0.732614   0.488139   0.932566   0.447588   0.592449   0.026211   0.302463   0.681328   0.743491   0.503593   0.931791   0.463315   0.599698   0.027055   0.303155   0.679724   0.745189   0.506086   0.932712   0.465867   0.599516   0.027945   0.303468   0.678615   0.745843   0.507049   0.934682   0.466854   0.600745   0.027723   0.303628   0.677844   0.745397   0.506400   0.935779   0.466190   0.601589   0.027519   0.310352   0.675429   0.748165   0.510409   0.935756   0.470285   0.601156   0.026885   0.346381   0.666367   0.760291   0.528601   0.935218   0.488986   0.605650   0.023631   0.426683   0.649051   0.783624   0.565245   0.934278   0.526975   0.621411   0.021676   0.534150   0.629435   0.816640   0.620309   0.933437   0.584711   0.637908   0.026572   0.641371   0.613125   0.852752   0.684573   0.933340   0.652922   0.645395   0.034663   0.717502   0.603474   0.883135   0.742158   0.933015   0.714772   0.646056   0.041995   0.729049   0.603478   0.904040   0.783822   0.932201   0.759948   0.642555   0.048275   0.670506   0.612667   0.914737   0.805835   0.931134   0.783962   0.638829   0.053488   0.570231   0.627023   0.915790   0.808053   0.929851   0.786392   0.639979   0.056246   0.459639   0.641994   0.908271   0.792514   0.929060   0.769427   0.652930   0.053802   0.366322   0.656094   0.886965   0.749779   0.928962   0.723034   0.679639   0.046055   0.315893   0.669083   0.854750   0.687916   0.929233   0.656424   0.694006   0.044988   0.303562   0.675581   0.832438   0.646935   0.929868   0.612673   0.690644   0.048769   0.303231   0.676251   0.822543   0.629625   0.930592   0.594363   0.688492   0.047930   0.303263   0.676507   0.814720   0.616194   0.931082   0.580206   0.688032   0.045884   0.303540   0.676406   0.808452   0.605583   0.931245   0.569052   0.688583   0.043504   0.303926   0.676033   0.803350   0.597057   0.931254   0.560110   0.689685   0.041833   0.304214   0.675624   0.799002   0.589885   0.931491   0.552607   0.690972   0.040882   0.304368   0.675291   0.795122   0.583574   0.932060   0.546022   0.692220   0.039997 168069
  1   0.125626   0.668950   0.706877   0.454038   0.846802   0.413312   0.444117   0.045249   0.302301   0.676520   0.732523   0.488379   0.845588   0.447902   0.445662   0.046191   0.303067   0.675373   0.736652   0.494296   0.846242   0.453934   0.441329   0.041032   0.303573   0.674636   0.738333   0.496656   0.848099   0.456329   0.441845   0.038079   0.303975   0.673872   0.739481   0.498273   0.849218   0.457973   0.443160   0.037375   0.306248   0.671786   0.743179   0.503539   0.849304   0.463335   0.444873   0.035928   0.322586   0.664757   0.756558   0.523463   0.848806   0.483793   0.449892   0.029652   0.360903   0.653402   0.775280   0.552238   0.847913   0.513509   0.462116   0.023242   0.409944   0.642291   0.792659   0.580064   0.847458   0.542465   0.478017   0.024478   0.457652   0.633364   0.810100   0.609100   0.847616   0.572900   0.492375   0.031346   0.493319   0.627823   0.825534   0.635707   0.847462   0.600972   0.505217   0.040119   0.503299   0.627219   0.836492   0.655153   0.846952   0.621601   0.517665   0.048584   0.481584   0.631915   0.841177   0.663635   0.846185   0.630633   0.530658   0.054804   0.435634   0.640550   0.838599   0.659020   0.845202   0.625728   0.545048   0.056781   0.380245   0.651104   0.828800   0.641592   0.844566   0.607230   0.562349   0.053458   0.333218   0.661981   0.809272   0.607933   0.844649   0.571719   0.582495   0.044779   0.309704   0.670177   0.786454   0.569849   0.845136   0.531780   0.594087   0.038836   0.305184   0.673012   0.773850   0.549463   0.845826   0.510529   0.594246   0.037181   0.305493   0.672881   0.769495   0.542637   0.846431   0.503456   0.591687   0.035319   0.305793   0.672615   0.766425   0.537881   0.846716   0.498539   0.588548   0.034564   0.306079   0.672298   0.763960   0.534100   0.846859   0.494637   0.585612   0.034855   0.306289   0.672005   0.761817   0.530846   0.846813   0.491284   0.582632   0.035607   0.306406   0.671757   0.760005   0.528116   0.846836   0.488476   0.579821   0.035736   0.306479   0.671546   0.758437   0.525774   0.847215   0.486071   0.577442   0.035550 152664
  2   0.147506   0.678405   0.495292   0.229060   0.442199   0.195282   0.282090   0.067833   0.290130   0.695784   0.520581   0.249167   0.441650   0.213765   0.280077   0.075236   0.289470   0.694491   0.522692   0.251009   0.442015   0.215486   0.275225   0.075062   0.289533   0.692853   0.524062   0.252247   0.443368   0.216649   0.272058   0.077202   0.289549   0.691499   0.524381   0.252572   0.444098   0.216959   0.269467   0.080379   0.299949   0.679681   0.532846   0.259902   0.443948   0.223794   0.270945   0.082879   0.352347   0.643289   0.555743   0.280912   0.443231   0.243583   0.276539   0.087798   0.453892   0.593619   0.581140   0.305837   0.442148   0.267333   0.282234   0.106650   0.568387   0.552014   0.603081   0.328808   0.441689   0.289473   0.287737   0.132783   0.663836   0.526804   0.622381   0.349951   0.441915   0.310016   0.293954   0.151829   0.721145   0.520675   0.636493   0.366070   0.441880   0.325795   0.301666   0.165093   0.723515   0.535486   0.644087   0.375092   0.441618   0.334688   0.310774   0.174723   0.670540   0.567358   0.643814   0.375007   0.441224   0.334647   0.320631   0.179599   0.581162   0.607598   0.635433   0.365436   0.440691   0.325276   0.329974   0.177417   0.476821   0.649304   0.620659   0.348667   0.440185   0.308877   0.336986   0.166736   0.379802   0.685832   0.601994   0.328038   0.440138   0.288799   0.340204   0.144995   0.310578   0.712638   0.579683   0.304601   0.440540   0.266192   0.337669   0.116222   0.283522   0.722012   0.562462   0.287320   0.441102   0.249658   0.329295   0.099954   0.282141   0.718499   0.554666   0.279883   0.441472   0.242606   0.320155   0.097376   0.281961   0.714687   0.549561   0.275105   0.441477   0.238090   0.312792   0.097534   0.281753   0.711491   0.545363   0.271245   0.441547   0.234454   0.306409   0.099188   0.281689   0.708855   0.541346   0.267605   0.441613   0.231034   0.301020   0.099811   0.281834   0.706610   0.537488   0.264138   0.441653   0.227780   0.296255   0.099766   0.281974   0.704598   0.534167   0.261180   0.441935   0.225009   0.291851   0.099887 148502
  3   0.152925   0.675521   0.439414   0.185599   0.331071   0.155471   0.244743   0.093782   0.286663   0.690060   0.445255   0.189190   0.331299   0.158623   0.236210   0.124391   0.286091   0.688682   0.447216   0.190603   0.331750   0.159900   0.233547   0.130510   0.286172   0.686825   0.448872   0.191812   0.333065   0.160996   0.232330   0.136551   0.285873   0.685369   0.449483   0.192295   0.333770   0.161438   0.231430   0.144372   0.297602   0.674851   0.457679   0.198144   0.333651   0.166715   0.233837   0.150634   0.353404   0.644197   0.478607   0.214000   0.333004   0.181168   0.239181   0.159146   0.456699   0.604610   0.501522   0.232665   0.332049   0.198387   0.243294   0.182661   0.569844   0.571988   0.520954   0.249474   0.331741   0.214056   0.246955   0.208401   0.663341   0.549928   0.537398   0.264258   0.332125   0.227930   0.251427   0.217774   0.720641   0.541219   0.549513   0.275509   0.332272   0.238549   0.256554   0.219395   0.727638   0.548813   0.556189   0.281898   0.332162   0.244612   0.262206   0.219501   0.682686   0.571333   0.556451   0.282250   0.331843   0.244963   0.267845   0.217869   0.598892   0.603637   0.549965   0.276171   0.331314   0.239216   0.272583   0.212308   0.494508   0.640557   0.537772   0.264827   0.330767   0.228505   0.275235   0.203155   0.390724   0.676702   0.520829   0.249495   0.330613   0.214099   0.275312   0.188502   0.310341   0.707233   0.497522   0.229443   0.330849   0.195421   0.272485   0.166674   0.276876   0.720240   0.478715   0.213991   0.331264   0.181142   0.265916   0.156173   0.274992   0.717757   0.470807   0.207878   0.331560   0.175554   0.258893   0.158870   0.274944   0.713891   0.465970   0.204214   0.331541   0.172215   0.254015   0.163557   0.275108   0.710211   0.461993   0.201251   0.331578   0.169524   0.250303   0.168403   0.275418   0.706923   0.458317   0.198553   0.331610   0.167078   0.247147   0.169786   0.275651   0.704083   0.455047   0.196181   0.331631   0.164932   0.244123   0.169581   0.275696   0.701578   0.452364   0.194264   0.331881   0.163202   0.241179   0.170284 169764
  4   0.153742   0.673456   0.410430   0.166174   0.245868   0.138125   0.220164   0.206007   0.277358   0.684522   0.397917   0.157911   0.247109   0.130762   0.211606   0.340405   0.277388   0.681373   0.400220   0.159414   0.247558   0.132100   0.213098   0.360962   0.277267   0.679181   0.401492   0.160271   0.248831   0.132866   0.214360   0.373685   0.276796   0.677795   0.401626   0.160391   0.249490   0.132978   0.215226   0.387801   0.291483   0.671344   0.403780   0.161798   0.249375   0.134231   0.215859   0.398299   0.355272   0.648111   0.413063   0.168001   0.248743   0.139770   0.218092   0.394767   0.466984   0.611787   0.428184   0.178506   0.247843   0.149215   0.221209   0.393681   0.584988   0.578093   0.444359   0.190242   0.247656   0.159846   0.224002   0.401008   0.679686   0.554168   0.458997   0.201261   0.248182   0.169891   0.226912   0.396318   0.737292   0.543246   0.470131   0.209900   0.248489   0.177808   0.229532   0.386251   0.746986   0.548288   0.476498   0.214950   0.248522   0.182453   0.231969   0.377800   0.707148   0.568832   0.477323   0.215610   0.248289   0.183061   0.234048   0.371547   0.627612   0.600517   0.472376   0.211660   0.247792   0.179424   0.235127   0.364577   0.520882   0.639779   0.461898   0.203460   0.247225   0.171899   0.234602   0.360666   0.406108   0.681396   0.446029   0.191461   0.246959   0.160952   0.232491   0.366256   0.309244   0.716255   0.426701   0.177441   0.247033   0.148252   0.228785   0.380429   0.265617   0.728665   0.413366   0.168120   0.247331   0.139862   0.224412   0.395470   0.262608   0.723058   0.408284   0.164748   0.247555   0.136854   0.220800   0.404900   0.262552   0.716718   0.404888   0.162538   0.247484   0.134890   0.218174   0.414689   0.262772   0.711130   0.402034   0.160701   0.247487   0.133260   0.216336   0.422846   0.262976   0.706378   0.399616   0.159157   0.247518   0.131891   0.214673   0.423913   0.262827   0.702476   0.397565   0.157855   0.247554   0.130738   0.212887   0.422003   0.262503   0.699077   0.396058   0.156909   0.247803   0.129902   0.211076   0.421973 109297
  5   0.126874   0.670148   0.699443   0.443392   0.935859   0.402468   0.566845   0.025195   0.302057   0.679009   0.714300   0.462789   0.934880   0.421910   0.574493   0.025040   0.302496   0.677657   0.716458   0.465661   0.935599   0.424798   0.574554   0.025819   0.302695   0.676568   0.718067   0.467861   0.937332   0.427021   0.575342   0.025508   0.302728   0.675860   0.718381   0.468320   0.938339   0.427490   0.576017   0.025324   0.306604   0.674771   0.719070   0.469248   0.938347   0.428425   0.575917   0.025469   0.331436   0.669590   0.725279   0.477886   0.937761   0.437183   0.577702   0.023605   0.387953   0.657985   0.739814   0.498617   0.936819   0.458299   0.587424   0.021390   0.463976   0.643625   0.761975   0.531598   0.936158   0.492156   0.603089   0.024205   0.544597   0.630450   0.789295   0.574600   0.936305   0.536760   0.615100   0.030834   0.613280   0.620605   0.815959   0.619024   0.936251   0.583327   0.620952   0.037482   0.642031   0.617073   0.837069   0.655941   0.935688   0.622379   0.624246   0.042868   0.614785   0.621342   0.850199   0.679679   0.934770   0.647645   0.626768   0.046850   0.542350   0.631551   0.854564   0.687683   0.933571   0.656188   0.630378   0.048280   0.449126   0.643995   0.850875   0.680807   0.932754   0.648828   0.639261   0.045346   0.364892   0.656022   0.836212   0.654242   0.932610   0.620543   0.656330   0.038456   0.316112   0.667337   0.810942   0.610192   0.932880   0.573976   0.664647   0.038310   0.303117   0.673111   0.792401   0.578979   0.933525   0.541197   0.659846   0.043065   0.303006   0.673410   0.784930   0.566942   0.934230   0.528660   0.656265   0.043579   0.303191   0.673448   0.778987   0.557492   0.934668   0.518842   0.654934   0.042809   0.303399   0.673391   0.773973   0.549618   0.934871   0.510680   0.654817   0.041257   0.303538   0.673292   0.769706   0.542978   0.934970   0.503808   0.654992   0.039403   0.303651   0.673127   0.766104   0.537415   0.935228   0.498060   0.655033   0.038134   0.303702   0.672977   0.762883   0.532502   0.935736   0.492995   0.654957   0.037508 186531
  6   0.132781   0.665712   0.675479   0.412620   0.776831   0.371704   0.580452   0.034986   0.307257   0.670590   0.697708   0.439822   0.775567   0.398656   0.585498   0.037629   0.307735   0.669984   0.699077   0.441683   0.776238   0.400535   0.583656   0.034133   0.308179   0.669380   0.700160   0.443151   0.778108   0.402016   0.585121   0.032578   0.308483   0.668968   0.700332   0.443405   0.779179   0.402275   0.585563   0.032025   0.309075   0.668490   0.700211   0.443265   0.779142   0.402138   0.584956   0.031566   0.316902   0.665395   0.703855   0.448257   0.778539   0.407185   0.584152   0.029536   0.339175   0.658582   0.710704   0.457646   0.777487   0.416677   0.588915   0.026788   0.370526   0.651005   0.717496   0.467049   0.777070   0.426200   0.600678   0.028081   0.401111   0.644952   0.724644   0.477103   0.777549   0.436414   0.613008   0.033268   0.422533   0.641448   0.731024   0.486211   0.777706   0.445692   0.623489   0.038734   0.427281   0.641233   0.735442   0.492595   0.777481   0.452210   0.631999   0.042652   0.413237   0.644451   0.736826   0.494621   0.777004   0.454284   0.638659   0.043956   0.385394   0.650351   0.734551   0.491329   0.776204   0.450923   0.643457   0.041895   0.352485   0.657530   0.729199   0.483603   0.775459   0.443036   0.647099   0.036637   0.324585   0.664458   0.721126   0.472042   0.775324   0.431254   0.651560   0.030583   0.310714   0.668852   0.712990   0.460528   0.775673   0.419544   0.652772   0.028186   0.308173   0.669960   0.708808   0.454685   0.776236   0.413617   0.649205   0.028178   0.308250   0.669783   0.707326   0.452643   0.776684   0.411551   0.645187   0.027645   0.308344   0.669601   0.706052   0.450912   0.776773   0.409804   0.641361   0.027569   0.308445   0.669433   0.704851   0.449297   0.776872   0.408176   0.637787   0.027971   0.308531   0.669290   0.703688   0.447748   0.776926   0.406619   0.634327   0.028629   0.308605   0.669122   0.702753   0.446508   0.776972   0.405374   0.630907   0.029105   0.308697   0.668892   0.702170   0.445744   0.777323   0.404608   0.627677   0.029383 356052
  7   0.136905   0.676432   0.583041   0.309903   0.616986   0.271574   0.345056   0.066787   0.292608   0.691214   0.615754   0.342725   0.613534   0.302989   0.345227   0.067138   0.292923   0.689094   0.619572   0.346861   0.613859   0.306999   0.338659   0.063973   0.293381   0.687310   0.621497   0.349000   0.615358   0.309082   0.336480   0.063240   0.293807   0.685969   0.621719   0.349261   0.616230   0.309339   0.335566   0.063328   0.300545   0.678395   0.629214   0.357404   0.616139   0.317239   0.337649   0.063015   0.340700   0.654457   0.651703   0.383370   0.615429   0.342709   0.342948   0.066233   0.426012   0.621592   0.677752   0.415407   0.614314   0.374489   0.348902   0.084151   0.527702   0.594633   0.700668   0.445602   0.613789   0.404817   0.354236   0.111501   0.616473   0.578322   0.721941   0.474936   0.613902   0.434527   0.359305   0.134933   0.671233   0.574295   0.737749   0.497594   0.613718   0.457640   0.366301   0.152801   0.673472   0.583093   0.745905   0.509692   0.613357   0.470060   0.376117   0.164506   0.623385   0.602327   0.745079   0.508742   0.612927   0.469138   0.388505   0.169030   0.540321   0.627279   0.735538   0.495100   0.612382   0.455225   0.401752   0.165269   0.446265   0.653707   0.719286   0.472132   0.611863   0.431850   0.413592   0.152638   0.363321   0.677245   0.699078   0.444287   0.611861   0.403643   0.422474   0.129517   0.310232   0.694240   0.675916   0.413683   0.612352   0.372878   0.425316   0.100137   0.292508   0.699851   0.659460   0.392742   0.612968   0.351972   0.421442   0.081324   0.292346   0.697647   0.653244   0.385204   0.613378   0.344513   0.415529   0.075264   0.292502   0.695332   0.649446   0.380694   0.613435   0.340068   0.409988   0.072951   0.292460   0.693446   0.646367   0.377099   0.613560   0.336536   0.404674   0.072854   0.292388   0.691951   0.643305   0.373563   0.613648   0.333068   0.399711   0.072890   0.292395   0.690736   0.640013   0.369787   0.613697   0.329369   0.394966   0.072442   0.292367   0.689706   0.636890   0.366238   0.614031   0.325898   0.390371   0.072188 99424
  8   0.161466   0.666709   0.419873   0.170949   0.278077   0.142154   0.251515   0.051297   0.303678   0.672179   0.423417   0.172839   0.277595   0.143765   0.248725   0.062254   0.304238   0.671172   0.425199   0.173999   0.278121   0.144795   0.250292   0.062932   0.304534   0.670527   0.425862   0.174452   0.279534   0.145200   0.251500   0.064182   0.304726   0.670050   0.425995   0.174548   0.280348   0.145287   0.252153   0.065492   0.307876   0.666855   0.427868   0.175842   0.280293   0.146447   0.252938   0.066839   0.329310   0.652611   0.435210   0.181037   0.279723   0.151124   0.254952   0.068598   0.375868   0.629264   0.445230   0.188279   0.278822   0.157668   0.259387   0.076474   0.431283   0.608093   0.455029   0.195553   0.278520   0.164270   0.265800   0.089385   0.479177   0.593926   0.464800   0.202970   0.278961   0.171029   0.272530   0.099689   0.507279   0.589405   0.472423   0.208876   0.279187   0.176430   0.278889   0.107222   0.507858   0.595575   0.476529   0.212123   0.279133   0.179409   0.284383   0.111889   0.482617   0.610242   0.476773   0.212337   0.278850   0.179609   0.288388   0.112414   0.440025   0.629512   0.473302   0.209600   0.278278   0.177099   0.290321   0.107211   0.389355   0.650783   0.466724   0.204449   0.277698   0.172381   0.290172   0.097984   0.341977   0.671038   0.457774   0.197579   0.277552   0.166108   0.288271   0.087361   0.311701   0.684660   0.448332   0.190506   0.277773   0.159678   0.284770   0.077910   0.301924   0.688576   0.442114   0.185947   0.278174   0.155548   0.280521   0.073518   0.301404   0.687310   0.439188   0.183849   0.278484   0.153655   0.276702   0.072807   0.301250   0.685962   0.436830   0.182178   0.278488   0.152150   0.273567   0.074908   0.301127   0.684781   0.434588   0.180610   0.278513   0.150741   0.270873   0.077848   0.300903   0.683760   0.432486   0.179153   0.278517   0.149434   0.268302   0.078289   0.300596   0.682868   0.430645   0.177886   0.278527   0.148299   0.265809   0.077518   0.300168   0.682178   0.429003   0.176775   0.278780   0.147305   0.263439   0.077913 346749
  9   0.163539   0.672155   0.371025   0.140065   0.201650   0.114853   0.209185   0.083660   0.294299   0.682419   0.359193   0.132572   0.201164   0.108229   0.201783   0.116113   0.295255   0.680326   0.361366   0.133789   0.201688   0.109283   0.203438   0.122989   0.295810   0.678990   0.362177   0.134255   0.202999   0.109688   0.204853   0.127970   0.296127   0.678113   0.362164   0.134249   0.203740   0.109683   0.205717   0.132507   0.304024   0.670520   0.365974   0.136431   0.203700   0.111580   0.207274   0.136801   0.342828   0.644838   0.377012   0.143054   0.203160   0.117382   0.209919   0.145417   0.416998   0.607816   0.390522   0.151537   0.202310   0.124869   0.213086   0.162394   0.500035   0.575478   0.403276   0.159836   0.202075   0.132238   0.217160   0.178177   0.569984   0.553896   0.415068   0.167737   0.202550   0.139288   0.221564   0.184196   0.611994   0.546800   0.424384   0.174140   0.202806   0.145026   0.225748   0.186211   0.614966   0.556205   0.429823   0.177952   0.202784   0.148454   0.229725   0.187226   0.579219   0.579506   0.430503   0.178433   0.202533   0.148888   0.233090   0.185642   0.516353   0.610817   0.426381   0.175521   0.202003   0.146266   0.235005   0.178913   0.440194   0.645579   0.418406   0.169970   0.201438   0.141280   0.234900   0.170068   0.365965   0.679005   0.407005   0.162249   0.201249   0.134378   0.233135   0.161785   0.311630   0.703771   0.393213   0.153232   0.201398   0.126365   0.230150   0.151771   0.289951   0.712372   0.382602   0.146528   0.201731   0.120440   0.226268   0.145479   0.288194   0.709932   0.377098   0.143179   0.201989   0.117500   0.222447   0.144438   0.287982   0.706795   0.373167   0.140819   0.201967   0.115432   0.219458   0.147271   0.288020   0.703919   0.369701   0.138759   0.201982   0.113630   0.217079   0.150629   0.287772   0.701615   0.366474   0.136867   0.201979   0.111980   0.214682   0.149549   0.287230   0.699893   0.363602   0.135205   0.201977   0.110532   0.212189   0.147272   0.286742   0.698399   0.361208   0.133831   0.202201   0.109337   0.209884   0.147182 248036
 10   0.121539   0.668346   0.754651   0.520095   0.939266   0.480233   0.704747   0.022671   0.304309   0.675518   0.766038   0.537007   0.938521   0.497582   0.716866   0.022356   0.304690   0.674338   0.767726   0.539560   0.939382   0.500210   0.721901   0.023184   0.304937   0.673349   0.769024   0.541540   0.941469   0.502250   0.727040   0.023942   0.305106   0.672672   0.769084   0.541621   0.942665   0.502332   0.730676   0.024943   0.311344   0.671058   0.770529   0.543817   0.942789   0.504595   0.731473   0.025692   0.342097   0.664678   0.778460   0.556230   0.942432   0.517451   0.735234   0.025263   0.405593   0.652632   0.794279   0.581770   0.941576   0.544061   0.748995   0.024961   0.485953   0.639375   0.816301   0.618915   0.940715   0.583082   0.765701   0.028425   0.562583   0.628522   0.841090   0.662731   0.940739   0.629519   0.777291   0.034496   0.613956   0.622173   0.863138   0.703462   0.940627   0.673048   0.783045   0.039598   0.617232   0.622318   0.879194   0.734225   0.940045   0.706152   0.784048   0.043168   0.569174   0.628883   0.887753   0.750982   0.939217   0.724257   0.783336   0.045769   0.492029   0.638994   0.888498   0.752373   0.938070   0.725746   0.785933   0.046974   0.410949   0.648766   0.882562   0.740529   0.937497   0.712904   0.799038   0.042958   0.347073   0.657669   0.866645   0.709726   0.937583   0.679697   0.819777   0.036823   0.315514   0.664626   0.847309   0.673314   0.937844   0.640645   0.828698   0.038363   0.308447   0.667420   0.835841   0.652450   0.938438   0.618417   0.826298   0.042111   0.307982   0.668105   0.829295   0.640862   0.939144   0.606134   0.825403   0.041650   0.307706   0.668596   0.823661   0.631028   0.939534   0.595739   0.825653   0.040159   0.307488   0.668954   0.818661   0.622408   0.939514   0.586648   0.826221   0.038131   0.307302   0.669182   0.814387   0.615108   0.939471   0.578963   0.826473   0.036251   0.307127   0.669321   0.810792   0.609026   0.939756   0.572571   0.826027   0.035121   0.306996   0.669386   0.807700   0.603843   0.940341   0.567133   0.825349   0.034149 326386
 11   0.124739   0.669326   0.739113   0.497595   0.928926   0.457255   0.647638   0.026670   0.306292   0.677349   0.753485   0.518076   0.928074   0.478108   0.655064   0.025614   0.306747   0.675935   0.755704   0.521316   0.928984   0.481421   0.655811   0.025587   0.307114   0.674718   0.757467   0.523921   0.931077   0.484091   0.657785   0.025028   0.307377   0.673827   0.758070   0.524807   0.932248   0.484997   0.659134   0.024446   0.309257   0.672896   0.758580   0.525557   0.932277   0.485766   0.658788   0.023909   0.324158   0.669127   0.763575   0.533176   0.931814   0.493621   0.658306   0.022335   0.358295   0.660733   0.774538   0.550157   0.930933   0.511175   0.664760   0.019856   0.401231   0.650666   0.789805   0.574485   0.930315   0.536459   0.678199   0.019993   0.442559   0.642004   0.808211   0.604861   0.930573   0.568236   0.690004   0.023344   0.472912   0.636327   0.825697   0.634759   0.930647   0.599720   0.697576   0.027405   0.481451   0.634875   0.838973   0.658182   0.930227   0.624531   0.703155   0.030968   0.462984   0.638013   0.846534   0.671813   0.929466   0.639029   0.708442   0.033552   0.423290   0.644514   0.847919   0.674352   0.928352   0.641738   0.715135   0.033846   0.374718   0.651990   0.843972   0.667213   0.927631   0.634140   0.726625   0.030101   0.333078   0.659965   0.831123   0.644388   0.927551   0.609931   0.742238   0.026073   0.312627   0.666703   0.813797   0.614166   0.927774   0.577986   0.750519   0.028475   0.308726   0.669403   0.803202   0.596131   0.928313   0.559011   0.749564   0.032700   0.308465   0.669835   0.797854   0.587282   0.928903   0.549750   0.747527   0.033577   0.308258   0.670138   0.793315   0.579866   0.929211   0.542007   0.745790   0.033563   0.308112   0.670338   0.789291   0.573357   0.929260   0.535225   0.744286   0.033341   0.308051   0.670434   0.785798   0.567762   0.929245   0.529405   0.742804   0.033090   0.308047   0.670453   0.782833   0.563055   0.929432   0.524517   0.741211   0.032882   0.308099   0.670397   0.780296   0.559051   0.929920   0.520363   0.739958   0.032559 486654
 12   0.133877   0.667037   0.645427   0.377272   0.741812   0.336914   0.440853   0.045982   0.303389   0.673018   0.674281   0.410371   0.739711   0.369344   0.446561   0.046449   0.304070   0.672137   0.678058   0.415045   0.740304   0.373983   0.443659   0.040415   0.304626   0.671341   0.681173   0.418895   0.742105   0.377803   0.443167   0.037064   0.305073   0.670626   0.683272   0.421494   0.743129   0.380383   0.442519   0.035823   0.306670   0.668897   0.686636   0.425711   0.743124   0.384578   0.442087   0.034692   0.319679   0.662278   0.698242   0.440919   0.742613   0.399829   0.442855   0.030133   0.351973   0.651601   0.713844   0.461893   0.741699   0.420960   0.448894   0.026335   0.394500   0.641560   0.727540   0.481007   0.741304   0.440351   0.459043   0.029441   0.435454   0.633643   0.741770   0.501556   0.741594   0.461327   0.468029   0.036676   0.463956   0.629120   0.754594   0.520683   0.741527   0.480970   0.476030   0.044560   0.469220   0.629275   0.763710   0.534656   0.741132   0.495395   0.484095   0.051593   0.449037   0.634070   0.767403   0.540443   0.740522   0.501392   0.492898   0.056297   0.411156   0.642162   0.764894   0.536617   0.739641   0.497447   0.502435   0.057041   0.366877   0.651854   0.756494   0.523788   0.738914   0.484213   0.513390   0.053087   0.328962   0.661695   0.741082   0.500822   0.738856   0.460629   0.526670   0.044522   0.309391   0.669015   0.723168   0.474853   0.739272   0.434098   0.533389   0.039702   0.305342   0.671588   0.713014   0.460513   0.739882   0.419520   0.531289   0.039541   0.305510   0.671567   0.709497   0.455690   0.740397   0.414643   0.528488   0.037954   0.305729   0.671412   0.706863   0.452108   0.740612   0.411028   0.526203   0.036671   0.305953   0.671197   0.704682   0.449169   0.740812   0.408065   0.524178   0.036256   0.306138   0.670996   0.702672   0.446484   0.740886   0.405364   0.522119   0.036212   0.306239   0.670812   0.700923   0.444167   0.740926   0.403036   0.520045   0.035896   0.306294   0.670623   0.699565   0.442388   0.741273   0.401253   0.518004   0.035481 225024
 13   0.149355   0.666564   0.531563   0.259424   0.487237   0.223451   0.353163   0.041375   0.305005   0.672295   0.552346   0.276875   0.486110   0.239625   0.356651   0.046792   0.305494   0.671684   0.553464   0.277890   0.486666   0.240579   0.356648   0.042722   0.305751   0.671087   0.553965   0.278354   0.488222   0.241016   0.357089   0.041800   0.305854   0.670724   0.553734   0.278134   0.489124   0.240808   0.357265   0.041624   0.307839   0.668537   0.555137   0.279445   0.489068   0.242046   0.358209   0.041627   0.324974   0.658708   0.562660   0.286729   0.488438   0.248967   0.361081   0.040254   0.365580   0.642233   0.571834   0.295778   0.487442   0.257591   0.368601   0.042120   0.415709   0.626971   0.579252   0.303272   0.487087   0.264765   0.380090   0.050811   0.456810   0.617289   0.586641   0.310870   0.487513   0.272063   0.391619   0.061383   0.477277   0.614814   0.592059   0.316544   0.487694   0.277529   0.401962   0.070269   0.472475   0.619505   0.594464   0.319107   0.487588   0.280007   0.410492   0.075838   0.446365   0.629576   0.593513   0.318106   0.487253   0.279042   0.416774   0.076535   0.408141   0.642522   0.589264   0.313625   0.486638   0.274719   0.420396   0.071874   0.366719   0.656238   0.582607   0.306697   0.486017   0.268052   0.421118   0.062800   0.331395   0.668482   0.574878   0.298792   0.485872   0.260468   0.419446   0.051934   0.311045   0.676171   0.567837   0.291716   0.486146   0.253700   0.415545   0.044335   0.305414   0.678096   0.564050   0.287961   0.486602   0.250117   0.410205   0.041907   0.305146   0.677447   0.562742   0.286695   0.486944   0.248915   0.405062   0.041655   0.304880   0.676925   0.561508   0.285525   0.486945   0.247808   0.400401   0.042400   0.304596   0.676539   0.560217   0.284316   0.486982   0.246666   0.396101   0.043674   0.304404   0.676186   0.558865   0.283046   0.487008   0.245466   0.392213   0.044523   0.304267   0.675823   0.557622   0.281879   0.487031   0.244362   0.388693   0.044993   0.304122   0.675466   0.556628   0.280957   0.487317   0.243492   0.385426   0.045533 346071
 14   0.155917   0.666925   0.473617   0.210499   0.380308   0.178017   0.299036   0.045552   0.304820   0.672833   0.488380   0.221143   0.379724   0.187627   0.299418   0.052469   0.305208   0.671960   0.490027   0.222397   0.380223   0.188770   0.299330   0.050915   0.305462   0.671159   0.491508   0.223564   0.381682   0.189841   0.299767   0.051407   0.305614   0.670576   0.492289   0.224191   0.382522   0.190417   0.300045   0.052530   0.308126   0.667939   0.494409   0.225905   0.382451   0.191995   0.300903   0.053405   0.327246   0.656149   0.502102   0.232329   0.381840   0.197944   0.303337   0.053425   0.370882   0.636073   0.512354   0.241082   0.380881   0.206081   0.309023   0.057953   0.424214   0.617195   0.522207   0.249723   0.380539   0.214151   0.317407   0.069405   0.469348   0.604779   0.531927   0.258434   0.380947   0.222317   0.326156   0.081493   0.493498   0.601269   0.539235   0.265128   0.381126   0.228617   0.334290   0.090936   0.490890   0.606803   0.543136   0.268797   0.381027   0.232086   0.340965   0.096939   0.465132   0.619205   0.543198   0.268913   0.380704   0.232206   0.345800   0.098557   0.424453   0.635625   0.539248   0.265276   0.380112   0.228779   0.348574   0.094321   0.378047   0.653399   0.532040   0.258649   0.379515   0.222539   0.349126   0.084774   0.336713   0.669565   0.523013   0.250488   0.379375   0.214875   0.347603   0.072279   0.311519   0.680061   0.514076   0.242582   0.379639   0.207480   0.343963   0.062163   0.303885   0.682970   0.508467   0.237709   0.380087   0.202936   0.339068   0.058205   0.303474   0.682124   0.506003   0.235614   0.380428   0.200990   0.334441   0.057714   0.303185   0.681302   0.504046   0.233979   0.380436   0.199476   0.330352   0.059136   0.302903   0.680593   0.502273   0.232519   0.380473   0.198127   0.326647   0.061168   0.302682   0.679930   0.500571   0.231123   0.380496   0.196838   0.323304   0.061847   0.302497   0.679303   0.499002   0.229840   0.380519   0.195654   0.320279   0.061748   0.302240   0.678768   0.497630   0.228735   0.380789   0.194637   0.317444   0.062069 423225
 15   0.124212   0.668017   0.750685   0.514075   0.936801   0.474034   0.730439   0.022079   0.307588   0.674835   0.763185   0.532469   0.936087   0.492870   0.740280   0.020112   0.307930   0.673568   0.765470   0.535903   0.937023   0.496399   0.744861   0.020633   0.308257   0.672437   0.767396   0.538818   0.939161   0.499401   0.750017   0.020998   0.308517   0.671624   0.768076   0.539838   0.940377   0.500448   0.753954   0.021531   0.310125   0.670785   0.768445   0.540387   0.940473   0.501011   0.755821   0.022023   0.322753   0.667421   0.772441   0.546591   0.940081   0.507426   0.756795   0.022156   0.351665   0.660128   0.781561   0.560953   0.939216   0.522319   0.763680   0.021283   0.387822   0.651636   0.794487   0.581812   0.938471   0.544045   0.776548   0.021841   0.421671   0.644532   0.809977   0.607543   0.938702   0.570993   0.787816   0.024736   0.445070   0.640067   0.824451   0.632310   0.938820   0.597077   0.795280   0.027565   0.449397   0.639190   0.835384   0.651514   0.938446   0.617400   0.800094   0.029574   0.432162   0.641954   0.841761   0.662912   0.937750   0.629503   0.803313   0.030684   0.399597   0.647272   0.843261   0.665614   0.936667   0.632375   0.806696   0.030340   0.360926   0.653231   0.840589   0.660799   0.936008   0.627255   0.815816   0.026684   0.328406   0.659490   0.830712   0.643297   0.935955   0.608702   0.830721   0.023253   0.313385   0.664376   0.818023   0.621105   0.936139   0.585235   0.838739   0.025962   0.310999   0.666131   0.810701   0.608546   0.936663   0.572003   0.837762   0.030120   0.310733   0.666569   0.806581   0.601610   0.937271   0.564722   0.836015   0.031114   0.310503   0.666891   0.803008   0.595650   0.937576   0.558477   0.834892   0.031037   0.310294   0.667157   0.799725   0.590219   0.937548   0.552793   0.834256   0.030387   0.310129   0.667341   0.796859   0.585509   0.937494   0.547870   0.833631   0.029557   0.310022   0.667451   0.794461   0.581595   0.937722   0.543785   0.832639   0.029127   0.309949   0.667499   0.792416   0.578275   0.938245   0.540324   0.831749   0.028741 950382
 16   0.125436   0.667741   0.739871   0.498186   0.932500   0.457765   0.722350   0.023784   0.307714   0.674363   0.752661   0.516573   0.931704   0.476514   0.730395   0.021087   0.308014   0.673236   0.754740   0.519628   0.932547   0.479642   0.733053   0.021001   0.308309   0.672208   0.756530   0.522283   0.934620   0.482364   0.736731   0.020663   0.308540   0.671477   0.757136   0.523175   0.935788   0.483277   0.739548   0.020666   0.309170   0.670893   0.757042   0.523016   0.935835   0.483111   0.740868   0.020793   0.316885   0.668684   0.759312   0.526440   0.935395   0.486632   0.739814   0.020975   0.336707   0.663363   0.765635   0.536081   0.934481   0.496569   0.741990   0.020342   0.362403   0.656680   0.775069   0.550713   0.933824   0.511698   0.750956   0.020305   0.386366   0.650886   0.786766   0.569264   0.934195   0.530958   0.760750   0.022260   0.402538   0.647162   0.798087   0.587634   0.934424   0.550113   0.767879   0.024505   0.405330   0.646187   0.806783   0.602043   0.934171   0.565194   0.772942   0.025874   0.393562   0.647991   0.811905   0.610647   0.933571   0.574224   0.776773   0.026182   0.371010   0.651910   0.813026   0.612544   0.932553   0.576218   0.780713   0.025191   0.343774   0.656641   0.810544   0.608360   0.931887   0.571824   0.789186   0.022001   0.321204   0.661829   0.802028   0.594163   0.931823   0.556946   0.802876   0.020203   0.311428   0.665600   0.792083   0.577741   0.932015   0.539768   0.809620   0.023199   0.310158   0.666727   0.786930   0.569372   0.932525   0.531040   0.807693   0.026336   0.310012   0.667006   0.783828   0.564402   0.933081   0.525871   0.805638   0.027087   0.309889   0.667226   0.781029   0.559953   0.933316   0.521250   0.803857   0.027280   0.309786   0.667410   0.778442   0.555867   0.933295   0.517011   0.802230   0.027188   0.309698   0.667560   0.776094   0.552184   0.933242   0.513195   0.800626   0.027066   0.309648   0.667650   0.774076   0.549038   0.933410   0.509939   0.798947   0.027175   0.309644   0.667657   0.772442   0.546503   0.933883   0.507318   0.797491   0.027129 1031096
 17   0.126959   0.668567   0.721395   0.472135   0.931480   0.431293   0.672785   0.027783   0.306942   0.676041   0.734893   0.490750   0.930511   0.450131   0.676747   0.024545   0.307221   0.674935   0.736694   0.493278   0.931299   0.452697   0.675887   0.024022   0.307543   0.673871   0.738374   0.495664   0.933218   0.455125   0.676575   0.023400   0.307805   0.673065   0.739077   0.496659   0.934276   0.456136   0.676989   0.023121   0.308581   0.672404   0.739083   0.496649   0.934227   0.456123   0.676548   0.023035   0.317212   0.669969   0.741468   0.500106   0.933634   0.459653   0.675124   0.022866   0.339268   0.664036   0.748207   0.509993   0.932657   0.469771   0.676912   0.022218   0.367878   0.656464   0.758304   0.525073   0.932079   0.485256   0.684927   0.022835   0.394399   0.649832   0.770794   0.544192   0.932458   0.504976   0.694413   0.025334   0.412664   0.645447   0.783159   0.563615   0.932638   0.525107   0.701500   0.027977   0.416624   0.644149   0.793023   0.579478   0.932342   0.541621   0.706685   0.029599   0.404250   0.646147   0.799079   0.589381   0.931679   0.551961   0.710977   0.029867   0.379348   0.650680   0.800706   0.592073   0.930662   0.554778   0.715696   0.028494   0.348829   0.656290   0.798264   0.588066   0.929955   0.550591   0.723832   0.024639   0.323046   0.662348   0.789482   0.573801   0.929870   0.535714   0.735651   0.021956   0.311137   0.666778   0.778754   0.556552   0.930123   0.517759   0.741399   0.024415   0.309225   0.668210   0.772774   0.547099   0.930674   0.507951   0.739400   0.027704   0.309063   0.668540   0.769253   0.541635   0.931206   0.502300   0.736900   0.028832   0.308948   0.668781   0.766103   0.536788   0.931392   0.497296   0.734840   0.029227   0.308885   0.668942   0.763285   0.532482   0.931395   0.492856   0.733121   0.029347   0.308836   0.669067   0.760757   0.528646   0.931355   0.488907   0.731411   0.029465   0.308801   0.669146   0.758568   0.525344   0.931488   0.485510   0.729885   0.029382   0.308819   0.669133   0.756812   0.522711   0.931915   0.482804   0.728702   0.029031 726027
 18   0.138558   0.665564   0.630656   0.359365   0.683190   0.319203   0.500966   0.036569   0.306978   0.670386   0.649599   0.379661   0.681767   0.338839   0.506253   0.040825   0.307438   0.669825   0.650924   0.381190   0.682391   0.340337   0.504514   0.036671   0.307896   0.669138   0.652219   0.382712   0.684154   0.341833   0.505415   0.034346   0.308153   0.668702   0.652446   0.382982   0.685156   0.342100   0.506036   0.033408   0.308999   0.667915   0.652726   0.383307   0.685097   0.342418   0.505992   0.033058   0.319001   0.663301   0.657461   0.389055   0.684463   0.348102   0.506581   0.031247   0.346150   0.654222   0.665174   0.398504   0.683408   0.357461   0.512784   0.030030   0.382851   0.644995   0.672255   0.407316   0.683016   0.366214   0.524860   0.033887   0.416398   0.638320   0.679193   0.416108   0.683483   0.374977   0.537567   0.041202   0.437330   0.635229   0.684665   0.423163   0.683656   0.382031   0.548838   0.048102   0.438384   0.636321   0.687783   0.427241   0.683490   0.386119   0.557909   0.052397   0.419602   0.641285   0.687833   0.427334   0.683087   0.386217   0.564454   0.053056   0.388603   0.648785   0.684542   0.423080   0.682384   0.381962   0.568331   0.049736   0.354311   0.657295   0.678753   0.415632   0.681682   0.374518   0.569826   0.043146   0.325639   0.665274   0.671311   0.406151   0.681524   0.365059   0.570417   0.036146   0.310850   0.670266   0.664317   0.397343   0.681838   0.356292   0.568566   0.033059   0.307811   0.671466   0.660839   0.393016   0.682350   0.351994   0.563907   0.032916   0.307891   0.671144   0.659771   0.391708   0.682744   0.350698   0.559441   0.032669   0.307976   0.670833   0.658754   0.390474   0.682785   0.349478   0.555638   0.032732   0.308051   0.670566   0.657735   0.389246   0.682862   0.348266   0.552258   0.033244   0.308121   0.670335   0.656722   0.388037   0.682915   0.347074   0.549054   0.033765   0.308182   0.670091   0.655858   0.387009   0.682951   0.346061   0.545972   0.033963   0.308240   0.669792   0.655363   0.386429   0.683272   0.345491   0.543087   0.034075 353523
 19   0.143562   0.666021   0.586022   0.311946   0.594013   0.273367   0.414726   0.041041   0.305754   0.671246   0.607566   0.332401   0.592819   0.292737   0.419390   0.045660   0.306227   0.670717   0.609125   0.334031   0.593422   0.294307   0.418515   0.040169   0.306578   0.670156   0.609795   0.334738   0.595103   0.294988   0.419559   0.038117   0.306808   0.669728   0.609657   0.334585   0.596069   0.294839   0.420614   0.037355   0.308178   0.668260   0.610515   0.335488   0.596026   0.295710   0.421608   0.037012   0.321484   0.661257   0.617086   0.342721   0.595407   0.302739   0.423910   0.035209   0.354900   0.649023   0.625969   0.352645   0.594401   0.312408   0.431427   0.035392   0.397671   0.637476   0.633235   0.360943   0.594043   0.320525   0.443577   0.041442   0.434801   0.629634   0.640477   0.369384   0.594485   0.328813   0.455831   0.050212   0.455863   0.626755   0.646065   0.376026   0.594653   0.335358   0.466886   0.058189   0.454547   0.629295   0.648902   0.379463   0.594509   0.338756   0.476156   0.063400   0.432716   0.636288   0.648316   0.378804   0.594130   0.338113   0.483250   0.064465   0.398410   0.645963   0.644272   0.374015   0.593462   0.333399   0.487711   0.060665   0.360452   0.656667   0.637740   0.366332   0.592802   0.325842   0.489392   0.052892   0.328233   0.666553   0.629778   0.357069   0.592656   0.316750   0.489312   0.044123   0.310701   0.672789   0.622326   0.348521   0.592952   0.308381   0.486882   0.039037   0.306510   0.674309   0.618515   0.344209   0.593436   0.304170   0.482172   0.037899   0.306486   0.673823   0.617445   0.343024   0.593804   0.303017   0.477441   0.037686   0.306471   0.673389   0.616436   0.341919   0.593831   0.301945   0.473309   0.037998   0.306459   0.673020   0.615379   0.340775   0.593891   0.300836   0.469624   0.038807   0.306443   0.672727   0.614279   0.339594   0.593929   0.299694   0.466171   0.039489   0.306419   0.672446   0.613297   0.338544   0.593958   0.298679   0.462829   0.039871   0.306397   0.672133   0.612581   0.337782   0.594263   0.297943   0.459759   0.040137 360460
 20   0.123251   0.666719   0.763044   0.532401   0.943083   0.492827   0.795518   0.020774   0.308623   0.672316   0.775308   0.551037   0.942388   0.512024   0.807786   0.016567   0.308879   0.671189   0.777621   0.554633   0.943263   0.515743   0.813453   0.017317   0.309181   0.670175   0.779525   0.557613   0.945425   0.518829   0.819385   0.018538   0.309430   0.669469   0.780182   0.558639   0.946676   0.519891   0.823377   0.019665   0.310493   0.668800   0.780409   0.558991   0.946851   0.520255   0.824917   0.020500   0.320493   0.665881   0.783769   0.564353   0.946460   0.525829   0.824601   0.020744   0.344422   0.659485   0.791634   0.577044   0.945535   0.539048   0.829832   0.020146   0.374214   0.652201   0.802433   0.594822   0.944785   0.557634   0.841644   0.020522   0.401187   0.646316   0.815040   0.616080   0.945101   0.579959   0.852264   0.022726   0.418488   0.642858   0.826586   0.636012   0.945366   0.600984   0.859264   0.024988   0.420052   0.642435   0.835072   0.650966   0.945088   0.616820   0.863341   0.026459   0.405129   0.644910   0.839870   0.659535   0.944440   0.625917   0.865547   0.026812   0.378906   0.649406   0.840734   0.661090   0.943333   0.627570   0.867717   0.025862   0.348459   0.654480   0.838150   0.656467   0.942632   0.622660   0.875823   0.022554   0.323605   0.659852   0.829535   0.641238   0.942521   0.606524   0.890354   0.020430   0.312929   0.663753   0.819399   0.623478   0.942644   0.587738   0.897409   0.023252   0.311528   0.664981   0.813975   0.614124   0.943139   0.577873   0.895058   0.026612   0.311338   0.665339   0.810616   0.608419   0.943746   0.571874   0.892589   0.027623   0.311159   0.665622   0.807607   0.603348   0.944022   0.566548   0.890666   0.027656   0.310979   0.665865   0.804799   0.598646   0.943931   0.561618   0.889023   0.027091   0.310826   0.666051   0.802316   0.594516   0.943877   0.557291   0.887690   0.026325   0.310737   0.666167   0.800228   0.591065   0.944136   0.553681   0.886279   0.025992   0.310701   0.666216   0.798474   0.588185   0.944694   0.550672   0.884781   0.025902 762584
 21   0.123890   0.666533   0.756090   0.521866   0.939521   0.481980   0.786958   0.021725   0.308547   0.672065   0.766985   0.538136   0.938899   0.498686   0.797059   0.018029   0.308841   0.671165   0.768568   0.540541   0.939788   0.501163   0.801064   0.018808   0.309134   0.670338   0.769876   0.542545   0.941908   0.503231   0.805539   0.019767   0.309349   0.669794   0.770032   0.542776   0.943149   0.503467   0.808468   0.020699   0.309676   0.669464   0.769322   0.541672   0.943274   0.502326   0.809612   0.021562   0.315029   0.667918   0.770228   0.543081   0.942815   0.503783   0.808387   0.022797   0.330621   0.663775   0.774468   0.549701   0.941899   0.510636   0.809719   0.023613   0.351990   0.658437   0.781269   0.560439   0.941232   0.521775   0.816822   0.024330   0.372144   0.653807   0.789902   0.574287   0.941667   0.536183   0.824767   0.026461   0.385868   0.650835   0.798270   0.587936   0.942058   0.550428   0.830544   0.028686   0.388181   0.650106   0.804557   0.598352   0.941912   0.561331   0.834064   0.029667   0.377902   0.651678   0.808012   0.604137   0.941356   0.567397   0.835869   0.029326   0.358601   0.655025   0.808130   0.604352   0.940362   0.567627   0.837362   0.027720   0.336055   0.659003   0.805317   0.599665   0.939747   0.562716   0.843633   0.023661   0.318222   0.663156   0.798129   0.587761   0.939705   0.550255   0.854348   0.021088   0.311096   0.665954   0.790430   0.575114   0.939880   0.537039   0.857478   0.023259   0.310367   0.666718   0.786467   0.568705   0.940375   0.530361   0.853513   0.025519   0.310273   0.666944   0.783837   0.564497   0.940942   0.525985   0.850453   0.025946   0.310192   0.667103   0.781464   0.560722   0.941179   0.522063   0.847790   0.025781   0.310118   0.667232   0.779237   0.557198   0.941070   0.518407   0.845267   0.025498   0.310066   0.667330   0.777237   0.554049   0.940971   0.515142   0.842794   0.025467   0.310045   0.667376   0.775545   0.551400   0.941175   0.512397   0.840499   0.025510   0.310045   0.667365   0.774142   0.549212   0.941671   0.510134   0.838522   0.025504 1132757
 22   0.124825   0.666853   0.744049   0.504091   0.932753   0.463768   0.765652   0.025983   0.308314   0.672908   0.753601   0.517945   0.932039   0.477917   0.772381   0.022579   0.308587   0.672354   0.753995   0.518512   0.932843   0.478495   0.773570   0.023414   0.308832   0.671789   0.754324   0.518998   0.934854   0.478993   0.775217   0.024327   0.309000   0.671477   0.753600   0.517917   0.936081   0.477883   0.775456   0.025344   0.309192   0.671405   0.751894   0.515380   0.936198   0.475280   0.774071   0.026565   0.313167   0.670546   0.750993   0.514054   0.935742   0.473921   0.771038   0.028908   0.325736   0.667626   0.752464   0.516265   0.934897   0.476195   0.769545   0.031184   0.344203   0.663447   0.756185   0.521858   0.934396   0.481944   0.772549   0.033276   0.362385   0.659575   0.761632   0.530116   0.934983   0.490447   0.777717   0.036139   0.375222   0.656907   0.767181   0.538619   0.935487   0.499220   0.782151   0.038263   0.378379   0.656014   0.771465   0.545247   0.935436   0.506069   0.785072   0.038843   0.370463   0.657057   0.773705   0.548732   0.934921   0.509674   0.786369   0.037614   0.353961   0.659743   0.773369   0.548211   0.933953   0.509135   0.786544   0.034573   0.333851   0.663234   0.770772   0.544172   0.933249   0.504958   0.788555   0.029275   0.317144   0.666714   0.765435   0.535915   0.933110   0.496424   0.793829   0.024464   0.310013   0.668819   0.759849   0.527326   0.933265   0.487557   0.795317   0.024203   0.309306   0.669294   0.756774   0.522648   0.933719   0.482739   0.792014   0.025583   0.309303   0.669324   0.754847   0.519742   0.934189   0.479749   0.789146   0.025638   0.309304   0.669290   0.753183   0.517244   0.934328   0.477182   0.786660   0.025283   0.309332   0.669230   0.751689   0.515014   0.934190   0.474892   0.784162   0.025255   0.309370   0.669151   0.750403   0.513102   0.934041   0.472931   0.781681   0.025518   0.309420   0.669009   0.749434   0.511667   0.934163   0.471460   0.779774   0.025510   0.309493   0.668794   0.748778   0.510699   0.934594   0.470468   0.778482   0.025319 761046
 23   0.127715   0.667408   0.715622   0.464162   0.902235   0.423220   0.686661   0.030114   0.307819   0.674145   0.726941   0.479450   0.901402   0.438634   0.690102   0.028937   0.308138   0.673804   0.726424   0.478731   0.902163   0.437905   0.688368   0.029113   0.308424   0.673371   0.726034   0.478205   0.904106   0.437375   0.687771   0.029221   0.308636   0.673105   0.724878   0.476607   0.905218   0.435758   0.686534   0.029470   0.308892   0.672992   0.723025   0.474031   0.905254   0.433147   0.684514   0.029847   0.313543   0.671767   0.722453   0.473256   0.904748   0.432366   0.681608   0.030690   0.328114   0.667882   0.724774   0.476535   0.903838   0.435698   0.681109   0.031181   0.349591   0.662435   0.729469   0.483164   0.903420   0.442435   0.686118   0.032341   0.370631   0.657505   0.735780   0.492167   0.903952   0.451602   0.693984   0.035012   0.385599   0.654113   0.742294   0.501579   0.904304   0.461208   0.701415   0.037402   0.389482   0.652961   0.747570   0.509303   0.904214   0.469111   0.707262   0.038328   0.380448   0.654326   0.750543   0.513705   0.903722   0.473624   0.711262   0.037656   0.361550   0.657764   0.750639   0.513857   0.902823   0.473782   0.713802   0.035130   0.338538   0.662274   0.748138   0.510144   0.902104   0.469973   0.716661   0.030333   0.319071   0.666802   0.742676   0.502059   0.901953   0.461685   0.721145   0.026236   0.310116   0.669536   0.736915   0.493595   0.902170   0.453020   0.722222   0.026005   0.308927   0.670075   0.733979   0.489331   0.902654   0.448664   0.719157   0.027037   0.308977   0.669975   0.732499   0.487205   0.903111   0.446497   0.716457   0.027161   0.309036   0.669838   0.731244   0.485415   0.903214   0.444674   0.714097   0.027088   0.309091   0.669709   0.730104   0.483805   0.903161   0.443039   0.711870   0.027378   0.309138   0.669617   0.728990   0.482244   0.903059   0.441454   0.709574   0.028095   0.309198   0.669493   0.728059   0.480946   0.903110   0.440139   0.707465   0.028614   0.309270   0.669304   0.727437   0.480086   0.903479   0.439268   0.705744   0.029007 428715
 24   0.128248   0.668371   0.706228   0.452208   0.896575   0.411300   0.565262   0.031635   0.305856   0.675609   0.725534   0.477938   0.895513   0.437183   0.565450   0.032440   0.306315   0.674494   0.728126   0.481566   0.896245   0.440866   0.560074   0.031008   0.306753   0.673497   0.730113   0.484372   0.898117   0.443718   0.558603   0.029699   0.307094   0.672738   0.730984   0.485609   0.899197   0.444976   0.558513   0.029256   0.307840   0.672039   0.731373   0.486171   0.899233   0.445550   0.558304   0.028973   0.316416   0.669348   0.735928   0.492796   0.898762   0.452321   0.558596   0.026982   0.338343   0.663246   0.745429   0.506672   0.897927   0.466514   0.565030   0.022922   0.366826   0.655867   0.756424   0.522978   0.897506   0.483240   0.578477   0.021309   0.394257   0.649314   0.768609   0.541492   0.897889   0.502314   0.593378   0.023354   0.414069   0.644837   0.780437   0.559915   0.898057   0.521383   0.606210   0.026547   0.419358   0.643494   0.789642   0.574586   0.897801   0.536632   0.616325   0.029324   0.407787   0.645426   0.794623   0.582661   0.897181   0.545053   0.625418   0.030399   0.382594   0.649862   0.794800   0.582971   0.896203   0.545381   0.635236   0.029137   0.350630   0.655652   0.790291   0.575663   0.895509   0.537760   0.647524   0.025726   0.323035   0.662421   0.778387   0.556648   0.895449   0.517988   0.661083   0.023809   0.310221   0.667637   0.764780   0.535257   0.895735   0.495811   0.667073   0.026514   0.308238   0.669321   0.757799   0.524527   0.896287   0.484734   0.664869   0.029547   0.308197   0.669504   0.754495   0.519550   0.896831   0.479615   0.661689   0.030359   0.308227   0.669559   0.751860   0.515616   0.897066   0.475575   0.658761   0.030755   0.308289   0.669558   0.749620   0.512302   0.897126   0.472178   0.656052   0.031387   0.308350   0.669567   0.747557   0.509273   0.897074   0.469078   0.653515   0.032168   0.308415   0.669566   0.745736   0.506617   0.897152   0.466362   0.651393   0.032531   0.308499   0.669510   0.744291   0.504526   0.897538   0.464228   0.649572   0.032735 373927
