timestamp=                2021-11-24T11:49:58.896342
shape=                    (5, 5)
sigma=                    2.5
nepochs=                  3
thresh=                   None
rate=                     0.00723
neighborhood function=    gaussian
init weights=             pca
topology=                 hexagonal
activation distance=      euclidean
output type=              labels
mapfile_prefix=           full2017_5x5_3_00723_3_06
apply classification=     False
seed=                     None
random order=             True
custom init file=         None
order labels by size=     False
decay_function=           3

Quantization Error=       0.34744398
Topographic Error=        0.15826830

############ NEURONS #############
 25 192
  0   0.127495   0.669965   0.702120   0.447011   0.924094   0.406122   0.523480   0.027939   0.304226   0.678789   0.716203   0.465524   0.923075   0.424701   0.527291   0.027924   0.304629   0.677664   0.717445   0.467130   0.923840   0.426309   0.524319   0.027940   0.304995   0.676628   0.718488   0.468508   0.925642   0.427692   0.524421   0.026957   0.305271   0.675808   0.718883   0.469037   0.926716   0.428224   0.525508   0.026348   0.306371   0.674996   0.719113   0.469345   0.926796   0.428535   0.526196   0.026124   0.317555   0.671849   0.723612   0.475667   0.926311   0.434956   0.527866   0.024786   0.345730   0.664488   0.734443   0.491041   0.925489   0.450603   0.535497   0.022062   0.382663   0.655335   0.748992   0.512148   0.925018   0.472168   0.549263   0.021918   0.419016   0.647121   0.765759   0.537358   0.925304   0.498096   0.564064   0.024953   0.447075   0.641228   0.782353   0.563287   0.925445   0.524950   0.576156   0.028628   0.456525   0.639097   0.795787   0.584993   0.925143   0.547572   0.585305   0.031418   0.442717   0.641144   0.803947   0.598511   0.924426   0.561726   0.593735   0.032524   0.409625   0.646411   0.806143   0.602220   0.923384   0.565624   0.603366   0.031299   0.366647   0.653328   0.802460   0.596079   0.922698   0.559185   0.616084   0.027770   0.329091   0.661341   0.789334   0.574560   0.922623   0.536697   0.630571   0.025555   0.310493   0.668187   0.772196   0.547029   0.922862   0.508037   0.637051   0.028648   0.306913   0.670830   0.762431   0.531750   0.923415   0.492209   0.634803   0.032465   0.306861   0.671022   0.758088   0.525144   0.924007   0.485402   0.631704   0.033486   0.306897   0.671091   0.754541   0.519816   0.924313   0.479924   0.629128   0.034016   0.306977   0.671101   0.751463   0.515246   0.924382   0.475237   0.627125   0.034387   0.307056   0.671087   0.748743   0.511234   0.924338   0.471126   0.625594   0.034397   0.307129   0.671059   0.746325   0.507693   0.924487   0.467503   0.624741   0.034137   0.307212   0.671012   0.744154   0.504544   0.924931   0.464286   0.624413   0.034102 248676
  1   0.144570   0.666123   0.575139   0.300967   0.572850   0.262852   0.401154   0.041044   0.305463   0.671474   0.596995   0.321195   0.571724   0.281920   0.405733   0.045668   0.305956   0.670958   0.598432   0.322657   0.572321   0.283321   0.404972   0.040238   0.306300   0.670380   0.599069   0.323315   0.573968   0.283953   0.405801   0.038475   0.306524   0.669948   0.598930   0.323165   0.574918   0.283807   0.406683   0.037844   0.308065   0.668296   0.599918   0.324182   0.574876   0.284784   0.407740   0.037651   0.322431   0.660705   0.606715   0.331484   0.574252   0.291849   0.410387   0.036026   0.358056   0.647673   0.615681   0.341272   0.573242   0.301348   0.418221   0.036651   0.403361   0.635460   0.622908   0.349350   0.572882   0.309219   0.430567   0.043376   0.441931   0.627385   0.629977   0.357412   0.573322   0.317104   0.443021   0.052671   0.462801   0.624713   0.635244   0.363535   0.573498   0.323114   0.454260   0.060825   0.460442   0.627649   0.637775   0.366521   0.573365   0.326052   0.463605   0.065923   0.437120   0.635198   0.636973   0.365606   0.572996   0.325158   0.470628   0.066649   0.401188   0.645512   0.632770   0.360734   0.572343   0.320379   0.474962   0.062336   0.361991   0.656739   0.626116   0.353091   0.571698   0.312894   0.476440   0.054149   0.328938   0.666957   0.618259   0.344189   0.571558   0.304197   0.475862   0.044905   0.310795   0.673387   0.610994   0.336083   0.571853   0.296300   0.473044   0.039319   0.306322   0.674969   0.607236   0.331945   0.572330   0.292278   0.468255   0.037978   0.306243   0.674463   0.606158   0.330786   0.572691   0.291157   0.463357   0.037797   0.306161   0.674034   0.605136   0.329703   0.572708   0.290112   0.458988   0.038143   0.306078   0.673682   0.604069   0.328581   0.572759   0.289030   0.455080   0.038882   0.306055   0.673355   0.602958   0.327418   0.572792   0.287911   0.451502   0.039489   0.306038   0.673045   0.601938   0.326355   0.572820   0.286888   0.448133   0.039883   0.305964   0.672763   0.601161   0.325554   0.573120   0.286118   0.444981   0.040277 350451
  2   0.156850   0.666701   0.464926   0.203649   0.363625   0.171735   0.291663   0.046859   0.304832   0.672366   0.477983   0.212820   0.363001   0.179976   0.291616   0.054930   0.305198   0.671515   0.479604   0.214031   0.363503   0.181076   0.291796   0.053931   0.305451   0.670720   0.481108   0.215191   0.364954   0.182137   0.292381   0.054576   0.305642   0.670089   0.481963   0.215862   0.365790   0.182751   0.292777   0.056231   0.308126   0.667550   0.483942   0.217434   0.365719   0.184194   0.293623   0.057533   0.326969   0.656004   0.491185   0.223345   0.365114   0.189646   0.296002   0.057824   0.370152   0.636097   0.501071   0.231579   0.364165   0.197268   0.301565   0.062652   0.422928   0.617323   0.510781   0.239880   0.363827   0.204986   0.309669   0.073954   0.467674   0.604903   0.520444   0.248310   0.364238   0.212853   0.318056   0.085348   0.492087   0.601222   0.527850   0.254915   0.364426   0.219039   0.325745   0.094416   0.489984   0.606697   0.531870   0.258595   0.364338   0.222504   0.332007   0.100365   0.464872   0.619079   0.532027   0.258792   0.364020   0.222698   0.336442   0.101817   0.425003   0.635344   0.528300   0.255442   0.363432   0.219556   0.338789   0.097647   0.378902   0.653080   0.521351   0.249207   0.362838   0.213709   0.338991   0.088356   0.337228   0.669457   0.512380   0.241296   0.362695   0.206312   0.337216   0.076104   0.311508   0.680252   0.503353   0.233510   0.362950   0.199060   0.333441   0.066311   0.303659   0.683262   0.497700   0.228716   0.363389   0.194608   0.328645   0.062790   0.303290   0.682358   0.495201   0.226638   0.363728   0.192685   0.324336   0.062454   0.303017   0.681516   0.493139   0.224954   0.363739   0.191132   0.320525   0.063912   0.302778   0.680728   0.491373   0.223530   0.363774   0.189821   0.317070   0.065974   0.302593   0.679961   0.489747   0.222228   0.363793   0.188624   0.313983   0.066621   0.302385   0.679302   0.488145   0.220952   0.363816   0.187452   0.311178   0.066455   0.302123   0.678731   0.486796   0.219890   0.364086   0.186478   0.308557   0.066602 410395
  3   0.162588   0.673795   0.368558   0.138748   0.200369   0.113723   0.204898   0.095829   0.290951   0.685621   0.355731   0.130722   0.199884   0.106640   0.197099   0.135814   0.291702   0.683401   0.357855   0.131899   0.200409   0.107658   0.198504   0.144189   0.292082   0.681983   0.358660   0.132361   0.201701   0.108059   0.199747   0.150429   0.292314   0.680955   0.358661   0.132367   0.202422   0.108066   0.200524   0.156227   0.301938   0.672107   0.363190   0.134971   0.202376   0.110331   0.202203   0.161352   0.346643   0.643812   0.375568   0.142412   0.201832   0.116853   0.205016   0.171305   0.429980   0.603948   0.390284   0.151698   0.200989   0.125058   0.207945   0.190032   0.522067   0.569212   0.403967   0.160659   0.200766   0.133026   0.211556   0.206015   0.599402   0.545822   0.416415   0.169060   0.201243   0.140534   0.215529   0.210639   0.646224   0.537662   0.426199   0.175839   0.201501   0.146620   0.219345   0.210929   0.649639   0.547469   0.431886   0.179866   0.201485   0.150248   0.223085   0.210632   0.610598   0.572401   0.432643   0.180417   0.201233   0.150748   0.226284   0.208470   0.542177   0.605866   0.428418   0.177413   0.200709   0.148040   0.228174   0.201586   0.458087   0.643557   0.419926   0.171453   0.200151   0.142678   0.228225   0.192955   0.374454   0.680446   0.407477   0.162953   0.199957   0.135066   0.226601   0.185189   0.311169   0.708703   0.391977   0.152752   0.200094   0.125987   0.223704   0.174667   0.285010   0.718969   0.379834   0.145038   0.200418   0.119162   0.219818   0.167763   0.282912   0.716164   0.373640   0.141267   0.200668   0.115849   0.215889   0.166996   0.282647   0.712531   0.369261   0.138649   0.200640   0.113557   0.212791   0.170054   0.282707   0.709193   0.365447   0.136399   0.200652   0.111591   0.210368   0.173548   0.282637   0.706369   0.362051   0.134421   0.200647   0.109867   0.208042   0.172632   0.282309   0.704137   0.359154   0.132751   0.200644   0.108413   0.205636   0.170464   0.282025   0.702159   0.356843   0.131434   0.200866   0.107269   0.203413   0.170422 212596
  4   0.153118   0.672887   0.420628   0.172983   0.261543   0.144204   0.227758   0.203166   0.278196   0.683550   0.409817   0.165647   0.262905   0.137637   0.218894   0.335890   0.278055   0.680575   0.412164   0.167230   0.263335   0.139053   0.219965   0.357249   0.277955   0.678381   0.413543   0.168191   0.264617   0.139918   0.221053   0.370468   0.277470   0.676970   0.413769   0.168381   0.265278   0.140094   0.221896   0.384708   0.291780   0.670849   0.415938   0.169852   0.265154   0.141411   0.222531   0.395540   0.354460   0.648709   0.425231   0.176265   0.264510   0.147169   0.224862   0.391808   0.464904   0.613904   0.440425   0.187151   0.263599   0.157007   0.228124   0.390820   0.581727   0.581554   0.456623   0.199260   0.263409   0.168030   0.231030   0.398618   0.675666   0.558402   0.471287   0.210618   0.263932   0.178434   0.234028   0.394013   0.732833   0.547693   0.482428   0.219511   0.264231   0.186622   0.236745   0.384096   0.742005   0.552451   0.488680   0.224608   0.264263   0.191334   0.239310   0.375506   0.702292   0.572117   0.489365   0.225171   0.264034   0.191854   0.241477   0.368997   0.623708   0.602558   0.484312   0.221021   0.263540   0.188014   0.242589   0.362053   0.518376   0.640291   0.473763   0.212529   0.262972   0.180184   0.242043   0.357976   0.405030   0.680324   0.457892   0.200188   0.262706   0.168872   0.239807   0.362760   0.309401   0.714019   0.438554   0.185758   0.262784   0.155739   0.235948   0.376101   0.266387   0.726110   0.425254   0.176183   0.263080   0.147079   0.231471   0.391627   0.263437   0.720752   0.420274   0.172778   0.263300   0.144026   0.227813   0.402062   0.263306   0.714650   0.416958   0.170557   0.263227   0.142042   0.225103   0.412457   0.263335   0.709293   0.414176   0.168716   0.263229   0.140401   0.223127   0.421467   0.263438   0.704720   0.411811   0.167157   0.263258   0.139011   0.221379   0.423200   0.263388   0.700877   0.409835   0.165858   0.263294   0.137855   0.219540   0.421583   0.263156   0.697546   0.408349   0.164890   0.263550   0.136994   0.217713   0.421517 112714
  5   0.128127   0.667499   0.710000   0.456589   0.890855   0.415587   0.673389   0.029910   0.307679   0.674358   0.721881   0.472394   0.889937   0.431480   0.677641   0.029122   0.308012   0.674069   0.720941   0.471103   0.890698   0.430174   0.675871   0.029115   0.308295   0.673676   0.720216   0.470120   0.892630   0.429183   0.675508   0.029033   0.308496   0.673435   0.718828   0.468223   0.893742   0.427266   0.674449   0.029185   0.308777   0.673306   0.716913   0.465593   0.893766   0.424606   0.672499   0.029656   0.313741   0.671901   0.716371   0.464860   0.893213   0.423868   0.670032   0.030389   0.329314   0.667593   0.718775   0.468196   0.892255   0.427247   0.670394   0.030846   0.352289   0.661694   0.723670   0.475004   0.891853   0.434147   0.676077   0.032481   0.374756   0.656462   0.730103   0.484057   0.892391   0.443342   0.684350   0.035721   0.390453   0.652982   0.736557   0.493260   0.892722   0.452712   0.692145   0.038561   0.394169   0.651977   0.741639   0.500601   0.892631   0.460204   0.698233   0.039840   0.384462   0.653610   0.744368   0.504595   0.892158   0.464291   0.702204   0.039139   0.364468   0.657411   0.744283   0.504491   0.891296   0.464188   0.704376   0.036343   0.340240   0.662350   0.741664   0.500665   0.890567   0.460275   0.706337   0.031296   0.319783   0.667197   0.736392   0.492973   0.890390   0.452411   0.709385   0.026785   0.310162   0.670056   0.730910   0.485027   0.890617   0.444296   0.709652   0.026035   0.308777   0.670571   0.728153   0.481072   0.891111   0.440265   0.706473   0.026789   0.308847   0.670385   0.726939   0.479349   0.891549   0.438512   0.703533   0.026858   0.308909   0.670181   0.725916   0.477912   0.891619   0.437053   0.700963   0.026789   0.308964   0.670004   0.724953   0.476574   0.891583   0.435697   0.698567   0.027077   0.309007   0.669873   0.723943   0.475180   0.891507   0.434288   0.696178   0.027747   0.309057   0.669739   0.723006   0.473894   0.891559   0.432987   0.694007   0.028389   0.309127   0.669559   0.722313   0.472953   0.891929   0.432038   0.692115   0.028929 336434
  6   0.139666   0.665475   0.624430   0.352309   0.665326   0.312307   0.496768   0.035648   0.307293   0.670211   0.641680   0.370350   0.663975   0.329684   0.501711   0.040439   0.307708   0.669676   0.642812   0.371640   0.664590   0.330945   0.500077   0.036672   0.308107   0.669049   0.643744   0.372723   0.666329   0.332008   0.501075   0.034666   0.308319   0.668675   0.643555   0.372506   0.667319   0.331795   0.501898   0.033811   0.309175   0.667899   0.643594   0.372544   0.667249   0.331832   0.501930   0.033377   0.319607   0.663139   0.648027   0.377809   0.666595   0.337018   0.502639   0.031841   0.347621   0.653730   0.655253   0.386461   0.665523   0.345552   0.509175   0.031057   0.385108   0.644180   0.661886   0.394518   0.665130   0.353521   0.521587   0.035133   0.418615   0.637470   0.668323   0.402468   0.665604   0.361407   0.534630   0.042563   0.438779   0.634583   0.673247   0.408637   0.665789   0.367543   0.546153   0.049437   0.438999   0.635973   0.675859   0.411948   0.665641   0.370842   0.555234   0.053658   0.419726   0.641226   0.675517   0.411529   0.665259   0.370428   0.561486   0.054161   0.388586   0.648975   0.672101   0.407228   0.664581   0.366146   0.564674   0.050697   0.354322   0.657695   0.666516   0.400252   0.663890   0.359212   0.564974   0.043895   0.325878   0.665727   0.659777   0.391919   0.663722   0.350944   0.563839   0.036830   0.311128   0.670668   0.653685   0.384464   0.664025   0.343561   0.560702   0.033498   0.308010   0.671792   0.650760   0.380923   0.664524   0.340062   0.555678   0.033119   0.308088   0.671407   0.649948   0.379956   0.664904   0.339109   0.551032   0.033083   0.308160   0.671066   0.649079   0.378928   0.664923   0.338096   0.547099   0.033242   0.308215   0.670779   0.648150   0.377835   0.664986   0.337022   0.543698   0.033693   0.308273   0.670520   0.647223   0.376751   0.665040   0.335957   0.540477   0.034140   0.308331   0.670256   0.646430   0.375829   0.665078   0.335053   0.537292   0.034472   0.308390   0.669930   0.645979   0.375311   0.665394   0.334546   0.534430   0.034671 310876
  7   0.150807   0.667377   0.517895   0.247282   0.462707   0.212075   0.337721   0.042663   0.304398   0.673822   0.538372   0.263968   0.461925   0.227463   0.340280   0.048320   0.304819   0.673138   0.539566   0.265017   0.462463   0.228443   0.339862   0.044938   0.305031   0.672510   0.540168   0.265557   0.463990   0.228949   0.339965   0.044150   0.305132   0.672046   0.540219   0.265607   0.464866   0.228997   0.339832   0.044267   0.307687   0.669216   0.542316   0.267500   0.464802   0.230773   0.340767   0.044512   0.327382   0.657368   0.550872   0.275512   0.464169   0.238342   0.343777   0.043773   0.372503   0.637888   0.561066   0.285295   0.463169   0.247622   0.350952   0.046851   0.427344   0.619834   0.569592   0.293709   0.462813   0.255644   0.361802   0.056549   0.472779   0.608136   0.578054   0.302231   0.463224   0.263798   0.372847   0.067721   0.495975   0.605088   0.584346   0.308711   0.463386   0.270023   0.382924   0.077111   0.490620   0.611096   0.587351   0.311880   0.463268   0.273081   0.391442   0.083292   0.461249   0.623684   0.586578   0.311105   0.462930   0.272341   0.397892   0.084811   0.418690   0.639468   0.582044   0.306411   0.462325   0.267827   0.401797   0.080576   0.373063   0.655790   0.574735   0.298913   0.461712   0.260629   0.402946   0.071204   0.334143   0.670085   0.566210   0.290328   0.461570   0.252414   0.401582   0.059262   0.311188   0.679063   0.558301   0.282533   0.461851   0.244984   0.397547   0.050245   0.304467   0.681369   0.553701   0.278081   0.462313   0.240754   0.391778   0.047058   0.304051   0.680597   0.551853   0.276340   0.462652   0.239109   0.386166   0.046550   0.303686   0.679939   0.550256   0.274866   0.462650   0.237720   0.381095   0.047216   0.303333   0.679410   0.548717   0.273459   0.462690   0.236396   0.376524   0.048642   0.303092   0.678923   0.547126   0.272007   0.462719   0.235031   0.372507   0.049501   0.302908   0.678469   0.545581   0.270604   0.462740   0.233713   0.368891   0.049839   0.302725   0.678032   0.544344   0.269487   0.463021   0.232663   0.365522   0.050246 383004
  8   0.162253   0.667169   0.410208   0.164476   0.261117   0.136378   0.242921   0.054359   0.302830   0.673000   0.410933   0.164491   0.260611   0.136320   0.239112   0.067843   0.303446   0.671858   0.412877   0.165727   0.261130   0.137414   0.240672   0.069568   0.303771   0.671167   0.413547   0.166171   0.262521   0.137809   0.241856   0.071356   0.303954   0.670693   0.413639   0.166242   0.263324   0.137874   0.242541   0.073119   0.307612   0.666942   0.415789   0.167677   0.263271   0.139154   0.243475   0.074841   0.331280   0.650977   0.423734   0.173126   0.262707   0.144033   0.245620   0.077509   0.381801   0.625401   0.434422   0.180638   0.261818   0.150790   0.249860   0.086617   0.441207   0.602534   0.444742   0.188098   0.261526   0.157531   0.255929   0.099934   0.492201   0.587380   0.454920   0.195637   0.261974   0.164373   0.262349   0.109512   0.521958   0.582780   0.462924   0.201699   0.262204   0.169895   0.268430   0.116256   0.522229   0.589773   0.467224   0.205020   0.262154   0.172931   0.273812   0.120355   0.495139   0.605834   0.467406   0.205174   0.261879   0.173074   0.277830   0.120523   0.449718   0.626876   0.463717   0.202320   0.261315   0.170465   0.279822   0.115130   0.395585   0.650079   0.456903   0.197103   0.260737   0.165703   0.279703   0.105998   0.344824   0.672116   0.447652   0.190168   0.260587   0.159397   0.277763   0.095882   0.311835   0.687083   0.437640   0.182856   0.260797   0.152777   0.274197   0.086396   0.300747   0.691524   0.430782   0.177968   0.261185   0.148371   0.269934   0.081742   0.300099   0.690096   0.427513   0.175699   0.261486   0.146335   0.266178   0.081081   0.299863   0.688583   0.424946   0.173939   0.261484   0.144758   0.263151   0.083361   0.299678   0.687266   0.422478   0.172268   0.261507   0.143265   0.260550   0.086438   0.299442   0.686077   0.420176   0.170725   0.261510   0.141888   0.258016   0.086721   0.299104   0.685088   0.418109   0.169352   0.261517   0.140665   0.255497   0.085924   0.298676   0.684312   0.416270   0.168151   0.261764   0.139598   0.253094   0.086337 358698
  9   0.150897   0.677491   0.455127   0.197454   0.368782   0.166270   0.252373   0.079879   0.286763   0.694290   0.468951   0.207227   0.368490   0.175074   0.245673   0.096093   0.285819   0.693328   0.470615   0.208496   0.368912   0.176233   0.241567   0.098455   0.285789   0.691649   0.472074   0.209613   0.370229   0.177253   0.239112   0.102136   0.285501   0.690229   0.472570   0.210032   0.370932   0.177642   0.237110   0.107706   0.297710   0.677940   0.482024   0.217236   0.370798   0.184216   0.239343   0.112335   0.355716   0.642006   0.506163   0.236777   0.370121   0.202233   0.245333   0.119763   0.463344   0.595901   0.532154   0.259430   0.369112   0.223381   0.250012   0.143437   0.581717   0.558682   0.553992   0.279782   0.368736   0.242603   0.254074   0.172166   0.679749   0.534855   0.572438   0.297759   0.369043   0.259716   0.259130   0.186920   0.739693   0.526789   0.585747   0.311238   0.369107   0.272634   0.265408   0.193411   0.745672   0.537325   0.592985   0.318847   0.368925   0.279976   0.272603   0.197195   0.696133   0.564521   0.593093   0.319134   0.368566   0.280282   0.280131   0.198438   0.606814   0.601554   0.585716   0.311632   0.368036   0.273086   0.286881   0.194913   0.497624   0.642062   0.572150   0.297917   0.367510   0.259944   0.291272   0.185553   0.391039   0.680091   0.553836   0.279937   0.367403   0.242803   0.292648   0.166690   0.310121   0.711266   0.529113   0.257036   0.367715   0.221191   0.289973   0.138864   0.276949   0.724172   0.509032   0.239318   0.368200   0.204612   0.282323   0.123941   0.275276   0.721317   0.500337   0.232049   0.368536   0.197872   0.274123   0.123718   0.275217   0.717408   0.494864   0.227554   0.368534   0.193718   0.268175   0.125774   0.275313   0.713765   0.490425   0.223975   0.368590   0.190422   0.263434   0.129029   0.275653   0.710535   0.486349   0.220742   0.368641   0.187451   0.259536   0.130107   0.275964   0.707780   0.482592   0.217792   0.368668   0.184745   0.255893   0.129996   0.276203   0.705261   0.479538   0.215428   0.368924   0.182582   0.252379   0.130372 200625
 10   0.125157   0.667017   0.740237   0.498568   0.930764   0.458128   0.755837   0.026973   0.308200   0.673246   0.749765   0.512256   0.929999   0.472083   0.761782   0.023645   0.308468   0.672711   0.750059   0.512670   0.930796   0.472503   0.762470   0.024450   0.308710   0.672163   0.750302   0.513023   0.932798   0.472863   0.763628   0.025174   0.308886   0.671874   0.749478   0.511803   0.934010   0.471614   0.763428   0.026069   0.309097   0.671843   0.747602   0.509042   0.934121   0.468786   0.761699   0.027197   0.313087   0.671027   0.746477   0.507400   0.933667   0.467107   0.758367   0.029439   0.325730   0.668097   0.747768   0.509328   0.932822   0.469087   0.756522   0.031685   0.344347   0.663839   0.751404   0.514742   0.932336   0.474642   0.759307   0.033682   0.362605   0.659867   0.756831   0.522885   0.932924   0.483011   0.764603   0.036288   0.375604   0.657095   0.762456   0.531414   0.933414   0.491792   0.769422   0.038220   0.378976   0.656140   0.766876   0.538179   0.933357   0.498770   0.772723   0.038856   0.371137   0.657144   0.769281   0.541882   0.932840   0.502594   0.774464   0.037693   0.354523   0.659815   0.769136   0.541658   0.931873   0.502362   0.775101   0.034600   0.334204   0.663362   0.766687   0.537884   0.931163   0.498465   0.777221   0.029344   0.317281   0.666904   0.761464   0.529871   0.931020   0.490197   0.782522   0.024596   0.309966   0.669032   0.755972   0.521496   0.931176   0.481564   0.784173   0.024308   0.309227   0.669483   0.753005   0.517017   0.931624   0.476956   0.781065   0.025679   0.309242   0.669478   0.751204   0.514321   0.932084   0.474187   0.778427   0.025762   0.309253   0.669424   0.749627   0.511971   0.932212   0.471775   0.776104   0.025432   0.309283   0.669355   0.748200   0.509857   0.932081   0.469608   0.773783   0.025402   0.309333   0.669266   0.746970   0.508045   0.931927   0.467752   0.771538   0.025758   0.309389   0.669107   0.746075   0.506731   0.932029   0.466407   0.769788   0.025769   0.309461   0.668881   0.745487   0.505872   0.932446   0.465529   0.768580   0.025558 701972
 11   0.127026   0.668742   0.719180   0.469117   0.933496   0.428244   0.661144   0.027646   0.306747   0.676425   0.732299   0.487078   0.932511   0.446397   0.665143   0.024421   0.307011   0.675369   0.733762   0.489095   0.933304   0.448439   0.664359   0.024210   0.307324   0.674333   0.735207   0.491127   0.935211   0.450501   0.665065   0.023776   0.307595   0.673536   0.735765   0.491904   0.936256   0.451289   0.665553   0.023480   0.308391   0.672873   0.735693   0.491781   0.936200   0.451160   0.665238   0.023276   0.317096   0.670473   0.737971   0.495056   0.935597   0.454499   0.663938   0.023008   0.339249   0.664580   0.744661   0.504794   0.934629   0.464451   0.665496   0.022368   0.367944   0.656987   0.754793   0.519819   0.934063   0.479859   0.673090   0.022935   0.394668   0.650262   0.767371   0.538946   0.934442   0.499564   0.682455   0.025284   0.413144   0.645755   0.779948   0.558577   0.934630   0.519887   0.689556   0.027787   0.417276   0.644388   0.790053   0.574731   0.934342   0.536684   0.694782   0.029319   0.405120   0.646347   0.796274   0.584850   0.933673   0.547241   0.699194   0.029574   0.380345   0.650831   0.798041   0.587762   0.932654   0.550285   0.704239   0.028317   0.349566   0.656450   0.795657   0.583870   0.931950   0.546223   0.712600   0.024669   0.323291   0.662593   0.786778   0.569519   0.931864   0.531270   0.724158   0.022190   0.311060   0.667064   0.775985   0.552251   0.932116   0.513311   0.729628   0.024715   0.309043   0.668477   0.770006   0.542848   0.932662   0.503563   0.727583   0.027993   0.308881   0.668792   0.766462   0.537377   0.933187   0.497911   0.725183   0.029123   0.308751   0.669042   0.763272   0.532496   0.933369   0.492877   0.723167   0.029515   0.308667   0.669229   0.760392   0.528125   0.933363   0.488376   0.721403   0.029745   0.308620   0.669357   0.757811   0.524235   0.933315   0.484375   0.719877   0.029953   0.308603   0.669407   0.755643   0.520983   0.933447   0.481033   0.718624   0.029821   0.308641   0.669366   0.753918   0.518409   0.933869   0.478391   0.717714   0.029413 644571
 12   0.134057   0.665607   0.664464   0.399087   0.757217   0.358283   0.559844   0.034962   0.307177   0.670395   0.686618   0.425352   0.755780   0.384160   0.565974   0.037459   0.307638   0.669799   0.688086   0.427247   0.756431   0.386055   0.564140   0.033966   0.308089   0.669169   0.689389   0.428940   0.758273   0.387749   0.565287   0.032340   0.308397   0.668722   0.689759   0.429431   0.759321   0.388243   0.565587   0.031751   0.309018   0.668209   0.689790   0.429477   0.759278   0.388290   0.565002   0.031379   0.317002   0.664939   0.693684   0.434652   0.758677   0.393491   0.564344   0.029374   0.339654   0.657896   0.700712   0.444021   0.757637   0.402915   0.569353   0.026797   0.371512   0.650193   0.707462   0.453120   0.757234   0.412086   0.581268   0.028443   0.402116   0.644133   0.714503   0.462777   0.757718   0.421849   0.593742   0.033915   0.423053   0.640732   0.720703   0.471419   0.757885   0.430614   0.604456   0.039503   0.427208   0.640682   0.724913   0.477369   0.757677   0.436663   0.613192   0.043395   0.412591   0.644100   0.726118   0.479114   0.757219   0.438446   0.619853   0.044544   0.384611   0.650117   0.723751   0.475798   0.756438   0.435079   0.624416   0.042281   0.352031   0.657341   0.718433   0.468330   0.755693   0.427495   0.627663   0.036825   0.324466   0.664355   0.710462   0.457215   0.755541   0.416224   0.631374   0.030807   0.310664   0.668865   0.702421   0.446131   0.755874   0.405006   0.631822   0.028711   0.308099   0.670019   0.698342   0.440581   0.756418   0.399404   0.627830   0.028924   0.308184   0.669833   0.696942   0.438710   0.756855   0.397521   0.623668   0.028467   0.308270   0.669648   0.695668   0.437025   0.756941   0.395829   0.619922   0.028303   0.308358   0.669487   0.694426   0.435398   0.757042   0.394198   0.616480   0.028693   0.308443   0.669337   0.693273   0.433900   0.757097   0.392699   0.613122   0.029243   0.308501   0.669164   0.692373   0.432737   0.757138   0.391535   0.609831   0.029513   0.308574   0.668935   0.691814   0.432025   0.757477   0.390826   0.606746   0.029766 366220
 13   0.136937   0.668240   0.616393   0.344640   0.684751   0.305045   0.401583   0.048926   0.302115   0.675333   0.646813   0.377100   0.681835   0.336445   0.406299   0.049892   0.302825   0.674279   0.650554   0.381377   0.682387   0.340630   0.402831   0.043165   0.303376   0.673354   0.653409   0.384673   0.684110   0.343860   0.402113   0.039441   0.303833   0.672557   0.655124   0.386653   0.685102   0.345800   0.401963   0.037961   0.305989   0.670069   0.658782   0.390935   0.685093   0.350008   0.402596   0.036819   0.322510   0.660877   0.671444   0.406493   0.684545   0.365431   0.404511   0.033376   0.362559   0.646492   0.687684   0.427081   0.683605   0.385954   0.410567   0.033212   0.414549   0.633357   0.701905   0.445919   0.683218   0.404883   0.419767   0.041279   0.463211   0.623905   0.716645   0.466139   0.683501   0.425333   0.428145   0.052788   0.495038   0.619710   0.729150   0.483831   0.683451   0.443329   0.436326   0.063920   0.497821   0.621839   0.737087   0.495334   0.683112   0.455083   0.445031   0.072466   0.471506   0.629564   0.739145   0.498395   0.682586   0.458225   0.454466   0.076907   0.426858   0.640715   0.734886   0.492276   0.681812   0.451982   0.464139   0.076064   0.376105   0.653191   0.725083   0.478289   0.681128   0.437731   0.473807   0.069440   0.332702   0.664971   0.709989   0.457250   0.681052   0.416388   0.484308   0.057731   0.309214   0.673211   0.692927   0.434135   0.681446   0.393061   0.489386   0.049469   0.303649   0.675853   0.682799   0.420759   0.682018   0.379626   0.486962   0.047070   0.303806   0.675426   0.679399   0.416401   0.682480   0.375274   0.483528   0.044762   0.304014   0.674934   0.676929   0.413252   0.682637   0.372132   0.480575   0.043209   0.304201   0.674475   0.674889   0.410683   0.682810   0.369574   0.477859   0.042673   0.304370   0.674054   0.673066   0.408411   0.682890   0.367316   0.475177   0.042330   0.304459   0.673703   0.671305   0.406232   0.682931   0.365154   0.472492   0.041837   0.304465   0.673459   0.669598   0.404144   0.683271   0.363086   0.469953   0.041352 196282
 14   0.139928   0.679996   0.548543   0.276312   0.544313   0.239579   0.314948   0.074231   0.288336   0.698427   0.580108   0.305577   0.542579   0.267209   0.314140   0.078276   0.287994   0.696309   0.583299   0.308780   0.542844   0.270276   0.307403   0.078615   0.288385   0.694161   0.584745   0.310307   0.544247   0.271749   0.304347   0.080347   0.288747   0.692532   0.584547   0.310158   0.545032   0.271615   0.302415   0.082503   0.298478   0.681710   0.592960   0.318590   0.544879   0.279682   0.304148   0.083975   0.350019   0.648225   0.617665   0.344957   0.544107   0.305193   0.309704   0.091249   0.451978   0.603493   0.645553   0.376857   0.542951   0.336438   0.315035   0.116880   0.567645   0.567651   0.669397   0.406122   0.542433   0.365468   0.319152   0.149466   0.664685   0.546952   0.690398   0.433125   0.542585   0.392481   0.323585   0.172851   0.723565   0.542990   0.705431   0.453254   0.542472   0.412766   0.330345   0.188926   0.727095   0.556102   0.712969   0.463709   0.542175   0.423369   0.339749   0.199032   0.674818   0.582614   0.711860   0.462418   0.541789   0.422105   0.351197   0.202393   0.584953   0.616414   0.702132   0.449447   0.541287   0.409042   0.363186   0.197907   0.478689   0.652454   0.685559   0.427635   0.540799   0.387124   0.373443   0.184683   0.379820   0.684866   0.664893   0.401185   0.540789   0.360681   0.379911   0.159867   0.310718   0.708885   0.640529   0.371427   0.541266   0.331180   0.380349   0.124721   0.284829   0.716910   0.622369   0.350135   0.541870   0.310227   0.374133   0.102121   0.283923   0.713407   0.614889   0.341812   0.542242   0.302116   0.365968   0.097215   0.283748   0.709944   0.610023   0.336538   0.542242   0.297000   0.358744   0.096133   0.283420   0.707131   0.606027   0.332287   0.542320   0.292890   0.352044   0.097066   0.283263   0.704815   0.602168   0.328237   0.542392   0.288984   0.346145   0.097691   0.283270   0.702922   0.598196   0.324102   0.542437   0.285002   0.340830   0.097796   0.283309   0.701255   0.594561   0.320360   0.542745   0.281405   0.335856   0.098046 95992
 15   0.123925   0.666510   0.754994   0.520229   0.939035   0.480300   0.786256   0.022167   0.308518   0.672063   0.765634   0.536081   0.938415   0.496569   0.796033   0.018527   0.308817   0.671235   0.766990   0.538132   0.939292   0.498680   0.799592   0.019415   0.309096   0.670461   0.768122   0.539859   0.941397   0.500460   0.803661   0.020390   0.309293   0.669955   0.768137   0.539874   0.942650   0.500474   0.806420   0.021315   0.309579   0.669675   0.767250   0.538503   0.942772   0.499058   0.807418   0.022225   0.314463   0.668325   0.767735   0.539257   0.942294   0.499837   0.806011   0.023673   0.328993   0.664545   0.771301   0.544794   0.941379   0.505563   0.806773   0.024848   0.349365   0.659552   0.777327   0.554233   0.940743   0.515341   0.813050   0.025835   0.368744   0.655166   0.785153   0.566673   0.941221   0.528261   0.820500   0.028089   0.381830   0.652354   0.792762   0.578950   0.941655   0.541049   0.826007   0.030345   0.384133   0.651647   0.798427   0.588220   0.941544   0.550730   0.829370   0.031272   0.374609   0.653068   0.801472   0.593251   0.941003   0.555993   0.831052   0.030796   0.356335   0.656198   0.801394   0.593135   0.940022   0.555873   0.832276   0.028939   0.334742   0.660023   0.798485   0.588347   0.939399   0.550869   0.837747   0.024711   0.317627   0.663970   0.791633   0.577152   0.939345   0.539180   0.847003   0.021807   0.310771   0.666562   0.784456   0.565523   0.939521   0.527059   0.849115   0.023558   0.310064   0.667263   0.780670   0.559479   0.940008   0.520776   0.844872   0.025617   0.309991   0.667468   0.778109   0.555432   0.940556   0.516577   0.841611   0.025895   0.309929   0.667605   0.775824   0.551842   0.940777   0.512856   0.838750   0.025595   0.309881   0.667707   0.773716   0.548546   0.940659   0.509444   0.835878   0.025283   0.309852   0.667778   0.771850   0.545642   0.940548   0.506440   0.833091   0.025375   0.309834   0.667796   0.770289   0.543226   0.940742   0.503942   0.830670   0.025505   0.309841   0.667748   0.769024   0.541277   0.941232   0.501929   0.828672   0.025452 1074938
 16   0.125711   0.667850   0.736900   0.493948   0.930992   0.453450   0.714123   0.024551   0.307614   0.674575   0.750139   0.512862   0.930183   0.472714   0.721573   0.021820   0.307905   0.673449   0.752221   0.515898   0.931014   0.475817   0.723639   0.021626   0.308193   0.672431   0.753985   0.518496   0.933070   0.478478   0.726865   0.021166   0.308430   0.671698   0.754614   0.519415   0.934234   0.479418   0.729232   0.021101   0.309082   0.671108   0.754559   0.519317   0.934275   0.479314   0.730128   0.021256   0.316771   0.668921   0.756834   0.522727   0.933813   0.482818   0.728904   0.021388   0.336581   0.663626   0.763153   0.532307   0.932890   0.492682   0.730902   0.020682   0.362349   0.656910   0.772564   0.546822   0.932259   0.507673   0.739741   0.020629   0.386496   0.651047   0.784225   0.565214   0.932646   0.526749   0.749678   0.022645   0.402693   0.647262   0.795569   0.583524   0.932875   0.545822   0.756978   0.024952   0.405534   0.646248   0.804338   0.597976   0.932625   0.560934   0.762101   0.026363   0.393937   0.648038   0.809488   0.606584   0.932030   0.569960   0.765997   0.026641   0.371342   0.651959   0.810572   0.608411   0.931015   0.571879   0.770165   0.025422   0.343989   0.656735   0.808024   0.604137   0.930330   0.567395   0.778633   0.022013   0.321261   0.661970   0.799468   0.589948   0.930251   0.552540   0.792056   0.020180   0.311327   0.665797   0.789418   0.573444   0.930448   0.535293   0.798701   0.023258   0.309990   0.666980   0.784139   0.564916   0.930959   0.526408   0.796732   0.026490   0.309844   0.667264   0.781001   0.559920   0.931506   0.521217   0.794573   0.027242   0.309723   0.667478   0.778200   0.555494   0.931731   0.516626   0.792668   0.027399   0.309621   0.667656   0.775615   0.551438   0.931719   0.512423   0.790767   0.027482   0.309559   0.667788   0.773298   0.547826   0.931675   0.508686   0.788827   0.027460   0.309533   0.667854   0.771333   0.544781   0.931841   0.505538   0.786969   0.027417   0.309538   0.667846   0.769733   0.542316   0.932305   0.502992   0.785520   0.027263 948720
 17   0.124902   0.669360   0.735747   0.492820   0.932405   0.452397   0.643093   0.026353   0.305939   0.677445   0.749850   0.512763   0.931549   0.472674   0.650801   0.025264   0.306368   0.676069   0.751885   0.515699   0.932441   0.475670   0.651741   0.025366   0.306699   0.674880   0.753524   0.518092   0.934496   0.478116   0.653811   0.024851   0.306919   0.674022   0.754022   0.518813   0.935643   0.478853   0.655206   0.024338   0.309018   0.673103   0.754448   0.519434   0.935667   0.479487   0.654835   0.023953   0.324973   0.669245   0.759257   0.526700   0.935185   0.486965   0.654330   0.022582   0.361482   0.660547   0.770288   0.543630   0.934292   0.504438   0.660539   0.020367   0.408107   0.649999   0.786199   0.568771   0.933662   0.530526   0.673524   0.020838   0.454147   0.640760   0.805587   0.600562   0.933905   0.563744   0.685034   0.024506   0.488778   0.634560   0.824194   0.632243   0.933966   0.597080   0.692387   0.028670   0.499411   0.632858   0.838550   0.657515   0.933529   0.623839   0.697643   0.032240   0.480210   0.636059   0.847026   0.672789   0.932743   0.640085   0.702331   0.034964   0.436850   0.642978   0.848996   0.676394   0.931618   0.643929   0.708415   0.035456   0.382953   0.651042   0.845242   0.669580   0.930889   0.636673   0.719484   0.031699   0.336516   0.659481   0.832361   0.646621   0.930797   0.612306   0.734854   0.027265   0.313101   0.666691   0.814342   0.615132   0.931021   0.579011   0.743027   0.029434   0.308229   0.669692   0.802908   0.595659   0.931569   0.558519   0.742070   0.033765   0.307954   0.670140   0.797258   0.586326   0.932165   0.548755   0.740074   0.034683   0.307757   0.670453   0.792486   0.578544   0.932475   0.540634   0.738365   0.034579   0.307597   0.670679   0.788222   0.571673   0.932530   0.533478   0.736859   0.034168   0.307509   0.670792   0.784513   0.565750   0.932526   0.527321   0.735346   0.033793   0.307505   0.670807   0.781373   0.560772   0.932726   0.522152   0.733909   0.033555   0.307540   0.670760   0.778673   0.556525   0.933215   0.517750   0.732781   0.033196 501980
 18   0.129848   0.666209   0.704764   0.450534   0.837491   0.409663   0.594797   0.038244   0.307164   0.671105   0.733309   0.488684   0.836487   0.448064   0.590253   0.041604   0.307831   0.669794   0.738792   0.496541   0.837145   0.456071   0.582662   0.037726   0.308421   0.668808   0.742481   0.501887   0.839096   0.461530   0.580344   0.035972   0.308813   0.668156   0.744265   0.504491   0.840211   0.464194   0.579293   0.035824   0.309636   0.667454   0.745410   0.506169   0.840225   0.465910   0.578565   0.035371   0.318242   0.664202   0.751885   0.515843   0.839778   0.475845   0.578786   0.031557   0.340515   0.657671   0.762192   0.531409   0.838868   0.491864   0.587012   0.025165   0.370358   0.650589   0.771391   0.545600   0.838430   0.506525   0.602911   0.022928   0.399856   0.644618   0.780741   0.560333   0.838838   0.521806   0.618108   0.026124   0.421626   0.640819   0.788922   0.573468   0.838926   0.535477   0.630950   0.031116   0.428059   0.640163   0.794386   0.582371   0.838620   0.544770   0.642237   0.035873   0.415793   0.642880   0.796137   0.585261   0.838055   0.547793   0.652532   0.038824   0.388172   0.648335   0.793481   0.580927   0.837134   0.543269   0.662176   0.038346   0.353917   0.655152   0.786657   0.569858   0.836407   0.531724   0.673203   0.034323   0.324661   0.662221   0.774475   0.550469   0.836382   0.511576   0.686785   0.029610   0.310745   0.667158   0.761751   0.530591   0.836777   0.490993   0.693705   0.028950   0.308531   0.668652   0.755330   0.520767   0.837378   0.480860   0.691629   0.030047   0.308590   0.668721   0.752702   0.516825   0.837908   0.476808   0.688067   0.029883   0.308686   0.668699   0.750650   0.513778   0.838120   0.473683   0.684452   0.030022   0.308800   0.668632   0.749018   0.511372   0.838258   0.471218   0.680700   0.030661   0.308913   0.668560   0.747645   0.509357   0.838268   0.469155   0.676670   0.031596   0.309006   0.668460   0.746549   0.507752   0.838298   0.467513   0.672681   0.032208   0.309106   0.668298   0.745831   0.506707   0.838665   0.466446   0.669031   0.032488 244827
 19   0.129864   0.667714   0.673478   0.411194   0.788547   0.370477   0.442121   0.048360   0.302536   0.674242   0.701842   0.446263   0.787010   0.405303   0.446895   0.049062   0.303329   0.673283   0.705970   0.451799   0.787631   0.410878   0.444725   0.042403   0.303869   0.672606   0.708350   0.454936   0.789468   0.414027   0.445154   0.038959   0.304281   0.671943   0.709938   0.457027   0.790527   0.416126   0.445301   0.037727   0.306187   0.669969   0.713725   0.462044   0.790552   0.421169   0.445540   0.036232   0.320777   0.662882   0.726868   0.480372   0.790052   0.439763   0.447437   0.030663   0.356320   0.651665   0.744650   0.505938   0.789144   0.465843   0.454943   0.025550   0.402789   0.641069   0.760465   0.529594   0.788710   0.490152   0.466060   0.027869   0.447498   0.632703   0.776375   0.554277   0.788926   0.515687   0.475798   0.034899   0.479363   0.627787   0.790381   0.576757   0.788789   0.539093   0.484790   0.043069   0.486008   0.627755   0.800279   0.593121   0.788318   0.556226   0.494308   0.050715   0.463870   0.632731   0.804318   0.599935   0.787628   0.563388   0.504837   0.056401   0.421854   0.641194   0.801600   0.595394   0.786693   0.558623   0.516369   0.058371   0.372698   0.651328   0.792293   0.579981   0.785996   0.542481   0.530071   0.055506   0.330733   0.661707   0.774584   0.551547   0.786008   0.512874   0.546522   0.046497   0.309283   0.669554   0.753800   0.519216   0.786477   0.479410   0.555246   0.039934   0.304993   0.672330   0.742134   0.501599   0.787140   0.461277   0.553911   0.038530   0.305290   0.672226   0.738307   0.496005   0.787704   0.455555   0.551238   0.036685   0.305575   0.671973   0.735589   0.492072   0.787959   0.451540   0.548638   0.035634   0.305838   0.671699   0.733286   0.488777   0.788153   0.448183   0.546415   0.035464   0.306036   0.671467   0.731156   0.485761   0.788195   0.445115   0.544267   0.035761   0.306144   0.671256   0.729356   0.483239   0.788232   0.442556   0.542095   0.035763   0.306207   0.671047   0.727925   0.481264   0.788594   0.440556   0.539953   0.035608 182087
 20   0.123350   0.666647   0.762462   0.531505   0.942851   0.491901   0.796717   0.020841   0.308673   0.672185   0.774578   0.549891   0.942156   0.510836   0.808767   0.016548   0.308934   0.671077   0.776826   0.553379   0.943030   0.514443   0.814304   0.017305   0.309235   0.670077   0.778684   0.556283   0.945194   0.517450   0.820172   0.018488   0.309477   0.669388   0.779309   0.557258   0.946441   0.518458   0.824094   0.019546   0.310371   0.668769   0.779429   0.557442   0.946607   0.518648   0.825497   0.020353   0.319535   0.666045   0.782443   0.562241   0.946208   0.523635   0.824887   0.020709   0.342049   0.659949   0.789810   0.574092   0.945281   0.535970   0.829477   0.020203   0.370470   0.652916   0.800070   0.590907   0.944536   0.553536   0.840665   0.020522   0.396183   0.647221   0.812136   0.611142   0.944860   0.574764   0.850930   0.022677   0.412651   0.643853   0.823256   0.630212   0.945141   0.594856   0.857721   0.024818   0.414340   0.643386   0.831466   0.644578   0.944880   0.610049   0.861711   0.026144   0.400246   0.645739   0.836120   0.652828   0.944246   0.618795   0.863880   0.026416   0.375252   0.650062   0.836940   0.654296   0.943153   0.620354   0.865998   0.025362   0.346263   0.654961   0.834389   0.649773   0.942461   0.615558   0.874084   0.022059   0.322690   0.660164   0.826023   0.635095   0.942354   0.600028   0.888274   0.020046   0.312689   0.663915   0.816259   0.618108   0.942474   0.582084   0.894808   0.022841   0.311425   0.665068   0.811078   0.609229   0.942966   0.572730   0.892341   0.026053   0.311254   0.665402   0.807855   0.603787   0.943567   0.567014   0.889849   0.027020   0.311093   0.665674   0.804929   0.598883   0.943837   0.561870   0.887848   0.027162   0.310932   0.665899   0.802206   0.594349   0.943744   0.557119   0.886193   0.026676   0.310795   0.666065   0.799813   0.590390   0.943684   0.552977   0.884776   0.025969   0.310717   0.666172   0.797797   0.587075   0.943936   0.549511   0.883287   0.025647   0.310680   0.666217   0.796105   0.584311   0.944489   0.546626   0.881739   0.025488 882580
 21   0.124500   0.667804   0.749091   0.511666   0.936149   0.471554   0.734435   0.021932   0.307755   0.674438   0.761647   0.530096   0.935434   0.490418   0.744044   0.019858   0.308090   0.673212   0.763884   0.533447   0.936355   0.493861   0.748326   0.020367   0.308426   0.672103   0.765805   0.536348   0.938486   0.496846   0.753292   0.020659   0.308691   0.671310   0.766506   0.537401   0.939690   0.497928   0.757023   0.021052   0.309829   0.670572   0.766727   0.537722   0.939778   0.498256   0.758889   0.021364   0.320451   0.667641   0.770136   0.542985   0.939383   0.503693   0.759302   0.021540   0.345783   0.661077   0.778260   0.555696   0.938508   0.516856   0.764846   0.020712   0.377655   0.653293   0.789895   0.574298   0.937773   0.536199   0.776837   0.020927   0.407171   0.646751   0.803986   0.597429   0.938039   0.560370   0.787883   0.023344   0.427148   0.642653   0.817243   0.619790   0.938202   0.583854   0.795286   0.025804   0.430642   0.641795   0.827261   0.637100   0.937873   0.602116   0.800056   0.027537   0.415923   0.644163   0.833114   0.647376   0.937207   0.612990   0.803336   0.028321   0.387873   0.648868   0.834498   0.649823   0.936137   0.615583   0.806800   0.027709   0.354027   0.654256   0.832051   0.645501   0.935482   0.611004   0.815743   0.024244   0.325573   0.660072   0.822783   0.629367   0.935430   0.593959   0.830389   0.021557   0.312785   0.664542   0.811153   0.609346   0.935614   0.572852   0.838057   0.024529   0.310909   0.666045   0.804702   0.598434   0.936139   0.561386   0.836825   0.028382   0.310685   0.666436   0.800971   0.592232   0.936741   0.554889   0.835012   0.029454   0.310494   0.666731   0.797689   0.586824   0.937034   0.549235   0.833706   0.029628   0.310325   0.666965   0.794680   0.581900   0.937004   0.544093   0.832810   0.029174   0.310193   0.667134   0.792033   0.577598   0.936948   0.539607   0.831934   0.028615   0.310112   0.667228   0.789828   0.574036   0.937160   0.535896   0.830783   0.028340   0.310061   0.667267   0.787952   0.571025   0.937666   0.532763   0.829644   0.028065 1089860
 22   0.122426   0.668132   0.756088   0.522210   0.939010   0.482398   0.719130   0.022947   0.305964   0.675085   0.767921   0.539817   0.938281   0.500467   0.730952   0.021571   0.306316   0.673868   0.769861   0.542760   0.939180   0.503498   0.736185   0.022237   0.306594   0.672799   0.771466   0.545215   0.941326   0.506029   0.741684   0.022867   0.306820   0.672044   0.771826   0.545754   0.942553   0.506584   0.745627   0.023686   0.311013   0.670785   0.772828   0.547288   0.942672   0.508165   0.746755   0.024572   0.333622   0.665712   0.779161   0.557240   0.942293   0.518481   0.749319   0.024534   0.381216   0.655710   0.792092   0.578032   0.941413   0.540125   0.760616   0.024011   0.441198   0.644531   0.810068   0.607968   0.940604   0.571494   0.776200   0.026492   0.499229   0.635212   0.830827   0.643912   0.940729   0.609436   0.788280   0.031711   0.539974   0.629445   0.849728   0.677913   0.940695   0.645587   0.795897   0.036420   0.545585   0.628935   0.863818   0.704097   0.940179   0.673597   0.800028   0.039686   0.512054   0.633804   0.871667   0.718986   0.939401   0.689586   0.802126   0.041787   0.454562   0.641924   0.872865   0.721241   0.938279   0.692004   0.805479   0.042501   0.391377   0.650121   0.868459   0.712752   0.937670   0.682861   0.816827   0.038183   0.339983   0.657968   0.855286   0.688014   0.937715   0.656346   0.834302   0.032034   0.314998   0.664138   0.838805   0.657727   0.937962   0.624016   0.842152   0.033479   0.309953   0.666516   0.829096   0.640368   0.938543   0.605584   0.840171   0.037451   0.309560   0.667099   0.823614   0.630793   0.939223   0.595461   0.838716   0.037613   0.309295   0.667521   0.818884   0.622629   0.939580   0.586849   0.838262   0.036621   0.309058   0.667846   0.814633   0.615366   0.939555   0.579204   0.838308   0.035113   0.308815   0.668109   0.810871   0.608993   0.939515   0.572504   0.838279   0.033653   0.308618   0.668295   0.807649   0.603581   0.939792   0.566824   0.837692   0.032847   0.308486   0.668400   0.804869   0.598947   0.940366   0.561968   0.836915   0.032230 433420
 23   0.122167   0.669876   0.744386   0.504874   0.939798   0.464622   0.659767   0.022167   0.302936   0.678469   0.754490   0.519586   0.939050   0.479660   0.669512   0.023325   0.303448   0.677088   0.756043   0.521895   0.939974   0.482029   0.672537   0.024659   0.303808   0.675959   0.757069   0.523428   0.941994   0.483603   0.675887   0.025214   0.303999   0.675221   0.756818   0.523045   0.943124   0.483209   0.677995   0.025682   0.312115   0.673117   0.758806   0.526006   0.943169   0.486248   0.677471   0.025846   0.351303   0.664783   0.768820   0.541368   0.942729   0.502101   0.681222   0.024529   0.433890   0.648889   0.789614   0.574596   0.941867   0.536657   0.696182   0.024070   0.540844   0.631173   0.819644   0.625299   0.940968   0.589939   0.712150   0.028570   0.643701   0.616665   0.852558   0.684305   0.940842   0.652653   0.720057   0.035103   0.711222   0.608474   0.880754   0.737786   0.940582   0.710103   0.720100   0.039933   0.713122   0.609313   0.900480   0.776939   0.939836   0.752524   0.714161   0.043723   0.648469   0.618478   0.910622   0.797628   0.938860   0.775056   0.707785   0.047216   0.546983   0.632032   0.911436   0.799246   0.937647   0.776810   0.707561   0.049128   0.441405   0.645226   0.904071   0.784022   0.937000   0.760189   0.721251   0.046302   0.358177   0.657105   0.883956   0.743736   0.936981   0.716471   0.746800   0.040696   0.315785   0.667174   0.857142   0.691949   0.937195   0.660654   0.759376   0.042291   0.305706   0.671860   0.839716   0.659731   0.937766   0.626219   0.757050   0.046675   0.305051   0.672761   0.830485   0.643329   0.938454   0.608819   0.756410   0.046328   0.304767   0.673288   0.822891   0.630077   0.938892   0.594810   0.757145   0.044846   0.304692   0.673533   0.816447   0.619013   0.938936   0.583148   0.758318   0.042646   0.304735   0.673519   0.811145   0.610027   0.938890   0.573700   0.759642   0.040487   0.304859   0.673283   0.806978   0.603049   0.939150   0.566379   0.760746   0.038910   0.304986   0.672994   0.803517   0.597318   0.939726   0.560379   0.761624   0.037478 192176
 24   0.124920   0.671140   0.713986   0.462803   0.917261   0.422007   0.522494   0.031475   0.301784   0.680803   0.729771   0.484321   0.916355   0.443745   0.528046   0.031972   0.302393   0.679327   0.732109   0.487643   0.917092   0.447127   0.525090   0.031554   0.302581   0.678412   0.732963   0.488835   0.918852   0.448335   0.524679   0.030254   0.302658   0.677724   0.732861   0.488706   0.919866   0.448206   0.525009   0.029792   0.307026   0.675565   0.735711   0.492788   0.919849   0.452368   0.525547   0.028759   0.334621   0.667771   0.747684   0.510437   0.919270   0.470456   0.530963   0.023969   0.397824   0.653087   0.768467   0.542104   0.918338   0.503111   0.546671   0.020000   0.482862   0.636268   0.795835   0.585952   0.917701   0.548752   0.565907   0.023498   0.572724   0.621492   0.827014   0.638883   0.917758   0.604447   0.578638   0.031727   0.646238   0.611392   0.855072   0.689268   0.917522   0.658023   0.585187   0.040942   0.671324   0.609218   0.875460   0.727612   0.916812   0.699151   0.589647   0.049175   0.634121   0.615707   0.886432   0.748876   0.915815   0.722088   0.594192   0.055433   0.552681   0.627987   0.887975   0.751862   0.914594   0.725307   0.601138   0.058383   0.453801   0.642237   0.880937   0.738001   0.913771   0.710313   0.614745   0.056091   0.365567   0.656143   0.861418   0.700720   0.913677   0.670211   0.638329   0.047348   0.315686   0.668953   0.830739   0.644642   0.914036   0.610389   0.651431   0.044059   0.303087   0.675233   0.809400   0.607147   0.914741   0.570691   0.647790   0.046307   0.303236   0.675386   0.801527   0.593961   0.915480   0.556857   0.644115   0.044705   0.303646   0.675169   0.795750   0.584422   0.915947   0.546876   0.642394   0.042639   0.304169   0.674736   0.791244   0.577050   0.916177   0.539176   0.641755   0.040822   0.304592   0.674304   0.787370   0.570763   0.916240   0.532620   0.641485   0.039576   0.304785   0.674026   0.783722   0.564912   0.916445   0.526531   0.641361   0.038963   0.304779   0.673898   0.780241   0.559412   0.916960   0.520823   0.641146   0.038500 192871
