timestamp=                2022-01-12T20:28:56.253191
shape=                    (5, 5)
sigma=                    2.5
nepochs=                  4
rate=                     0.00725
neighborhood function=    gaussian
init weights=             pca
topology=                 hexagonal
activation distance=      euclidean
output type=              labels
mapfile_prefix=           2021_5x5_4_00725_04
apply classification=     False
apply activation=         False
seed=                     None
random order=             True
custom init file=         None
decay_function=           3

quantization error=       0.33929405
topographic error=        0.09621478

############ NEURONS #############
 25 192
  0   0.116370   0.687787   0.747814   0.525786   0.932902   0.487558   0.696785   0.028692   0.301115   0.695744   0.750714   0.529901   0.932014   0.491765   0.702852   0.030113   0.301395   0.694852   0.750826   0.530070   0.933556   0.491939   0.703844   0.031279   0.301253   0.694414   0.750298   0.529355   0.936456   0.491214   0.704325   0.032664   0.300938   0.694306   0.748334   0.526574   0.938209   0.488371   0.703411   0.033757   0.312141   0.689727   0.754251   0.535172   0.938385   0.497204   0.705927   0.031681   0.361186   0.676711   0.773884   0.564647   0.937629   0.527665   0.715802   0.027859   0.455641   0.658697   0.801995   0.609217   0.936272   0.574197   0.732451   0.028551   0.572081   0.641058   0.835106   0.664967   0.935184   0.633064   0.748595   0.034319   0.678862   0.627632   0.868078   0.723916   0.935064   0.696016   0.757350   0.040540   0.734479   0.622000   0.894793   0.774339   0.934971   0.750417   0.758316   0.045114   0.714584   0.625884   0.912176   0.808534   0.934383   0.787600   0.754429   0.048586   0.638009   0.636269   0.919696   0.823725   0.933111   0.804202   0.751437   0.050398   0.543787   0.648429   0.918964   0.822325   0.931425   0.802689   0.752718   0.049941   0.451418   0.660876   0.910400   0.805221   0.930568   0.784036   0.759340   0.047542   0.367771   0.673295   0.891244   0.767854   0.930581   0.743468   0.772178   0.043244   0.316828   0.685644   0.861076   0.711241   0.930843   0.682452   0.776781   0.043211   0.302887   0.692478   0.837769   0.668949   0.931563   0.637162   0.771666   0.046017   0.302468   0.693028   0.827495   0.651242   0.932429   0.618386   0.769538   0.046069   0.302318   0.693263   0.819072   0.637014   0.932906   0.603357   0.768816   0.045391   0.302305   0.693336   0.811731   0.624807   0.932708   0.590499   0.768731   0.043562   0.302369   0.693281   0.805533   0.614626   0.932431   0.579800   0.768682   0.041460   0.302424   0.693136   0.800433   0.606339   0.932772   0.571109   0.768235   0.040359   0.302502   0.692927   0.796043   0.599271   0.933563   0.563710   0.767571   0.039752 
  1   0.120964   0.688912   0.702834   0.463477   0.942145   0.424106   0.604782   0.028463   0.300973   0.698044   0.707681   0.469789   0.940711   0.430460   0.608266   0.029907   0.301278   0.697097   0.707581   0.469598   0.941668   0.430257   0.606135   0.030300   0.301474   0.696242   0.707833   0.469912   0.944034   0.430570   0.604805   0.030859   0.301620   0.695600   0.707144   0.468976   0.945385   0.429620   0.603239   0.031466   0.304461   0.693592   0.708581   0.470780   0.945505   0.431424   0.602985   0.030714   0.327171   0.685966   0.718550   0.484238   0.944838   0.445062   0.604915   0.028231   0.382355   0.672008   0.736739   0.509732   0.943449   0.471076   0.612890   0.026894   0.460628   0.656072   0.760826   0.545133   0.942641   0.507517   0.625496   0.031387   0.540140   0.642545   0.788606   0.588054   0.942720   0.552115   0.634224   0.038931   0.596358   0.634146   0.814245   0.629647   0.942649   0.595729   0.637674   0.045095   0.611656   0.632714   0.834148   0.663285   0.942227   0.631272   0.637551   0.049470   0.580609   0.638482   0.846587   0.684913   0.941261   0.654247   0.636079   0.052206   0.515191   0.649197   0.850942   0.692602   0.939889   0.662437   0.636032   0.052423   0.434964   0.662171   0.847384   0.686287   0.939000   0.655704   0.639420   0.049317   0.360475   0.675168   0.832997   0.661301   0.938880   0.629170   0.649203   0.043158   0.314197   0.688200   0.805504   0.615307   0.939207   0.580662   0.652992   0.041369   0.300580   0.695429   0.782821   0.578583   0.939967   0.542168   0.647039   0.044316   0.300109   0.696115   0.772219   0.562248   0.940673   0.525204   0.642627   0.044834   0.300046   0.696512   0.763257   0.548670   0.940949   0.511148   0.639575   0.043608   0.300129   0.696708   0.755503   0.537098   0.940938   0.499200   0.637018   0.041904   0.300257   0.696712   0.748840   0.527292   0.940855   0.489104   0.634662   0.040400   0.300375   0.696547   0.743309   0.519265   0.941059   0.480860   0.632357   0.039249   0.300444   0.696313   0.738705   0.512677   0.941672   0.474111   0.630266   0.038308 
  2   0.143806   0.697008   0.478391   0.229277   0.431391   0.196891   0.303346   0.055247   0.291550   0.713748   0.500881   0.246986   0.430581   0.213216   0.304126   0.057207   0.291244   0.712200   0.502642   0.248484   0.431225   0.214615   0.299456   0.057791   0.290673   0.711193   0.503652   0.249386   0.433198   0.215464   0.295887   0.060841   0.290124   0.710625   0.503127   0.248974   0.434283   0.215085   0.292614   0.064725   0.300217   0.699749   0.509418   0.254317   0.434137   0.220073   0.292530   0.067628   0.352142   0.664060   0.528213   0.271043   0.433282   0.235818   0.296392   0.072154   0.452931   0.613749   0.550394   0.291869   0.431867   0.255606   0.301144   0.087953   0.568789   0.569800   0.571984   0.313164   0.431253   0.276015   0.305980   0.110947   0.668594   0.542059   0.592176   0.333912   0.431426   0.296047   0.311588   0.129750   0.730488   0.535169   0.607647   0.350481   0.431341   0.312163   0.318915   0.145302   0.734947   0.551059   0.616249   0.360036   0.431149   0.321517   0.328049   0.158619   0.681467   0.585171   0.616266   0.360236   0.430720   0.321744   0.337488   0.166645   0.589776   0.627797   0.608041   0.351342   0.430010   0.313078   0.345127   0.165269   0.482640   0.671025   0.593827   0.336069   0.429433   0.298213   0.349602   0.154193   0.383229   0.708445   0.576165   0.317556   0.429496   0.280274   0.350284   0.133641   0.312193   0.734758   0.555674   0.296981   0.430042   0.260490   0.346273   0.105701   0.284319   0.743122   0.539542   0.281411   0.430782   0.245624   0.338104   0.087568   0.282411   0.739525   0.531139   0.273646   0.431208   0.238266   0.329571   0.082858   0.281740   0.735892   0.525300   0.268363   0.431125   0.233279   0.322285   0.082068   0.281258   0.732706   0.520706   0.264274   0.431089   0.229430   0.315636   0.083054   0.281034   0.730079   0.516279   0.260395   0.430992   0.225789   0.309757   0.082854   0.280935   0.727972   0.511868   0.256570   0.430934   0.222205   0.304551   0.081989   0.280749   0.726190   0.508006   0.253258   0.431296   0.219107   0.299816   0.081804 
  3   0.149626   0.695662   0.416198   0.181958   0.321217   0.153519   0.252511   0.062633   0.288494   0.711008   0.417435   0.182352   0.320467   0.153800   0.244953   0.070892   0.288373   0.709485   0.418912   0.183393   0.321154   0.154742   0.243502   0.073474   0.287495   0.708662   0.419485   0.183845   0.323032   0.155157   0.241534   0.079556   0.286568   0.707996   0.418957   0.183523   0.324069   0.154874   0.239595   0.086734   0.298345   0.695988   0.427638   0.189580   0.323958   0.160342   0.241716   0.092226   0.354754   0.661710   0.448520   0.204873   0.323195   0.174265   0.247184   0.100839   0.459419   0.618128   0.470105   0.221745   0.321930   0.189795   0.251822   0.122730   0.575843   0.581578   0.489708   0.237833   0.321433   0.204727   0.256477   0.145953   0.674641   0.556811   0.507194   0.252685   0.321736   0.218595   0.261626   0.156740   0.737755   0.547483   0.520492   0.264358   0.321826   0.229557   0.267590   0.162726   0.746045   0.557666   0.527981   0.271150   0.321766   0.235972   0.274365   0.168114   0.695506   0.585333   0.528217   0.271473   0.321396   0.236294   0.280839   0.170569   0.604317   0.622374   0.521468   0.265457   0.320689   0.230630   0.285537   0.165991   0.494838   0.662257   0.509646   0.254978   0.320090   0.220772   0.287336   0.156195   0.389849   0.699508   0.493770   0.241267   0.320064   0.207932   0.285942   0.142866   0.311172   0.729420   0.472196   0.223447   0.320454   0.191372   0.281356   0.121344   0.278273   0.742096   0.453837   0.208881   0.321048   0.177929   0.273655   0.106260   0.275519   0.740291   0.444630   0.201924   0.321408   0.171563   0.265846   0.103674   0.275060   0.736946   0.438554   0.197425   0.321319   0.167461   0.260114   0.105593   0.275152   0.733526   0.433656   0.193856   0.321247   0.164215   0.255557   0.109096   0.275454   0.730445   0.428989   0.190512   0.321114   0.161183   0.251520   0.108818   0.275737   0.727828   0.424609   0.187419   0.321041   0.158385   0.247771   0.107024   0.275930   0.725440   0.421096   0.184970   0.321362   0.156174   0.244403   0.107278 
  4   0.150807   0.692179   0.403454   0.174114   0.265143   0.146589   0.237494   0.155974   0.280780   0.703481   0.383401   0.160655   0.266435   0.134509   0.224617   0.245969   0.280027   0.700882   0.385371   0.161988   0.266982   0.135708   0.224200   0.272689   0.278418   0.698948   0.386863   0.163008   0.268680   0.136627   0.224133   0.297920   0.277566   0.697250   0.387290   0.163315   0.269552   0.136907   0.224204   0.319676   0.291857   0.690410   0.390240   0.165241   0.269372   0.138627   0.224739   0.335853   0.353421   0.667322   0.400921   0.172429   0.268619   0.145084   0.227354   0.338670   0.462200   0.631803   0.416935   0.183636   0.267425   0.155218   0.231157   0.341532   0.578010   0.598743   0.433639   0.195799   0.267089   0.166293   0.234930   0.348426   0.671913   0.574835   0.448751   0.207178   0.267587   0.176712   0.238824   0.343020   0.729626   0.564001   0.460070   0.215961   0.267873   0.184797   0.242613   0.334825   0.740705   0.569334   0.466383   0.220972   0.267972   0.189428   0.246212   0.331354   0.704043   0.589252   0.467111   0.221572   0.267738   0.189987   0.248966   0.329741   0.627790   0.619169   0.462215   0.217675   0.267126   0.186383   0.250253   0.323695   0.523731   0.656367   0.452231   0.209851   0.266494   0.179169   0.249524   0.319905   0.411236   0.696267   0.437250   0.198463   0.266283   0.168723   0.246672   0.328248   0.315227   0.730640   0.418134   0.184416   0.266439   0.155914   0.242074   0.342163   0.270311   0.744019   0.404235   0.174520   0.266862   0.146940   0.237063   0.355255   0.266041   0.739532   0.398573   0.170691   0.267119   0.143498   0.233036   0.365315   0.265379   0.733801   0.394749   0.168162   0.266959   0.141233   0.230012   0.376777   0.265254   0.728603   0.391505   0.166048   0.266875   0.139345   0.227716   0.386832   0.265398   0.724137   0.388618   0.164182   0.266786   0.137680   0.225589   0.386318   0.265157   0.720466   0.386137   0.162591   0.266737   0.136263   0.223344   0.381158   0.264871   0.717122   0.384336   0.161441   0.267048   0.135239   0.221442   0.379385 
  5   0.117238   0.686874   0.748339   0.526178   0.936480   0.487890   0.727681   0.024481   0.302611   0.694033   0.752692   0.532467   0.935543   0.494341   0.733798   0.024609   0.302992   0.693098   0.753323   0.533379   0.937006   0.495277   0.735933   0.025788   0.303316   0.692234   0.754169   0.534617   0.940063   0.496551   0.738399   0.026911   0.303514   0.691666   0.753774   0.534037   0.941856   0.495954   0.739272   0.027747   0.308551   0.689195   0.756446   0.537933   0.942175   0.499957   0.739826   0.027036   0.336240   0.681126   0.767873   0.555045   0.941570   0.517630   0.743721   0.025104   0.394590   0.668464   0.786501   0.583879   0.940138   0.547594   0.754973   0.025161   0.467762   0.655789   0.809336   0.620776   0.939068   0.586245   0.768588   0.029520   0.536537   0.645848   0.833637   0.661804   0.939094   0.629581   0.778222   0.035812   0.583021   0.640099   0.855162   0.699699   0.939139   0.669924   0.783665   0.041431   0.587910   0.640307   0.871089   0.728724   0.938718   0.701027   0.785320   0.045862   0.549380   0.646232   0.879666   0.744716   0.937635   0.718236   0.785170   0.048698   0.485273   0.655321   0.880455   0.746228   0.936014   0.719872   0.786386   0.048972   0.412247   0.665493   0.874147   0.734473   0.935192   0.707222   0.792666   0.045372   0.347859   0.675784   0.857967   0.704908   0.935274   0.675526   0.804820   0.038938   0.313201   0.684934   0.834902   0.663951   0.935598   0.631851   0.808371   0.037836   0.305547   0.689317   0.818918   0.636416   0.936399   0.602658   0.802731   0.040584   0.305136   0.689817   0.811311   0.623749   0.937307   0.589315   0.799993   0.040450   0.304966   0.690039   0.805111   0.613555   0.937725   0.578602   0.798479   0.039473   0.304838   0.690202   0.799517   0.604463   0.937492   0.569069   0.797110   0.038105   0.304696   0.690354   0.794535   0.596453   0.937178   0.560686   0.795469   0.036774   0.304606   0.690393   0.790425   0.589912   0.937407   0.553854   0.793614   0.035926   0.304510   0.690379   0.786838   0.584270   0.938116   0.547973   0.791624   0.035436 
  6   0.118968   0.687700   0.720994   0.487747   0.923913   0.448658   0.663467   0.028933   0.300627   0.695632   0.726231   0.494866   0.922678   0.455881   0.666886   0.030391   0.300923   0.694789   0.727057   0.496019   0.923828   0.457056   0.665837   0.030418   0.301062   0.694154   0.727759   0.497019   0.926537   0.458079   0.665572   0.030711   0.301247   0.693594   0.727571   0.496774   0.928121   0.457832   0.664455   0.031328   0.306670   0.690576   0.731379   0.502058   0.928282   0.463214   0.665302   0.029688   0.336739   0.681337   0.745488   0.522247   0.927639   0.483893   0.670203   0.025163   0.402261   0.666884   0.767390   0.554794   0.926275   0.517464   0.682237   0.023062   0.488536   0.651888   0.793849   0.596118   0.925330   0.560486   0.697669   0.027109   0.579231   0.639071   0.822640   0.643467   0.925421   0.610258   0.708016   0.034083   0.650652   0.630536   0.848619   0.688398   0.925414   0.657937   0.712511   0.040756   0.668727   0.629639   0.867924   0.723231   0.924923   0.695197   0.712759   0.046114   0.628379   0.636143   0.878739   0.743345   0.923801   0.716835   0.712020   0.049478   0.550252   0.646886   0.881194   0.748003   0.922202   0.721865   0.713153   0.050073   0.455784   0.659723   0.875612   0.737573   0.921249   0.710636   0.718290   0.047884   0.369482   0.672523   0.859382   0.707891   0.921170   0.678805   0.729765   0.042634   0.317349   0.685101   0.831007   0.657808   0.921445   0.625454   0.734444   0.041353   0.302553   0.692152   0.808416   0.619176   0.922201   0.584546   0.728906   0.044162   0.302008   0.692868   0.798531   0.603093   0.923010   0.567676   0.725318   0.044263   0.301917   0.693113   0.790688   0.590551   0.923377   0.554564   0.723548   0.043314   0.301924   0.693224   0.783952   0.579937   0.923304   0.543497   0.722121   0.041788   0.301948   0.693240   0.778160   0.570924   0.923125   0.534121   0.720543   0.040225   0.302004   0.693137   0.773344   0.563516   0.923358   0.526432   0.718714   0.039189   0.302103   0.692938   0.769397   0.557508   0.924069   0.520207   0.717081   0.038148 
  7   0.132189   0.696594   0.567906   0.310140   0.612766   0.273276   0.393712   0.054908   0.291645   0.712906   0.601691   0.343436   0.608679   0.305187   0.396756   0.053281   0.291893   0.710838   0.604798   0.346740   0.609297   0.308396   0.388144   0.051560   0.292092   0.709235   0.606375   0.348456   0.611461   0.310069   0.382872   0.052186   0.291927   0.708400   0.605843   0.347921   0.612661   0.309555   0.378696   0.053898   0.299803   0.700332   0.611905   0.354380   0.612524   0.315829   0.377995   0.054473   0.346459   0.674051   0.631385   0.376100   0.611617   0.337103   0.383403   0.054938   0.441636   0.637226   0.654129   0.402813   0.610125   0.363510   0.392474   0.066713   0.553662   0.605992   0.675085   0.428862   0.609508   0.389530   0.401576   0.090064   0.650672   0.587786   0.694281   0.453683   0.609684   0.414504   0.410337   0.113006   0.710374   0.584390   0.707613   0.471526   0.609572   0.432569   0.420814   0.132042   0.714088   0.595004   0.713900   0.480176   0.609359   0.441372   0.432545   0.145312   0.660269   0.617249   0.711932   0.477652   0.608942   0.438837   0.444188   0.150426   0.568738   0.646136   0.701559   0.463896   0.608237   0.424931   0.454287   0.145439   0.464686   0.675895   0.685683   0.443175   0.607613   0.404044   0.460940   0.129608   0.373682   0.701137   0.668145   0.420767   0.607654   0.381544   0.463341   0.104982   0.312975   0.719400   0.648872   0.396955   0.608209   0.357781   0.459737   0.079108   0.290387   0.725898   0.634381   0.379595   0.608948   0.340554   0.450605   0.064417   0.289082   0.723825   0.627688   0.371906   0.609334   0.332982   0.440857   0.059899   0.288368   0.721848   0.622801   0.366407   0.609204   0.327587   0.432207   0.057986   0.287606   0.720223   0.618986   0.362186   0.609162   0.323459   0.423896   0.058108   0.287158   0.718723   0.615481   0.358359   0.609058   0.319725   0.416164   0.058863   0.286975   0.717419   0.611783   0.354360   0.608990   0.315830   0.408857   0.059431   0.286893   0.716240   0.608467   0.350818   0.609387   0.312387   0.402080   0.059844 
  8   0.156798   0.687956   0.393677   0.166180   0.249487   0.139266   0.245383   0.045688   0.299655   0.696014   0.380869   0.157311   0.248547   0.131271   0.236743   0.056233   0.300076   0.695062   0.381537   0.157714   0.249225   0.131626   0.238083   0.059308   0.300138   0.694459   0.381770   0.157866   0.251138   0.131761   0.238824   0.063201   0.300150   0.694053   0.381218   0.157521   0.252258   0.131456   0.238944   0.067251   0.305263   0.689058   0.383226   0.158807   0.252215   0.132599   0.239521   0.070780   0.334771   0.670120   0.390946   0.163878   0.251534   0.137131   0.241937   0.075605   0.394620   0.641470   0.401252   0.170828   0.250382   0.143367   0.246634   0.086515   0.462049   0.616931   0.411912   0.178189   0.249934   0.149999   0.253230   0.100170   0.516066   0.602916   0.421986   0.185280   0.250320   0.156408   0.260504   0.110356   0.543217   0.602123   0.429456   0.190629   0.250527   0.161257   0.267394   0.118985   0.537542   0.613469   0.433216   0.193363   0.250582   0.163742   0.272800   0.125624   0.504861   0.631924   0.432800   0.193057   0.250297   0.163464   0.275686   0.127108   0.456677   0.652780   0.428800   0.190128   0.249615   0.160799   0.275751   0.121295   0.401117   0.674501   0.422378   0.185478   0.249033   0.156575   0.273556   0.111320   0.347511   0.695460   0.413871   0.179436   0.249031   0.151106   0.269836   0.100722   0.311357   0.710222   0.404328   0.172808   0.249394   0.145129   0.264932   0.090440   0.298425   0.714787   0.397437   0.168131   0.249937   0.140927   0.259771   0.083976   0.296851   0.713602   0.393654   0.165631   0.250284   0.138692   0.255306   0.082126   0.296185   0.712169   0.390498   0.163565   0.250189   0.136847   0.251661   0.084419   0.295911   0.710677   0.387545   0.161645   0.250078   0.135135   0.248735   0.087173   0.295664   0.709271   0.384700   0.159814   0.249887   0.133505   0.246002   0.086321   0.295171   0.708230   0.382059   0.158134   0.249777   0.132012   0.243199   0.084917   0.294659   0.707374   0.379765   0.156690   0.250059   0.130730   0.240675   0.085584 
  9   0.158285   0.694938   0.349961   0.139162   0.191746   0.115359   0.208500   0.074435   0.289123   0.709410   0.325513   0.124300   0.190915   0.102245   0.196798   0.099823   0.289252   0.707725   0.326470   0.124826   0.191560   0.102701   0.197544   0.109353   0.288516   0.706977   0.326447   0.124824   0.193346   0.102700   0.197717   0.120321   0.287976   0.706294   0.325635   0.124369   0.194360   0.102304   0.197723   0.130490   0.299753   0.695085   0.330739   0.127216   0.194292   0.104780   0.199375   0.139344   0.351974   0.661396   0.344132   0.135016   0.193614   0.111612   0.202387   0.153112   0.446647   0.615683   0.359381   0.144320   0.192485   0.119824   0.205549   0.173893   0.550632   0.575944   0.374275   0.153723   0.192115   0.128171   0.209543   0.188843   0.638388   0.549146   0.388075   0.162705   0.192557   0.136186   0.213757   0.192140   0.692479   0.540559   0.399010   0.170033   0.192797   0.142758   0.218017   0.194048   0.697672   0.553282   0.405484   0.174483   0.192875   0.146766   0.222334   0.197965   0.652313   0.583375   0.406332   0.175086   0.192608   0.147312   0.225987   0.199294   0.571484   0.622406   0.401656   0.171867   0.191953   0.144413   0.227902   0.192703   0.474354   0.664817   0.392801   0.165849   0.191363   0.139003   0.227675   0.183291   0.380383   0.705366   0.380067   0.157413   0.191284   0.131453   0.225714   0.176984   0.311364   0.735108   0.364305   0.147312   0.191557   0.122464   0.222186   0.167337   0.283306   0.745006   0.351906   0.139624   0.192029   0.115658   0.217594   0.158174   0.280683   0.741599   0.345043   0.135526   0.192320   0.112054   0.213037   0.155473   0.280272   0.737489   0.339862   0.132486   0.192197   0.109389   0.209391   0.159508   0.280484   0.733467   0.335373   0.129888   0.192088   0.107117   0.206662   0.164180   0.280570   0.730022   0.331221   0.127521   0.191921   0.105050   0.204092   0.161905   0.280251   0.727409   0.327528   0.125440   0.191811   0.103238   0.201377   0.158128   0.279842   0.725120   0.324643   0.123831   0.192073   0.101839   0.199002   0.158362 
 10   0.118222   0.685680   0.751526   0.530630   0.937137   0.492427   0.746446   0.022298   0.304934   0.691645   0.757924   0.539969   0.936323   0.502026   0.752550   0.021473   0.305311   0.690673   0.759434   0.542204   0.937817   0.504330   0.755608   0.022433   0.305698   0.689747   0.760954   0.544464   0.940815   0.506661   0.759356   0.023424   0.305983   0.689112   0.761203   0.544835   0.942606   0.507043   0.761286   0.024351   0.307887   0.687968   0.761996   0.545995   0.942979   0.508235   0.761462   0.024763   0.321702   0.683591   0.767852   0.554804   0.942389   0.517340   0.761779   0.024362   0.352724   0.675757   0.778693   0.571414   0.940995   0.534567   0.767920   0.023814   0.390497   0.667774   0.792213   0.592683   0.939995   0.556734   0.778595   0.025649   0.424712   0.661520   0.807381   0.617209   0.940121   0.582427   0.787686   0.029244   0.447789   0.657695   0.821314   0.640362   0.940346   0.606806   0.794217   0.032461   0.452345   0.656992   0.832061   0.658647   0.940150   0.626146   0.798288   0.034634   0.436418   0.659571   0.838405   0.669622   0.939308   0.637789   0.800253   0.035667   0.405262   0.664606   0.839965   0.672354   0.937943   0.640694   0.801624   0.035240   0.365809   0.670616   0.837490   0.668058   0.937284   0.636134   0.807783   0.031081   0.329387   0.677462   0.827167   0.650378   0.937402   0.617411   0.820572   0.025783   0.310980   0.683635   0.811987   0.624795   0.937724   0.590402   0.824586   0.026918   0.307657   0.686257   0.802229   0.608699   0.938439   0.573477   0.819176   0.030910   0.307341   0.686642   0.797154   0.600513   0.939187   0.564905   0.815911   0.031989   0.307114   0.686905   0.792760   0.593497   0.939498   0.557572   0.813398   0.031843   0.306939   0.687100   0.788711   0.587092   0.939199   0.550891   0.811072   0.031245   0.306852   0.687187   0.785247   0.581654   0.938829   0.545225   0.808875   0.030514   0.306841   0.687169   0.782530   0.577418   0.938999   0.540818   0.806797   0.030011   0.306851   0.687100   0.780302   0.573967   0.939607   0.537231   0.804617   0.029857 
 11   0.119358   0.686672   0.725692   0.493798   0.933287   0.454732   0.701807   0.024039   0.302158   0.693650   0.729734   0.499409   0.932182   0.460446   0.705636   0.024458   0.302589   0.692784   0.730412   0.500358   0.933374   0.461414   0.706534   0.025214   0.302938   0.691989   0.731384   0.501721   0.936165   0.462804   0.708033   0.026064   0.303219   0.691387   0.731381   0.501716   0.937791   0.462799   0.708209   0.026915   0.306268   0.689437   0.733364   0.504478   0.938028   0.465614   0.708797   0.026399   0.326369   0.682694   0.742772   0.517901   0.937470   0.479353   0.712242   0.024248   0.370891   0.671705   0.758491   0.540922   0.936140   0.503031   0.722036   0.023066   0.427084   0.660714   0.777594   0.569960   0.935235   0.533104   0.735247   0.025763   0.481161   0.651898   0.798513   0.602999   0.935441   0.567566   0.745572   0.030803   0.519731   0.646351   0.817496   0.634106   0.935601   0.600237   0.752246   0.035244   0.528783   0.645399   0.832127   0.658842   0.935274   0.626368   0.755670   0.038247   0.504461   0.649378   0.840940   0.674070   0.934332   0.642522   0.756924   0.040059   0.456095   0.656956   0.843293   0.678191   0.932813   0.646903   0.757892   0.040655   0.396250   0.666036   0.839903   0.672273   0.931926   0.640614   0.762476   0.038177   0.341133   0.675511   0.827242   0.650565   0.931879   0.617621   0.773725   0.032432   0.311645   0.684326   0.806747   0.616279   0.932111   0.581472   0.777165   0.032399   0.305494   0.688617   0.792197   0.592554   0.932813   0.556579   0.771204   0.036373   0.305056   0.689112   0.785409   0.581831   0.933572   0.545394   0.767959   0.036865   0.304770   0.689437   0.779664   0.572877   0.933856   0.536079   0.765621   0.036317   0.304593   0.689654   0.774557   0.565007   0.933631   0.527908   0.763503   0.035233   0.304519   0.689748   0.770201   0.558352   0.933341   0.521011   0.761469   0.033945   0.304459   0.689772   0.766606   0.552909   0.933506   0.515377   0.759318   0.033058   0.304385   0.689770   0.763518   0.548270   0.934147   0.510584   0.757251   0.032445 
 12   0.127881   0.687457   0.631543   0.376876   0.750762   0.337964   0.502350   0.043440   0.300710   0.694968   0.659284   0.408451   0.748346   0.369001   0.506105   0.045240   0.301104   0.693811   0.665238   0.415731   0.749158   0.376248   0.498935   0.041432   0.301399   0.692991   0.669379   0.420828   0.751596   0.381327   0.494876   0.039931   0.301545   0.692439   0.671427   0.423351   0.753019   0.383842   0.491448   0.039761   0.305561   0.689033   0.677194   0.430511   0.753092   0.390989   0.489705   0.038408   0.333530   0.678622   0.692854   0.450621   0.752426   0.411188   0.494892   0.032373   0.394872   0.663925   0.710709   0.474243   0.751154   0.435043   0.509348   0.029030   0.472798   0.650120   0.727007   0.496633   0.750591   0.457811   0.525166   0.035204   0.550518   0.639337   0.744272   0.521136   0.750794   0.482876   0.536897   0.045458   0.607571   0.633416   0.759297   0.543164   0.750671   0.505545   0.546726   0.055737   0.618671   0.634632   0.769376   0.558339   0.750317   0.521239   0.556171   0.064402   0.579149   0.642722   0.772344   0.562931   0.749587   0.526012   0.565571   0.069815   0.509102   0.654497   0.768047   0.556491   0.748452   0.519357   0.574573   0.069694   0.428456   0.667517   0.758023   0.541478   0.747604   0.503846   0.583071   0.063222   0.355809   0.679629   0.742989   0.519356   0.747622   0.481063   0.592127   0.049644   0.313384   0.689627   0.722565   0.490300   0.748111   0.451328   0.593963   0.040611   0.302143   0.694365   0.708150   0.470335   0.748830   0.430998   0.586196   0.040002   0.301922   0.694600   0.703252   0.463795   0.749371   0.424383   0.577987   0.038829   0.301893   0.694539   0.699479   0.458805   0.749485   0.419345   0.571757   0.037565   0.301968   0.694340   0.696177   0.454477   0.749530   0.414982   0.566645   0.036938   0.301921   0.694227   0.693025   0.450383   0.749374   0.410862   0.561449   0.036379   0.301624   0.694306   0.690015   0.446512   0.749308   0.406974   0.555829   0.035900   0.301387   0.694305   0.687584   0.443413   0.749796   0.403867   0.550481   0.035705 
 13   0.145700   0.686861   0.500426   0.246579   0.440328   0.212831   0.343215   0.037093   0.302329   0.694146   0.508171   0.252571   0.439122   0.218330   0.341612   0.040887   0.302624   0.693623   0.508007   0.252406   0.439897   0.218172   0.341493   0.041164   0.302696   0.693202   0.507714   0.252153   0.442037   0.217934   0.341415   0.042218   0.302688   0.692955   0.506823   0.251391   0.443298   0.217223   0.340796   0.043420   0.305773   0.689990   0.508410   0.252746   0.443265   0.218489   0.341011   0.044224   0.328635   0.677958   0.515596   0.259066   0.442508   0.224423   0.344048   0.044098   0.379079   0.658806   0.524108   0.266724   0.441222   0.231641   0.351350   0.048619   0.437902   0.641713   0.532173   0.274122   0.440698   0.238639   0.361943   0.059760   0.482561   0.632013   0.539985   0.281381   0.441056   0.245521   0.372947   0.071873   0.501538   0.631058   0.545572   0.286649   0.441212   0.250528   0.382555   0.082203   0.493020   0.637826   0.548206   0.289169   0.441207   0.252930   0.389553   0.089305   0.462664   0.649736   0.547294   0.288300   0.440858   0.252103   0.393182   0.091148   0.421536   0.663464   0.543172   0.284365   0.440105   0.248355   0.393163   0.086199   0.377044   0.677386   0.536994   0.278524   0.439463   0.242800   0.390118   0.076001   0.336714   0.690172   0.529842   0.271868   0.439465   0.236488   0.385099   0.064002   0.311387   0.698825   0.522853   0.265476   0.439888   0.230446   0.378671   0.054806   0.303055   0.701518   0.518502   0.261558   0.440506   0.226752   0.372030   0.050869   0.302166   0.701024   0.516500   0.259800   0.440895   0.225101   0.366365   0.049824   0.301590   0.700499   0.514630   0.258174   0.440804   0.223578   0.361516   0.050122   0.301093   0.700036   0.512779   0.256580   0.440713   0.222087   0.357167   0.050983   0.300752   0.699545   0.510894   0.254959   0.440542   0.220571   0.353200   0.051133   0.300417   0.699163   0.509006   0.253339   0.440450   0.219057   0.349469   0.050974   0.299991   0.698930   0.507228   0.251833   0.440791   0.217651   0.345930   0.051138 
 14   0.151082   0.687345   0.449565   0.205721   0.350532   0.175049   0.293537   0.040522   0.301324   0.694971   0.450369   0.205747   0.349560   0.174982   0.289381   0.046975   0.301537   0.694263   0.450766   0.206021   0.350273   0.175229   0.290031   0.048128   0.301566   0.693682   0.451251   0.206389   0.352294   0.175565   0.290280   0.050455   0.301617   0.693231   0.450926   0.206147   0.353484   0.175345   0.290033   0.052975   0.305531   0.689535   0.453016   0.207733   0.353439   0.176797   0.290508   0.054728   0.331096   0.675200   0.460665   0.213688   0.352714   0.182272   0.293577   0.056351   0.385703   0.652763   0.470333   0.221415   0.351484   0.189408   0.299849   0.063666   0.449271   0.632833   0.480423   0.229666   0.350973   0.197059   0.308213   0.076871   0.499824   0.621249   0.490140   0.237737   0.351315   0.204564   0.317113   0.089290   0.523214   0.620178   0.497164   0.243677   0.351485   0.210104   0.325290   0.099693   0.515803   0.628525   0.500664   0.246694   0.351495   0.212929   0.331446   0.107223   0.484130   0.642834   0.500117   0.246241   0.351162   0.212508   0.334725   0.109714   0.439255   0.659219   0.495876   0.242598   0.350447   0.209101   0.334867   0.105105   0.389104   0.675870   0.489013   0.236753   0.349849   0.203642   0.332369   0.094540   0.342145   0.691533   0.480488   0.229624   0.349867   0.197005   0.328024   0.081372   0.311502   0.702581   0.471468   0.222246   0.350279   0.190163   0.322247   0.070084   0.300937   0.706244   0.465256   0.217260   0.350883   0.185555   0.316142   0.064588   0.299747   0.705659   0.462107   0.214790   0.351269   0.183281   0.310969   0.063168   0.299068   0.704910   0.459492   0.212768   0.351186   0.181424   0.306580   0.064427   0.298567   0.704153   0.457120   0.210949   0.351080   0.179755   0.302693   0.066369   0.298244   0.703364   0.454841   0.209214   0.350897   0.178166   0.299238   0.066314   0.298013   0.702609   0.452749   0.207632   0.350802   0.176719   0.296075   0.065593   0.297604   0.702076   0.450804   0.206180   0.351117   0.175394   0.293075   0.065912 
 15   0.119403   0.685516   0.735912   0.508009   0.935728   0.469208   0.731007   0.021948   0.304295   0.691379   0.740758   0.514877   0.934846   0.476230   0.736070   0.021562   0.304760   0.690547   0.741841   0.516426   0.936319   0.477816   0.737960   0.022609   0.305163   0.689729   0.743118   0.518257   0.939266   0.479691   0.740570   0.023708   0.305468   0.689143   0.743313   0.518533   0.941057   0.479973   0.741710   0.024689   0.306535   0.688327   0.743430   0.518684   0.941374   0.480124   0.741834   0.024935   0.316816   0.684819   0.747665   0.524803   0.940830   0.486401   0.743095   0.024715   0.341652   0.678299   0.756204   0.537317   0.939537   0.499273   0.749246   0.024535   0.373402   0.671579   0.766974   0.553458   0.938576   0.515944   0.759198   0.026463   0.403350   0.666141   0.779507   0.572677   0.938856   0.535879   0.768388   0.030035   0.423642   0.662701   0.791226   0.591065   0.939239   0.555035   0.775245   0.032805   0.427372   0.661908   0.800283   0.605564   0.939147   0.570194   0.779571   0.034116   0.413658   0.663903   0.805580   0.614158   0.938373   0.579203   0.781554   0.034212   0.387279   0.668074   0.806747   0.616070   0.936996   0.581211   0.782119   0.033320   0.354371   0.673259   0.804510   0.612429   0.936288   0.577392   0.785697   0.029426   0.324201   0.679247   0.795753   0.598334   0.936381   0.562639   0.795110   0.024339   0.309115   0.684591   0.782881   0.577896   0.936656   0.541302   0.795586   0.025329   0.306648   0.686819   0.774592   0.564973   0.937317   0.527856   0.788112   0.029043   0.306375   0.687115   0.770308   0.558424   0.938003   0.521067   0.784576   0.029806   0.306188   0.687316   0.766587   0.552785   0.938215   0.515232   0.781433   0.029485   0.306040   0.687479   0.763119   0.547574   0.937822   0.509847   0.778139   0.029072   0.305960   0.687559   0.760071   0.543024   0.937363   0.505151   0.774914   0.028857   0.305952   0.687538   0.757691   0.539495   0.937468   0.501513   0.772116   0.028517   0.305982   0.687461   0.755813   0.536727   0.938067   0.498663   0.769679   0.028112 
 16   0.121036   0.686388   0.713187   0.476742   0.927715   0.437418   0.674681   0.024549   0.302935   0.693146   0.717453   0.482476   0.926521   0.443224   0.677975   0.025196   0.303338   0.692399   0.718026   0.483239   0.927609   0.443994   0.677851   0.025712   0.303673   0.691658   0.718980   0.484533   0.930248   0.445307   0.678695   0.026251   0.303978   0.691067   0.719126   0.484725   0.931824   0.445500   0.678616   0.026860   0.305724   0.689737   0.720254   0.486238   0.932063   0.447031   0.678522   0.026676   0.320036   0.684584   0.727496   0.496258   0.931524   0.457229   0.679382   0.024739   0.352853   0.675646   0.740232   0.514254   0.930253   0.475616   0.685482   0.022818   0.394007   0.666542   0.755573   0.536607   0.929503   0.498585   0.696815   0.024471   0.433844   0.659013   0.772850   0.562599   0.929835   0.525450   0.706960   0.028563   0.462779   0.654002   0.789056   0.587764   0.930062   0.551616   0.713959   0.032180   0.470165   0.652665   0.801839   0.608160   0.929854   0.572930   0.718244   0.034364   0.453685   0.655262   0.809821   0.621146   0.929053   0.586550   0.720513   0.035186   0.419007   0.660989   0.812484   0.625526   0.927682   0.591153   0.721931   0.034483   0.373957   0.668367   0.810389   0.622078   0.926815   0.587528   0.726429   0.030904   0.332036   0.676618   0.799760   0.604851   0.926716   0.569474   0.737669   0.025982   0.310079   0.684484   0.782075   0.576764   0.926938   0.540148   0.741050   0.027408   0.305733   0.688219   0.769681   0.557524   0.927591   0.520146   0.735119   0.031905   0.305359   0.688667   0.763745   0.548564   0.928235   0.510879   0.731850   0.032824   0.305091   0.689002   0.758627   0.540931   0.928400   0.503003   0.729108   0.032763   0.304913   0.689227   0.754090   0.534238   0.928178   0.496110   0.726539   0.032394   0.304813   0.689350   0.750202   0.528547   0.927879   0.490258   0.724074   0.031796   0.304759   0.689389   0.746993   0.523885   0.927947   0.485470   0.721713   0.031352   0.304723   0.689371   0.744326   0.520042   0.928511   0.481530   0.719531   0.030957 
 17   0.123488   0.686297   0.686045   0.442108   0.839396   0.402677   0.594623   0.041945   0.303262   0.692541   0.710724   0.473828   0.837757   0.434543   0.595627   0.044246   0.303935   0.691216   0.717117   0.482570   0.838666   0.443423   0.587801   0.040704   0.304576   0.690182   0.721559   0.488689   0.841244   0.449646   0.583656   0.039536   0.305111   0.689383   0.724103   0.492219   0.842810   0.453242   0.579965   0.039521   0.307495   0.687523   0.727428   0.496846   0.842998   0.457956   0.577365   0.038440   0.324885   0.681401   0.738296   0.512327   0.842392   0.473802   0.579557   0.032799   0.365103   0.671638   0.752351   0.532667   0.841118   0.494680   0.592377   0.026651   0.417439   0.661863   0.764871   0.551260   0.840516   0.513859   0.610667   0.027730   0.470610   0.653685   0.778460   0.571987   0.840818   0.535343   0.625103   0.034006   0.513187   0.648264   0.791013   0.591627   0.840858   0.555798   0.635774   0.041505   0.527602   0.647419   0.800217   0.606330   0.840599   0.571169   0.644582   0.048047   0.505947   0.651701   0.804221   0.612809   0.839859   0.577959   0.651995   0.051674   0.458469   0.659398   0.802604   0.610178   0.838612   0.575198   0.658215   0.050709   0.398949   0.668596   0.796129   0.599708   0.837738   0.564227   0.665499   0.045215   0.343404   0.677920   0.783241   0.579257   0.837760   0.542874   0.676297   0.036278   0.312040   0.686265   0.764405   0.550193   0.838220   0.512685   0.680406   0.032915   0.304749   0.690268   0.751644   0.530960   0.838963   0.492796   0.674021   0.035027   0.304652   0.690468   0.747468   0.524867   0.839569   0.486534   0.666595   0.035288   0.304734   0.690409   0.744325   0.520324   0.839719   0.481873   0.660709   0.035124   0.304867   0.690286   0.741535   0.516319   0.839705   0.477769   0.655733   0.035331   0.304942   0.690225   0.738906   0.512581   0.839491   0.473944   0.650639   0.035906   0.304919   0.690226   0.736618   0.509350   0.839451   0.470643   0.645454   0.036107   0.304916   0.690163   0.734823   0.506832   0.839971   0.468075   0.640788   0.036125 
 18   0.130893   0.685651   0.624263   0.368045   0.705009   0.329189   0.510365   0.033933   0.304126   0.691739   0.643063   0.388752   0.703092   0.349419   0.517456   0.037119   0.304560   0.691064   0.644904   0.390872   0.703983   0.351507   0.514935   0.035053   0.304919   0.690354   0.646458   0.392676   0.706448   0.353285   0.514511   0.033878   0.305133   0.689879   0.646820   0.393088   0.707900   0.353690   0.513725   0.033509   0.306478   0.688689   0.647479   0.393847   0.707918   0.354437   0.512653   0.033175   0.320626   0.683257   0.653018   0.400488   0.707165   0.361023   0.513502   0.030706   0.355140   0.673786   0.660872   0.409997   0.705828   0.370471   0.520818   0.029602   0.399595   0.664517   0.668166   0.418973   0.705298   0.379415   0.533398   0.034496   0.441189   0.657666   0.676050   0.428831   0.705699   0.389265   0.545810   0.042615   0.468017   0.654454   0.682611   0.437159   0.705837   0.397611   0.556417   0.050339   0.470816   0.655513   0.686798   0.442547   0.705754   0.403024   0.564377   0.055576   0.449823   0.660348   0.687507   0.443484   0.705277   0.403970   0.569347   0.056852   0.413139   0.667574   0.684550   0.439687   0.704322   0.400157   0.571248   0.053158   0.370510   0.675833   0.679106   0.432719   0.703521   0.393164   0.570653   0.045643   0.332355   0.683848   0.671869   0.423548   0.703489   0.383976   0.569286   0.037229   0.310515   0.689742   0.663422   0.412989   0.703935   0.373425   0.565775   0.033613   0.305038   0.691830   0.658272   0.406626   0.704615   0.367081   0.559412   0.034300   0.304904   0.691708   0.656716   0.404749   0.705071   0.365218   0.553076   0.034602   0.304890   0.691499   0.655267   0.403012   0.705035   0.363495   0.547843   0.034728   0.304940   0.691250   0.653895   0.401378   0.704983   0.361876   0.543418   0.034944   0.304961   0.691058   0.652468   0.399687   0.704809   0.360203   0.539117   0.035135   0.304927   0.690889   0.651186   0.398176   0.704723   0.358709   0.534973   0.035019   0.304876   0.690705   0.650212   0.397039   0.705143   0.357587   0.531359   0.034878 
 19   0.139789   0.686935   0.546166   0.287832   0.535805   0.251751   0.392929   0.037462   0.302057   0.694297   0.561221   0.301346   0.534022   0.264484   0.393568   0.039213   0.302400   0.693789   0.561460   0.301553   0.534858   0.264677   0.392502   0.037591   0.302515   0.693370   0.561129   0.301232   0.537112   0.264371   0.392333   0.037812   0.302549   0.693067   0.560219   0.300356   0.538427   0.263536   0.391554   0.038244   0.305497   0.690207   0.562024   0.302090   0.538399   0.265189   0.391550   0.038495   0.328184   0.679453   0.569973   0.309974   0.537622   0.272748   0.394993   0.037534   0.378656   0.662868   0.578745   0.318874   0.536286   0.281316   0.404006   0.040349   0.439173   0.647950   0.586170   0.326580   0.535748   0.288765   0.416941   0.050284   0.488596   0.638863   0.593427   0.334209   0.536115   0.296157   0.429990   0.062178   0.512656   0.637139   0.598405   0.339503   0.536270   0.301297   0.441522   0.072438   0.505620   0.642501   0.600297   0.341524   0.536250   0.303260   0.450280   0.078832   0.471887   0.653080   0.598607   0.339689   0.535871   0.301473   0.455180   0.079419   0.425416   0.665561   0.593858   0.334589   0.535070   0.296513   0.455837   0.073431   0.377636   0.677801   0.587509   0.327863   0.534389   0.289988   0.452936   0.062911   0.336233   0.688859   0.580504   0.320571   0.534376   0.282935   0.447758   0.051527   0.311094   0.696459   0.573650   0.313558   0.534800   0.276174   0.440907   0.044017   0.303321   0.698854   0.569693   0.309568   0.535435   0.272337   0.433453   0.041649   0.302618   0.698484   0.568219   0.308124   0.535834   0.270955   0.426946   0.041322   0.302147   0.698096   0.566670   0.306616   0.535747   0.269515   0.421404   0.041813   0.301776   0.697730   0.565128   0.305124   0.535660   0.268091   0.416369   0.042652   0.301508   0.697365   0.563586   0.303635   0.535490   0.266669   0.411735   0.043031   0.301327   0.696980   0.562171   0.302274   0.535409   0.265371   0.407455   0.043041   0.301090   0.696703   0.560839   0.301005   0.535783   0.264163   0.403464   0.043265 
 20   0.120716   0.685188   0.723506   0.490678   0.931093   0.451539   0.709529   0.023029   0.304586   0.690835   0.727337   0.495953   0.930112   0.456903   0.713872   0.022692   0.305022   0.690202   0.727842   0.496643   0.931435   0.457603   0.714794   0.023312   0.305365   0.689536   0.728651   0.497761   0.934239   0.458741   0.716458   0.024007   0.305669   0.689039   0.728580   0.497652   0.935946   0.458627   0.716821   0.024702   0.306354   0.688484   0.728188   0.497088   0.936283   0.458049   0.716307   0.025106   0.314206   0.685820   0.730888   0.500860   0.935792   0.461895   0.717203   0.025667   0.334376   0.680486   0.737243   0.509840   0.934582   0.471070   0.722345   0.026170   0.360727   0.674842   0.745540   0.521773   0.933793   0.483301   0.730870   0.028143   0.385910   0.670255   0.755264   0.536016   0.934192   0.497950   0.739489   0.031780   0.404248   0.667278   0.764372   0.549606   0.934608   0.511975   0.746392   0.034873   0.409455   0.666402   0.771498   0.560406   0.934582   0.523153   0.750915   0.036521   0.399187   0.667837   0.775597   0.566685   0.933905   0.529665   0.752862   0.036544   0.377153   0.671224   0.776266   0.567723   0.932647   0.530744   0.752851   0.035048   0.348571   0.675748   0.774106   0.564415   0.931912   0.527313   0.753939   0.030567   0.321725   0.681064   0.766746   0.553233   0.931890   0.515734   0.758712   0.025010   0.308251   0.685615   0.756075   0.537203   0.932084   0.499170   0.756495   0.025734   0.306102   0.687433   0.749138   0.526940   0.932658   0.488596   0.748813   0.029340   0.305891   0.687665   0.745610   0.521811   0.933250   0.483328   0.744779   0.029909   0.305784   0.687803   0.742594   0.517461   0.933383   0.478867   0.741036   0.029325   0.305714   0.687897   0.739854   0.513538   0.933033   0.474850   0.737292   0.028860   0.305687   0.687951   0.737410   0.510065   0.932595   0.471298   0.733663   0.028826   0.305733   0.687918   0.735485   0.507350   0.932636   0.468524   0.730583   0.028549   0.305820   0.687806   0.734030   0.505313   0.933180   0.466446   0.728017   0.028183 
 21   0.123009   0.685678   0.699678   0.458849   0.898323   0.419349   0.652598   0.026344   0.304892   0.691873   0.707076   0.468468   0.897095   0.429030   0.657673   0.027424   0.305279   0.691329   0.707547   0.469084   0.898199   0.429651   0.656508   0.027269   0.305631   0.690671   0.708499   0.470355   0.900860   0.430936   0.656620   0.027366   0.305945   0.690180   0.708541   0.470412   0.902440   0.430993   0.655867   0.027812   0.306574   0.689666   0.707990   0.469662   0.902663   0.430232   0.654604   0.027846   0.314587   0.686847   0.710710   0.473329   0.902124   0.433947   0.653452   0.026739   0.336245   0.680771   0.717253   0.482233   0.900884   0.442982   0.656748   0.025475   0.365876   0.673839   0.725820   0.494068   0.900286   0.455024   0.665988   0.027229   0.394834   0.667980   0.736103   0.508553   0.900741   0.469816   0.675904   0.031356   0.416855   0.663989   0.746139   0.522994   0.901035   0.484621   0.683749   0.035298   0.424910   0.662576   0.754425   0.535147   0.900964   0.497124   0.689196   0.038018   0.414457   0.664248   0.759667   0.542947   0.900330   0.505171   0.692059   0.038447   0.388948   0.668592   0.761075   0.545071   0.899149   0.507368   0.693041   0.036422   0.355745   0.674480   0.758944   0.541900   0.898296   0.504096   0.694568   0.031579   0.325000   0.680963   0.751544   0.530926   0.898208   0.492783   0.699960   0.025899   0.309018   0.686376   0.740388   0.514598   0.898510   0.475991   0.700106   0.026055   0.306034   0.688593   0.732904   0.503823   0.899154   0.464943   0.694004   0.029170   0.305897   0.688803   0.729457   0.498964   0.899694   0.459981   0.689668   0.030004   0.305816   0.688952   0.726425   0.494737   0.899733   0.455673   0.685553   0.030144   0.305780   0.689049   0.723687   0.490958   0.899555   0.451828   0.681586   0.030362   0.305756   0.689124   0.721157   0.487494   0.899278   0.448310   0.677575   0.030805   0.305789   0.689116   0.719037   0.484613   0.899259   0.445386   0.674060   0.030896   0.305860   0.689024   0.717423   0.482438   0.899770   0.443184   0.671133   0.030852 
 22   0.126370   0.685627   0.664086   0.414471   0.786240   0.375017   0.578289   0.033890   0.304890   0.691665   0.682551   0.436729   0.784507   0.397117   0.585677   0.036688   0.305408   0.690934   0.684722   0.439512   0.785462   0.399910   0.582180   0.033704   0.305860   0.690185   0.686304   0.441550   0.788047   0.401958   0.581707   0.032497   0.306156   0.689672   0.686536   0.441860   0.789602   0.402271   0.580996   0.032424   0.306946   0.689007   0.686197   0.441431   0.789677   0.401841   0.579879   0.031996   0.316823   0.685475   0.689668   0.445991   0.788933   0.406439   0.579478   0.029563   0.343362   0.678335   0.695946   0.454222   0.787571   0.414735   0.585411   0.027331   0.379463   0.670658   0.702408   0.462747   0.786995   0.423338   0.597691   0.029773   0.414286   0.664533   0.710003   0.472906   0.787403   0.433616   0.609713   0.035417   0.439593   0.660785   0.717271   0.482780   0.787560   0.443634   0.619612   0.041121   0.446661   0.660250   0.722930   0.490574   0.787467   0.451561   0.627058   0.045239   0.432130   0.663212   0.725399   0.494005   0.786932   0.455058   0.631906   0.046466   0.401489   0.668821   0.724046   0.492124   0.785887   0.453140   0.634066   0.043823   0.363603   0.675814   0.719744   0.486149   0.785050   0.447055   0.634414   0.037725   0.329057   0.682854   0.712724   0.476475   0.785030   0.437214   0.635572   0.030836   0.309956   0.688122   0.703807   0.464346   0.785488   0.424906   0.634279   0.028641   0.305800   0.689966   0.698397   0.457071   0.786202   0.417539   0.628632   0.029776   0.305813   0.689851   0.696848   0.455035   0.786694   0.415487   0.622647   0.029904   0.305864   0.689696   0.695440   0.453198   0.786665   0.413637   0.617412   0.029926   0.305959   0.689527   0.694075   0.451428   0.786584   0.411857   0.612782   0.030404   0.306034   0.689406   0.692599   0.449526   0.786372   0.409945   0.608330   0.030929   0.306084   0.689291   0.691267   0.447819   0.786287   0.408232   0.604167   0.031153   0.306127   0.689135   0.690274   0.446558   0.786732   0.406970   0.600633   0.031300 
 23   0.126892   0.687434   0.663981   0.414571   0.937690   0.375161   0.570282   0.033833   0.303661   0.695373   0.670238   0.421937   0.936337   0.382444   0.568623   0.030930   0.303843   0.694822   0.670392   0.421969   0.937056   0.382447   0.564954   0.030909   0.303975   0.694264   0.670635   0.422153   0.939424   0.382611   0.561925   0.031053   0.304062   0.694006   0.669518   0.420690   0.940768   0.381136   0.557555   0.031493   0.304719   0.693891   0.667522   0.418154   0.940791   0.378595   0.551303   0.032547   0.315063   0.691848   0.667714   0.418320   0.940240   0.378747   0.544125   0.035828   0.341028   0.686609   0.671958   0.423544   0.939253   0.383952   0.539366   0.040500   0.374255   0.680175   0.680178   0.433914   0.938839   0.394331   0.538506   0.045299   0.406118   0.674427   0.691763   0.448945   0.939670   0.409452   0.538850   0.050722   0.426001   0.670940   0.702987   0.463920   0.940270   0.424593   0.538281   0.054563   0.428248   0.670333   0.711174   0.475179   0.940267   0.436042   0.537112   0.056019   0.413813   0.672319   0.715665   0.481551   0.939872   0.442558   0.536153   0.054837   0.387203   0.676292   0.716087   0.482320   0.938829   0.443376   0.535818   0.050639   0.355276   0.680933   0.713481   0.478888   0.938145   0.439912   0.538550   0.042136   0.323981   0.686033   0.705768   0.468404   0.938186   0.429270   0.545430   0.031437   0.306718   0.690736   0.694019   0.452525   0.938476   0.413171   0.549092   0.028765   0.303707   0.692761   0.686109   0.442028   0.939126   0.402566   0.547762   0.031472   0.303606   0.692851   0.682380   0.437210   0.939854   0.397722   0.546631   0.031486   0.303428   0.692961   0.678883   0.432720   0.940149   0.393213   0.545950   0.030829   0.303248   0.693092   0.675537   0.428463   0.940028   0.388945   0.544957   0.031144   0.303164   0.693103   0.672663   0.424826   0.939845   0.385303   0.543597   0.032099   0.303142   0.692987   0.670321   0.421870   0.939971   0.382344   0.542662   0.032333   0.303115   0.692855   0.668391   0.419467   0.940531   0.379944   0.542009   0.031912 
 24   0.135266   0.685989   0.590623   0.331819   0.624331   0.293930   0.456034   0.036634   0.303694   0.692461   0.606938   0.348236   0.622632   0.309714   0.459057   0.040167   0.304062   0.691909   0.607796   0.349128   0.623503   0.310576   0.457336   0.037959   0.304370   0.691301   0.608261   0.349614   0.625879   0.311046   0.457391   0.037372   0.304560   0.690874   0.607829   0.349139   0.627279   0.310583   0.456940   0.037405   0.306340   0.689251   0.608498   0.349850   0.627286   0.311272   0.456403   0.037532   0.322744   0.682334   0.614173   0.356094   0.626531   0.317371   0.458387   0.036010   0.361704   0.670649   0.621650   0.364428   0.625206   0.325528   0.466372   0.036370   0.410591   0.659442   0.628527   0.372232   0.624673   0.333192   0.478859   0.042538   0.453236   0.651875   0.635589   0.380358   0.625056   0.341192   0.491454   0.051460   0.477733   0.649206   0.640941   0.386600   0.625212   0.347353   0.502458   0.059790   0.476804   0.651782   0.643749   0.389905   0.625173   0.350620   0.510669   0.065466   0.451901   0.658726   0.643071   0.389100   0.624752   0.349824   0.515396   0.066894   0.413250   0.667757   0.639228   0.384575   0.623875   0.345349   0.516379   0.062668   0.370622   0.677324   0.633562   0.377971   0.623136   0.338833   0.514183   0.054568   0.332911   0.686351   0.626843   0.370242   0.623120   0.331224   0.510113   0.046069   0.310796   0.692591   0.619925   0.362388   0.623558   0.323511   0.504333   0.041486   0.304719   0.694514   0.615989   0.357968   0.624213   0.319179   0.497524   0.041006   0.304461   0.694188   0.614814   0.356680   0.624639   0.317921   0.491339   0.041050   0.304365   0.693780   0.613690   0.355449   0.624580   0.316721   0.486261   0.041269   0.304313   0.693382   0.612580   0.354240   0.624508   0.315541   0.481927   0.041851   0.304231   0.693097   0.611358   0.352917   0.624328   0.314253   0.477684   0.042334   0.304140   0.692833   0.610220   0.351692   0.624240   0.313062   0.473623   0.042303   0.304021   0.692571   0.609279   0.350692   0.624635   0.312091   0.469991   0.042203 
