timestamp=                2022-01-12T20:28:38.967731
shape=                    (5, 5)
sigma=                    2.5
nepochs=                  4
rate=                     0.00725
neighborhood function=    gaussian
init weights=             pca
topology=                 hexagonal
activation distance=      euclidean
output type=              labels
mapfile_prefix=           2021_5x5_4_00725_02
apply classification=     False
apply activation=         False
seed=                     None
random order=             True
custom init file=         None
decay_function=           3

quantization error=       0.33930335
topographic error=        0.09582501

############ NEURONS #############
 25 192
  0   0.116346   0.687806   0.748048   0.526138   0.932633   0.487922   0.696854   0.028642   0.301140   0.695759   0.751023   0.530360   0.931742   0.492238   0.702989   0.030010   0.301459   0.694824   0.751242   0.530681   0.933278   0.492568   0.703888   0.031197   0.301333   0.694361   0.750793   0.530080   0.936186   0.491960   0.704313   0.032579   0.301057   0.694209   0.748953   0.527475   0.937945   0.489297   0.703409   0.033636   0.312117   0.689663   0.754830   0.536024   0.938128   0.498080   0.705752   0.031609   0.360708   0.676737   0.774283   0.565258   0.937373   0.528299   0.715354   0.027884   0.455066   0.658628   0.802286   0.609676   0.936015   0.574677   0.731831   0.028597   0.571670   0.640820   0.835318   0.665322   0.934930   0.633437   0.747973   0.034383   0.677526   0.627423   0.868191   0.724105   0.934806   0.696215   0.756833   0.040633   0.732701   0.621830   0.894818   0.774375   0.934711   0.750454   0.757880   0.045260   0.714230   0.625614   0.912279   0.808741   0.934122   0.787826   0.753967   0.048725   0.639305   0.635898   0.919945   0.824247   0.932847   0.804776   0.750872   0.050420   0.545015   0.648171   0.919253   0.822923   0.931162   0.803345   0.752077   0.049808   0.451827   0.660788   0.910703   0.805832   0.930303   0.784703   0.758852   0.047320   0.367849   0.673322   0.891436   0.768248   0.930317   0.743899   0.771918   0.043073   0.316708   0.685768   0.861131   0.711353   0.930584   0.682575   0.776577   0.043170   0.302870   0.692577   0.837898   0.669185   0.931304   0.637415   0.771405   0.046127   0.302489   0.693085   0.827748   0.651688   0.932170   0.618861   0.769200   0.046123   0.302388   0.693259   0.819461   0.637674   0.932649   0.604054   0.768482   0.045268   0.302400   0.693301   0.812179   0.625556   0.932450   0.591289   0.768426   0.043372   0.302470   0.693221   0.806016   0.615427   0.932174   0.580644   0.768429   0.041351   0.302513   0.693073   0.800911   0.607119   0.932518   0.571928   0.768036   0.040360   0.302548   0.692916   0.796407   0.599861   0.933313   0.564329   0.767269   0.039763 
  1   0.120922   0.688910   0.703079   0.463818   0.941984   0.424454   0.604804   0.028580   0.300985   0.698036   0.707973   0.470184   0.940561   0.430861   0.608304   0.030032   0.301276   0.697112   0.707796   0.469890   0.941508   0.430552   0.606011   0.030453   0.301432   0.696294   0.707976   0.470110   0.943866   0.430772   0.604604   0.030994   0.301550   0.695667   0.707240   0.469113   0.945217   0.429760   0.603026   0.031593   0.304434   0.693625   0.708740   0.471002   0.945334   0.431650   0.602754   0.030809   0.327386   0.685926   0.718809   0.484595   0.944658   0.445425   0.604753   0.028228   0.382769   0.671934   0.736987   0.510091   0.943260   0.471445   0.612752   0.026960   0.461206   0.656029   0.761087   0.545541   0.942454   0.507942   0.625263   0.031555   0.541107   0.642497   0.788925   0.588583   0.942540   0.552673   0.633804   0.039105   0.597530   0.634072   0.814648   0.630341   0.942468   0.596464   0.637166   0.045252   0.612164   0.632740   0.834523   0.663949   0.942051   0.631980   0.637123   0.049563   0.580100   0.638577   0.846870   0.685434   0.941092   0.654806   0.635645   0.052292   0.514772   0.649212   0.851217   0.693110   0.939718   0.662984   0.635542   0.052477   0.435014   0.662164   0.847631   0.686746   0.938828   0.656197   0.639041   0.049359   0.360452   0.675217   0.833181   0.661636   0.938703   0.629528   0.649019   0.043241   0.314175   0.688202   0.805736   0.615687   0.939028   0.581062   0.652954   0.041450   0.300629   0.695361   0.783198   0.579168   0.939791   0.542777   0.647191   0.044261   0.300187   0.696034   0.772699   0.562967   0.940497   0.525947   0.643057   0.044620   0.300150   0.696399   0.763847   0.549535   0.940765   0.512038   0.640247   0.043372   0.300242   0.696567   0.756166   0.538058   0.940756   0.500187   0.637754   0.041743   0.300383   0.696536   0.749582   0.528357   0.940678   0.490196   0.635275   0.040304   0.300503   0.696389   0.744055   0.520324   0.940880   0.481943   0.632753   0.039224   0.300535   0.696228   0.739310   0.513530   0.941493   0.474982   0.630439   0.038412 
  2   0.143695   0.696976   0.478687   0.229511   0.431866   0.197107   0.303489   0.055567   0.291360   0.713725   0.501053   0.247126   0.431038   0.213346   0.304196   0.057726   0.291110   0.712152   0.502803   0.248624   0.431673   0.214746   0.299594   0.058242   0.290565   0.711161   0.503778   0.249497   0.433644   0.215568   0.296048   0.060877   0.289990   0.710634   0.503203   0.249037   0.434729   0.215143   0.292788   0.064482   0.299972   0.699773   0.509512   0.254387   0.434581   0.220137   0.292804   0.067460   0.351656   0.664281   0.528313   0.271126   0.433732   0.235895   0.296726   0.072179   0.452318   0.614300   0.550477   0.291952   0.432322   0.255685   0.301508   0.088313   0.567877   0.570589   0.572024   0.313208   0.431710   0.276058   0.306438   0.111271   0.668151   0.542259   0.592158   0.333897   0.431888   0.296034   0.312193   0.129639   0.730003   0.535264   0.607501   0.350315   0.431805   0.312000   0.319701   0.145015   0.734178   0.551601   0.616044   0.359795   0.431616   0.321278   0.328833   0.158308   0.681584   0.585527   0.616120   0.360060   0.431192   0.321569   0.338125   0.166297   0.590238   0.628024   0.607904   0.351176   0.430483   0.312913   0.345723   0.165175   0.482676   0.671203   0.593700   0.335909   0.429900   0.298053   0.350200   0.154163   0.383022   0.708469   0.576078   0.317443   0.429958   0.280162   0.350772   0.133661   0.312101   0.734614   0.555612   0.296904   0.430501   0.260413   0.346684   0.105835   0.284096   0.743048   0.539419   0.281287   0.431240   0.245504   0.338431   0.087646   0.282193   0.739452   0.531049   0.273556   0.431663   0.238180   0.329861   0.082952   0.281662   0.735694   0.525341   0.268392   0.431575   0.233305   0.322628   0.082068   0.281280   0.732400   0.520866   0.264405   0.431536   0.229552   0.316033   0.083158   0.281063   0.729775   0.516495   0.260564   0.431438   0.225944   0.310239   0.083074   0.280923   0.727745   0.512075   0.256723   0.431378   0.222344   0.305079   0.081976   0.280846   0.725874   0.508296   0.253483   0.431736   0.219313   0.300437   0.081652 
  3   0.149714   0.695520   0.416491   0.182160   0.321325   0.153700   0.252945   0.062294   0.288739   0.710735   0.417656   0.182490   0.320670   0.153922   0.245396   0.070688   0.288582   0.709308   0.418995   0.183439   0.321356   0.154781   0.243919   0.073311   0.287639   0.708520   0.419605   0.183914   0.323238   0.155217   0.241943   0.079270   0.286748   0.707828   0.419073   0.183587   0.324280   0.154928   0.239938   0.086229   0.298451   0.695930   0.427648   0.189577   0.324164   0.160338   0.241963   0.091837   0.354795   0.661689   0.448480   0.204847   0.323398   0.174242   0.247456   0.100536   0.459332   0.618154   0.469976   0.221653   0.322134   0.189712   0.252153   0.122279   0.575448   0.581642   0.489350   0.237544   0.321642   0.204460   0.256934   0.145352   0.673916   0.556872   0.506599   0.252178   0.321949   0.218122   0.262262   0.155877   0.736652   0.547628   0.519783   0.263732   0.322039   0.228968   0.268334   0.161730   0.745087   0.557862   0.527176   0.270423   0.321983   0.235286   0.275193   0.167197   0.694762   0.585510   0.527378   0.270715   0.321616   0.235580   0.281719   0.169602   0.603510   0.622517   0.520668   0.264744   0.320906   0.229959   0.286374   0.165110   0.494306   0.662286   0.508932   0.254357   0.320305   0.220190   0.288051   0.155477   0.389679   0.699407   0.493221   0.240808   0.320279   0.207504   0.286524   0.142148   0.311135   0.729373   0.471797   0.223136   0.320668   0.191086   0.281719   0.120874   0.278195   0.742126   0.453553   0.208674   0.321265   0.177742   0.273879   0.106052   0.275536   0.740206   0.444559   0.201872   0.321625   0.171517   0.266152   0.103737   0.275048   0.736885   0.438577   0.197443   0.321533   0.167478   0.260354   0.105828   0.275053   0.733538   0.433628   0.193837   0.321458   0.164199   0.255703   0.109442   0.275470   0.730369   0.429053   0.190560   0.321323   0.161227   0.251696   0.109440   0.275735   0.727727   0.424832   0.187579   0.321248   0.158530   0.247899   0.107935   0.275895   0.725336   0.421340   0.185147   0.321567   0.156335   0.244462   0.108438 
  4   0.150787   0.692261   0.403618   0.174250   0.264869   0.146715   0.237467   0.156478   0.280750   0.703611   0.383468   0.160733   0.266224   0.134585   0.224643   0.246514   0.280103   0.700951   0.385474   0.162088   0.266769   0.135803   0.224277   0.272935   0.278552   0.698972   0.386974   0.163116   0.268467   0.136730   0.224240   0.298232   0.277591   0.697281   0.387425   0.163444   0.269337   0.137028   0.224374   0.320279   0.291685   0.690497   0.390283   0.165305   0.269159   0.138691   0.224979   0.336531   0.353516   0.667279   0.400879   0.172437   0.268409   0.145097   0.227606   0.339703   0.462452   0.631636   0.416936   0.183676   0.267213   0.155261   0.231340   0.342950   0.578356   0.598457   0.433749   0.195927   0.266879   0.166417   0.235053   0.349697   0.672679   0.574327   0.448953   0.207385   0.267381   0.176911   0.238903   0.344072   0.730897   0.563248   0.460301   0.216196   0.267667   0.185022   0.242644   0.335545   0.742323   0.568462   0.466653   0.221233   0.267771   0.189676   0.246196   0.331675   0.705320   0.588666   0.467343   0.221795   0.267539   0.190198   0.248915   0.329993   0.628415   0.618950   0.462372   0.217832   0.266925   0.186533   0.250176   0.323924   0.524065   0.656417   0.452343   0.209967   0.266291   0.179280   0.249419   0.320085   0.411424   0.696565   0.437297   0.198531   0.266080   0.168790   0.246585   0.328499   0.315156   0.731058   0.418152   0.184460   0.266236   0.155959   0.242042   0.342438   0.270121   0.744448   0.404249   0.174557   0.266655   0.146977   0.237095   0.355624   0.265868   0.739894   0.398607   0.170738   0.266909   0.143544   0.233092   0.365911   0.265227   0.734101   0.394781   0.168207   0.266748   0.141278   0.230065   0.377362   0.265127   0.728859   0.391547   0.166101   0.266664   0.139396   0.227773   0.387352   0.265315   0.724313   0.388697   0.164262   0.266576   0.137756   0.225622   0.386991   0.265048   0.720613   0.386195   0.162659   0.266526   0.136328   0.223351   0.382064   0.264642   0.717322   0.384323   0.161466   0.266836   0.135267   0.221434   0.380608 
  5   0.117237   0.686881   0.748387   0.526247   0.936429   0.487961   0.727962   0.024579   0.302606   0.694043   0.752713   0.532495   0.935498   0.494370   0.734020   0.024638   0.302997   0.693098   0.753342   0.533404   0.936968   0.495302   0.736141   0.025811   0.303342   0.692222   0.754188   0.534641   0.940029   0.496574   0.738622   0.026905   0.303562   0.691642   0.753820   0.534100   0.941828   0.496018   0.739452   0.027707   0.308584   0.689182   0.756492   0.537995   0.942149   0.500020   0.739918   0.027072   0.336271   0.681135   0.767861   0.555020   0.941540   0.517604   0.743721   0.025232   0.394627   0.668472   0.786467   0.583824   0.940108   0.547536   0.754889   0.025288   0.467268   0.655883   0.809244   0.620618   0.939041   0.586079   0.768452   0.029596   0.535486   0.645998   0.833431   0.661448   0.939068   0.629203   0.778067   0.035792   0.582325   0.640146   0.854924   0.699271   0.939112   0.669467   0.783616   0.041350   0.588062   0.640269   0.870878   0.728331   0.938691   0.700603   0.785397   0.045819   0.550072   0.646125   0.879497   0.744397   0.937609   0.717892   0.785267   0.048663   0.485815   0.655226   0.880347   0.746022   0.935988   0.719649   0.786302   0.048930   0.412690   0.665438   0.874206   0.734568   0.935163   0.707321   0.792414   0.045376   0.348203   0.675743   0.858107   0.705149   0.935240   0.675781   0.804533   0.038864   0.313254   0.684926   0.835008   0.664127   0.935566   0.632036   0.808096   0.037749   0.305567   0.689293   0.819032   0.636604   0.936369   0.602856   0.802642   0.040592   0.305172   0.689787   0.811418   0.623919   0.937279   0.589493   0.799909   0.040455   0.304997   0.690025   0.805208   0.613708   0.937698   0.578761   0.798175   0.039465   0.304870   0.690202   0.799579   0.604558   0.937462   0.569166   0.796731   0.038156   0.304739   0.690346   0.794577   0.596512   0.937143   0.560746   0.795175   0.036780   0.304644   0.690379   0.790453   0.589952   0.937370   0.553894   0.793345   0.035884   0.304545   0.690371   0.786881   0.584332   0.938074   0.548037   0.791358   0.035416 
  6   0.118935   0.687704   0.721209   0.488036   0.924435   0.448950   0.664134   0.028747   0.300657   0.695628   0.726452   0.495168   0.923209   0.456187   0.667652   0.030068   0.300987   0.694760   0.727290   0.496337   0.924365   0.457378   0.666774   0.030144   0.301130   0.694127   0.727939   0.497261   0.927076   0.458324   0.666605   0.030428   0.301273   0.693601   0.727649   0.496872   0.928661   0.457930   0.665446   0.031046   0.306579   0.690622   0.731354   0.502014   0.928824   0.463167   0.666223   0.029475   0.336438   0.681440   0.745327   0.522005   0.928184   0.483642   0.671178   0.025046   0.401116   0.667118   0.767037   0.554248   0.926818   0.516897   0.683229   0.023008   0.487700   0.652053   0.793391   0.595382   0.925863   0.559715   0.698720   0.027005   0.580905   0.638920   0.822276   0.642847   0.925953   0.609602   0.709275   0.034007   0.652756   0.630378   0.848367   0.687938   0.925943   0.657445   0.713799   0.040722   0.669273   0.629727   0.867670   0.722744   0.925453   0.694670   0.713853   0.046167   0.627669   0.636342   0.878396   0.742683   0.924341   0.716117   0.712900   0.049421   0.548806   0.647100   0.880786   0.747219   0.922746   0.721016   0.714049   0.049758   0.454669   0.659883   0.875233   0.736856   0.921794   0.709861   0.719263   0.047481   0.369157   0.672558   0.859218   0.707572   0.921714   0.678460   0.730622   0.042284   0.317451   0.685042   0.831087   0.657925   0.921988   0.625574   0.735376   0.041054   0.302619   0.692066   0.808556   0.619395   0.922748   0.584774   0.729994   0.043869   0.302101   0.692770   0.798689   0.603333   0.923562   0.567925   0.726481   0.044108   0.301969   0.693059   0.790751   0.590640   0.923929   0.554655   0.724790   0.043260   0.301953   0.693197   0.783964   0.579942   0.923856   0.543499   0.723300   0.041707   0.301985   0.693203   0.778219   0.571003   0.923676   0.534201   0.721527   0.040108   0.302050   0.693096   0.773465   0.563689   0.923906   0.526608   0.719642   0.039033   0.302178   0.692886   0.769589   0.557785   0.924613   0.520492   0.718075   0.037921 
  7   0.132087   0.696690   0.567705   0.309935   0.612451   0.273078   0.393202   0.055016   0.291440   0.713091   0.601451   0.343183   0.608359   0.304941   0.396035   0.053227   0.291776   0.710982   0.604617   0.346552   0.608978   0.308214   0.387296   0.051325   0.292043   0.709316   0.606300   0.348390   0.611149   0.310007   0.381985   0.051809   0.291849   0.708512   0.605762   0.347848   0.612344   0.309485   0.377870   0.053451   0.299798   0.700378   0.611852   0.354328   0.612210   0.315780   0.377286   0.053976   0.346774   0.673772   0.631363   0.376074   0.611315   0.337077   0.382936   0.054508   0.442220   0.636708   0.654068   0.402732   0.609825   0.363429   0.392116   0.066361   0.554853   0.605136   0.675004   0.428761   0.609204   0.389429   0.401235   0.089571   0.652125   0.586988   0.694130   0.453501   0.609377   0.414323   0.410052   0.112467   0.711106   0.583941   0.707492   0.471393   0.609263   0.432441   0.420505   0.131546   0.715058   0.594544   0.713888   0.480195   0.609050   0.441398   0.432267   0.144957   0.661589   0.616751   0.711988   0.477767   0.608630   0.438961   0.443902   0.150347   0.569484   0.645732   0.701658   0.464065   0.607922   0.425109   0.453984   0.145280   0.464992   0.675694   0.685720   0.443243   0.607296   0.404116   0.460766   0.129170   0.373655   0.701152   0.668141   0.420775   0.607339   0.381555   0.463228   0.104554   0.312860   0.719558   0.648863   0.396971   0.607894   0.357801   0.459633   0.078687   0.290334   0.726040   0.634437   0.379686   0.608632   0.340647   0.450623   0.063724   0.288979   0.724016   0.627736   0.371976   0.609021   0.333053   0.440972   0.059134   0.288184   0.722119   0.622777   0.366393   0.608894   0.327576   0.432322   0.057259   0.287423   0.720503   0.618929   0.362133   0.608852   0.323409   0.424031   0.057450   0.287020   0.718976   0.615377   0.358250   0.608747   0.319620   0.416174   0.058297   0.286845   0.717652   0.611714   0.354287   0.608678   0.315759   0.408682   0.058851   0.286723   0.716516   0.608359   0.350697   0.609078   0.312268   0.401836   0.059311 
  8   0.156775   0.688004   0.394033   0.166426   0.250033   0.139488   0.245851   0.045240   0.299687   0.696060   0.381222   0.157544   0.249104   0.131479   0.237239   0.055642   0.300094   0.695104   0.381876   0.157940   0.249791   0.131828   0.238562   0.058720   0.300197   0.694477   0.382095   0.158086   0.251713   0.131958   0.239321   0.062578   0.300291   0.693985   0.381590   0.157767   0.252839   0.131676   0.239494   0.066506   0.305404   0.689003   0.383587   0.159042   0.252792   0.132809   0.240101   0.070082   0.334789   0.670151   0.391266   0.164090   0.252104   0.137320   0.242544   0.075033   0.393978   0.641732   0.401475   0.170978   0.250951   0.143501   0.247272   0.085922   0.460836   0.617399   0.412029   0.178264   0.250502   0.150065   0.253860   0.099551   0.514618   0.603428   0.422093   0.185349   0.250885   0.156470   0.261091   0.109687   0.541901   0.602603   0.429592   0.190722   0.251089   0.161341   0.267966   0.118569   0.536961   0.613797   0.433342   0.193453   0.251142   0.163823   0.273330   0.125562   0.504260   0.632266   0.432941   0.193161   0.250855   0.163558   0.276149   0.127207   0.455668   0.653190   0.428998   0.190273   0.250174   0.160930   0.276150   0.121502   0.400378   0.674728   0.422578   0.185623   0.249594   0.156708   0.273898   0.111411   0.347295   0.695414   0.414087   0.179588   0.249595   0.151243   0.270148   0.100810   0.311429   0.710017   0.404568   0.172972   0.249960   0.145276   0.265227   0.090539   0.298591   0.714516   0.397769   0.168346   0.250504   0.141119   0.260141   0.083940   0.297160   0.713236   0.394147   0.165944   0.250851   0.138970   0.255801   0.082196   0.296559   0.711806   0.391049   0.163913   0.250757   0.137155   0.252211   0.084663   0.296288   0.710339   0.388071   0.161975   0.250643   0.135428   0.249295   0.087324   0.295968   0.709001   0.385193   0.160121   0.250451   0.133776   0.246556   0.086515   0.295439   0.708021   0.382569   0.158451   0.250340   0.132292   0.243769   0.085064   0.294913   0.707211   0.380248   0.156991   0.250622   0.130998   0.241243   0.085465 
  9   0.158210   0.694949   0.350199   0.139313   0.192023   0.115493   0.208682   0.074245   0.288981   0.709520   0.325767   0.124460   0.191157   0.102386   0.196897   0.100017   0.289037   0.707948   0.326610   0.124924   0.191800   0.102789   0.197578   0.109565   0.288341   0.707121   0.326613   0.124933   0.193590   0.102798   0.197765   0.120395   0.287973   0.706259   0.325922   0.124543   0.194603   0.102458   0.197787   0.130562   0.299870   0.694982   0.331117   0.127448   0.194527   0.104985   0.199486   0.139508   0.352164   0.661307   0.344587   0.135306   0.193843   0.111870   0.202553   0.153267   0.446546   0.615807   0.359797   0.144602   0.192715   0.120077   0.205735   0.173841   0.550297   0.576217   0.374596   0.153958   0.192346   0.128384   0.209759   0.188639   0.637841   0.549516   0.388315   0.162894   0.192787   0.136360   0.214047   0.191899   0.691037   0.541303   0.399082   0.170116   0.193029   0.142837   0.218426   0.193700   0.694932   0.554460   0.405396   0.174457   0.193106   0.146747   0.222840   0.197446   0.649080   0.584663   0.406136   0.174982   0.192839   0.147223   0.226508   0.198796   0.568917   0.623270   0.401415   0.171729   0.192185   0.144292   0.228442   0.192168   0.472816   0.665013   0.392635   0.165762   0.191596   0.138929   0.228154   0.182610   0.379827   0.705034   0.380003   0.157395   0.191518   0.131440   0.226092   0.176334   0.311397   0.734502   0.364333   0.147352   0.191792   0.122501   0.222502   0.166767   0.283592   0.744312   0.352138   0.139783   0.192262   0.115802   0.217891   0.157978   0.280951   0.740947   0.345463   0.135790   0.192551   0.112289   0.213385   0.155589   0.280494   0.736887   0.340356   0.132792   0.192428   0.109659   0.209732   0.159803   0.280661   0.733001   0.335838   0.130175   0.192319   0.107370   0.206927   0.164624   0.280813   0.729582   0.331709   0.127818   0.192151   0.105312   0.204315   0.162276   0.280421   0.727055   0.328035   0.125745   0.192043   0.103507   0.201630   0.158464   0.279836   0.724957   0.325044   0.124070   0.192304   0.102049   0.199207   0.158796 
 10   0.118213   0.685671   0.751408   0.530450   0.936997   0.492241   0.746461   0.022267   0.304894   0.691631   0.757868   0.539878   0.936178   0.501932   0.752509   0.021458   0.305266   0.690668   0.759354   0.542078   0.937663   0.504199   0.755466   0.022482   0.305660   0.689745   0.760875   0.544340   0.940663   0.506531   0.759134   0.023505   0.305948   0.689110   0.761133   0.544724   0.942452   0.506928   0.761060   0.024471   0.307849   0.687959   0.761933   0.545896   0.942822   0.508133   0.761267   0.024877   0.321743   0.683559   0.767819   0.554748   0.942232   0.517281   0.761609   0.024465   0.352681   0.675724   0.778666   0.571367   0.940838   0.534517   0.767711   0.023837   0.390280   0.667777   0.792168   0.592606   0.939846   0.556652   0.778349   0.025627   0.424404   0.661565   0.807279   0.617039   0.939980   0.582247   0.787441   0.029333   0.447296   0.657775   0.821139   0.640066   0.940209   0.606495   0.793931   0.032591   0.451471   0.657122   0.831795   0.658190   0.940018   0.625661   0.797939   0.034809   0.435568   0.659699   0.838060   0.669019   0.939177   0.637148   0.799920   0.035835   0.404643   0.664712   0.839570   0.671657   0.937810   0.639952   0.801346   0.035271   0.365319   0.670692   0.837087   0.667351   0.937151   0.635382   0.807480   0.030964   0.329183   0.677494   0.826795   0.649739   0.937270   0.616735   0.820268   0.025668   0.310901   0.683660   0.811638   0.624215   0.937594   0.589791   0.824292   0.026828   0.307623   0.686263   0.801940   0.608227   0.938307   0.572982   0.818932   0.030751   0.307315   0.686640   0.796907   0.600113   0.939053   0.564486   0.815701   0.031880   0.307092   0.686899   0.792536   0.593136   0.939364   0.557195   0.813135   0.031864   0.306930   0.687074   0.788553   0.586836   0.939064   0.550623   0.810781   0.031292   0.306849   0.687153   0.785136   0.581471   0.938695   0.545034   0.808555   0.030550   0.306828   0.687142   0.782417   0.577233   0.938867   0.540624   0.806417   0.030092   0.306829   0.687085   0.780167   0.573750   0.939475   0.537005   0.804216   0.029965 
 11   0.119311   0.686693   0.726158   0.494457   0.933267   0.455405   0.702259   0.024115   0.302162   0.693695   0.730263   0.500159   0.932160   0.461213   0.706124   0.024627   0.302586   0.692837   0.730911   0.501065   0.933361   0.462136   0.706947   0.025400   0.302945   0.692033   0.731892   0.502440   0.936155   0.463539   0.708456   0.026224   0.303245   0.691408   0.731934   0.502497   0.937784   0.463597   0.708669   0.027078   0.306315   0.689453   0.733933   0.505285   0.938026   0.466439   0.709228   0.026536   0.326461   0.682731   0.743360   0.518751   0.937471   0.480225   0.712679   0.024385   0.370822   0.671818   0.759065   0.541778   0.936142   0.503914   0.722430   0.023269   0.426797   0.660869   0.778080   0.570710   0.935242   0.533882   0.735602   0.025970   0.480701   0.652038   0.798926   0.603656   0.935454   0.568252   0.745956   0.030931   0.519093   0.646520   0.817870   0.634723   0.935612   0.600885   0.752688   0.035325   0.527937   0.645614   0.832409   0.659320   0.935291   0.626873   0.756149   0.038378   0.503690   0.649576   0.841094   0.674336   0.934354   0.642804   0.757342   0.040259   0.455195   0.657150   0.843344   0.678275   0.932833   0.646992   0.758236   0.040835   0.395301   0.666206   0.839868   0.672214   0.931945   0.640551   0.762899   0.038231   0.340739   0.675604   0.827197   0.650489   0.931900   0.617541   0.774139   0.032289   0.311559   0.684379   0.806761   0.616298   0.932133   0.581491   0.777501   0.032215   0.305493   0.688653   0.792247   0.592634   0.932832   0.556662   0.771587   0.036333   0.305054   0.689143   0.785447   0.581889   0.933591   0.545455   0.768372   0.036884   0.304779   0.689466   0.779685   0.572908   0.933874   0.536110   0.765968   0.036316   0.304604   0.689689   0.774585   0.565048   0.933649   0.527950   0.763715   0.035200   0.304537   0.689775   0.770285   0.558481   0.933362   0.521143   0.761606   0.033921   0.304500   0.689770   0.766752   0.553129   0.933529   0.515605   0.759488   0.033033   0.304418   0.689782   0.763645   0.548461   0.934172   0.510781   0.757359   0.032422 
 12   0.127825   0.687520   0.631636   0.376981   0.751273   0.338067   0.502283   0.043287   0.300646   0.695114   0.659267   0.408418   0.748792   0.368966   0.506236   0.045014   0.300989   0.693992   0.665146   0.415618   0.749595   0.376134   0.498966   0.041213   0.301274   0.693178   0.669263   0.420693   0.752036   0.381194   0.494733   0.039887   0.301437   0.692606   0.671332   0.423245   0.753461   0.383738   0.491152   0.039757   0.305435   0.689181   0.677116   0.430422   0.753533   0.390902   0.489346   0.038356   0.333312   0.678703   0.692796   0.450549   0.752872   0.411116   0.494505   0.032376   0.395028   0.663793   0.710796   0.474364   0.751595   0.435167   0.508977   0.028984   0.473893   0.649768   0.727279   0.497029   0.751027   0.458217   0.524835   0.035125   0.551862   0.638951   0.744619   0.521660   0.751234   0.483419   0.536577   0.045468   0.608925   0.633076   0.759637   0.543699   0.751110   0.506103   0.546465   0.055966   0.620396   0.634240   0.769716   0.558886   0.750754   0.521812   0.556003   0.064800   0.580656   0.642399   0.772688   0.563480   0.750024   0.526586   0.565491   0.070240   0.510024   0.654432   0.768342   0.556952   0.748892   0.519837   0.574576   0.070231   0.429151   0.667552   0.758253   0.541825   0.748043   0.504205   0.583094   0.063866   0.356222   0.679693   0.743223   0.519698   0.748055   0.481415   0.592131   0.050141   0.313389   0.689768   0.722743   0.490547   0.748544   0.451580   0.593975   0.040937   0.302033   0.694548   0.708232   0.470436   0.749267   0.431098   0.586150   0.040072   0.301825   0.694754   0.703344   0.463909   0.749807   0.424497   0.577985   0.038672   0.301829   0.694652   0.699573   0.458917   0.749918   0.419456   0.572010   0.037303   0.301862   0.694501   0.696180   0.454468   0.749965   0.414971   0.566972   0.036646   0.301776   0.694434   0.692950   0.450275   0.749811   0.410752   0.561672   0.036294   0.301497   0.694482   0.689962   0.446434   0.749747   0.406895   0.555996   0.035986   0.301261   0.694467   0.687526   0.443335   0.750241   0.403787   0.550609   0.035825 
 13   0.145626   0.686933   0.500337   0.246512   0.440596   0.212769   0.342678   0.037192   0.302207   0.694287   0.508403   0.252779   0.439424   0.218526   0.341114   0.040953   0.302463   0.693788   0.508181   0.252566   0.440209   0.218323   0.340966   0.040936   0.302520   0.693367   0.507879   0.252301   0.442350   0.218074   0.340876   0.041880   0.302561   0.693043   0.507042   0.251584   0.443609   0.217404   0.340300   0.043207   0.305760   0.689985   0.508735   0.253036   0.443577   0.218762   0.340484   0.044047   0.328652   0.677955   0.515915   0.259359   0.442823   0.224700   0.343574   0.043999   0.379460   0.658768   0.524422   0.267023   0.441538   0.231926   0.351019   0.048569   0.438775   0.641614   0.532557   0.274493   0.441008   0.238994   0.361696   0.059782   0.484033   0.631749   0.540380   0.281763   0.441363   0.245886   0.372798   0.071997   0.502796   0.630781   0.545915   0.286983   0.441521   0.250847   0.382515   0.082451   0.493148   0.637891   0.548404   0.289365   0.441515   0.253118   0.389639   0.089487   0.462426   0.649968   0.547360   0.288370   0.441167   0.252170   0.393364   0.091236   0.421205   0.663708   0.543259   0.284452   0.440413   0.248438   0.393293   0.086169   0.376768   0.677549   0.537188   0.278709   0.439771   0.242977   0.390189   0.075879   0.336607   0.690247   0.530113   0.272120   0.439778   0.236727   0.385149   0.063967   0.311304   0.698891   0.523103   0.265704   0.440207   0.230661   0.378688   0.054820   0.302991   0.701557   0.518736   0.261766   0.440832   0.226948   0.372026   0.050898   0.302088   0.701057   0.516736   0.260006   0.441223   0.225295   0.366319   0.049801   0.301434   0.700598   0.514724   0.258257   0.441132   0.223655   0.361360   0.050112   0.300881   0.700187   0.512753   0.256556   0.441039   0.222064   0.356929   0.051136   0.300561   0.699689   0.510852   0.254921   0.440866   0.220535   0.352955   0.051350   0.300305   0.699233   0.509053   0.253380   0.440774   0.219095   0.349299   0.050994   0.299980   0.698877   0.507444   0.252014   0.441116   0.217819   0.345855   0.051148 
 14   0.151081   0.687345   0.450000   0.206044   0.350655   0.175343   0.293771   0.040491   0.301327   0.694980   0.450733   0.206027   0.349814   0.175239   0.289625   0.046731   0.301549   0.694256   0.451089   0.206268   0.350531   0.175455   0.290298   0.047655   0.301567   0.693706   0.451469   0.206556   0.352551   0.175718   0.290503   0.049884   0.301606   0.693294   0.451074   0.206264   0.353744   0.175452   0.290176   0.052524   0.305519   0.689588   0.453182   0.207859   0.353700   0.176912   0.290676   0.054377   0.331044   0.675234   0.460855   0.213829   0.352975   0.182400   0.293776   0.056021   0.386051   0.652612   0.470608   0.221629   0.351745   0.189605   0.300034   0.063379   0.450047   0.632544   0.480770   0.229945   0.351231   0.197317   0.308425   0.076718   0.500320   0.621037   0.490527   0.238053   0.351574   0.204857   0.317328   0.089192   0.523682   0.619957   0.497547   0.243989   0.351741   0.210394   0.325478   0.099519   0.516499   0.628311   0.501042   0.247004   0.351751   0.213216   0.331634   0.107090   0.484845   0.642626   0.500548   0.246590   0.351418   0.212832   0.334948   0.109625   0.439974   0.658999   0.496359   0.242986   0.350701   0.209460   0.335093   0.104952   0.389747   0.675675   0.489517   0.237158   0.350101   0.204016   0.332585   0.094300   0.342473   0.691409   0.480979   0.230011   0.350120   0.197361   0.328272   0.081027   0.311488   0.702598   0.471894   0.222570   0.350535   0.190460   0.322492   0.069476   0.300911   0.706270   0.465639   0.217547   0.351138   0.185817   0.316362   0.063733   0.299765   0.705669   0.462484   0.215076   0.351523   0.183542   0.311150   0.062317   0.299062   0.704960   0.459825   0.213021   0.351439   0.181655   0.306717   0.063528   0.298561   0.704214   0.457421   0.211179   0.351333   0.179966   0.302771   0.065567   0.298228   0.703420   0.455139   0.209441   0.351150   0.178374   0.299236   0.065689   0.297930   0.702710   0.452973   0.207801   0.351058   0.176873   0.296060   0.064895   0.297502   0.702198   0.450975   0.206305   0.351376   0.175507   0.293143   0.065215 
 15   0.119390   0.685510   0.735784   0.507830   0.935607   0.469025   0.730539   0.021926   0.304275   0.691367   0.740630   0.514697   0.934727   0.476046   0.735631   0.021634   0.304737   0.690533   0.741742   0.516288   0.936209   0.477675   0.737558   0.022725   0.305148   0.689709   0.743042   0.518152   0.939166   0.479584   0.740169   0.023787   0.305463   0.689124   0.743244   0.518437   0.940959   0.479875   0.741281   0.024677   0.306525   0.688309   0.743372   0.518604   0.941282   0.480044   0.741485   0.024851   0.316753   0.684828   0.747611   0.524727   0.940740   0.486324   0.742815   0.024651   0.341465   0.678362   0.756111   0.537179   0.939448   0.499131   0.748925   0.024536   0.372993   0.671694   0.766801   0.553195   0.938487   0.515672   0.758799   0.026426   0.402937   0.666261   0.779311   0.572374   0.938768   0.535565   0.767942   0.029955   0.423460   0.662805   0.791058   0.590802   0.939153   0.554760   0.774765   0.032749   0.427086   0.662040   0.800102   0.605276   0.939062   0.569893   0.779037   0.034055   0.413274   0.664022   0.805351   0.613793   0.938290   0.578821   0.781021   0.034057   0.387042   0.668153   0.806444   0.615583   0.936914   0.580702   0.781644   0.033122   0.354136   0.673326   0.804180   0.611899   0.936206   0.576837   0.785200   0.029262   0.324057   0.679265   0.795469   0.597882   0.936300   0.562168   0.794604   0.024249   0.309108   0.684567   0.782654   0.577543   0.936577   0.540934   0.795134   0.025290   0.306636   0.686791   0.774406   0.564689   0.937240   0.527561   0.787683   0.028956   0.306362   0.687088   0.770151   0.558184   0.937928   0.520819   0.784149   0.029677   0.306188   0.687284   0.766465   0.552601   0.938141   0.515041   0.781062   0.029306   0.306038   0.687452   0.762995   0.547387   0.937746   0.509654   0.777806   0.028860   0.305949   0.687542   0.759928   0.542810   0.937282   0.504929   0.774551   0.028670   0.305950   0.687516   0.757565   0.539306   0.937384   0.501318   0.771820   0.028350   0.305993   0.687427   0.755736   0.536612   0.937981   0.498545   0.769454   0.027933 
 16   0.121023   0.686401   0.713272   0.476861   0.927685   0.437539   0.674468   0.024576   0.302936   0.693173   0.717583   0.482655   0.926511   0.443405   0.677750   0.025255   0.303335   0.692419   0.718195   0.483475   0.927610   0.444235   0.677617   0.025760   0.303681   0.691662   0.719184   0.484820   0.930249   0.445599   0.678475   0.026290   0.303995   0.691067   0.719320   0.484997   0.931825   0.445778   0.678419   0.026912   0.305740   0.689743   0.720416   0.486467   0.932062   0.447264   0.678295   0.026693   0.320018   0.684607   0.727629   0.496449   0.931518   0.457425   0.679087   0.024706   0.352943   0.675654   0.740366   0.514454   0.930242   0.475823   0.685171   0.022806   0.394304   0.666507   0.755736   0.536859   0.929490   0.498846   0.696518   0.024508   0.434096   0.658996   0.773051   0.562917   0.929820   0.525783   0.706647   0.028541   0.463084   0.653991   0.789322   0.588197   0.930048   0.552070   0.713636   0.032094   0.470779   0.652588   0.802201   0.608761   0.929842   0.573562   0.717922   0.034302   0.454160   0.655173   0.810215   0.621806   0.929037   0.587245   0.720170   0.035136   0.418962   0.660966   0.812831   0.626108   0.927666   0.591766   0.721596   0.034408   0.373814   0.668340   0.810725   0.622638   0.926802   0.588118   0.726190   0.030840   0.332031   0.676577   0.800056   0.605334   0.926708   0.569981   0.737500   0.025956   0.310079   0.684469   0.782336   0.577172   0.926933   0.540573   0.740960   0.027377   0.305749   0.688200   0.769958   0.557949   0.927585   0.520586   0.735123   0.031874   0.305379   0.688651   0.764000   0.548948   0.928225   0.511276   0.731827   0.032867   0.305106   0.688997   0.758856   0.541272   0.928387   0.503354   0.729052   0.032863   0.304927   0.689229   0.754314   0.534567   0.928163   0.496449   0.726454   0.032538   0.304824   0.689351   0.750407   0.528849   0.927862   0.490568   0.723987   0.031975   0.304764   0.689397   0.747177   0.524155   0.927929   0.485748   0.721586   0.031463   0.304742   0.689373   0.744552   0.520370   0.928493   0.481866   0.719351   0.031020 
 17   0.123466   0.686326   0.686162   0.442251   0.839617   0.402819   0.594941   0.042069   0.303267   0.692597   0.710659   0.473747   0.837955   0.434462   0.595912   0.044642   0.303945   0.691275   0.716957   0.482357   0.838867   0.443207   0.588257   0.040882   0.304580   0.690259   0.721266   0.488295   0.841443   0.449247   0.584303   0.039453   0.305108   0.689462   0.723706   0.491676   0.843007   0.452690   0.580771   0.039516   0.307501   0.687600   0.727032   0.496301   0.843195   0.457402   0.578167   0.038560   0.324903   0.681488   0.737876   0.511741   0.842593   0.473204   0.580251   0.032832   0.365148   0.671708   0.751808   0.531881   0.841321   0.493873   0.592992   0.026656   0.417479   0.661917   0.764204   0.550267   0.840719   0.512833   0.611170   0.027938   0.470767   0.653704   0.777767   0.570928   0.841023   0.534245   0.625560   0.034341   0.513686   0.648200   0.790462   0.590755   0.841058   0.554887   0.636293   0.041820   0.528564   0.647266   0.799840   0.605713   0.840794   0.570522   0.645024   0.048331   0.507368   0.651484   0.803956   0.612373   0.840049   0.577501   0.652354   0.051883   0.459984   0.659191   0.802415   0.609869   0.838804   0.574874   0.658686   0.051016   0.399776   0.668548   0.795908   0.599356   0.837930   0.563860   0.665943   0.045661   0.343537   0.678006   0.782978   0.578843   0.837950   0.542443   0.676682   0.036682   0.312054   0.686332   0.764202   0.549881   0.838413   0.512361   0.680938   0.033222   0.304768   0.690290   0.751502   0.530746   0.839159   0.492575   0.674853   0.035375   0.304695   0.690463   0.747364   0.524705   0.839765   0.486365   0.667644   0.035580   0.304788   0.690407   0.744221   0.520161   0.839910   0.481703   0.661736   0.035332   0.304911   0.690305   0.741393   0.516102   0.839889   0.477544   0.656529   0.035575   0.304953   0.690280   0.738697   0.512270   0.839671   0.473623   0.651193   0.036136   0.304929   0.690292   0.736376   0.508997   0.839628   0.470281   0.645987   0.036323   0.304935   0.690224   0.734577   0.506480   0.840145   0.467713   0.641365   0.036260 
 18   0.130825   0.685656   0.624532   0.368348   0.705231   0.329486   0.510518   0.033604   0.304117   0.691741   0.643484   0.389243   0.703290   0.349903   0.517609   0.036561   0.304554   0.691069   0.645299   0.391338   0.704176   0.351968   0.515077   0.034657   0.304902   0.690380   0.646744   0.393020   0.706645   0.353626   0.514640   0.033650   0.305119   0.689921   0.647042   0.393360   0.708104   0.353961   0.513780   0.033373   0.306496   0.688729   0.647727   0.394147   0.708119   0.354735   0.512702   0.032967   0.320576   0.683320   0.653317   0.400851   0.707365   0.361384   0.513558   0.030403   0.355414   0.673822   0.661169   0.410362   0.706027   0.370834   0.520927   0.029247   0.400403   0.664523   0.668421   0.419286   0.705488   0.379726   0.533728   0.034309   0.442194   0.657668   0.676254   0.429079   0.705887   0.389512   0.546363   0.042661   0.469236   0.654394   0.682735   0.437314   0.706024   0.397766   0.557011   0.050419   0.471834   0.655478   0.686830   0.442584   0.705943   0.403060   0.564999   0.055612   0.449897   0.660449   0.687451   0.443399   0.705468   0.403882   0.570001   0.056873   0.412762   0.667707   0.684484   0.439586   0.704513   0.400053   0.571776   0.053108   0.370279   0.675908   0.679097   0.432695   0.703715   0.393137   0.570990   0.045458   0.332253   0.683909   0.671889   0.423564   0.703687   0.383990   0.569495   0.036965   0.310537   0.689759   0.663504   0.413081   0.704134   0.373516   0.566031   0.033269   0.305055   0.691801   0.658415   0.406793   0.704816   0.367245   0.559858   0.033818   0.304961   0.691636   0.656954   0.405030   0.705276   0.365495   0.553729   0.034050   0.304957   0.691410   0.655569   0.403369   0.705239   0.363849   0.548593   0.034153   0.304984   0.691188   0.654176   0.401708   0.705187   0.362203   0.544194   0.034385   0.305006   0.691002   0.652751   0.400019   0.705013   0.360531   0.539957   0.034607   0.304967   0.690845   0.651479   0.398524   0.704925   0.359054   0.535798   0.034627   0.304909   0.690679   0.650483   0.397361   0.705345   0.357906   0.532156   0.034703 
 19   0.139771   0.686902   0.546671   0.288285   0.536378   0.252179   0.393808   0.037305   0.302076   0.694282   0.561541   0.301659   0.534658   0.264784   0.394411   0.039192   0.302399   0.693780   0.561804   0.301892   0.535491   0.265002   0.393307   0.037707   0.302557   0.693312   0.561479   0.301575   0.537747   0.264699   0.393277   0.038025   0.302583   0.693030   0.560496   0.300626   0.539065   0.263794   0.392535   0.038422   0.305519   0.690199   0.562293   0.302359   0.539035   0.265447   0.392415   0.038591   0.328182   0.679474   0.570211   0.310217   0.538260   0.272982   0.395822   0.037518   0.378647   0.662991   0.578934   0.319070   0.536924   0.281506   0.404872   0.040445   0.438997   0.648207   0.586389   0.326811   0.536383   0.288989   0.417813   0.050399   0.488010   0.639209   0.593690   0.334491   0.536748   0.296431   0.430862   0.062159   0.511836   0.637479   0.598636   0.339756   0.536898   0.301544   0.442413   0.072327   0.504517   0.642852   0.600483   0.341725   0.536873   0.303456   0.451185   0.078604   0.470911   0.653326   0.598783   0.339873   0.536495   0.301650   0.456083   0.079195   0.424832   0.665665   0.594029   0.334768   0.535696   0.296686   0.456752   0.073257   0.377018   0.677904   0.587671   0.328032   0.535018   0.290151   0.453838   0.062753   0.335830   0.688866   0.580705   0.320778   0.535010   0.283135   0.448622   0.051432   0.311033   0.696373   0.573917   0.313830   0.535435   0.276436   0.441716   0.044099   0.303390   0.698733   0.570015   0.309893   0.536069   0.272649   0.434247   0.041895   0.302735   0.698337   0.568581   0.308487   0.536468   0.271304   0.427722   0.041583   0.302260   0.697950   0.567104   0.307049   0.536378   0.269930   0.422117   0.042110   0.301849   0.697609   0.565650   0.305643   0.536286   0.268588   0.417046   0.042937   0.301546   0.697286   0.564118   0.304162   0.536111   0.267175   0.412336   0.043320   0.301282   0.696994   0.562622   0.302722   0.536025   0.265801   0.407933   0.043311   0.301051   0.696705   0.561307   0.301466   0.536396   0.264605   0.403937   0.043392 
 20   0.120750   0.685187   0.723267   0.490350   0.931263   0.451205   0.709069   0.023033   0.304598   0.690839   0.727083   0.495601   0.930300   0.456544   0.713384   0.022642   0.305031   0.690212   0.727591   0.496294   0.931621   0.457247   0.714318   0.023251   0.305372   0.689545   0.728405   0.497419   0.934417   0.458392   0.715961   0.023947   0.305676   0.689048   0.728343   0.497322   0.936124   0.458291   0.716267   0.024727   0.306359   0.688497   0.727951   0.496758   0.936460   0.457713   0.715692   0.025224   0.314169   0.685849   0.730630   0.500498   0.935964   0.461526   0.716566   0.025784   0.334281   0.680533   0.736950   0.509426   0.934755   0.470646   0.721714   0.026205   0.360519   0.674904   0.745228   0.521324   0.933974   0.482841   0.730245   0.028133   0.385733   0.670325   0.754941   0.535541   0.934378   0.497461   0.738874   0.031792   0.404293   0.667328   0.764030   0.549094   0.934799   0.511446   0.745779   0.034958   0.409791   0.666389   0.771184   0.559929   0.934774   0.522659   0.750312   0.036579   0.399720   0.667767   0.775390   0.566369   0.934093   0.529337   0.752255   0.036588   0.377497   0.671158   0.776128   0.567513   0.932831   0.530526   0.752254   0.035109   0.348689   0.675686   0.773995   0.564248   0.932092   0.527141   0.753370   0.030572   0.321768   0.681009   0.766664   0.553111   0.932065   0.515609   0.758185   0.024948   0.308250   0.685596   0.755954   0.537024   0.932261   0.498986   0.755957   0.025671   0.306103   0.687431   0.748994   0.526727   0.932840   0.488376   0.748264   0.029388   0.305892   0.687657   0.745474   0.521611   0.933432   0.483122   0.744283   0.030008   0.305761   0.687809   0.742410   0.517193   0.933566   0.478592   0.740547   0.029465   0.305688   0.687912   0.739645   0.513237   0.933217   0.474540   0.736813   0.029059   0.305671   0.687959   0.737221   0.509794   0.932782   0.471019   0.733190   0.029061   0.305710   0.687931   0.735283   0.507061   0.932826   0.468228   0.730028   0.028751   0.305794   0.687831   0.733777   0.504955   0.933371   0.466080   0.727353   0.028354 
 21   0.123026   0.685694   0.699652   0.458830   0.897858   0.419334   0.651786   0.026715   0.304896   0.691904   0.707161   0.468596   0.896607   0.429162   0.656711   0.027911   0.305290   0.691351   0.707656   0.469247   0.897706   0.429818   0.655496   0.027660   0.305644   0.690697   0.708575   0.470476   0.900372   0.431061   0.655650   0.027667   0.305953   0.690213   0.708551   0.470444   0.901954   0.431029   0.655035   0.028053   0.306591   0.689698   0.707981   0.469663   0.902181   0.430236   0.653834   0.028104   0.314634   0.686901   0.710658   0.473270   0.901646   0.433890   0.652571   0.027055   0.336372   0.680842   0.717135   0.482078   0.900402   0.442826   0.655745   0.025813   0.366041   0.673915   0.725632   0.493809   0.899802   0.454761   0.664960   0.027529   0.394988   0.668037   0.735938   0.508322   0.900257   0.469580   0.674847   0.031564   0.416989   0.664000   0.746102   0.522943   0.900549   0.484569   0.682722   0.035483   0.425180   0.662533   0.754491   0.535246   0.900479   0.497227   0.688227   0.038168   0.414824   0.664181   0.759804   0.543156   0.899847   0.505388   0.691193   0.038591   0.389123   0.668553   0.761199   0.545268   0.898665   0.507573   0.692239   0.036613   0.355943   0.674436   0.759035   0.542049   0.897818   0.504253   0.693780   0.031689   0.325205   0.680925   0.751652   0.531095   0.897735   0.492959   0.699230   0.025975   0.309056   0.686377   0.740475   0.514729   0.898043   0.476126   0.699412   0.026170   0.306051   0.688592   0.733008   0.503973   0.898692   0.465097   0.693286   0.029233   0.305908   0.688801   0.729584   0.499145   0.899233   0.460166   0.688940   0.030007   0.305816   0.688960   0.726527   0.494882   0.899269   0.455821   0.684844   0.030175   0.305780   0.689046   0.723814   0.491135   0.899088   0.452009   0.680929   0.030409   0.305765   0.689111   0.721321   0.487720   0.898807   0.448539   0.677008   0.030898   0.305802   0.689106   0.719204   0.484840   0.898788   0.445617   0.673506   0.031108   0.305861   0.689022   0.717570   0.482636   0.899300   0.443385   0.670529   0.031154 
 22   0.126358   0.685614   0.664075   0.414460   0.786665   0.375006   0.578626   0.033731   0.304909   0.691655   0.682422   0.436574   0.784951   0.396963   0.586417   0.036388   0.305437   0.690941   0.684498   0.439233   0.785908   0.399631   0.582961   0.033478   0.305890   0.690198   0.686079   0.441268   0.788491   0.401676   0.582363   0.032394   0.306170   0.689692   0.686336   0.441606   0.790044   0.402017   0.581608   0.032312   0.306951   0.689033   0.686023   0.441204   0.790117   0.401613   0.580433   0.032000   0.316795   0.685519   0.689467   0.445720   0.789370   0.406165   0.579951   0.029720   0.343134   0.678423   0.695733   0.453935   0.788009   0.414445   0.585694   0.027489   0.378918   0.670811   0.702158   0.462411   0.787438   0.422998   0.597838   0.029865   0.413578   0.664699   0.709713   0.472511   0.787849   0.433216   0.609751   0.035474   0.438769   0.660899   0.716985   0.482387   0.788002   0.443235   0.619586   0.041085   0.446197   0.660275   0.722664   0.490203   0.787911   0.451184   0.627124   0.045096   0.431848   0.663218   0.725184   0.493712   0.787379   0.454760   0.631947   0.046258   0.401138   0.668845   0.723917   0.491958   0.786333   0.452974   0.633956   0.043698   0.363419   0.675814   0.719678   0.486074   0.785495   0.446981   0.634278   0.037645   0.328944   0.682836   0.712677   0.476424   0.785478   0.437165   0.635481   0.030676   0.309960   0.688089   0.703804   0.464348   0.785936   0.424909   0.634190   0.028393   0.305810   0.689944   0.698387   0.457061   0.786647   0.417530   0.628519   0.029554   0.305826   0.689832   0.696808   0.454986   0.787139   0.415438   0.622555   0.029791   0.305894   0.689651   0.695444   0.453213   0.787113   0.413654   0.617382   0.029781   0.305994   0.689470   0.694111   0.451491   0.787034   0.411923   0.612854   0.030197   0.306049   0.689379   0.692571   0.449505   0.786824   0.409928   0.608476   0.030803   0.306072   0.689292   0.691171   0.447712   0.786736   0.408128   0.604298   0.031061   0.306117   0.689134   0.690187   0.446466   0.787183   0.406880   0.600746   0.031181 
 23   0.126876   0.687441   0.664166   0.414798   0.937891   0.375388   0.570661   0.033900   0.303687   0.695387   0.670413   0.422155   0.936534   0.382662   0.569024   0.030977   0.303861   0.694844   0.670524   0.422136   0.937257   0.382615   0.565354   0.030989   0.303976   0.694296   0.670721   0.422266   0.939618   0.382724   0.562339   0.031116   0.304058   0.694044   0.669574   0.420766   0.940967   0.381213   0.557998   0.031492   0.304712   0.693932   0.667558   0.418204   0.940995   0.378645   0.551745   0.032522   0.314982   0.691902   0.667705   0.418313   0.940447   0.378741   0.544507   0.035838   0.340849   0.686683   0.671889   0.423461   0.939459   0.383870   0.539610   0.040590   0.374043   0.680245   0.680073   0.433784   0.939045   0.394201   0.538620   0.045401   0.406062   0.674463   0.691635   0.448783   0.939872   0.409289   0.538927   0.050799   0.425834   0.670979   0.702847   0.463737   0.940474   0.424409   0.538370   0.054640   0.427883   0.670399   0.711028   0.474987   0.940473   0.435848   0.537154   0.056116   0.413887   0.672336   0.715568   0.481425   0.940075   0.442431   0.536088   0.054966   0.387457   0.676296   0.716030   0.482250   0.939027   0.443306   0.535709   0.050749   0.355281   0.680976   0.713398   0.478784   0.938340   0.439807   0.538439   0.042201   0.323952   0.686077   0.705690   0.468310   0.938377   0.429177   0.545313   0.031474   0.306703   0.690791   0.693931   0.452417   0.938665   0.413064   0.548919   0.028826   0.303668   0.692829   0.685980   0.441865   0.939317   0.402403   0.547543   0.031511   0.303561   0.692918   0.682237   0.437033   0.940043   0.397546   0.546466   0.031503   0.303405   0.693005   0.678767   0.432579   0.940338   0.393073   0.545821   0.030838   0.303231   0.693125   0.675432   0.428333   0.940215   0.388816   0.544816   0.031091   0.303147   0.693142   0.672551   0.424687   0.940029   0.385164   0.543420   0.032016   0.303138   0.693021   0.670227   0.421753   0.940157   0.382227   0.542397   0.032299   0.303079   0.692908   0.668273   0.419318   0.940717   0.379795   0.541682   0.031890 
 24   0.135215   0.685965   0.591122   0.332327   0.624890   0.294420   0.456762   0.036660   0.303733   0.692419   0.607368   0.348690   0.623139   0.310154   0.459715   0.040111   0.304115   0.691882   0.608195   0.349550   0.624012   0.310985   0.457888   0.037928   0.304416   0.691280   0.608622   0.349992   0.626393   0.311412   0.457943   0.037377   0.304594   0.690852   0.608211   0.349541   0.627792   0.310972   0.457571   0.037229   0.306350   0.689241   0.608911   0.350286   0.627794   0.311695   0.457053   0.037274   0.322837   0.682322   0.614687   0.356648   0.627033   0.317909   0.459043   0.035745   0.362173   0.670623   0.622282   0.365125   0.625698   0.326209   0.467064   0.036127   0.411502   0.659416   0.629227   0.373024   0.625160   0.333970   0.479590   0.042477   0.454281   0.651833   0.636392   0.381289   0.625548   0.342110   0.492244   0.051593   0.478775   0.649189   0.641727   0.387526   0.625704   0.348268   0.503351   0.060058   0.477751   0.651819   0.644434   0.390716   0.625663   0.351423   0.511609   0.065765   0.452881   0.658679   0.643751   0.389901   0.625245   0.350615   0.516330   0.066895   0.414007   0.667675   0.639850   0.385296   0.624372   0.346061   0.517340   0.062539   0.370987   0.677273   0.634090   0.378569   0.623631   0.339420   0.515121   0.054397   0.333187   0.686269   0.627363   0.370821   0.623611   0.331791   0.510947   0.045845   0.310887   0.692567   0.620348   0.362853   0.624048   0.323965   0.505079   0.041301   0.304710   0.694543   0.616309   0.358314   0.624704   0.319515   0.498194   0.040878   0.304469   0.694210   0.615105   0.356991   0.625129   0.318224   0.492008   0.041083   0.304351   0.693825   0.613919   0.355696   0.625067   0.316960   0.486985   0.041403   0.304281   0.693451   0.612765   0.354442   0.624999   0.315739   0.482623   0.041953   0.304232   0.693141   0.611533   0.353109   0.624825   0.314441   0.478372   0.042280   0.304153   0.692872   0.610352   0.351838   0.624739   0.313204   0.474353   0.042251   0.304057   0.692603   0.609400   0.350824   0.625136   0.312220   0.470815   0.042137 
