timestamp=                2022-01-13T10:31:01.803326
shape=                    (5, 5)
sigma=                    2.5
nepochs=                  5
rate=                     0.00724
neighborhood function=    gaussian
init weights=             pca
topology=                 hexagonal
activation distance=      euclidean
output type=              labels
mapfile_prefix=           2020_5x5_5_00724_02
apply classification=     False
apply activation=         False
seed=                     None
random order=             True
custom init file=         None
decay_function=           3

quantization error=       0.35775187
topographic error=        0.14120612

############ NEURONS #############
 25 192
  0   0.157612   0.706478   0.380519   0.153520   0.202573   0.127552   0.212191   0.155246   0.280418   0.720875   0.353026   0.136023   0.202331   0.112021   0.199523   0.242313   0.280351   0.717962   0.353979   0.136564   0.202889   0.112493   0.199367   0.262912   0.279902   0.715544   0.354690   0.136978   0.204567   0.112854   0.199513   0.282959   0.279657   0.713675   0.354420   0.136818   0.205425   0.112714   0.199734   0.301484   0.297128   0.704596   0.357319   0.138534   0.205240   0.114219   0.200361   0.314297   0.364081   0.676087   0.368171   0.145201   0.204536   0.120101   0.202643   0.322847   0.476634   0.634802   0.383630   0.155057   0.203400   0.128851   0.205757   0.334778   0.596888   0.596680   0.399802   0.165770   0.203115   0.138424   0.209042   0.343546   0.695275   0.569230   0.414940   0.176154   0.203735   0.147758   0.212362   0.339341   0.756289   0.556968   0.426719   0.184488   0.204062   0.155289   0.215389   0.332247   0.767552   0.563382   0.433890   0.189693   0.204157   0.160013   0.218221   0.328300   0.725567   0.587767   0.435368   0.190795   0.203938   0.161018   0.220525   0.325350   0.641973   0.623853   0.430957   0.187593   0.203319   0.158112   0.221427   0.317674   0.532021   0.667242   0.421390   0.180742   0.202708   0.151909   0.220465   0.310493   0.414807   0.713216   0.406432   0.170330   0.202509   0.142525   0.217965   0.312746   0.316888   0.751659   0.387415   0.157541   0.202599   0.131067   0.214026   0.316615   0.272705   0.765748   0.373216   0.148290   0.202951   0.122823   0.209440   0.320018   0.269040   0.760239   0.366722   0.144237   0.203178   0.119239   0.205344   0.325321   0.269171   0.753389   0.362217   0.141499   0.202996   0.116828   0.202153   0.334026   0.269572   0.747413   0.358238   0.139115   0.202902   0.114733   0.199663   0.341062   0.269907   0.742436   0.354698   0.137014   0.202823   0.112890   0.197275   0.338174   0.269931   0.738310   0.351754   0.135279   0.202787   0.111371   0.195020   0.333144   0.269530   0.734846   0.349381   0.133894   0.203071   0.110159   0.193112   0.333257 
  1   0.161376   0.705122   0.373881   0.148790   0.208363   0.123284   0.216224   0.065417   0.292468   0.718587   0.354965   0.136752   0.207478   0.112600   0.205322   0.085498   0.293091   0.716815   0.355907   0.137280   0.208096   0.113059   0.206222   0.092319   0.293027   0.715863   0.355911   0.137285   0.209906   0.113064   0.206489   0.099424   0.293035   0.715149   0.355122   0.136824   0.210920   0.112661   0.206390   0.105591   0.303885   0.704430   0.360302   0.139835   0.210828   0.115292   0.207991   0.110524   0.350795   0.673175   0.373449   0.147833   0.210150   0.122334   0.211206   0.120089   0.434901   0.632301   0.387753   0.156998   0.209014   0.130473   0.214740   0.138055   0.527228   0.597670   0.401641   0.166197   0.208649   0.138689   0.219574   0.153732   0.604348   0.575659   0.414421   0.174911   0.209160   0.146509   0.225177   0.160295   0.649567   0.570223   0.424288   0.181823   0.209420   0.152741   0.230875   0.164662   0.651434   0.582446   0.429899   0.185834   0.209466   0.156370   0.236277   0.168985   0.609504   0.609034   0.430324   0.186138   0.209193   0.156645   0.240458   0.170023   0.538308   0.642528   0.425904   0.182955   0.208511   0.153763   0.242305   0.163923   0.454145   0.678142   0.417842   0.177241   0.207885   0.148601   0.241697   0.153611   0.372450   0.712211   0.406310   0.169265   0.207792   0.141425   0.239265   0.143091   0.313724   0.737177   0.392123   0.159762   0.208039   0.132922   0.235147   0.129996   0.290338   0.745963   0.380750   0.152395   0.208486   0.126367   0.229742   0.120818   0.287670   0.744141   0.374108   0.148252   0.208770   0.122704   0.224271   0.119292   0.286967   0.741469   0.368972   0.145112   0.208639   0.119937   0.219729   0.122823   0.286834   0.738725   0.364381   0.142343   0.208544   0.117504   0.216110   0.126362   0.286636   0.736409   0.360055   0.139762   0.208402   0.115239   0.212676   0.124548   0.286200   0.734603   0.356283   0.137534   0.208325   0.113286   0.209322   0.121672   0.285744   0.733023   0.353288   0.135782   0.208616   0.111754   0.206425   0.121901 
  2   0.159196   0.698339   0.428413   0.184635   0.285273   0.155267   0.265130   0.047992   0.302127   0.705679   0.420302   0.178414   0.284475   0.149575   0.257674   0.060202   0.302582   0.704746   0.420852   0.178763   0.285135   0.149883   0.258797   0.063461   0.302765   0.704055   0.421149   0.178970   0.287033   0.150070   0.259470   0.067313   0.302936   0.703546   0.420654   0.178629   0.288125   0.149764   0.259714   0.071043   0.307544   0.699264   0.422737   0.180053   0.288050   0.151041   0.260776   0.073872   0.334505   0.683370   0.430270   0.185391   0.287349   0.155862   0.263962   0.076471   0.389680   0.659334   0.439810   0.192354   0.286164   0.162182   0.269474   0.084991   0.452221   0.638582   0.449629   0.199683   0.285733   0.168859   0.276987   0.098130   0.501666   0.626955   0.459003   0.206796   0.286209   0.175358   0.285212   0.108686   0.526028   0.626301   0.465763   0.212009   0.286477   0.180134   0.292744   0.117410   0.521522   0.635011   0.469156   0.214668   0.286522   0.182577   0.298305   0.123908   0.492675   0.649661   0.469064   0.214607   0.286224   0.182523   0.301033   0.125661   0.449063   0.666758   0.465611   0.211896   0.285508   0.180032   0.300744   0.120699   0.397981   0.684877   0.459474   0.207108   0.284875   0.175636   0.298056   0.110764   0.348061   0.702660   0.451222   0.200785   0.284819   0.169850   0.293626   0.098898   0.313939   0.715770   0.441845   0.193765   0.285125   0.163451   0.287789   0.087697   0.301574   0.720469   0.434896   0.188681   0.285639   0.158835   0.281660   0.082304   0.299974   0.720052   0.431011   0.185920   0.285976   0.156339   0.276359   0.081967   0.299257   0.719160   0.427888   0.183726   0.285876   0.154361   0.272028   0.084620   0.298901   0.718116   0.425058   0.181756   0.285788   0.152587   0.268405   0.087455   0.298515   0.717224   0.422216   0.179795   0.285644   0.150824   0.264918   0.086778   0.297978   0.716553   0.419545   0.177966   0.285585   0.149182   0.261530   0.085432   0.297392   0.715971   0.417255   0.176414   0.285917   0.147791   0.258481   0.085927 
  3   0.147411   0.698138   0.531641   0.267700   0.479758   0.231984   0.365407   0.037665   0.303399   0.705546   0.541644   0.276195   0.478260   0.239892   0.363988   0.042028   0.303900   0.704958   0.541422   0.275973   0.479023   0.239680   0.363810   0.041572   0.304105   0.704487   0.540875   0.275470   0.481154   0.239205   0.364058   0.042208   0.304152   0.704220   0.539805   0.274491   0.482369   0.238281   0.363541   0.043279   0.307734   0.700773   0.542207   0.276683   0.482290   0.240349   0.364632   0.043986   0.332146   0.688668   0.550614   0.284606   0.481525   0.247864   0.369475   0.043264   0.384557   0.670797   0.559269   0.292987   0.480218   0.255850   0.378749   0.047080   0.445349   0.655073   0.566780   0.300410   0.479730   0.262949   0.391460   0.057971   0.492123   0.645962   0.574152   0.307792   0.480201   0.270026   0.404270   0.069993   0.511405   0.645136   0.579121   0.312825   0.480427   0.274861   0.415326   0.080219   0.501498   0.651517   0.580990   0.314723   0.480431   0.276685   0.423387   0.086498   0.469758   0.662387   0.579724   0.313406   0.480085   0.275414   0.427531   0.087185   0.426712   0.675127   0.575547   0.309115   0.479299   0.271283   0.427559   0.081876   0.380915   0.687913   0.569479   0.302961   0.478595   0.265370   0.424112   0.071604   0.339947   0.699595   0.562441   0.295953   0.478525   0.258658   0.418366   0.059363   0.313823   0.708070   0.555143   0.288819   0.478872   0.251849   0.410809   0.050490   0.305099   0.711117   0.550391   0.284255   0.479442   0.247507   0.402690   0.047269   0.304013   0.710982   0.548238   0.282249   0.479804   0.245608   0.395752   0.046734   0.303293   0.710703   0.546317   0.280477   0.479695   0.243934   0.389878   0.047368   0.302801   0.710323   0.544564   0.278871   0.479630   0.242418   0.384760   0.048318   0.302488   0.709914   0.542742   0.277205   0.479517   0.240846   0.380112   0.048606   0.302140   0.709640   0.540856   0.275488   0.479484   0.239228   0.375666   0.048684   0.301843   0.709335   0.539235   0.274027   0.479877   0.237852   0.371565   0.048917 
  4   0.142182   0.697694   0.577501   0.311798   0.576016   0.273971   0.423410   0.037159   0.304180   0.704659   0.592930   0.326634   0.574594   0.288090   0.424695   0.040947   0.304736   0.704005   0.593443   0.327137   0.575404   0.288571   0.423279   0.038714   0.305065   0.703435   0.593280   0.326958   0.577660   0.288397   0.423745   0.038711   0.305183   0.703097   0.592420   0.326069   0.578944   0.287539   0.423487   0.039442   0.308126   0.700320   0.594320   0.328007   0.578879   0.289404   0.424005   0.039913   0.330198   0.690490   0.602140   0.336276   0.578099   0.297406   0.428411   0.038688   0.378952   0.675824   0.610740   0.345583   0.576750   0.306450   0.438519   0.040966   0.437985   0.662596   0.618123   0.353755   0.576249   0.314423   0.452426   0.050025   0.487002   0.654316   0.625408   0.361949   0.576736   0.322441   0.466291   0.060720   0.511194   0.652463   0.630385   0.367620   0.576954   0.328004   0.478398   0.069847   0.505100   0.656857   0.632223   0.369722   0.576939   0.330067   0.487525   0.075517   0.473510   0.665815   0.630678   0.367938   0.576559   0.328312   0.492684   0.076035   0.428634   0.676687   0.626145   0.362752   0.575716   0.323223   0.493576   0.070714   0.380981   0.687829   0.619859   0.355648   0.574974   0.316265   0.490762   0.061064   0.339180   0.698143   0.612791   0.347781   0.574897   0.308582   0.485478   0.050395   0.313653   0.705564   0.605428   0.339711   0.575251   0.300723   0.478184   0.043839   0.305808   0.708176   0.600851   0.334768   0.575843   0.295921   0.469987   0.042322   0.305141   0.707987   0.599141   0.332978   0.576227   0.294192   0.462782   0.042149   0.304778   0.707648   0.597592   0.331367   0.576131   0.292638   0.456755   0.042375   0.304505   0.707301   0.596182   0.329911   0.576071   0.291235   0.451456   0.042889   0.304319   0.706946   0.594746   0.328432   0.575961   0.289810   0.446572   0.043235   0.304168   0.706597   0.593365   0.327016   0.575944   0.288448   0.442006   0.043264   0.304004   0.706282   0.592229   0.325863   0.576364   0.287339   0.437727   0.043396 
  5   0.151118   0.699422   0.470693   0.216720   0.340053   0.184596   0.283525   0.143964   0.286523   0.707304   0.460523   0.208735   0.342755   0.177258   0.270813   0.234415   0.285678   0.705327   0.462655   0.210392   0.343242   0.178779   0.269763   0.263523   0.284562   0.703674   0.464427   0.211773   0.345027   0.180048   0.269580   0.288087   0.283540   0.702516   0.465029   0.212242   0.345920   0.180479   0.269534   0.309563   0.297035   0.697432   0.467579   0.214210   0.345665   0.182283   0.270027   0.324659   0.354837   0.679730   0.477103   0.221824   0.344867   0.189307   0.273324   0.322503   0.454474   0.652874   0.491531   0.233793   0.343653   0.200418   0.278171   0.319938   0.560299   0.627688   0.506873   0.247012   0.343363   0.212771   0.282917   0.325565   0.647295   0.608858   0.520835   0.259412   0.343979   0.224422   0.287789   0.321064   0.702801   0.599365   0.531257   0.268924   0.344266   0.233403   0.292125   0.313033   0.714431   0.602006   0.536990   0.274290   0.344329   0.238491   0.295919   0.307081   0.679194   0.616751   0.537229   0.274560   0.344097   0.238756   0.298792   0.302436   0.607245   0.640037   0.532066   0.269755   0.343458   0.234203   0.300063   0.294951   0.510120   0.669352   0.522301   0.260780   0.342783   0.225719   0.298959   0.289202   0.406038   0.700856   0.508444   0.248385   0.342557   0.214059   0.294997   0.293363   0.317739   0.728463   0.490745   0.233124   0.342687   0.199795   0.288469   0.306742   0.276086   0.739982   0.477936   0.222413   0.343062   0.189838   0.281338   0.325230   0.271796   0.737012   0.473313   0.218723   0.343251   0.186435   0.275804   0.341160   0.271215   0.732768   0.470311   0.216377   0.343021   0.184279   0.271843   0.355719   0.270971   0.728953   0.467637   0.214302   0.342954   0.182375   0.268831   0.366692   0.271013   0.725673   0.465148   0.212379   0.342923   0.180612   0.266238   0.367402   0.271109   0.722862   0.462925   0.210672   0.342920   0.179048   0.263704   0.363787   0.270778   0.720434   0.461155   0.209325   0.343270   0.177817   0.261363   0.362509 
  6   0.151581   0.709361   0.429946   0.186227   0.329626   0.156781   0.251167   0.062443   0.286323   0.727334   0.432700   0.187778   0.328579   0.158118   0.242930   0.069540   0.286216   0.725747   0.433572   0.188403   0.329207   0.158683   0.240588   0.071422   0.285454   0.724673   0.433781   0.188584   0.331080   0.158852   0.237925   0.076734   0.284604   0.723806   0.432861   0.187973   0.332077   0.158306   0.235152   0.083133   0.300072   0.708590   0.443866   0.195877   0.331917   0.165464   0.237774   0.087544   0.364761   0.669315   0.468528   0.214466   0.331152   0.182437   0.244415   0.097235   0.476757   0.623615   0.491937   0.233438   0.329867   0.199974   0.249018   0.122028   0.597627   0.587135   0.512499   0.251013   0.329381   0.216370   0.253402   0.146888   0.697313   0.563624   0.530392   0.266901   0.329791   0.231290   0.258716   0.158222   0.758092   0.555609   0.543633   0.279068   0.329901   0.242785   0.265115   0.163898   0.764241   0.566022   0.550983   0.286052   0.329813   0.249421   0.272543   0.168372   0.712469   0.593556   0.551321   0.286500   0.329456   0.249868   0.279876   0.169867   0.619177   0.631050   0.544596   0.280236   0.328738   0.243936   0.285480   0.165375   0.506615   0.671748   0.532467   0.268990   0.328114   0.233295   0.288100   0.155521   0.397478   0.710129   0.516108   0.254227   0.328055   0.219390   0.287260   0.140044   0.313554   0.742076   0.493020   0.234409   0.328390   0.200887   0.282813   0.114099   0.277808   0.756221   0.472794   0.217796   0.328951   0.185494   0.274397   0.095944   0.274984   0.754527   0.462659   0.209897   0.329301   0.178241   0.265521   0.093380   0.274651   0.751111   0.456075   0.204877   0.329185   0.173650   0.258869   0.094824   0.274533   0.747860   0.450608   0.200788   0.329127   0.169922   0.253309   0.097318   0.274886   0.744813   0.445577   0.197085   0.329050   0.166555   0.248478   0.096898   0.275361   0.742104   0.440909   0.193692   0.329022   0.163477   0.244069   0.095662   0.275525   0.739793   0.436898   0.190823   0.329352   0.160880   0.239998   0.096222 
  7   0.153288   0.699050   0.479206   0.223030   0.382461   0.190335   0.310781   0.040617   0.302477   0.707154   0.483394   0.225752   0.381329   0.192746   0.307655   0.046639   0.302873   0.706311   0.483705   0.225964   0.382017   0.192935   0.307974   0.047332   0.303019   0.705635   0.484029   0.226214   0.384021   0.193165   0.308096   0.049054   0.303115   0.705148   0.483539   0.225821   0.385171   0.192802   0.307697   0.051410   0.307503   0.701004   0.486183   0.227931   0.385083   0.194747   0.308814   0.053286   0.334489   0.686189   0.494941   0.235173   0.384336   0.201462   0.313055   0.054451   0.391576   0.663802   0.505249   0.243984   0.383069   0.209677   0.320178   0.061225   0.457614   0.643996   0.515613   0.253057   0.382585   0.218173   0.329646   0.074412   0.508931   0.632579   0.525351   0.261736   0.383032   0.226325   0.339782   0.087168   0.531911   0.631474   0.532173   0.267941   0.383250   0.232175   0.348950   0.097725   0.523804   0.639563   0.535546   0.271078   0.383249   0.235145   0.355729   0.105278   0.491543   0.653446   0.534993   0.270588   0.382916   0.234685   0.359420   0.107864   0.445287   0.669671   0.530621   0.266546   0.382174   0.230864   0.359774   0.103357   0.393560   0.686349   0.523564   0.260090   0.381520   0.224771   0.357166   0.092426   0.345736   0.701847   0.514888   0.252312   0.381472   0.217457   0.352404   0.078195   0.314008   0.713122   0.505426   0.244035   0.381824   0.209709   0.345847   0.065815   0.302791   0.717222   0.498613   0.238211   0.382392   0.204277   0.338631   0.060108   0.301461   0.716880   0.495155   0.235336   0.382755   0.201610   0.332273   0.059094   0.300626   0.716322   0.492332   0.233017   0.382650   0.199462   0.326816   0.060274   0.300000   0.715723   0.489771   0.230935   0.382577   0.197537   0.322100   0.061912   0.299611   0.715077   0.487275   0.228922   0.382458   0.195679   0.317840   0.061917   0.299232   0.714559   0.484778   0.226921   0.382416   0.193834   0.313787   0.061297   0.298857   0.714038   0.482636   0.225225   0.382777   0.192272   0.310098   0.061363 
  8   0.137797   0.696970   0.618428   0.354790   0.662793   0.315549   0.486864   0.035096   0.305774   0.703245   0.636478   0.374278   0.660902   0.334482   0.491299   0.039649   0.306310   0.702622   0.637560   0.375497   0.661748   0.335675   0.489157   0.037262   0.306720   0.701950   0.638390   0.376430   0.664124   0.336588   0.489428   0.036067   0.306978   0.701461   0.638311   0.376322   0.665485   0.336479   0.489131   0.035895   0.308895   0.699809   0.639293   0.377442   0.665440   0.337577   0.488686   0.035862   0.325669   0.693134   0.645649   0.384942   0.664664   0.344980   0.491164   0.033949   0.365289   0.682157   0.653911   0.394805   0.663313   0.354733   0.500202   0.034101   0.416001   0.671574   0.661507   0.404034   0.662818   0.363889   0.513669   0.040642   0.462417   0.663961   0.669524   0.413969   0.663315   0.373781   0.526781   0.050106   0.490593   0.660886   0.675810   0.421910   0.663517   0.381717   0.538071   0.058480   0.490969   0.662904   0.679226   0.426292   0.663465   0.386108   0.546690   0.063930   0.465389   0.669137   0.678935   0.425948   0.663032   0.385769   0.552054   0.065013   0.424262   0.677737   0.675105   0.421092   0.662113   0.380914   0.553838   0.060852   0.378376   0.687087   0.668961   0.413357   0.661310   0.373189   0.552497   0.052682   0.337681   0.695979   0.661423   0.403970   0.661221   0.363834   0.549457   0.043413   0.313433   0.702553   0.652923   0.393532   0.661587   0.353458   0.544012   0.038578   0.306783   0.704893   0.647650   0.387135   0.662203   0.347113   0.536392   0.038317   0.306566   0.704689   0.645997   0.385185   0.662619   0.345189   0.529446   0.038336   0.306515   0.704372   0.644514   0.383449   0.662556   0.343478   0.523868   0.038131   0.306509   0.704025   0.643173   0.381889   0.662525   0.341943   0.519144   0.038149   0.306497   0.703741   0.641752   0.380244   0.662422   0.340325   0.514667   0.038304   0.306456   0.703499   0.640417   0.378709   0.662405   0.338817   0.510284   0.038436   0.306380   0.703248   0.639426   0.377580   0.662854   0.337709   0.506276   0.038657 
  9   0.133627   0.696893   0.650709   0.391682   0.740476   0.351763   0.545195   0.032774   0.306296   0.703053   0.670230   0.414533   0.738602   0.374286   0.552819   0.036292   0.306845   0.702284   0.672445   0.417283   0.739456   0.377026   0.549395   0.034100   0.307296   0.701523   0.674194   0.419460   0.741918   0.379195   0.548673   0.032940   0.307555   0.701027   0.674605   0.419962   0.743347   0.379693   0.547723   0.032829   0.308929   0.699899   0.675232   0.420727   0.743341   0.380452   0.546591   0.032513   0.322247   0.695016   0.680724   0.427756   0.742588   0.387492   0.547503   0.030044   0.355376   0.686359   0.688801   0.438169   0.741244   0.397933   0.555507   0.028439   0.399434   0.677578   0.696545   0.448272   0.740753   0.408087   0.569099   0.032673   0.442133   0.670692   0.705151   0.459718   0.741271   0.419631   0.581850   0.040277   0.471475   0.666865   0.712839   0.470165   0.741471   0.430208   0.592182   0.047321   0.476528   0.667135   0.718123   0.477473   0.741394   0.437631   0.600078   0.052394   0.456310   0.671376   0.719609   0.479564   0.740906   0.439763   0.605462   0.054062   0.419365   0.678188   0.717091   0.476097   0.739897   0.436243   0.608076   0.051143   0.375689   0.686169   0.711624   0.468581   0.739031   0.428618   0.608382   0.044190   0.335924   0.694036   0.703693   0.457782   0.738934   0.417679   0.608569   0.035479   0.312912   0.700109   0.693734   0.444409   0.739306   0.404169   0.605961   0.031702   0.307210   0.702455   0.687384   0.435990   0.739944   0.395684   0.599026   0.032394   0.307140   0.702395   0.685405   0.433443   0.740402   0.393131   0.592111   0.032385   0.307157   0.702247   0.683607   0.431150   0.740380   0.390836   0.586592   0.032138   0.307218   0.702061   0.681969   0.429070   0.740366   0.388757   0.581904   0.032232   0.307245   0.701913   0.680335   0.427009   0.740260   0.386697   0.577324   0.032355   0.307231   0.701784   0.678827   0.425119   0.740250   0.384812   0.572894   0.032394   0.307239   0.701591   0.677776   0.423817   0.740721   0.383516   0.568932   0.032594 
 10   0.145960   0.709584   0.498275   0.239592   0.445059   0.205821   0.308572   0.054187   0.290698   0.728119   0.519959   0.257334   0.443975   0.222253   0.308384   0.056032   0.290251   0.726844   0.520825   0.258097   0.444573   0.222968   0.302460   0.056542   0.289735   0.725869   0.521004   0.258295   0.446550   0.223160   0.298144   0.059330   0.288997   0.725402   0.519795   0.257268   0.447593   0.222204   0.294150   0.063018   0.302229   0.711467   0.528287   0.264760   0.447395   0.229231   0.294631   0.065471   0.361872   0.671096   0.550401   0.285197   0.446539   0.248558   0.300119   0.071001   0.470324   0.618996   0.573881   0.308247   0.445106   0.270587   0.305758   0.089134   0.589723   0.575766   0.595930   0.331034   0.444497   0.292563   0.310920   0.112937   0.687939   0.550541   0.615886   0.352545   0.444781   0.313465   0.316789   0.131454   0.746288   0.546058   0.630344   0.368788   0.444745   0.329367   0.324555   0.146237   0.750766   0.561759   0.637961   0.377677   0.444547   0.338127   0.334307   0.158056   0.698426   0.594309   0.637487   0.377329   0.444143   0.337820   0.344544   0.164404   0.603864   0.637161   0.628827   0.367554   0.443436   0.328242   0.352990   0.162521   0.492009   0.681817   0.613980   0.350935   0.442856   0.311982   0.358158   0.151409   0.388645   0.720182   0.595784   0.331069   0.442898   0.292633   0.359094   0.129284   0.314393   0.747621   0.574720   0.309082   0.443379   0.271388   0.354394   0.099247   0.284363   0.757028   0.557803   0.292154   0.444066   0.255154   0.344766   0.080439   0.282070   0.753471   0.549109   0.283834   0.444466   0.247238   0.334910   0.076159   0.281533   0.749650   0.543241   0.278351   0.444342   0.242044   0.326563   0.075461   0.280819   0.746633   0.538347   0.273862   0.444306   0.237805   0.318738   0.076446   0.280640   0.743937   0.533843   0.269782   0.444266   0.233961   0.311881   0.076535   0.280712   0.741678   0.529379   0.265784   0.444264   0.230201   0.305944   0.075876   0.280813   0.739679   0.525394   0.262255   0.444647   0.226889   0.300629   0.075561 
 11   0.135970   0.707590   0.583364   0.319037   0.621098   0.281148   0.401421   0.053396   0.292817   0.724076   0.616284   0.352471   0.616964   0.313298   0.403182   0.053888   0.292721   0.722517   0.618771   0.355244   0.617555   0.316008   0.392524   0.053081   0.292783   0.721052   0.620198   0.356854   0.619754   0.317585   0.386057   0.054583   0.292775   0.720019   0.619903   0.356567   0.620939   0.317312   0.381467   0.056626   0.303585   0.710045   0.627987   0.365513   0.620774   0.326043   0.381530   0.056961   0.356301   0.681785   0.649343   0.390185   0.619870   0.350312   0.388680   0.059033   0.456293   0.645549   0.672359   0.418323   0.618371   0.378274   0.398652   0.073912   0.570671   0.616134   0.693564   0.445751   0.617774   0.405812   0.407550   0.098501   0.668890   0.599133   0.712811   0.471675   0.618056   0.432034   0.415771   0.121056   0.729712   0.595636   0.726375   0.490573   0.617946   0.451268   0.425240   0.138692   0.734035   0.605503   0.733116   0.500231   0.617686   0.461149   0.435822   0.149656   0.678823   0.626652   0.731942   0.498741   0.617267   0.459660   0.446581   0.153239   0.584086   0.654622   0.722352   0.485460   0.616554   0.446156   0.456405   0.148473   0.475636   0.684608   0.706268   0.463519   0.615946   0.423906   0.463805   0.133411   0.379659   0.710912   0.687416   0.438402   0.615990   0.398546   0.467261   0.108608   0.315471   0.730131   0.666636   0.411686   0.616504   0.371745   0.463575   0.082448   0.291611   0.737185   0.651179   0.392468   0.617193   0.352586   0.453417   0.067692   0.289890   0.735418   0.643841   0.383756   0.617540   0.343974   0.442578   0.062830   0.289102   0.733470   0.638666   0.377739   0.617357   0.338049   0.433242   0.060934   0.288519   0.731578   0.634988   0.373528   0.617303   0.333914   0.424800   0.061352   0.288211   0.729986   0.631460   0.369543   0.617235   0.330009   0.417014   0.062100   0.288170   0.728614   0.627699   0.365323   0.617208   0.325880   0.409903   0.062530   0.288248   0.727274   0.624259   0.361511   0.617635   0.322158   0.403295   0.062993 
 12   0.130729   0.698388   0.662913   0.407186   0.780536   0.367271   0.529277   0.045955   0.303209   0.705538   0.691049   0.441726   0.778551   0.401622   0.528411   0.049640   0.303937   0.704152   0.697900   0.450794   0.779367   0.410761   0.519224   0.044652   0.304477   0.703197   0.702372   0.456724   0.781869   0.416738   0.514667   0.042515   0.304851   0.702503   0.704673   0.459793   0.783309   0.419835   0.511020   0.042264   0.309127   0.699187   0.710392   0.467381   0.783360   0.427487   0.509431   0.040942   0.335504   0.689927   0.725314   0.487917   0.782687   0.448335   0.516163   0.035001   0.393074   0.676940   0.742453   0.512241   0.781421   0.473166   0.533682   0.030337   0.467278   0.664336   0.758001   0.535054   0.780876   0.496598   0.552200   0.034374   0.541517   0.654157   0.774412   0.559908   0.781191   0.522277   0.565246   0.043215   0.598252   0.647920   0.789079   0.582840   0.781088   0.546109   0.575491   0.052335   0.612740   0.648085   0.799377   0.599364   0.780685   0.563363   0.585268   0.060145   0.577448   0.654920   0.803018   0.605331   0.779929   0.569619   0.595084   0.065044   0.510834   0.665600   0.799513   0.599671   0.778720   0.563702   0.604576   0.064686   0.431354   0.677813   0.790092   0.584515   0.777818   0.547868   0.614353   0.058583   0.358556   0.689536   0.774593   0.560081   0.777796   0.522437   0.625507   0.046706   0.315989   0.699664   0.752735   0.526822   0.778231   0.488048   0.628275   0.039727   0.304770   0.704611   0.737497   0.504277   0.778925   0.464861   0.619463   0.040038   0.304548   0.704891   0.732572   0.497275   0.779472   0.457712   0.609606   0.039099   0.304645   0.704801   0.728970   0.492211   0.779579   0.452552   0.601964   0.037975   0.304798   0.704594   0.725895   0.487916   0.779625   0.448182   0.595608   0.037708   0.304753   0.704529   0.722836   0.483683   0.779503   0.443882   0.589367   0.037682   0.304541   0.704590   0.719939   0.479718   0.779505   0.439862   0.583072   0.037488   0.304438   0.704511   0.717658   0.476627   0.780034   0.436734   0.577422   0.037421 
 13   0.126310   0.701407   0.706700   0.462046   0.946421   0.422028   0.612734   0.031109   0.304166   0.711854   0.713022   0.470265   0.944938   0.430283   0.611712   0.030662   0.304622   0.710641   0.712322   0.469208   0.945941   0.429193   0.606903   0.029692   0.305004   0.709427   0.712460   0.469328   0.948441   0.429301   0.604579   0.028252   0.305265   0.708533   0.711620   0.468146   0.949738   0.428097   0.602531   0.027603   0.307372   0.707217   0.710896   0.467090   0.949571   0.427014   0.600141   0.027178   0.324391   0.701871   0.714531   0.471962   0.948571   0.431935   0.599268   0.027306   0.365927   0.690937   0.724577   0.485825   0.946878   0.446009   0.602577   0.029635   0.425421   0.677555   0.741099   0.509369   0.946179   0.470054   0.609541   0.035940   0.488787   0.665070   0.762299   0.540781   0.946570   0.502367   0.617123   0.043477   0.538394   0.655923   0.784184   0.574677   0.946455   0.537524   0.623123   0.048229   0.558598   0.652292   0.803845   0.606461   0.945936   0.570756   0.627090   0.050397   0.539795   0.655750   0.818369   0.630811   0.945036   0.596391   0.629225   0.051174   0.485897   0.665527   0.825493   0.643097   0.943752   0.609395   0.630331   0.050759   0.414361   0.678639   0.824679   0.641767   0.942765   0.608003   0.632569   0.047403   0.349988   0.691371   0.814776   0.624947   0.942529   0.590252   0.639553   0.040114   0.314089   0.701248   0.795896   0.593705   0.942882   0.557440   0.644676   0.035896   0.305026   0.705535   0.780075   0.568165   0.943716   0.530741   0.642987   0.036676   0.304915   0.705917   0.771280   0.554453   0.944357   0.516501   0.640565   0.036969   0.304875   0.706307   0.762829   0.541522   0.944381   0.503120   0.638597   0.036294   0.304806   0.706661   0.755095   0.529887   0.944447   0.491117   0.636262   0.035394   0.304792   0.706843   0.748361   0.519900   0.944584   0.480842   0.633751   0.034221   0.304871   0.706841   0.742662   0.511562   0.944837   0.472285   0.631373   0.032927   0.304969   0.706728   0.737916   0.504706   0.945458   0.465266   0.629163   0.032221 
 14   0.129090   0.697445   0.692584   0.443324   0.833511   0.403150   0.625376   0.033294   0.306968   0.704257   0.708358   0.463566   0.832029   0.423434   0.631322   0.036490   0.307544   0.703683   0.709319   0.464940   0.832989   0.424837   0.626459   0.034255   0.308011   0.703027   0.710117   0.466083   0.835575   0.426005   0.624472   0.033017   0.308316   0.702581   0.709619   0.465457   0.837096   0.425381   0.622551   0.032928   0.309083   0.702050   0.708484   0.463972   0.837141   0.423887   0.620297   0.032815   0.318568   0.698938   0.710876   0.467389   0.836378   0.427377   0.619188   0.031224   0.344368   0.692291   0.716295   0.474921   0.834953   0.435035   0.624759   0.029735   0.380196   0.684728   0.722733   0.483811   0.834412   0.444063   0.636795   0.032189   0.415620   0.678311   0.730797   0.495106   0.834983   0.455563   0.648520   0.037360   0.442055   0.674024   0.738694   0.506346   0.835275   0.467041   0.657847   0.042343   0.450464   0.672852   0.744950   0.515367   0.835236   0.476275   0.664717   0.045860   0.436544   0.675338   0.748143   0.520007   0.834692   0.481032   0.668949   0.046560   0.405421   0.680793   0.747554   0.519128   0.833591   0.480127   0.670539   0.044043   0.366620   0.687807   0.743802   0.513621   0.832702   0.474472   0.670619   0.038226   0.331139   0.694903   0.736775   0.503387   0.832607   0.463978   0.672392   0.031027   0.311683   0.700195   0.727446   0.489952   0.832969   0.450229   0.671444   0.028525   0.307589   0.702047   0.721632   0.481675   0.833631   0.441779   0.665365   0.029645   0.307641   0.701910   0.719761   0.479080   0.834116   0.439142   0.659308   0.029714   0.307744   0.701729   0.718041   0.476717   0.834093   0.436745   0.654195   0.029553   0.307873   0.701559   0.716354   0.474417   0.834035   0.434415   0.649690   0.029820   0.307977   0.701461   0.714554   0.471977   0.833904   0.431946   0.645299   0.030413   0.308055   0.701367   0.712892   0.469740   0.833921   0.429685   0.641140   0.030865   0.308128   0.701208   0.711691   0.468144   0.834421   0.428076   0.637373   0.031207 
 15   0.125266   0.700111   0.715089   0.473162   0.922059   0.433232   0.625682   0.027148   0.302184   0.709173   0.722055   0.482638   0.920879   0.442828   0.629096   0.029432   0.302687   0.707988   0.723514   0.484716   0.921946   0.444950   0.627804   0.029780   0.303140   0.706928   0.725036   0.486864   0.924525   0.447140   0.627912   0.030155   0.303598   0.706015   0.725611   0.487675   0.925962   0.447967   0.627606   0.030625   0.308697   0.703065   0.729718   0.493356   0.926094   0.453738   0.627735   0.029540   0.336678   0.694408   0.743627   0.513267   0.925532   0.474093   0.632341   0.025398   0.396187   0.680951   0.764704   0.544591   0.924251   0.506336   0.646291   0.022856   0.472141   0.667184   0.789471   0.583203   0.923488   0.546435   0.663399   0.026375   0.549471   0.655643   0.816173   0.626956   0.923765   0.592298   0.674606   0.033009   0.608831   0.648175   0.840158   0.668172   0.923760   0.635886   0.679688   0.039573   0.625496   0.647058   0.858235   0.700526   0.923284   0.670365   0.681124   0.044819   0.589790   0.652657   0.868467   0.719386   0.922317   0.690573   0.681833   0.048089   0.519531   0.662403   0.870529   0.723297   0.920833   0.694787   0.684292   0.048386   0.437725   0.673647   0.865087   0.713237   0.919895   0.684001   0.690846   0.045316   0.361921   0.685348   0.848827   0.683746   0.919771   0.652497   0.703412   0.039675   0.316772   0.697331   0.821091   0.635253   0.919961   0.601044   0.708109   0.038725   0.304637   0.704018   0.799680   0.599051   0.920600   0.562875   0.701655   0.041634   0.304017   0.704842   0.790140   0.583664   0.921252   0.546796   0.696357   0.041729   0.303735   0.705309   0.782356   0.571349   0.921466   0.533974   0.692426   0.040758   0.303612   0.705537   0.775759   0.561083   0.921383   0.523317   0.688992   0.039757   0.303588   0.705597   0.770209   0.552558   0.921247   0.514490   0.685814   0.038886   0.303658   0.705520   0.765644   0.545619   0.921434   0.507317   0.682974   0.038078   0.303795   0.705304   0.761935   0.540041   0.922057   0.501564   0.680574   0.037277 
 16   0.123478   0.699059   0.738727   0.505725   0.931826   0.466282   0.700558   0.023333   0.303429   0.707136   0.743386   0.512386   0.930785   0.473087   0.706533   0.024953   0.303944   0.706037   0.744231   0.513594   0.932074   0.474322   0.708509   0.025884   0.304293   0.705121   0.745141   0.514912   0.934849   0.475671   0.710751   0.026900   0.304559   0.704466   0.744914   0.514585   0.936370   0.475337   0.711513   0.027743   0.309642   0.701889   0.747921   0.518923   0.936524   0.479777   0.712135   0.026789   0.336741   0.693792   0.759785   0.536527   0.935915   0.497889   0.716228   0.023716   0.393799   0.681072   0.778844   0.565812   0.934589   0.528213   0.728807   0.022352   0.467429   0.667956   0.802353   0.603599   0.933686   0.567676   0.745237   0.025835   0.544011   0.656710   0.828130   0.647041   0.933909   0.613448   0.757488   0.031518   0.600370   0.649592   0.851429   0.688120   0.934019   0.657098   0.764452   0.036439   0.608753   0.649306   0.868574   0.719514   0.933606   0.690696   0.766767   0.040211   0.567611   0.655470   0.877647   0.736565   0.932560   0.709033   0.767065   0.042927   0.498237   0.665118   0.878642   0.738495   0.930957   0.711121   0.768582   0.043712   0.421449   0.675770   0.872530   0.727007   0.930050   0.698767   0.774471   0.041631   0.353730   0.686509   0.856565   0.697601   0.930008   0.667261   0.785937   0.037031   0.315549   0.696739   0.831933   0.653608   0.930246   0.620399   0.788961   0.037087   0.306277   0.702039   0.813779   0.622157   0.930968   0.587091   0.782899   0.040251   0.305795   0.702616   0.805437   0.608284   0.931756   0.572511   0.779764   0.040092   0.305614   0.702854   0.798736   0.597316   0.932071   0.561020   0.777986   0.039069   0.305559   0.702953   0.792945   0.587960   0.931912   0.551241   0.776536   0.037746   0.305562   0.702965   0.787975   0.580014   0.931720   0.542952   0.775147   0.036248   0.305567   0.702919   0.783823   0.573444   0.931964   0.536111   0.773576   0.035178   0.305574   0.702823   0.780295   0.567910   0.932655   0.530359   0.771784   0.034559 
 17   0.124542   0.698284   0.733574   0.498283   0.931188   0.458664   0.704535   0.022434   0.304441   0.705700   0.738483   0.505211   0.930129   0.465725   0.710084   0.023328   0.304934   0.704734   0.739337   0.506415   0.931347   0.466952   0.711713   0.024285   0.305378   0.703806   0.740499   0.508074   0.934070   0.468647   0.713900   0.025387   0.305744   0.703100   0.740688   0.508338   0.935581   0.468915   0.714738   0.026174   0.308316   0.701495   0.742239   0.510545   0.935764   0.471168   0.714893   0.025966   0.325363   0.695882   0.750305   0.522327   0.935221   0.483254   0.716057   0.023980   0.362609   0.686441   0.764122   0.542983   0.933954   0.504534   0.723938   0.022146   0.408841   0.676846   0.780944   0.568975   0.933165   0.531476   0.737352   0.024150   0.453136   0.669031   0.799733   0.599032   0.933552   0.562834   0.748606   0.028471   0.485514   0.663937   0.817017   0.627642   0.933820   0.592874   0.756068   0.032347   0.494386   0.662697   0.830355   0.650380   0.933600   0.616880   0.760630   0.035029   0.474972   0.665761   0.838328   0.664246   0.932752   0.631575   0.763113   0.036478   0.434664   0.672023   0.840412   0.667918   0.931302   0.635475   0.765114   0.036350   0.384615   0.679518   0.837432   0.662701   0.930427   0.629940   0.770928   0.032930   0.337942   0.687862   0.825582   0.642276   0.930340   0.608332   0.782923   0.027916   0.312730   0.696052   0.806298   0.609745   0.930532   0.574054   0.786265   0.029485   0.307583   0.700032   0.792597   0.587201   0.931180   0.550409   0.780042   0.034171   0.307116   0.700577   0.785935   0.576581   0.931865   0.539339   0.776260   0.035138   0.306815   0.700928   0.780385   0.567852   0.932097   0.530261   0.773385   0.034745   0.306661   0.701116   0.775619   0.560435   0.931924   0.522563   0.771141   0.033745   0.306595   0.701186   0.771542   0.554150   0.931712   0.516052   0.769225   0.032759   0.306539   0.701203   0.768112   0.548909   0.931902   0.510630   0.767174   0.032087   0.306509   0.701169   0.765227   0.544535   0.932549   0.506113   0.765068   0.031553 
 18   0.126698   0.698094   0.712568   0.469490   0.892406   0.429468   0.652139   0.029845   0.304954   0.705205   0.724415   0.485547   0.891131   0.445716   0.655597   0.031925   0.305567   0.704094   0.727243   0.489528   0.892161   0.449774   0.653096   0.031263   0.306109   0.703077   0.729916   0.493304   0.894795   0.453624   0.652372   0.031175   0.306630   0.702227   0.731443   0.495465   0.896322   0.455827   0.651075   0.031646   0.308560   0.700810   0.733407   0.498226   0.896462   0.458640   0.649653   0.031329   0.322390   0.696061   0.741449   0.509824   0.895904   0.470511   0.649487   0.027897   0.353892   0.687880   0.754023   0.528231   0.894685   0.489403   0.657041   0.023921   0.394223   0.679270   0.767475   0.548422   0.894109   0.510220   0.672482   0.024557   0.433450   0.672032   0.782510   0.571660   0.894598   0.534312   0.686538   0.028484   0.462745   0.667283   0.796473   0.593861   0.894833   0.557449   0.696335   0.033033   0.472234   0.666004   0.807025   0.611050   0.894676   0.575443   0.703483   0.036805   0.457064   0.668552   0.812861   0.620713   0.893973   0.585589   0.708808   0.038682   0.422623   0.674088   0.813443   0.621697   0.892659   0.586627   0.713228   0.037819   0.378249   0.681073   0.809543   0.615230   0.891712   0.579834   0.719945   0.033448   0.336050   0.688883   0.798289   0.596830   0.891602   0.560558   0.731639   0.027701   0.312581   0.696498   0.780640   0.568570   0.891867   0.531070   0.735885   0.028286   0.307604   0.700151   0.768501   0.549550   0.892496   0.511303   0.730439   0.032067   0.307353   0.700498   0.763380   0.541763   0.893067   0.503255   0.725630   0.032683   0.307275   0.700644   0.759306   0.535639   0.893190   0.496941   0.721502   0.032362   0.307287   0.700660   0.755979   0.530681   0.893138   0.491836   0.717797   0.032110   0.307258   0.700697   0.752953   0.526204   0.892967   0.487232   0.713977   0.032335   0.307219   0.700712   0.750380   0.522419   0.893033   0.483345   0.710247   0.032605   0.307243   0.700622   0.748450   0.519604   0.893602   0.480458   0.706805   0.032769 
 19   0.126168   0.697594   0.722859   0.483276   0.923472   0.443387   0.698110   0.024685   0.305949   0.704515   0.727509   0.489660   0.922391   0.449862   0.701529   0.025380   0.306464   0.703860   0.727622   0.489793   0.923540   0.449993   0.701684   0.025948   0.306868   0.703127   0.728200   0.490586   0.926291   0.450797   0.702972   0.026419   0.307216   0.702582   0.727848   0.490076   0.927903   0.450274   0.703097   0.026996   0.308058   0.702020   0.727068   0.488960   0.928115   0.449134   0.702152   0.027343   0.316459   0.699411   0.729266   0.492043   0.927567   0.452273   0.701250   0.027916   0.337493   0.694015   0.735008   0.500185   0.926254   0.460578   0.704247   0.028448   0.364740   0.688041   0.742868   0.511508   0.925593   0.472165   0.712034   0.030856   0.390387   0.683086   0.752286   0.525323   0.926186   0.486346   0.720282   0.035094   0.408500   0.679816   0.761051   0.538420   0.926661   0.499838   0.726509   0.038475   0.413660   0.678726   0.767876   0.548790   0.926688   0.510553   0.730373   0.040208   0.403569   0.680091   0.771974   0.555093   0.926067   0.517081   0.731869   0.040104   0.381037   0.683618   0.772738   0.556298   0.924795   0.518335   0.731650   0.037802   0.351682   0.688450   0.770551   0.552959   0.923944   0.514882   0.732470   0.032496   0.324153   0.694008   0.763343   0.541976   0.923839   0.503526   0.737409   0.026565   0.309987   0.698624   0.752903   0.526239   0.924009   0.487289   0.736655   0.026732   0.307574   0.700415   0.746108   0.516153   0.924571   0.476913   0.729936   0.029733   0.307421   0.700604   0.742687   0.511171   0.925103   0.471804   0.725814   0.029995   0.307338   0.700696   0.739750   0.506928   0.925153   0.467461   0.722141   0.029438   0.307348   0.700694   0.737231   0.503316   0.924919   0.463768   0.718594   0.029319   0.307402   0.700646   0.735046   0.500202   0.924648   0.460589   0.715175   0.029730   0.307458   0.700552   0.733270   0.497687   0.924709   0.458024   0.712227   0.029961   0.307537   0.700408   0.731901   0.495759   0.925227   0.456060   0.709807   0.030138 
 20   0.122047   0.701123   0.737977   0.505341   0.929329   0.466018   0.645110   0.028264   0.300878   0.711137   0.741210   0.509983   0.928285   0.470765   0.650995   0.031726   0.301347   0.709910   0.741694   0.510746   0.929482   0.471558   0.651401   0.032554   0.301529   0.709047   0.741966   0.511207   0.932228   0.472041   0.651791   0.033445   0.301555   0.708529   0.740913   0.509753   0.933790   0.470564   0.650953   0.034331   0.311397   0.703985   0.746992   0.518349   0.934093   0.479333   0.654316   0.032594   0.355427   0.691741   0.766853   0.547861   0.933650   0.509714   0.664336   0.029014   0.443277   0.674603   0.795097   0.592418   0.932339   0.556093   0.679984   0.029698   0.556736   0.657211   0.827671   0.647094   0.931321   0.613672   0.694118   0.037574   0.667468   0.643376   0.860712   0.705997   0.931270   0.676411   0.697099   0.048154   0.736234   0.636447   0.887946   0.757224   0.931080   0.731528   0.690662   0.056688   0.738093   0.637978   0.906112   0.792899   0.930525   0.770223   0.681811   0.061954   0.683562   0.645789   0.915020   0.810908   0.929470   0.789865   0.676534   0.063757   0.597016   0.656894   0.915849   0.812664   0.927904   0.791798   0.676455   0.062843   0.494932   0.669836   0.908875   0.798615   0.927000   0.776485   0.682156   0.059944   0.393729   0.683322   0.890799   0.762994   0.926897   0.737822   0.696946   0.053103   0.324460   0.698284   0.856475   0.698472   0.927045   0.668407   0.707122   0.049491   0.301384   0.707533   0.826983   0.645224   0.927702   0.611556   0.703340   0.051612   0.300355   0.708648   0.813978   0.623246   0.928477   0.588384   0.697993   0.051948   0.300293   0.708943   0.804047   0.606864   0.928847   0.571190   0.695406   0.050395   0.300559   0.708953   0.795711   0.593342   0.928767   0.557042   0.693694   0.048180   0.300950   0.708743   0.789028   0.582643   0.928595   0.545874   0.692173   0.045863   0.301390   0.708349   0.783884   0.574501   0.928833   0.537393   0.691051   0.043715   0.301762   0.707927   0.779506   0.567645   0.929531   0.530265   0.690263   0.042092 
 21   0.121137   0.699474   0.758852   0.535288   0.935630   0.496641   0.721138   0.024769   0.303373   0.707851   0.762837   0.541228   0.934772   0.502757   0.729081   0.026576   0.303972   0.706563   0.763753   0.542590   0.936320   0.504159   0.732318   0.027474   0.304330   0.705554   0.764514   0.543739   0.939319   0.505345   0.735487   0.028572   0.304479   0.704933   0.763842   0.542727   0.941023   0.504301   0.737073   0.029399   0.311706   0.701908   0.767259   0.547859   0.941299   0.509593   0.738267   0.028690   0.347657   0.692393   0.781047   0.569211   0.940685   0.531736   0.743898   0.026523   0.422476   0.677541   0.803321   0.605151   0.939291   0.569295   0.758397   0.026897   0.518873   0.662229   0.830613   0.651489   0.938266   0.618188   0.775272   0.032213   0.616757   0.649383   0.859421   0.703053   0.938300   0.673142   0.786787   0.038997   0.683114   0.641940   0.884525   0.750237   0.938230   0.723895   0.791747   0.044004   0.680702   0.643359   0.901965   0.784337   0.937672   0.760849   0.791529   0.047359   0.618222   0.651980   0.910200   0.800872   0.936507   0.778859   0.790403   0.049524   0.530770   0.663374   0.909757   0.800068   0.934830   0.778001   0.792347   0.049671   0.440622   0.675355   0.901268   0.783172   0.933963   0.759627   0.799505   0.048087   0.362865   0.686907   0.882709   0.747013   0.933976   0.720467   0.812568   0.043846   0.318012   0.697158   0.856457   0.697589   0.934281   0.667287   0.817944   0.042822   0.306566   0.702318   0.837319   0.662747   0.935086   0.630037   0.813559   0.045183   0.306015   0.702998   0.828054   0.646560   0.935959   0.612868   0.811172   0.044833   0.305788   0.703366   0.820462   0.633522   0.936386   0.599083   0.810141   0.043473   0.305765   0.703482   0.814027   0.622624   0.936229   0.587592   0.809624   0.041595   0.305728   0.703534   0.808472   0.613339   0.936008   0.577825   0.808732   0.039837   0.305555   0.703610   0.803603   0.605307   0.936313   0.569396   0.807247   0.038742   0.305363   0.703665   0.799220   0.598162   0.937074   0.561916   0.805411   0.038080 
 22   0.121858   0.698330   0.759404   0.535893   0.938895   0.497223   0.754943   0.022490   0.304749   0.705790   0.763990   0.542726   0.938062   0.504258   0.761939   0.023228   0.305185   0.704799   0.764526   0.543513   0.939362   0.505066   0.764551   0.024358   0.305612   0.703838   0.765378   0.544790   0.942149   0.506382   0.767427   0.025612   0.305942   0.703124   0.765230   0.544553   0.943769   0.506135   0.768634   0.026588   0.308964   0.701448   0.766650   0.546688   0.944009   0.508336   0.768380   0.026724   0.328212   0.695506   0.774857   0.559322   0.943459   0.521422   0.769673   0.025247   0.370625   0.685351   0.789061   0.581695   0.942185   0.544696   0.778684   0.023838   0.423233   0.675069   0.806509   0.610125   0.941287   0.574458   0.791950   0.025948   0.472661   0.666877   0.825829   0.642735   0.941591   0.608824   0.802465   0.030062   0.507398   0.661790   0.843353   0.673352   0.941909   0.641299   0.809557   0.033526   0.516776   0.660757   0.856779   0.697520   0.941657   0.667079   0.813496   0.035853   0.497096   0.664000   0.864856   0.712359   0.940721   0.682968   0.815178   0.037482   0.453143   0.670757   0.866886   0.716132   0.939205   0.687017   0.816336   0.038239   0.396601   0.679072   0.863386   0.709655   0.938349   0.680073   0.821508   0.036069   0.343517   0.687873   0.851132   0.687380   0.938283   0.656268   0.833626   0.030887   0.314084   0.696284   0.831184   0.651976   0.938485   0.618604   0.838148   0.031132   0.307697   0.700443   0.816680   0.626860   0.939168   0.592008   0.832692   0.035223   0.307302   0.700895   0.809818   0.615347   0.939942   0.579890   0.829024   0.035931   0.307044   0.701162   0.804050   0.605799   0.940293   0.569866   0.826441   0.035490   0.306911   0.701291   0.799011   0.597553   0.940099   0.561227   0.824420   0.034442   0.306866   0.701304   0.794773   0.590685   0.939914   0.554045   0.822621   0.033156   0.306853   0.701240   0.791280   0.585072   0.940239   0.548185   0.820908   0.032256   0.306851   0.701158   0.788203   0.580168   0.940964   0.543072   0.819105   0.031829 
 23   0.122680   0.697581   0.753743   0.527353   0.939003   0.488411   0.763988   0.021290   0.305394   0.704371   0.758035   0.533682   0.938157   0.494914   0.769686   0.021720   0.305872   0.703516   0.758538   0.534416   0.939560   0.495666   0.771799   0.023049   0.306304   0.702658   0.759385   0.535668   0.942440   0.496953   0.774260   0.024452   0.306629   0.702032   0.759245   0.535446   0.944109   0.496722   0.774986   0.025558   0.308073   0.701057   0.759361   0.535598   0.944405   0.496875   0.774606   0.026002   0.320167   0.697075   0.764235   0.542947   0.943901   0.504458   0.775073   0.025428   0.348314   0.689834   0.773736   0.557486   0.942641   0.519499   0.781224   0.024411   0.383738   0.682401   0.785550   0.576007   0.941809   0.538748   0.791820   0.025940   0.416531   0.676453   0.799079   0.597753   0.942247   0.561454   0.801166   0.029539   0.438750   0.672731   0.811499   0.618221   0.942724   0.582926   0.807852   0.032557   0.442919   0.671920   0.820943   0.634121   0.942682   0.599672   0.811895   0.034368   0.427219   0.674238   0.826301   0.643272   0.941952   0.609336   0.813721   0.035214   0.397408   0.678956   0.827152   0.644742   0.940608   0.610892   0.814460   0.034885   0.360917   0.684655   0.824255   0.639794   0.939856   0.605667   0.818503   0.031115   0.327813   0.691108   0.814409   0.623199   0.939824   0.588184   0.828897   0.025757   0.311014   0.696946   0.800071   0.599385   0.940007   0.563165   0.829993   0.026645   0.308070   0.699427   0.790648   0.584036   0.940626   0.547099   0.822124   0.030495   0.307767   0.699749   0.785689   0.576134   0.941293   0.538862   0.818094   0.031142   0.307582   0.699939   0.781438   0.569427   0.941515   0.531884   0.814802   0.030538   0.307457   0.700061   0.777611   0.563445   0.941206   0.525670   0.811601   0.029746   0.307375   0.700113   0.774268   0.558260   0.940877   0.520292   0.808473   0.029260   0.307356   0.700083   0.771540   0.554059   0.941056   0.515941   0.805586   0.028858   0.307379   0.700003   0.769267   0.550585   0.941667   0.512347   0.802876   0.028470 
 24   0.124593   0.697389   0.737469   0.503709   0.933585   0.464181   0.732440   0.021089   0.305572   0.704002   0.741922   0.510056   0.932635   0.470662   0.737647   0.021658   0.306096   0.703174   0.742579   0.510989   0.933955   0.471614   0.739301   0.022904   0.306536   0.702354   0.743550   0.512382   0.936823   0.473038   0.741647   0.024187   0.306896   0.701761   0.743486   0.512277   0.938497   0.472929   0.742587   0.025079   0.308084   0.700930   0.743416   0.512155   0.938788   0.472800   0.742499   0.025372   0.318260   0.697520   0.747302   0.517808   0.938284   0.478593   0.743098   0.025055   0.341915   0.691295   0.755157   0.529388   0.937016   0.490492   0.748801   0.024609   0.371365   0.684968   0.764972   0.544159   0.936237   0.505727   0.758990   0.026478   0.398770   0.679879   0.776254   0.561500   0.936728   0.523683   0.768637   0.029882   0.417610   0.676641   0.786563   0.577686   0.937232   0.540510   0.775859   0.032694   0.421466   0.675869   0.794365   0.590160   0.937261   0.553523   0.780438   0.034312   0.408868   0.677696   0.798709   0.597192   0.936580   0.560874   0.782476   0.034653   0.384287   0.681570   0.799240   0.598067   0.935233   0.561792   0.782857   0.033645   0.353201   0.686543   0.796652   0.593880   0.934435   0.557415   0.785199   0.029629   0.324406   0.692408   0.788009   0.580046   0.934385   0.542982   0.792668   0.024781   0.310139   0.697432   0.775796   0.560756   0.934565   0.522905   0.791980   0.026132   0.307935   0.699374   0.768056   0.548748   0.935172   0.510450   0.783978   0.029994   0.307696   0.699610   0.764000   0.542570   0.935792   0.504064   0.779966   0.030563   0.307567   0.699746   0.760542   0.537350   0.935935   0.498676   0.776479   0.029842   0.307500   0.699832   0.757419   0.532675   0.935604   0.493859   0.772877   0.029318   0.307457   0.699879   0.754626   0.528523   0.935214   0.489587   0.769233   0.029301   0.307442   0.699867   0.752335   0.525142   0.935283   0.486113   0.766040   0.029123   0.307462   0.699785   0.750534   0.522502   0.935832   0.483402   0.763297   0.028748 
