timestamp=                2022-01-04T05:06:44.528196
shape=                    (5, 5)
sigma=                    2.5
nepochs=                  7
rate=                     0.01
neighborhood function=    gaussian
init weights=             pca
topology=                 hexagonal
activation distance=      euclidean
output type=              labels
mapfile_prefix=           2017-2021_5x5_7_01000_02
apply classification=     False
apply activation=         False
seed=                     None
random order=             True
custom init file=         None
decay_function=           3

quantization error=       0.35017713
topographic error=        0.31350025

############ NEURONS #############
 25 192
  0   0.142585   0.688352   0.593968   0.319287   0.599330   0.280288   0.419433   0.032627   0.305476   0.694405   0.609421   0.334325   0.597988   0.294587   0.422437   0.035961   0.305964   0.693830   0.610283   0.335213   0.598671   0.295440   0.421141   0.033198   0.306327   0.693218   0.610751   0.335698   0.600617   0.295905   0.421467   0.032562   0.306527   0.692821   0.610408   0.335322   0.601761   0.295540   0.421606   0.032496   0.308573   0.690916   0.611615   0.336601   0.601742   0.296775   0.422056   0.032382   0.325779   0.683314   0.618104   0.343746   0.601083   0.303718   0.424962   0.031099   0.365850   0.671099   0.626189   0.352804   0.599936   0.312548   0.433310   0.032055   0.415062   0.659921   0.633118   0.360725   0.599496   0.320298   0.445809   0.038295   0.456583   0.652703   0.639995   0.368721   0.599912   0.328144   0.458333   0.046521   0.478732   0.650490   0.645163   0.374822   0.600066   0.334148   0.469320   0.053671   0.475445   0.653506   0.647575   0.377709   0.599969   0.336996   0.477835   0.058204   0.449720   0.660623   0.646680   0.376659   0.599585   0.335965   0.483394   0.058969   0.411425   0.669786   0.642740   0.371993   0.598831   0.331370   0.485652   0.055116   0.369793   0.679590   0.636732   0.364940   0.598133   0.324437   0.484830   0.047894   0.333581   0.688745   0.629600   0.356679   0.598025   0.316336   0.482078   0.039884   0.312599   0.694951   0.622523   0.348601   0.598341   0.308434   0.477416   0.035141   0.306877   0.696799   0.618559   0.344138   0.598870   0.304080   0.471446   0.034216   0.306647   0.696444   0.617359   0.342820   0.599257   0.302800   0.465957   0.034212   0.306517   0.696062   0.616212   0.341572   0.599248   0.301589   0.461326   0.034523   0.306406   0.695719   0.615064   0.340333   0.599256   0.300390   0.457202   0.034991   0.306283   0.695459   0.613848   0.339026   0.599202   0.299126   0.453207   0.035341   0.306182   0.695218   0.612688   0.337785   0.599190   0.297926   0.449426   0.035487   0.306086   0.694961   0.611769   0.336808   0.599547   0.296982   0.445986   0.035620 
  1   0.132796   0.688056   0.672996   0.408895   0.772750   0.367896   0.563817   0.028092   0.307162   0.693805   0.690138   0.429850   0.771191   0.388649   0.570838   0.030543   0.307671   0.693207   0.691336   0.431420   0.771967   0.390224   0.568301   0.028474   0.308111   0.692557   0.692374   0.432783   0.774153   0.391590   0.568308   0.027449   0.308407   0.692115   0.692338   0.432742   0.775454   0.391550   0.567927   0.027156   0.309308   0.691429   0.692047   0.432361   0.775476   0.391169   0.567115   0.026709   0.319481   0.687852   0.695425   0.436875   0.774804   0.395710   0.567011   0.024906   0.346503   0.680715   0.701634   0.445182   0.773591   0.404071   0.572722   0.023552   0.383416   0.673073   0.708093   0.453896   0.773105   0.412855   0.584554   0.026201   0.418613   0.667111   0.715269   0.463725   0.773555   0.422789   0.596440   0.031567   0.442776   0.663701   0.721846   0.472871   0.773710   0.432061   0.606317   0.036763   0.447920   0.663555   0.726576   0.479532   0.773563   0.438828   0.613889   0.040452   0.431597   0.666859   0.728210   0.481859   0.773084   0.441197   0.618941   0.041456   0.400096   0.672651   0.726317   0.479184   0.772186   0.438478   0.621324   0.039110   0.362797   0.679628   0.721623   0.472563   0.771391   0.431749   0.621774   0.033755   0.329788   0.686465   0.714611   0.462748   0.771286   0.421788   0.622574   0.027491   0.311982   0.691254   0.706556   0.451596   0.771645   0.410494   0.621153   0.024889   0.308154   0.692769   0.701856   0.445161   0.772248   0.403991   0.616111   0.025033   0.308173   0.692587   0.700440   0.443264   0.772703   0.402082   0.610924   0.024757   0.308253   0.692362   0.699201   0.441619   0.772727   0.400428   0.606400   0.024693   0.308350   0.692161   0.697943   0.439958   0.772740   0.398761   0.602415   0.024994   0.308416   0.692010   0.696599   0.438196   0.772666   0.396994   0.598576   0.025376   0.308451   0.691863   0.695396   0.436630   0.772655   0.395426   0.594895   0.025541   0.308492   0.691682   0.694502   0.435474   0.773061   0.394270   0.591641   0.025783 
  2   0.128756   0.688475   0.714252   0.462015   0.905656   0.421002   0.656137   0.023122   0.307912   0.694709   0.723100   0.473990   0.904729   0.433078   0.660038   0.022873   0.308260   0.694224   0.723253   0.474189   0.905554   0.433277   0.658970   0.022823   0.308569   0.693653   0.723653   0.474748   0.907711   0.433844   0.659073   0.022653   0.308828   0.693271   0.723159   0.474066   0.909018   0.433154   0.658540   0.022946   0.309249   0.693006   0.721924   0.472346   0.909163   0.431411   0.657161   0.023274   0.315054   0.691356   0.722458   0.473111   0.908688   0.432190   0.655090   0.023563   0.331770   0.687157   0.725911   0.477988   0.907686   0.437146   0.655837   0.023928   0.355268   0.681861   0.731478   0.485903   0.907202   0.445200   0.661683   0.025652   0.378277   0.677189   0.738630   0.496208   0.907708   0.455712   0.669110   0.028611   0.395333   0.673913   0.745885   0.506830   0.908030   0.466580   0.675275   0.031203   0.400553   0.672744   0.751863   0.515718   0.907953   0.475699   0.679677   0.032624   0.391221   0.674050   0.755416   0.521070   0.907429   0.481202   0.682264   0.032370   0.370544   0.677422   0.755909   0.521841   0.906423   0.482001   0.683524   0.030258   0.344774   0.681905   0.753585   0.518365   0.905657   0.478430   0.685561   0.026025   0.322039   0.686662   0.747551   0.509344   0.905526   0.469165   0.690078   0.021956   0.310863   0.690094   0.740046   0.498215   0.905739   0.457752   0.690450   0.022008   0.309070   0.691181   0.735566   0.491658   0.906261   0.451045   0.686192   0.023739   0.309046   0.691221   0.733343   0.488457   0.906744   0.447780   0.682857   0.024109   0.309066   0.691207   0.731432   0.485728   0.906841   0.445001   0.679762   0.024116   0.309109   0.691173   0.729688   0.483258   0.906748   0.442489   0.676901   0.024294   0.309145   0.691147   0.728061   0.480969   0.906579   0.440164   0.674056   0.024732   0.309198   0.691075   0.726726   0.479102   0.906605   0.438270   0.671484   0.024986   0.309289   0.690929   0.725760   0.477764   0.907013   0.436915   0.669398   0.025098 
  3   0.126645   0.688300   0.732745   0.487613   0.931435   0.446924   0.702742   0.019523   0.307299   0.694219   0.739295   0.496925   0.930564   0.456399   0.707395   0.018670   0.307709   0.693517   0.740045   0.497993   0.931574   0.457486   0.708785   0.019163   0.308054   0.692814   0.740916   0.499242   0.933935   0.458759   0.710895   0.019657   0.308337   0.692303   0.740887   0.499191   0.935367   0.458704   0.711878   0.020205   0.308957   0.691808   0.740376   0.498429   0.935599   0.457922   0.711828   0.020510   0.315951   0.689620   0.742294   0.501194   0.935185   0.460742   0.711365   0.020953   0.334155   0.684969   0.747535   0.508864   0.934184   0.468589   0.714136   0.021470   0.358272   0.679669   0.754876   0.519794   0.933527   0.479804   0.721490   0.023017   0.381502   0.675155   0.763824   0.533366   0.933968   0.493779   0.729454   0.025776   0.397908   0.672193   0.772358   0.546553   0.934365   0.507405   0.735621   0.028233   0.401893   0.671350   0.778965   0.556931   0.934298   0.518160   0.739631   0.029534   0.391875   0.672727   0.782756   0.562955   0.933706   0.524417   0.741582   0.029461   0.370987   0.675943   0.783250   0.563760   0.932583   0.525257   0.742391   0.027938   0.344960   0.680110   0.780956   0.560129   0.931852   0.521488   0.745307   0.024161   0.321848   0.684818   0.773946   0.549093   0.931761   0.510046   0.752203   0.020394   0.310741   0.688575   0.764730   0.534735   0.931914   0.495188   0.752572   0.021296   0.309101   0.689923   0.759130   0.526150   0.932421   0.486330   0.746878   0.023764   0.308952   0.690111   0.756095   0.521568   0.932961   0.481617   0.743604   0.024057   0.308856   0.690233   0.753432   0.517578   0.933120   0.477518   0.740653   0.023712   0.308797   0.690316   0.751018   0.513986   0.932921   0.473833   0.737687   0.023518   0.308779   0.690350   0.748913   0.510874   0.932667   0.470642   0.734799   0.023585   0.308794   0.690317   0.747202   0.508356   0.932745   0.468064   0.732325   0.023480   0.308838   0.690224   0.745871   0.506407   0.933214   0.466072   0.730275   0.023283 
  4   0.124725   0.688351   0.750980   0.514086   0.937863   0.473965   0.739084   0.017946   0.307404   0.694245   0.758015   0.524514   0.937142   0.484657   0.745553   0.017052   0.307827   0.693416   0.759035   0.526041   0.938283   0.486225   0.748217   0.017968   0.308197   0.692628   0.760061   0.527584   0.940776   0.487811   0.751417   0.018905   0.308481   0.692065   0.760087   0.527616   0.942288   0.487843   0.753221   0.019673   0.309253   0.691478   0.759696   0.527011   0.942559   0.487217   0.753729   0.020018   0.317149   0.689039   0.762043   0.530559   0.942136   0.490869   0.753654   0.020392   0.337070   0.684010   0.767963   0.539626   0.941101   0.500222   0.757199   0.020609   0.363078   0.678386   0.776051   0.552231   0.940331   0.513266   0.765349   0.021759   0.387469   0.673725   0.785779   0.567679   0.940700   0.529308   0.773561   0.024186   0.403865   0.670778   0.794960   0.582536   0.941100   0.544792   0.779654   0.026319   0.406942   0.670052   0.801912   0.593979   0.941011   0.556755   0.783566   0.027361   0.395395   0.671663   0.805818   0.600478   0.940381   0.563563   0.785542   0.027361   0.373067   0.675139   0.806233   0.601179   0.939219   0.564299   0.786557   0.026420   0.345847   0.679454   0.803621   0.596837   0.938536   0.559751   0.790740   0.023135   0.322086   0.684299   0.795819   0.583987   0.938505   0.546316   0.799478   0.019780   0.311065   0.688112   0.785982   0.567968   0.938680   0.529603   0.800496   0.021012   0.309515   0.689438   0.780178   0.558676   0.939224   0.519939   0.794612   0.023569   0.309341   0.689658   0.776835   0.553405   0.939826   0.514472   0.791253   0.024019   0.309224   0.689798   0.773910   0.548826   0.940046   0.509730   0.788274   0.023688   0.309139   0.689892   0.771224   0.544652   0.939807   0.505412   0.785315   0.023332   0.309092   0.689936   0.768860   0.541000   0.939536   0.501639   0.782477   0.023201   0.309088   0.689915   0.766950   0.538065   0.939680   0.498609   0.779979   0.022948   0.309119   0.689837   0.765427   0.535735   0.940207   0.496207   0.777775   0.022672 
  5   0.147704   0.689129   0.545654   0.271612   0.500008   0.234815   0.359389   0.033305   0.304239   0.695879   0.559182   0.283304   0.498538   0.245702   0.360184   0.036963   0.304711   0.695312   0.559502   0.283579   0.499176   0.245957   0.359898   0.035105   0.304900   0.694848   0.559265   0.283343   0.501001   0.245733   0.360058   0.034890   0.304984   0.694532   0.558536   0.282651   0.502076   0.245077   0.359742   0.035254   0.307946   0.691674   0.560507   0.284515   0.502036   0.246840   0.360545   0.035480   0.329610   0.681027   0.568319   0.292150   0.501364   0.254107   0.364306   0.034750   0.377898   0.664633   0.576936   0.300777   0.500227   0.262351   0.372661   0.037872   0.434610   0.650101   0.584231   0.308259   0.499790   0.269532   0.384509   0.046914   0.479252   0.641420   0.591368   0.315683   0.500186   0.276676   0.396374   0.056799   0.499959   0.639942   0.596372   0.320957   0.500347   0.281764   0.406871   0.064971   0.492527   0.645259   0.598415   0.323134   0.500278   0.283868   0.415036   0.069912   0.462293   0.655285   0.597210   0.321839   0.499935   0.282615   0.420172   0.070306   0.420309   0.667324   0.592947   0.317296   0.499243   0.278225   0.421963   0.065630   0.375576   0.679631   0.586605   0.310629   0.498591   0.271798   0.420630   0.057030   0.336532   0.690820   0.579422   0.303214   0.498489   0.264672   0.416908   0.047046   0.312947   0.698371   0.572551   0.296253   0.498794   0.258005   0.411178   0.040015   0.305634   0.700708   0.568518   0.292234   0.499300   0.254168   0.404549   0.037739   0.304949   0.700329   0.566911   0.290678   0.499660   0.252690   0.398625   0.037468   0.304441   0.699967   0.565311   0.289146   0.499630   0.251237   0.393443   0.037923   0.304055   0.699604   0.563816   0.287724   0.499622   0.249891   0.388737   0.038759   0.303833   0.699173   0.562429   0.286405   0.499564   0.248642   0.384459   0.039176   0.303573   0.698868   0.560943   0.284997   0.499550   0.247309   0.380428   0.039284   0.303279   0.698646   0.559590   0.283729   0.499884   0.246111   0.376639   0.039594 
  6   0.137822   0.688133   0.632381   0.360778   0.686782   0.320497   0.481578   0.030249   0.306261   0.693939   0.650031   0.380184   0.684942   0.339356   0.486921   0.032989   0.306770   0.693289   0.651434   0.381814   0.685648   0.340955   0.484813   0.030375   0.307221   0.692581   0.652745   0.383346   0.687697   0.342459   0.484865   0.028947   0.307486   0.692103   0.653027   0.383667   0.688898   0.342773   0.484502   0.028516   0.308970   0.690796   0.653887   0.384681   0.688889   0.343771   0.484067   0.028257   0.322933   0.685179   0.659700   0.391769   0.688234   0.350786   0.485528   0.026438   0.357392   0.675451   0.667863   0.401839   0.687072   0.360772   0.492948   0.025937   0.402027   0.665975   0.675384   0.411278   0.686622   0.370163   0.505276   0.030735   0.442680   0.659222   0.683183   0.421262   0.687044   0.380132   0.517485   0.038262   0.467247   0.656316   0.689374   0.429341   0.687177   0.388227   0.528206   0.044981   0.468037   0.657740   0.692961   0.434095   0.687038   0.393004   0.536731   0.049285   0.445841   0.663002   0.693168   0.434397   0.686605   0.393314   0.542648   0.050296   0.408946   0.670640   0.689781   0.429952   0.685791   0.388854   0.545766   0.047255   0.367961   0.679113   0.683834   0.422191   0.685043   0.381078   0.546251   0.040793   0.332444   0.687124   0.676149   0.412275   0.684925   0.371163   0.545635   0.033459   0.312468   0.692707   0.667933   0.401826   0.685259   0.360742   0.542821   0.029800   0.307525   0.694477   0.663187   0.395869   0.685819   0.354816   0.537276   0.029677   0.307453   0.694267   0.661657   0.393993   0.686237   0.352958   0.531777   0.029662   0.307428   0.694034   0.660235   0.392266   0.686255   0.351249   0.527204   0.029692   0.307459   0.693761   0.658957   0.390722   0.686289   0.349724   0.523310   0.029853   0.307521   0.693495   0.657683   0.389191   0.686247   0.348213   0.519659   0.029993   0.307529   0.693281   0.656508   0.387789   0.686239   0.346830   0.515999   0.030049   0.307498   0.693052   0.655662   0.386788   0.686619   0.345845   0.512608   0.030184 
  7   0.130131   0.690371   0.693947   0.435587   0.922950   0.394534   0.530794   0.024427   0.305760   0.698254   0.705469   0.450535   0.921684   0.409498   0.533284   0.024137   0.306120   0.697393   0.706365   0.451686   0.922370   0.410647   0.530672   0.023910   0.306419   0.696575   0.707188   0.452758   0.924269   0.411722   0.530194   0.023302   0.306649   0.695961   0.707176   0.452740   0.925395   0.411702   0.529775   0.023167   0.307599   0.695301   0.706892   0.452351   0.925540   0.411309   0.528593   0.023365   0.317597   0.692578   0.709988   0.456577   0.925160   0.415579   0.527496   0.023088   0.343139   0.686387   0.718076   0.467741   0.924308   0.426880   0.530480   0.022426   0.376729   0.678807   0.729462   0.483761   0.923872   0.443154   0.538652   0.023514   0.408585   0.672175   0.743016   0.503371   0.924312   0.463178   0.548192   0.026437   0.432266   0.667537   0.756453   0.523420   0.924549   0.483767   0.556131   0.029238   0.441129   0.665745   0.767533   0.540446   0.924338   0.501348   0.562001   0.031099   0.430410   0.667294   0.774565   0.551499   0.923701   0.512809   0.566976   0.031648   0.402373   0.671692   0.776622   0.554813   0.922600   0.516261   0.572442   0.030359   0.364727   0.677568   0.773960   0.550634   0.921813   0.511929   0.580410   0.026522   0.329791   0.684258   0.763902   0.534947   0.921671   0.495686   0.590633   0.022478   0.311146   0.690216   0.749510   0.512928   0.921863   0.472967   0.595019   0.023289   0.307201   0.692711   0.740457   0.499421   0.922425   0.459097   0.592600   0.026186   0.307158   0.692860   0.736396   0.493535   0.923024   0.453084   0.589927   0.027046   0.307184   0.692926   0.732954   0.488600   0.923282   0.448053   0.587795   0.027188   0.307242   0.692947   0.729869   0.484219   0.923307   0.443596   0.586025   0.027296   0.307333   0.692927   0.727130   0.480349   0.923243   0.439662   0.584426   0.027487   0.307452   0.692849   0.724803   0.477081   0.923365   0.436343   0.583185   0.027530   0.307581   0.692723   0.722862   0.474377   0.923816   0.433601   0.582418   0.027541 
  8   0.129551   0.688599   0.700865   0.444961   0.832282   0.403992   0.574166   0.034456   0.306042   0.694388   0.725294   0.477522   0.830995   0.436748   0.572945   0.037020   0.306790   0.693128   0.730762   0.485272   0.831728   0.444631   0.565907   0.033743   0.307437   0.692176   0.734343   0.490375   0.833940   0.449827   0.563080   0.032270   0.307917   0.691467   0.736195   0.493034   0.835278   0.452537   0.561011   0.032263   0.309781   0.690034   0.738475   0.496313   0.835383   0.455882   0.559621   0.031606   0.324133   0.685060   0.747241   0.509229   0.834877   0.469113   0.561722   0.027390   0.357823   0.676737   0.759198   0.527127   0.833819   0.487503   0.572997   0.022394   0.402047   0.668237   0.769906   0.543557   0.833322   0.504462   0.589638   0.022847   0.446883   0.661094   0.781419   0.561644   0.833679   0.523214   0.603693   0.027772   0.481357   0.656452   0.791826   0.578358   0.833716   0.540613   0.615143   0.033671   0.492654   0.655709   0.799197   0.590414   0.833415   0.553207   0.625086   0.038914   0.474288   0.659352   0.802072   0.595166   0.832769   0.558180   0.633750   0.042002   0.433705   0.666132   0.799823   0.591438   0.831690   0.554276   0.641433   0.041462   0.383804   0.674280   0.793117   0.580412   0.830856   0.542747   0.649910   0.037049   0.338074   0.682563   0.780863   0.560634   0.830797   0.522140   0.661302   0.029986   0.313018   0.689385   0.764947   0.535577   0.831162   0.496155   0.666617   0.027030   0.307512   0.692296   0.754930   0.520162   0.831780   0.480238   0.662228   0.027976   0.307488   0.692403   0.751515   0.515053   0.832320   0.474989   0.656418   0.027845   0.307584   0.692330   0.748931   0.511224   0.832496   0.471063   0.651385   0.027660   0.307738   0.692180   0.746752   0.508018   0.832575   0.467780   0.646865   0.027962   0.307837   0.692076   0.744750   0.505098   0.832506   0.464795   0.642250   0.028622   0.307875   0.692005   0.743002   0.502568   0.832537   0.462211   0.637778   0.028943   0.307947   0.691865   0.741674   0.500659   0.833009   0.460266   0.633868   0.029002 
  9   0.127230   0.690262   0.721621   0.472432   0.929611   0.431593   0.626767   0.022782   0.306044   0.697975   0.731387   0.485945   0.928504   0.445276   0.630768   0.021981   0.306397   0.696965   0.732430   0.487396   0.929335   0.446746   0.629779   0.021927   0.306734   0.695991   0.733612   0.489062   0.931478   0.448440   0.630262   0.021572   0.307030   0.695230   0.733954   0.489542   0.932714   0.448926   0.630377   0.021523   0.308464   0.694202   0.734476   0.490250   0.932784   0.449640   0.629794   0.021257   0.320948   0.690389   0.739309   0.497182   0.932254   0.456706   0.628892   0.019986   0.350756   0.682686   0.749331   0.511859   0.931188   0.471723   0.632596   0.018718   0.389118   0.673776   0.762726   0.532012   0.930590   0.492445   0.642614   0.019939   0.425587   0.666163   0.778565   0.556597   0.930941   0.517872   0.652494   0.022966   0.451649   0.661100   0.793909   0.581177   0.931072   0.543443   0.659163   0.025789   0.459297   0.659527   0.806213   0.601456   0.930768   0.564651   0.663804   0.027729   0.444985   0.661832   0.813989   0.614542   0.930037   0.578391   0.667478   0.028513   0.412383   0.667304   0.816531   0.618876   0.928869   0.582952   0.671474   0.027808   0.370323   0.674188   0.814282   0.615054   0.928046   0.578931   0.678634   0.024699   0.332313   0.681749   0.804055   0.597902   0.927903   0.560936   0.690049   0.021224   0.312563   0.688354   0.788701   0.572601   0.928118   0.534477   0.695682   0.022631   0.308579   0.691135   0.778598   0.556332   0.928699   0.517536   0.693360   0.025958   0.308335   0.691496   0.773474   0.548305   0.929268   0.509221   0.690862   0.026935   0.308177   0.691760   0.769004   0.541385   0.929460   0.502068   0.688867   0.027111   0.308091   0.691931   0.765061   0.535340   0.929454   0.495830   0.687077   0.027112   0.308040   0.692040   0.761560   0.530016   0.929394   0.490345   0.685286   0.027028   0.308005   0.692109   0.758503   0.525405   0.929538   0.485602   0.683406   0.026848   0.307988   0.692118   0.755884   0.521485   0.930041   0.481575   0.681671   0.026640 
 10   0.159600   0.688997   0.444567   0.188150   0.305998   0.157606   0.263756   0.042867   0.303604   0.695370   0.442861   0.186349   0.305476   0.155891   0.259343   0.052997   0.304104   0.694479   0.443666   0.186893   0.306040   0.156375   0.260522   0.055021   0.304350   0.693803   0.444165   0.187248   0.307671   0.156695   0.261370   0.057422   0.304568   0.693243   0.444141   0.187230   0.308636   0.156680   0.261840   0.059742   0.308241   0.689937   0.445867   0.188470   0.308591   0.157799   0.262791   0.061477   0.331128   0.677009   0.452312   0.193227   0.307981   0.162112   0.265475   0.063233   0.379643   0.656521   0.461003   0.199793   0.306964   0.168088   0.270618   0.069694   0.435878   0.638301   0.470048   0.206781   0.306582   0.174475   0.277616   0.080348   0.481870   0.627141   0.478937   0.213766   0.306987   0.180875   0.285028   0.089551   0.506055   0.624932   0.485700   0.219170   0.307195   0.185842   0.291723   0.096895   0.503167   0.631556   0.489358   0.222150   0.307175   0.188591   0.296764   0.101871   0.477378   0.644185   0.489472   0.222268   0.306878   0.188704   0.299572   0.103101   0.436860   0.659751   0.486090   0.219523   0.306244   0.186175   0.299992   0.099030   0.388930   0.676625   0.479966   0.214573   0.305651   0.181616   0.298286   0.090843   0.343288   0.692849   0.471859   0.208140   0.305559   0.175710   0.294846   0.080919   0.313295   0.704232   0.463199   0.201416   0.305825   0.169560   0.290149   0.072263   0.303170   0.707819   0.457380   0.196987   0.306283   0.165523   0.285193   0.068469   0.302173   0.707061   0.454475   0.194832   0.306621   0.163568   0.280970   0.068104   0.301720   0.706119   0.452050   0.193056   0.306599   0.161960   0.277470   0.070069   0.301471   0.705188   0.449797   0.191418   0.306575   0.160478   0.274447   0.072376   0.301170   0.704339   0.447610   0.189839   0.306495   0.159052   0.271644   0.072412   0.300716   0.703699   0.445554   0.188367   0.306460   0.157724   0.268893   0.071730   0.300235   0.703158   0.443788   0.187121   0.306742   0.156603   0.266339   0.072056 
 11   0.154030   0.689574   0.493684   0.226182   0.398635   0.192385   0.307056   0.036412   0.304009   0.696681   0.501975   0.232187   0.397729   0.197806   0.305797   0.041575   0.304408   0.695955   0.502384   0.232478   0.398311   0.198067   0.305868   0.041407   0.304595   0.695312   0.502801   0.232808   0.400027   0.198370   0.305990   0.042301   0.304703   0.694806   0.502693   0.232715   0.401042   0.198283   0.305785   0.043817   0.308204   0.691454   0.505012   0.234629   0.400992   0.200052   0.306655   0.045151   0.331490   0.678777   0.512850   0.241319   0.400338   0.206271   0.309886   0.045706   0.382122   0.658799   0.522425   0.249715   0.399250   0.214111   0.316230   0.050568   0.442023   0.640641   0.531861   0.258192   0.398829   0.222061   0.325142   0.061101   0.489285   0.629626   0.540919   0.266481   0.399204   0.229860   0.334538   0.071671   0.511078   0.627802   0.547564   0.272694   0.399357   0.235727   0.343060   0.080388   0.504298   0.634660   0.551017   0.276001   0.399287   0.238864   0.349659   0.086588   0.474429   0.647426   0.550595   0.275645   0.398956   0.238534   0.353731   0.088638   0.431668   0.662635   0.546485   0.271765   0.398303   0.234864   0.354980   0.084997   0.384057   0.678305   0.539645   0.265346   0.397687   0.228797   0.353618   0.076177   0.340753   0.692656   0.531256   0.257614   0.397602   0.221513   0.350254   0.064628   0.313238   0.702462   0.522752   0.249953   0.397914   0.214325   0.345007   0.055126   0.304121   0.705545   0.517152   0.245012   0.398418   0.209706   0.338927   0.051172   0.303245   0.704931   0.514534   0.242758   0.398774   0.207607   0.333669   0.050540   0.302674   0.704278   0.512328   0.240885   0.398746   0.205869   0.329182   0.051373   0.302200   0.703675   0.510268   0.239150   0.398736   0.204259   0.325210   0.052718   0.301870   0.703072   0.508249   0.237459   0.398678   0.202693   0.321658   0.052952   0.301618   0.702489   0.506316   0.235855   0.398655   0.201209   0.318381   0.052624   0.301301   0.701992   0.504648   0.234485   0.398963   0.199943   0.315272   0.052793 
 12   0.132941   0.689655   0.652569   0.385196   0.755487   0.344639   0.454053   0.038204   0.302813   0.696661   0.679129   0.416550   0.753341   0.375511   0.458828   0.038943   0.303424   0.695666   0.683491   0.422095   0.753956   0.381042   0.453879   0.034788   0.303909   0.694875   0.686704   0.426166   0.755967   0.385100   0.451510   0.032720   0.304319   0.694176   0.688672   0.428659   0.757148   0.387584   0.449457   0.032056   0.307440   0.691387   0.693617   0.434985   0.757198   0.393900   0.448556   0.030906   0.328556   0.682827   0.707643   0.453694   0.756682   0.412727   0.451758   0.026347   0.376124   0.670420   0.724659   0.477134   0.755666   0.436449   0.461817   0.023525   0.437401   0.658675   0.740127   0.499296   0.755210   0.459042   0.474021   0.027768   0.497715   0.649319   0.756377   0.523413   0.755448   0.483788   0.483498   0.035399   0.541721   0.643997   0.770785   0.545555   0.755298   0.506657   0.491866   0.043497   0.549788   0.644687   0.780774   0.561367   0.754865   0.523078   0.500451   0.050568   0.519097   0.651093   0.784368   0.567208   0.754200   0.529174   0.509968   0.055352   0.464633   0.660880   0.780986   0.561868   0.753208   0.523630   0.520321   0.056165   0.400575   0.672191   0.771421   0.546767   0.752415   0.507954   0.531449   0.052044   0.344131   0.683082   0.755511   0.522248   0.752359   0.482618   0.543866   0.042118   0.312727   0.691706   0.735387   0.492301   0.752753   0.451873   0.549232   0.035242   0.304968   0.695387   0.722391   0.473524   0.753372   0.432704   0.545076   0.034298   0.304954   0.695483   0.717900   0.467271   0.753893   0.426364   0.539831   0.032707   0.305058   0.695370   0.714560   0.462668   0.754078   0.421705   0.535450   0.031314   0.305184   0.695174   0.711743   0.458830   0.754226   0.417829   0.531576   0.030773   0.305226   0.695015   0.709092   0.455249   0.754218   0.414218   0.527873   0.030518   0.305201   0.694887   0.706770   0.452135   0.754233   0.411083   0.524152   0.030217   0.305192   0.694721   0.704891   0.449635   0.754655   0.408569   0.520701   0.030022 
 13   0.125736   0.689259   0.735688   0.491890   0.931116   0.451293   0.692597   0.019403   0.305952   0.695995   0.742772   0.502043   0.930201   0.461640   0.698126   0.019165   0.306385   0.695038   0.743959   0.503767   0.931221   0.463401   0.699794   0.019749   0.306773   0.694133   0.745252   0.505655   0.933622   0.465331   0.702257   0.020189   0.307090   0.693454   0.745600   0.506162   0.935034   0.465849   0.703640   0.020633   0.308857   0.692300   0.746435   0.507355   0.935229   0.467065   0.704000   0.020614   0.322264   0.688038   0.752127   0.515758   0.934785   0.475674   0.704471   0.019585   0.352475   0.680322   0.762789   0.531814   0.933710   0.492185   0.710459   0.018288   0.389943   0.672204   0.776254   0.552677   0.932971   0.513753   0.721796   0.019282   0.424996   0.665582   0.791666   0.577281   0.933293   0.539330   0.731791   0.022231   0.449528   0.661370   0.805944   0.600760   0.933514   0.563873   0.738615   0.024992   0.455623   0.660326   0.816976   0.619377   0.933270   0.583427   0.742923   0.026846   0.440076   0.662719   0.823631   0.630806   0.932520   0.595472   0.745502   0.027774   0.407811   0.667801   0.825406   0.633887   0.931245   0.598725   0.747639   0.027447   0.367551   0.673983   0.822991   0.629708   0.930440   0.594315   0.753569   0.024590   0.331035   0.680884   0.813002   0.612680   0.930335   0.576396   0.765765   0.020968   0.312443   0.687138   0.798006   0.587560   0.930494   0.550047   0.770197   0.022455   0.309039   0.689900   0.788116   0.571354   0.931049   0.533119   0.765432   0.026072   0.308703   0.690311   0.783097   0.563329   0.931662   0.524774   0.762441   0.026930   0.308474   0.690598   0.778815   0.556559   0.931904   0.517749   0.760053   0.026853   0.308290   0.690823   0.774952   0.550510   0.931787   0.511484   0.757889   0.026461   0.308178   0.690940   0.771603   0.545304   0.931620   0.506099   0.755918   0.026061   0.308125   0.690963   0.768845   0.541050   0.931787   0.501705   0.754015   0.025729   0.308101   0.690942   0.766544   0.537523   0.932343   0.498065   0.752279   0.025355 
 14   0.123705   0.688958   0.758020   0.524695   0.938450   0.484876   0.738474   0.018381   0.306784   0.695389   0.765392   0.535774   0.937734   0.496265   0.746188   0.017830   0.307171   0.694411   0.766537   0.537517   0.938844   0.498061   0.749497   0.018610   0.307559   0.693485   0.767704   0.539303   0.941283   0.499903   0.753252   0.019390   0.307860   0.692810   0.767857   0.539535   0.942724   0.500141   0.755424   0.020125   0.309711   0.691730   0.768438   0.540404   0.942974   0.501034   0.755964   0.020346   0.323254   0.687654   0.773664   0.548503   0.942553   0.509407   0.756391   0.019749   0.353806   0.680096   0.783844   0.564570   0.941514   0.526074   0.762656   0.018813   0.391311   0.672181   0.796794   0.585565   0.940701   0.547960   0.773845   0.019852   0.425739   0.665865   0.811482   0.610063   0.940964   0.573636   0.783283   0.022696   0.449241   0.661955   0.824926   0.633115   0.941216   0.597922   0.789699   0.025189   0.453750   0.661252   0.835091   0.650971   0.940962   0.616820   0.793552   0.026812   0.437537   0.663788   0.841029   0.661577   0.940205   0.628079   0.795589   0.027654   0.406003   0.668724   0.842392   0.664040   0.938947   0.630699   0.797230   0.027539   0.366611   0.674611   0.839832   0.659456   0.938194   0.625831   0.803394   0.024745   0.330958   0.681130   0.830031   0.642139   0.938100   0.607483   0.815998   0.021052   0.313020   0.686887   0.815822   0.617419   0.938242   0.581370   0.820846   0.022423   0.309816   0.689325   0.806636   0.601768   0.938795   0.564900   0.816438   0.025859   0.309510   0.689706   0.801815   0.593745   0.939451   0.556495   0.813421   0.026702   0.309289   0.689960   0.797667   0.586911   0.939751   0.549350   0.811135   0.026615   0.309127   0.690131   0.793947   0.580836   0.939603   0.543008   0.809127   0.026054   0.309020   0.690225   0.790731   0.575623   0.939449   0.537574   0.807329   0.025299   0.308964   0.690242   0.788077   0.571352   0.939695   0.533128   0.805612   0.024756   0.308944   0.690211   0.785807   0.567723   0.940291   0.529355   0.803894   0.024483 
 15   0.159429   0.698028   0.381950   0.147182   0.196254   0.121175   0.201949   0.132047   0.282110   0.712308   0.357883   0.132049   0.195953   0.107807   0.191831   0.202179   0.282282   0.709538   0.359018   0.132679   0.196462   0.108352   0.192626   0.215143   0.281923   0.707484   0.359602   0.133009   0.197890   0.108638   0.193222   0.227246   0.281745   0.705826   0.359397   0.132886   0.198669   0.108530   0.193663   0.238667   0.296973   0.696732   0.362710   0.134803   0.198578   0.110200   0.194555   0.247270   0.359716   0.668000   0.373767   0.141472   0.197974   0.116048   0.196625   0.255820   0.469197   0.626368   0.388956   0.151018   0.197010   0.124477   0.199086   0.268967   0.587117   0.588484   0.404432   0.161126   0.196772   0.133462   0.201763   0.278689   0.684435   0.561592   0.418645   0.170737   0.197287   0.142054   0.204572   0.276862   0.745073   0.550147   0.429687   0.178438   0.197561   0.148975   0.207230   0.272247   0.755846   0.557481   0.436328   0.183188   0.197608   0.153263   0.209830   0.269893   0.713862   0.582270   0.437727   0.184216   0.197380   0.154196   0.212051   0.267825   0.631124   0.618321   0.433588   0.181253   0.196826   0.151522   0.213189   0.261864   0.522422   0.661370   0.424324   0.174716   0.196249   0.145634   0.212676   0.255867   0.407907   0.706078   0.409845   0.164790   0.196041   0.136739   0.210769   0.255725   0.314580   0.742243   0.391593   0.152737   0.196137   0.126005   0.207610   0.254603   0.273319   0.755035   0.378013   0.144068   0.196461   0.118329   0.203696   0.253454   0.270098   0.749748   0.371681   0.140189   0.196695   0.114919   0.200071   0.255519   0.270112   0.743482   0.367212   0.137516   0.196598   0.112578   0.197229   0.260689   0.270676   0.737866   0.363395   0.135264   0.196560   0.110610   0.195116   0.265652   0.270972   0.733228   0.360010   0.133290   0.196512   0.108889   0.193138   0.264170   0.270709   0.729561   0.357076   0.131596   0.196485   0.107414   0.191159   0.260841   0.270390   0.726338   0.354784   0.130284   0.196733   0.106274   0.189448   0.260667 
 16   0.163459   0.692906   0.392102   0.152914   0.217182   0.126143   0.219071   0.054122   0.297897   0.702736   0.377695   0.143415   0.216457   0.117690   0.210707   0.069422   0.298641   0.701142   0.378936   0.144132   0.217004   0.118314   0.211935   0.074051   0.298830   0.700274   0.379168   0.144270   0.218553   0.118435   0.212719   0.078517   0.298898   0.699725   0.378697   0.143987   0.219456   0.118186   0.213059   0.082720   0.306293   0.692631   0.381999   0.145964   0.219417   0.119917   0.214315   0.086509   0.342569   0.669179   0.391823   0.152100   0.218834   0.125329   0.216853   0.093252   0.412083   0.635883   0.403911   0.159963   0.217859   0.132308   0.220383   0.106713   0.490440   0.606968   0.415950   0.168034   0.217535   0.139509   0.225207   0.120169   0.556743   0.588206   0.427371   0.175894   0.217972   0.146554   0.230535   0.127040   0.595528   0.583460   0.436244   0.182148   0.218194   0.152182   0.235847   0.131549   0.595447   0.594097   0.441143   0.185666   0.218194   0.155358   0.240689   0.135169   0.558901   0.616147   0.441426   0.185871   0.217930   0.155543   0.244231   0.135792   0.498794   0.643614   0.437309   0.182891   0.217329   0.152850   0.245766   0.130787   0.427776   0.673100   0.429829   0.177550   0.216746   0.148033   0.245102   0.122372   0.360222   0.700816   0.419541   0.170379   0.216630   0.141593   0.242654   0.113184   0.313323   0.720338   0.407648   0.162347   0.216848   0.134417   0.238797   0.102880   0.295628   0.726628   0.398672   0.156468   0.217252   0.129192   0.234254   0.096425   0.293869   0.724831   0.393682   0.153308   0.217538   0.126399   0.230000   0.094995   0.293305   0.722609   0.389796   0.150879   0.217481   0.124256   0.226492   0.097158   0.293178   0.720426   0.386243   0.148681   0.217444   0.122322   0.223606   0.099618   0.292839   0.718661   0.382807   0.146583   0.217359   0.120478   0.220788   0.098519   0.292297   0.717271   0.379762   0.144743   0.217308   0.118865   0.217969   0.096619   0.291918   0.715915   0.377328   0.143283   0.217563   0.117586   0.215515   0.096757 
 17   0.137136   0.698981   0.584975   0.311146   0.609814   0.272653   0.365427   0.051072   0.292277   0.714955   0.616458   0.343042   0.606237   0.303222   0.366961   0.051106   0.292421   0.713016   0.619293   0.346146   0.606637   0.306237   0.358694   0.050205   0.292761   0.711271   0.620695   0.347712   0.608412   0.307763   0.354454   0.050625   0.292929   0.710085   0.620341   0.347350   0.609415   0.307415   0.351497   0.051609   0.301932   0.701412   0.627624   0.355316   0.609290   0.315152   0.352264   0.051861   0.349634   0.675385   0.648730   0.379620   0.608501   0.338975   0.357983   0.054944   0.444417   0.640639   0.672695   0.408951   0.607197   0.368041   0.365216   0.070515   0.554075   0.612194   0.694577   0.437458   0.606619   0.396614   0.371729   0.094259   0.648324   0.595762   0.714372   0.464393   0.606773   0.423829   0.378063   0.115078   0.706147   0.592408   0.728436   0.484268   0.606601   0.444049   0.386339   0.131059   0.710313   0.601918   0.735367   0.494375   0.606296   0.454392   0.396582   0.141305   0.659175   0.622018   0.734060   0.492701   0.605903   0.452722   0.407898   0.144750   0.570092   0.648436   0.724475   0.479272   0.605307   0.439079   0.418951   0.140513   0.467661   0.676617   0.708524   0.457259   0.604751   0.416775   0.427822   0.127738   0.376178   0.701524   0.689540   0.431669   0.604758   0.390957   0.432926   0.105944   0.314178   0.719964   0.668230   0.403996   0.605243   0.363228   0.431820   0.079886   0.291185   0.726622   0.652315   0.384047   0.605895   0.343368   0.424630   0.063900   0.289992   0.724645   0.645250   0.375597   0.606279   0.335028   0.416242   0.059278   0.289552   0.722500   0.640514   0.370071   0.606226   0.329598   0.408602   0.057392   0.289130   0.720634   0.636847   0.365869   0.606272   0.325484   0.401250   0.057371   0.288990   0.718971   0.633492   0.362072   0.606289   0.321773   0.394595   0.057722   0.289041   0.717561   0.629961   0.358111   0.606302   0.317909   0.388508   0.057695   0.289110   0.716306   0.626672   0.354457   0.606681   0.314351   0.382965   0.057802 
 18   0.124800   0.690199   0.732877   0.488096   0.929747   0.447471   0.669487   0.021018   0.303975   0.697796   0.739324   0.497282   0.928723   0.456823   0.674742   0.021726   0.304446   0.696784   0.740287   0.498671   0.929759   0.458239   0.675586   0.022177   0.304766   0.695934   0.741224   0.500037   0.932187   0.459636   0.677032   0.022631   0.305040   0.695274   0.741255   0.500090   0.933572   0.459692   0.677454   0.023111   0.308996   0.693226   0.743484   0.503281   0.933716   0.462943   0.677635   0.022489   0.332582   0.686397   0.753146   0.517531   0.933202   0.477542   0.680112   0.020246   0.383862   0.674988   0.769512   0.542453   0.932059   0.503226   0.690008   0.018981   0.450105   0.662938   0.790146   0.575229   0.931265   0.537271   0.704134   0.021615   0.517475   0.652691   0.813155   0.613431   0.931440   0.577282   0.714768   0.026468   0.567590   0.646067   0.834140   0.649799   0.931459   0.615680   0.721019   0.030920   0.579445   0.645130   0.849987   0.678273   0.931014   0.645946   0.724051   0.034341   0.547936   0.650020   0.859038   0.694955   0.930088   0.663764   0.725644   0.036761   0.486948   0.658588   0.860987   0.698617   0.928689   0.667688   0.728074   0.037452   0.414793   0.668462   0.856471   0.690240   0.927826   0.658732   0.734502   0.035076   0.350596   0.678472   0.842455   0.664723   0.927724   0.631541   0.746419   0.030379   0.315333   0.687751   0.820506   0.625896   0.927927   0.590390   0.750899   0.030413   0.306877   0.692455   0.804599   0.598584   0.928560   0.561606   0.746115   0.033519   0.306379   0.693069   0.797106   0.586202   0.929254   0.548651   0.742952   0.033733   0.306137   0.693401   0.790985   0.576239   0.929562   0.538256   0.740982   0.033033   0.306017   0.693566   0.785768   0.567855   0.929509   0.529528   0.739396   0.031955   0.305965   0.693627   0.781308   0.560761   0.929391   0.522159   0.737832   0.030808   0.305919   0.693648   0.777471   0.554722   0.929602   0.515897   0.736083   0.029918   0.305879   0.693631   0.774118   0.549496   0.930218   0.510488   0.734265   0.029293 
 19   0.122377   0.689939   0.758183   0.525054   0.937644   0.485268   0.725711   0.019737   0.304712   0.697295   0.763414   0.532917   0.936872   0.493350   0.733470   0.020300   0.305173   0.696268   0.764084   0.533925   0.938128   0.494387   0.736252   0.021233   0.305540   0.695355   0.764845   0.535079   0.940760   0.495575   0.739305   0.022093   0.305789   0.694712   0.764553   0.534630   0.942286   0.495111   0.740799   0.022861   0.310831   0.692505   0.766838   0.538100   0.942517   0.498686   0.741177   0.022634   0.337345   0.685241   0.776806   0.553621   0.942005   0.514746   0.744693   0.021123   0.393115   0.673416   0.793434   0.580332   0.940818   0.542548   0.756318   0.020836   0.464591   0.661187   0.814214   0.615117   0.939871   0.579034   0.770787   0.024205   0.533993   0.651264   0.836741   0.654470   0.939948   0.620645   0.781517   0.029155   0.581812   0.645334   0.856805   0.690984   0.939983   0.659553   0.788028   0.033118   0.587033   0.645356   0.871506   0.718652   0.939511   0.689222   0.790621   0.035944   0.548084   0.651111   0.879305   0.733657   0.938499   0.705379   0.791314   0.037990   0.483458   0.660076   0.879837   0.734708   0.937005   0.706517   0.793126   0.038764   0.410874   0.669970   0.873706   0.722904   0.936179   0.693804   0.800021   0.036622   0.348148   0.679708   0.858576   0.694362   0.936144   0.663184   0.812406   0.031692   0.315024   0.688103   0.837576   0.655841   0.936372   0.622077   0.816306   0.031145   0.307892   0.692059   0.823085   0.630039   0.937057   0.594697   0.811256   0.033817   0.307453   0.692583   0.815963   0.617763   0.937859   0.581751   0.808534   0.033804   0.307231   0.692828   0.810162   0.607903   0.938261   0.571381   0.806972   0.032934   0.307095   0.692972   0.805025   0.599280   0.938141   0.562332   0.805711   0.031683   0.306978   0.693068   0.800537   0.591820   0.937985   0.554518   0.804383   0.030433   0.306882   0.693088   0.796754   0.585593   0.938273   0.548008   0.802726   0.029605   0.306804   0.693069   0.793424   0.580163   0.938955   0.542340   0.800846   0.029157 
 20   0.150819   0.691848   0.467205   0.205672   0.325504   0.173630   0.256646   0.153630   0.281054   0.700454   0.459100   0.199370   0.328186   0.167864   0.245935   0.253794   0.280051   0.698251   0.461443   0.201174   0.328528   0.169513   0.245143   0.278637   0.279203   0.696429   0.463123   0.202473   0.329970   0.170701   0.245136   0.295850   0.278149   0.695211   0.463656   0.202897   0.330725   0.171091   0.245298   0.312342   0.292390   0.690085   0.466260   0.204883   0.330551   0.172904   0.245733   0.324770   0.355168   0.671837   0.476129   0.212609   0.329859   0.179984   0.248537   0.321457   0.463893   0.643779   0.491564   0.225166   0.328810   0.191570   0.252482   0.320174   0.578138   0.617897   0.507905   0.239027   0.328563   0.204453   0.255964   0.328263   0.670151   0.599056   0.522680   0.252000   0.329093   0.216584   0.259496   0.325113   0.727189   0.589766   0.533815   0.262083   0.329350   0.226063   0.262765   0.317490   0.739741   0.592418   0.540083   0.267897   0.329381   0.231552   0.265750   0.311301   0.704200   0.607169   0.540721   0.268525   0.329157   0.232151   0.268162   0.306289   0.628802   0.630913   0.535534   0.263736   0.328618   0.227634   0.269553   0.299943   0.526212   0.660839   0.525105   0.254240   0.327995   0.218697   0.269188   0.295615   0.413880   0.693412   0.509857   0.240755   0.327724   0.206071   0.266595   0.298840   0.315924   0.722430   0.490562   0.224345   0.327803   0.190812   0.261855   0.309952   0.269569   0.734255   0.476930   0.213135   0.328123   0.180449   0.256396   0.325441   0.265436   0.730665   0.472169   0.209409   0.328338   0.177036   0.252136   0.337211   0.265044   0.725942   0.469153   0.207095   0.328218   0.174922   0.249103   0.347569   0.264752   0.721790   0.466541   0.205110   0.328212   0.173112   0.246713   0.356125   0.264838   0.718193   0.464178   0.203323   0.328226   0.171484   0.244548   0.357410   0.264990   0.715112   0.462132   0.201788   0.328245   0.170087   0.242388   0.355419   0.264771   0.712432   0.460535   0.200602   0.328547   0.169010   0.240487   0.354762 
 21   0.153245   0.698455   0.443461   0.187947   0.327565   0.157510   0.247073   0.058234   0.288800   0.714144   0.446512   0.189683   0.326802   0.159006   0.239525   0.067001   0.288502   0.712855   0.447426   0.190325   0.327345   0.159583   0.237421   0.068811   0.288150   0.711623   0.447862   0.190661   0.328940   0.159890   0.235502   0.073018   0.287601   0.710582   0.447486   0.190423   0.329824   0.159680   0.233618   0.078508   0.300259   0.698511   0.456523   0.196957   0.329710   0.165587   0.235881   0.082692   0.358617   0.664904   0.478260   0.213502   0.329019   0.180675   0.241397   0.091283   0.465493   0.622977   0.500618   0.231728   0.327896   0.197490   0.245505   0.113287   0.583928   0.588220   0.520317   0.248682   0.327469   0.213279   0.249332   0.135975   0.683522   0.564789   0.537499   0.264045   0.327801   0.227681   0.253846   0.146088   0.744615   0.556352   0.550276   0.275864   0.327882   0.238827   0.259367   0.150574   0.750244   0.566075   0.557315   0.282594   0.327767   0.245211   0.265831   0.153860   0.700222   0.591491   0.557571   0.282965   0.327422   0.245584   0.272331   0.154780   0.610403   0.626205   0.550956   0.276782   0.326797   0.239743   0.277555   0.150755   0.499917   0.664663   0.538881   0.265544   0.326228   0.229132   0.280242   0.142173   0.393015   0.700883   0.522591   0.250778   0.326154   0.215255   0.279913   0.128096   0.312741   0.730298   0.500420   0.231647   0.326460   0.197428   0.276189   0.105554   0.279214   0.742932   0.481756   0.216232   0.326964   0.183173   0.268820   0.091003   0.276730   0.741061   0.472834   0.209246   0.327301   0.176774   0.261143   0.089337   0.276469   0.737712   0.467064   0.204825   0.327247   0.172738   0.255439   0.090802   0.276561   0.734415   0.462352   0.201272   0.327234   0.169503   0.250812   0.093325   0.276988   0.731370   0.458049   0.198080   0.327192   0.166606   0.246868   0.093282   0.277405   0.728754   0.454010   0.195129   0.327173   0.163933   0.243159   0.092305   0.277544   0.726542   0.450461   0.192568   0.327468   0.161619   0.239590   0.092672 
 22   0.147372   0.699943   0.504799   0.236198   0.438821   0.201779   0.293857   0.051013   0.291488   0.717204   0.525895   0.253405   0.437984   0.217660   0.293785   0.054318   0.290964   0.715882   0.527027   0.254395   0.438450   0.218584   0.288900   0.054836   0.290738   0.714550   0.527555   0.254898   0.440101   0.219060   0.285340   0.056873   0.290455   0.713559   0.527077   0.254505   0.441012   0.218698   0.282278   0.059746   0.301771   0.701859   0.534619   0.261133   0.440866   0.224891   0.283046   0.062114   0.356435   0.666160   0.555068   0.280058   0.440096   0.242741   0.287661   0.067458   0.459558   0.617913   0.578147   0.302755   0.438838   0.264373   0.292368   0.084223   0.575902   0.576732   0.599819   0.325279   0.438281   0.286053   0.296804   0.106339   0.674812   0.551069   0.619459   0.346596   0.438477   0.306730   0.301930   0.122796   0.735317   0.544784   0.633917   0.362950   0.438398   0.322710   0.308833   0.135014   0.739386   0.559632   0.641722   0.372125   0.438158   0.331737   0.317478   0.144451   0.687217   0.591055   0.641619   0.372199   0.437758   0.331843   0.326757   0.149513   0.596315   0.631027   0.633485   0.362936   0.437141   0.322780   0.335023   0.147849   0.487840   0.672953   0.619126   0.346709   0.436606   0.306924   0.340614   0.138361   0.386678   0.709403   0.601116   0.326880   0.436615   0.287640   0.342357   0.119704   0.313671   0.735773   0.579701   0.304411   0.437063   0.265975   0.338927   0.093516   0.284304   0.744838   0.562737   0.287375   0.437698   0.249676   0.330622   0.077011   0.282512   0.741258   0.554472   0.279455   0.438100   0.242162   0.321859   0.073510   0.282182   0.737437   0.548986   0.274312   0.438062   0.237301   0.314533   0.072992   0.281726   0.734303   0.544575   0.270255   0.438087   0.233479   0.307779   0.074024   0.281587   0.731648   0.540461   0.266519   0.438088   0.229968   0.301995   0.074164   0.281741   0.729402   0.536376   0.262848   0.438096   0.226523   0.297076   0.073539   0.281962   0.727306   0.532859   0.259719   0.438434   0.223593   0.292683   0.073385 
 23   0.125990   0.692192   0.712853   0.460836   0.925079   0.419944   0.561201   0.026306   0.302291   0.701612   0.723267   0.475053   0.923839   0.434309   0.564504   0.027113   0.302795   0.700349   0.724722   0.477134   0.924696   0.436429   0.561604   0.026653   0.303107   0.699336   0.725790   0.478648   0.926831   0.437969   0.560476   0.026245   0.303354   0.698515   0.725922   0.478858   0.928042   0.438188   0.559698   0.026203   0.308129   0.695970   0.729016   0.483179   0.928095   0.442573   0.559882   0.025202   0.336509   0.687868   0.740809   0.500208   0.927475   0.459959   0.564307   0.021960   0.398897   0.674126   0.760157   0.529158   0.926283   0.489708   0.576638   0.020130   0.482973   0.658827   0.784897   0.567947   0.925568   0.529917   0.591773   0.023817   0.571954   0.645264   0.813166   0.614673   0.925680   0.578833   0.601520   0.030251   0.641521   0.636148   0.839337   0.660243   0.925484   0.627004   0.605582   0.036449   0.663357   0.634419   0.859225   0.696444   0.924869   0.665591   0.606720   0.041765   0.626374   0.640546   0.870854   0.718261   0.923883   0.688977   0.607488   0.045432   0.547082   0.651862   0.873731   0.723724   0.922565   0.694847   0.610585   0.046440   0.452284   0.665111   0.868357   0.713461   0.921701   0.683810   0.618771   0.043982   0.367448   0.678081   0.851930   0.682845   0.921592   0.651034   0.634001   0.038111   0.317370   0.690391   0.823754   0.632446   0.921905   0.597491   0.642146   0.036086   0.303580   0.696838   0.801985   0.594890   0.922629   0.557864   0.638281   0.038097   0.303281   0.697430   0.792269   0.578947   0.923345   0.541201   0.634077   0.038005   0.303336   0.697682   0.784326   0.566167   0.923677   0.527891   0.631324   0.036858   0.303585   0.697655   0.777778   0.555805   0.923789   0.517134   0.629347   0.035498   0.303772   0.697554   0.772218   0.547134   0.923809   0.508157   0.627570   0.034223   0.303893   0.697389   0.767569   0.539981   0.924024   0.500770   0.625982   0.033110   0.304024   0.697121   0.763709   0.534118   0.924610   0.494729   0.624702   0.032288 
 24   0.122068   0.691584   0.750698   0.514194   0.932544   0.474174   0.667296   0.022601   0.302599   0.700414   0.755013   0.520568   0.931705   0.480706   0.674480   0.024509   0.303100   0.699221   0.755509   0.521332   0.932982   0.481496   0.676245   0.025394   0.303308   0.698372   0.755700   0.521657   0.935581   0.481835   0.678058   0.026031   0.303402   0.697809   0.754756   0.520269   0.937072   0.480414   0.678703   0.026523   0.312744   0.694090   0.759341   0.527067   0.937270   0.487388   0.680655   0.025251   0.354823   0.683282   0.775241   0.551544   0.936740   0.512667   0.688388   0.022442   0.438743   0.667123   0.799660   0.591093   0.935547   0.553901   0.704131   0.022404   0.547012   0.650326   0.829651   0.642553   0.934583   0.608139   0.720051   0.027044   0.650909   0.636893   0.860619   0.698864   0.934518   0.668146   0.728023   0.032809   0.714214   0.630031   0.886446   0.748392   0.934343   0.721456   0.728457   0.037074   0.707927   0.632075   0.903857   0.783221   0.933726   0.759245   0.724588   0.040199   0.643420   0.640938   0.912223   0.800429   0.932617   0.778016   0.721498   0.042264   0.552424   0.652620   0.912436   0.800922   0.931081   0.778564   0.722725   0.042524   0.454618   0.665213   0.904769   0.785226   0.930233   0.761460   0.730731   0.040920   0.369214   0.677356   0.886318   0.748348   0.930177   0.721452   0.746408   0.037191   0.318994   0.688944   0.857859   0.693626   0.930380   0.662521   0.753929   0.036998   0.305200   0.695263   0.836172   0.653458   0.931038   0.619570   0.750211   0.039724   0.304606   0.695984   0.826060   0.635641   0.931816   0.600700   0.748339   0.039711   0.304426   0.696306   0.817867   0.621491   0.932228   0.585770   0.747987   0.038657   0.304420   0.696434   0.810850   0.609562   0.932155   0.573219   0.748077   0.036925   0.304503   0.696404   0.804996   0.599732   0.932008   0.562902   0.748139   0.035082   0.304569   0.696285   0.800128   0.591655   0.932293   0.554443   0.747675   0.033757   0.304592   0.696138   0.795893   0.584713   0.932994   0.547189   0.746815   0.032899 
