timestamp=                2022-01-05T18:03:42.751133
shape=                    (5, 5)
sigma=                    2.5
nepochs=                  7
rate=                     0.01
neighborhood function=    gaussian
init weights=             pca
topology=                 hexagonal
activation distance=      euclidean
output type=              labels
mapfile_prefix=           2017-2021_5x5_7_01000_09
apply classification=     False
apply activation=         False
seed=                     None
random order=             True
custom init file=         None
decay_function=           3

quantization error=       0.35015963
topographic error=        0.22188518

############ NEURONS #############
 25 192
  0   0.142667   0.688336   0.593426   0.318699   0.598362   0.279717   0.419690   0.032555   0.305537   0.694331   0.608920   0.333775   0.597076   0.294052   0.422766   0.036020   0.306040   0.693732   0.609821   0.334707   0.597762   0.294948   0.421497   0.033205   0.306402   0.693146   0.610223   0.335122   0.599710   0.295347   0.421940   0.032363   0.306585   0.692767   0.609850   0.334716   0.600856   0.294952   0.422114   0.032250   0.308585   0.690933   0.610933   0.335861   0.600839   0.296058   0.422529   0.032357   0.325448   0.683496   0.617276   0.342834   0.600180   0.302832   0.425349   0.031309   0.365169   0.671346   0.625291   0.351796   0.599034   0.311565   0.433394   0.032278   0.414285   0.660104   0.632242   0.359734   0.598591   0.319329   0.445603   0.038385   0.455450   0.652797   0.639170   0.367778   0.599002   0.327222   0.457927   0.046485   0.477672   0.650491   0.644341   0.373874   0.599156   0.333219   0.468771   0.053655   0.475223   0.653361   0.646790   0.376793   0.599060   0.336097   0.477195   0.058275   0.449651   0.660457   0.645938   0.375784   0.598676   0.335104   0.482684   0.058986   0.411041   0.669741   0.641999   0.371118   0.597922   0.330510   0.485004   0.055096   0.369459   0.679610   0.635974   0.364056   0.597224   0.323569   0.484231   0.047919   0.333403   0.688809   0.628818   0.355784   0.597118   0.315460   0.481464   0.040095   0.312565   0.694993   0.621791   0.347781   0.597436   0.307635   0.476895   0.035528   0.306891   0.696792   0.617910   0.343420   0.597967   0.303382   0.470936   0.034703   0.306636   0.696426   0.616703   0.342102   0.598355   0.302103   0.465383   0.034568   0.306495   0.696041   0.615590   0.340894   0.598348   0.300932   0.460730   0.034682   0.306368   0.695721   0.614431   0.339645   0.598353   0.299723   0.456594   0.035149   0.306261   0.695452   0.613219   0.338343   0.598295   0.298463   0.452692   0.035453   0.306152   0.695206   0.612097   0.337142   0.598277   0.297302   0.448908   0.035561   0.306019   0.694966   0.611173   0.336161   0.598632   0.296355   0.445411   0.035778 
  1   0.132884   0.688005   0.672917   0.408772   0.772109   0.367770   0.563162   0.028035   0.307196   0.693710   0.689907   0.429544   0.770622   0.388341   0.569955   0.030317   0.307696   0.693128   0.691057   0.431055   0.771396   0.389857   0.567624   0.028174   0.308134   0.692504   0.691978   0.432265   0.773581   0.391070   0.567846   0.027164   0.308403   0.692083   0.691867   0.432125   0.774880   0.390932   0.567528   0.026972   0.309267   0.691409   0.691607   0.431789   0.774896   0.390596   0.566497   0.026587   0.319405   0.687799   0.695052   0.436393   0.774224   0.395228   0.566191   0.024722   0.346291   0.680632   0.701228   0.444646   0.773012   0.403533   0.571951   0.023371   0.383015   0.672999   0.707629   0.453267   0.772529   0.412220   0.583810   0.026170   0.418167   0.666995   0.714891   0.463205   0.772975   0.422264   0.595567   0.031488   0.442316   0.663598   0.721525   0.472428   0.773125   0.431611   0.605281   0.036638   0.447437   0.663496   0.726239   0.479063   0.772980   0.438352   0.612816   0.040344   0.431516   0.666746   0.727936   0.481479   0.772500   0.440812   0.617863   0.041387   0.400244   0.672545   0.726025   0.478784   0.771605   0.438073   0.620279   0.039132   0.362661   0.679596   0.721261   0.472065   0.770814   0.431245   0.620850   0.033739   0.329658   0.686458   0.714217   0.462210   0.770709   0.421245   0.621672   0.027499   0.311980   0.691246   0.706179   0.451093   0.771070   0.409989   0.620249   0.024888   0.308156   0.692758   0.701504   0.444697   0.771670   0.403525   0.615249   0.025079   0.308185   0.692574   0.700110   0.442829   0.772123   0.401645   0.610020   0.024844   0.308249   0.692365   0.698847   0.441154   0.772148   0.399962   0.605522   0.024707   0.308349   0.692170   0.697579   0.439484   0.772166   0.398286   0.601546   0.025062   0.308422   0.692018   0.696274   0.437778   0.772096   0.396576   0.597583   0.025528   0.308458   0.691865   0.695107   0.436259   0.772084   0.395055   0.593780   0.025663   0.308515   0.691655   0.694292   0.435206   0.772487   0.394002   0.590425   0.025822 
  2   0.128715   0.688503   0.714373   0.462197   0.905032   0.421188   0.655943   0.023192   0.307888   0.694761   0.723222   0.474174   0.904051   0.433268   0.659756   0.022943   0.308240   0.694288   0.723296   0.474267   0.904874   0.433360   0.658665   0.022906   0.308540   0.693737   0.723607   0.474701   0.907034   0.433800   0.658749   0.022819   0.308793   0.693356   0.723062   0.473942   0.908342   0.433031   0.658200   0.023073   0.309217   0.693084   0.721810   0.472196   0.908482   0.431260   0.656785   0.023358   0.315111   0.691393   0.722362   0.472985   0.908000   0.432063   0.654577   0.023663   0.332003   0.687105   0.725878   0.477951   0.906991   0.437110   0.655260   0.023917   0.355779   0.681710   0.731553   0.486024   0.906502   0.445326   0.661071   0.025515   0.378987   0.676946   0.738830   0.496515   0.907008   0.456029   0.668503   0.028472   0.396161   0.673647   0.746142   0.507218   0.907333   0.466979   0.674758   0.031208   0.401136   0.672559   0.752062   0.516016   0.907261   0.476004   0.679157   0.032684   0.391501   0.673933   0.755544   0.521256   0.906740   0.481392   0.681717   0.032434   0.370820   0.677329   0.756010   0.521980   0.905735   0.482142   0.683002   0.030351   0.344922   0.681867   0.753677   0.518490   0.904965   0.478556   0.684933   0.026026   0.322080   0.686682   0.747638   0.509459   0.904827   0.469280   0.689423   0.021942   0.310843   0.690147   0.740128   0.498316   0.905038   0.457852   0.689922   0.021988   0.309031   0.691242   0.735660   0.491774   0.905562   0.451159   0.685655   0.023675   0.309012   0.691277   0.733441   0.488578   0.906049   0.447900   0.682378   0.024006   0.309022   0.691260   0.731511   0.485823   0.906147   0.445094   0.679390   0.023934   0.309056   0.691229   0.729755   0.483336   0.906058   0.442566   0.676469   0.024108   0.309097   0.691206   0.728125   0.481045   0.905892   0.440240   0.673602   0.024604   0.309146   0.691143   0.726741   0.479111   0.905920   0.438277   0.671065   0.024884   0.309227   0.691000   0.725718   0.477689   0.906331   0.436836   0.669021   0.024947 
  3   0.126633   0.688320   0.732647   0.487467   0.931462   0.446774   0.702574   0.019545   0.307246   0.694262   0.739072   0.496600   0.930593   0.456066   0.707107   0.018730   0.307654   0.693560   0.739779   0.497602   0.931598   0.457085   0.708474   0.019255   0.308008   0.692852   0.740640   0.498835   0.933959   0.458341   0.710595   0.019780   0.308288   0.692349   0.740581   0.498738   0.935396   0.458240   0.711567   0.020257   0.308917   0.691855   0.740053   0.497954   0.935628   0.457436   0.711456   0.020578   0.315926   0.689659   0.742000   0.500760   0.935213   0.460298   0.710912   0.021119   0.334239   0.684971   0.747287   0.508497   0.934208   0.468212   0.713608   0.021572   0.358499   0.679626   0.754684   0.519511   0.933552   0.479514   0.720820   0.023029   0.381643   0.675109   0.763657   0.533116   0.933998   0.493522   0.728705   0.025773   0.398306   0.672109   0.772269   0.546419   0.934393   0.507268   0.734900   0.028241   0.402493   0.671218   0.778978   0.556959   0.934323   0.518192   0.738940   0.029570   0.392269   0.672621   0.782800   0.563037   0.933732   0.524504   0.741020   0.029601   0.371418   0.675863   0.783325   0.563888   0.932607   0.525392   0.741921   0.028249   0.345332   0.680055   0.781019   0.560233   0.931869   0.521597   0.744767   0.024505   0.321969   0.684801   0.773936   0.549082   0.931774   0.510035   0.751688   0.020622   0.310720   0.688586   0.764660   0.534631   0.931920   0.495081   0.752116   0.021459   0.309054   0.689954   0.759033   0.526003   0.932422   0.486179   0.746359   0.023982   0.308901   0.690149   0.755959   0.521364   0.932961   0.481407   0.742978   0.024347   0.308816   0.690268   0.753281   0.517354   0.933120   0.477288   0.740029   0.023988   0.308762   0.690343   0.750873   0.513772   0.932919   0.473614   0.737178   0.023711   0.308736   0.690382   0.748754   0.510639   0.932664   0.470402   0.734354   0.023709   0.308751   0.690352   0.747052   0.508134   0.932744   0.467838   0.731887   0.023593   0.308800   0.690251   0.745734   0.506206   0.933215   0.465865   0.729862   0.023407 
  4   0.124805   0.688317   0.750559   0.513460   0.937777   0.473322   0.738703   0.017931   0.307451   0.694188   0.757606   0.523898   0.937068   0.484024   0.745151   0.017015   0.307862   0.693370   0.758622   0.525417   0.938204   0.485583   0.747798   0.017938   0.308230   0.692583   0.759660   0.526976   0.940684   0.487186   0.750984   0.018790   0.308515   0.692030   0.759662   0.526973   0.942196   0.487181   0.752762   0.019560   0.309275   0.691458   0.759243   0.526324   0.942467   0.486511   0.753207   0.020000   0.317141   0.689020   0.761608   0.529896   0.942045   0.490186   0.753128   0.020391   0.337096   0.683974   0.767562   0.539006   0.941011   0.499582   0.756794   0.020595   0.363090   0.678345   0.775681   0.551650   0.940240   0.512664   0.764989   0.021689   0.387492   0.673650   0.785475   0.567193   0.940616   0.528803   0.773232   0.024039   0.403866   0.670692   0.794704   0.582117   0.941019   0.544355   0.779416   0.026081   0.406627   0.670014   0.801666   0.593568   0.940930   0.556324   0.783329   0.027099   0.394968   0.671651   0.805536   0.600004   0.940303   0.563066   0.785246   0.027195   0.372728   0.675136   0.805907   0.600632   0.939143   0.563726   0.786198   0.026315   0.345550   0.679441   0.803321   0.596333   0.938459   0.559223   0.790405   0.023039   0.321939   0.684272   0.795541   0.583526   0.938430   0.545834   0.799204   0.019751   0.311058   0.688074   0.785729   0.567557   0.938605   0.529174   0.800196   0.021041   0.309559   0.689387   0.779972   0.558346   0.939149   0.519595   0.794300   0.023608   0.309376   0.689608   0.776638   0.553092   0.939753   0.514147   0.790982   0.024049   0.309253   0.689750   0.773719   0.548526   0.939973   0.509418   0.788086   0.023679   0.309179   0.689845   0.771045   0.544371   0.939732   0.505121   0.785128   0.023267   0.309135   0.689899   0.768663   0.540693   0.939460   0.501322   0.782188   0.023097   0.309126   0.689885   0.766727   0.537720   0.939605   0.498253   0.779636   0.022861   0.309159   0.689807   0.765193   0.535375   0.940133   0.495835   0.777420   0.022641 
  5   0.147599   0.689178   0.545404   0.271402   0.499942   0.234620   0.359125   0.033392   0.304100   0.695940   0.559397   0.283492   0.498386   0.245877   0.360144   0.036953   0.304637   0.695297   0.559779   0.283830   0.499031   0.246193   0.359777   0.035090   0.304831   0.694829   0.559559   0.283617   0.500863   0.245991   0.359839   0.035004   0.304922   0.694515   0.558860   0.282953   0.501942   0.245362   0.359520   0.035263   0.307962   0.691575   0.560893   0.284881   0.501904   0.247187   0.360316   0.035543   0.329833   0.680839   0.568752   0.292578   0.501229   0.254515   0.363892   0.034846   0.378394   0.664433   0.577454   0.301311   0.500089   0.262865   0.372038   0.037816   0.435361   0.649928   0.584831   0.308889   0.499653   0.270140   0.383871   0.046712   0.480722   0.641129   0.592037   0.316399   0.500047   0.277369   0.395835   0.056603   0.501239   0.639647   0.597029   0.321676   0.500208   0.282462   0.406393   0.064872   0.492792   0.645165   0.598946   0.323726   0.500139   0.284445   0.414576   0.069872   0.462154   0.655312   0.597591   0.322274   0.499793   0.283040   0.419725   0.070307   0.419981   0.667416   0.593218   0.317611   0.499099   0.278533   0.421527   0.065699   0.375407   0.679716   0.586872   0.310930   0.498446   0.272091   0.420114   0.057137   0.336529   0.690892   0.579631   0.303444   0.498345   0.264895   0.416323   0.047116   0.312871   0.698468   0.572694   0.296401   0.498652   0.258147   0.410572   0.039975   0.305493   0.700824   0.568643   0.292352   0.499161   0.254280   0.403916   0.037499   0.304785   0.700470   0.567039   0.290793   0.499519   0.252798   0.397952   0.037131   0.304312   0.700074   0.565541   0.289355   0.499485   0.251433   0.392762   0.037601   0.303935   0.699693   0.564050   0.287938   0.499473   0.250091   0.388126   0.038408   0.303674   0.699337   0.562479   0.286450   0.499412   0.248683   0.383867   0.038831   0.303437   0.699036   0.560932   0.284988   0.499393   0.247300   0.379905   0.038913   0.303154   0.698807   0.559567   0.283707   0.499727   0.246090   0.376174   0.039289 
  6   0.137920   0.688102   0.631812   0.360141   0.685726   0.319875   0.480768   0.030377   0.306261   0.693881   0.649210   0.379217   0.683970   0.338405   0.486055   0.033171   0.306755   0.693245   0.650616   0.380839   0.684683   0.339994   0.484021   0.030542   0.307210   0.692524   0.651965   0.382415   0.686732   0.341541   0.484128   0.029140   0.307503   0.692018   0.652289   0.382784   0.687934   0.341903   0.483887   0.028698   0.309033   0.690705   0.653161   0.383809   0.687930   0.342910   0.483462   0.028491   0.322970   0.685118   0.658892   0.390780   0.687282   0.349806   0.484914   0.026694   0.357061   0.675498   0.666925   0.400667   0.686126   0.359607   0.492303   0.026235   0.401099   0.666159   0.674289   0.409894   0.685679   0.368784   0.504556   0.030957   0.441421   0.659400   0.681967   0.419694   0.686099   0.378564   0.516721   0.038217   0.465895   0.656471   0.688139   0.427716   0.686231   0.386596   0.527332   0.044832   0.466534   0.657892   0.691692   0.432400   0.686095   0.391299   0.535755   0.049195   0.444576   0.663079   0.691871   0.432658   0.685663   0.391562   0.541602   0.050227   0.408387   0.670634   0.688549   0.428319   0.684847   0.387214   0.544666   0.047210   0.367844   0.679037   0.682727   0.420752   0.684098   0.379636   0.545180   0.040855   0.332432   0.687032   0.675140   0.410992   0.683984   0.369883   0.544636   0.033604   0.312488   0.692624   0.666977   0.400638   0.684321   0.359562   0.541877   0.030085   0.307549   0.694405   0.662244   0.394713   0.684884   0.353671   0.536346   0.030123   0.307468   0.694195   0.660757   0.392894   0.685303   0.351869   0.530831   0.030118   0.307450   0.693937   0.659430   0.391282   0.685322   0.350275   0.526312   0.029990   0.307480   0.693663   0.658198   0.389798   0.685350   0.348809   0.522436   0.029980   0.307510   0.693431   0.656916   0.388262   0.685298   0.347294   0.518721   0.030080   0.307513   0.693216   0.655755   0.386876   0.685285   0.345929   0.515156   0.030222   0.307489   0.692988   0.654928   0.385901   0.685663   0.344969   0.511844   0.030320 
  7   0.130214   0.690359   0.693206   0.434612   0.922508   0.393556   0.530273   0.024403   0.305734   0.698236   0.704824   0.449663   0.921195   0.408618   0.532842   0.024075   0.306105   0.697374   0.705675   0.450748   0.921882   0.409701   0.530226   0.023860   0.306403   0.696568   0.706473   0.451792   0.923783   0.410746   0.529705   0.023357   0.306632   0.695971   0.706447   0.451759   0.924913   0.410714   0.529275   0.023266   0.307612   0.695308   0.706138   0.451333   0.925062   0.410283   0.528216   0.023439   0.317673   0.692540   0.709259   0.455578   0.924679   0.414569   0.527325   0.023216   0.343416   0.686271   0.717442   0.466852   0.923821   0.425978   0.530480   0.022495   0.377547   0.678607   0.728896   0.482944   0.923385   0.442321   0.538856   0.023646   0.410136   0.671889   0.742484   0.502583   0.923824   0.462370   0.548422   0.026738   0.434291   0.667195   0.755940   0.522652   0.924064   0.482979   0.556219   0.029597   0.443269   0.665396   0.767072   0.539759   0.923854   0.500643   0.561987   0.031484   0.432214   0.667044   0.774156   0.550900   0.923213   0.512196   0.566913   0.032020   0.403616   0.671550   0.776200   0.554197   0.922115   0.515632   0.572350   0.030631   0.365508   0.677520   0.773481   0.549931   0.921333   0.511209   0.580180   0.026714   0.330149   0.684309   0.763364   0.534156   0.921195   0.494875   0.590314   0.022711   0.311172   0.690333   0.748905   0.512047   0.921387   0.472066   0.594574   0.023444   0.307105   0.692857   0.739780   0.498449   0.921948   0.458106   0.592027   0.026319   0.307074   0.692991   0.735684   0.492527   0.922547   0.452059   0.589399   0.027167   0.307100   0.693067   0.732164   0.487488   0.922807   0.446924   0.587332   0.027218   0.307163   0.693095   0.728986   0.482979   0.922832   0.442336   0.585596   0.027355   0.307294   0.693036   0.726289   0.479170   0.922766   0.438464   0.583997   0.027537   0.307424   0.692940   0.723986   0.475936   0.922881   0.435181   0.582810   0.027514   0.307517   0.692825   0.722030   0.473217   0.923330   0.432425   0.582058   0.027429 
  8   0.127186   0.690309   0.721643   0.472447   0.929841   0.431605   0.625530   0.022900   0.305948   0.698076   0.731258   0.485759   0.928731   0.445086   0.629475   0.022147   0.306303   0.697069   0.732258   0.487156   0.929567   0.446502   0.628423   0.022113   0.306642   0.696089   0.733424   0.488806   0.931720   0.448180   0.628834   0.021824   0.306957   0.695309   0.733759   0.489273   0.932962   0.448654   0.628961   0.021701   0.308426   0.694264   0.734305   0.490014   0.933039   0.449401   0.628366   0.021437   0.320970   0.690449   0.739174   0.496996   0.932511   0.456518   0.627490   0.020133   0.350901   0.682726   0.749234   0.511723   0.931440   0.471585   0.631276   0.018774   0.389393   0.673755   0.762690   0.531966   0.930842   0.492399   0.641271   0.020005   0.425693   0.666132   0.778610   0.556677   0.931195   0.517957   0.651124   0.023073   0.451704   0.661072   0.793984   0.581309   0.931331   0.543583   0.657845   0.026016   0.459385   0.659500   0.806252   0.601530   0.931032   0.564730   0.662568   0.027987   0.444800   0.661850   0.813978   0.614530   0.930303   0.578380   0.666355   0.028659   0.412347   0.667295   0.816530   0.618881   0.929136   0.582958   0.670415   0.027875   0.370431   0.674167   0.814253   0.615009   0.928317   0.578885   0.677577   0.024708   0.332287   0.681785   0.803950   0.597731   0.928179   0.560758   0.688947   0.021247   0.312522   0.688416   0.788549   0.572363   0.928398   0.534230   0.694581   0.022668   0.308529   0.691205   0.778389   0.556006   0.928979   0.517199   0.692328   0.025997   0.308285   0.691573   0.773248   0.547956   0.929544   0.508861   0.689845   0.026999   0.308138   0.691819   0.768823   0.541110   0.929734   0.501784   0.687713   0.027164   0.308043   0.691984   0.764873   0.535059   0.929725   0.495542   0.685724   0.027155   0.307978   0.692097   0.761346   0.529704   0.929662   0.490027   0.683797   0.027142   0.307947   0.692167   0.758283   0.525091   0.929804   0.485282   0.681920   0.026992   0.307907   0.692204   0.755626   0.521121   0.930304   0.481206   0.680120   0.026805 
  9   0.125740   0.689253   0.735696   0.491909   0.931069   0.451314   0.692502   0.019391   0.305945   0.695988   0.742856   0.502173   0.930149   0.461774   0.697966   0.019200   0.306358   0.695050   0.743983   0.503809   0.931165   0.463445   0.699576   0.019732   0.306749   0.694148   0.745257   0.505667   0.933564   0.465344   0.702049   0.020153   0.307092   0.693454   0.745627   0.506204   0.934971   0.465893   0.703468   0.020601   0.308819   0.692303   0.746488   0.507439   0.935161   0.467151   0.703840   0.020531   0.322105   0.688064   0.752182   0.515845   0.934717   0.475764   0.704208   0.019492   0.352499   0.680317   0.762850   0.531911   0.933637   0.492285   0.710036   0.018226   0.390097   0.672175   0.776350   0.552828   0.932898   0.513910   0.721230   0.019252   0.425267   0.665536   0.791766   0.577441   0.933229   0.539497   0.731204   0.022184   0.450076   0.661264   0.806043   0.600921   0.933454   0.564042   0.738158   0.024848   0.455903   0.660246   0.817045   0.619489   0.933207   0.583544   0.742662   0.026709   0.440458   0.662625   0.823696   0.630913   0.932457   0.595583   0.745310   0.027708   0.408486   0.667692   0.825505   0.634050   0.931182   0.598895   0.747377   0.027437   0.367893   0.673927   0.823087   0.629866   0.930372   0.594480   0.753224   0.024557   0.331187   0.680826   0.813189   0.612993   0.930265   0.576724   0.765352   0.020917   0.312517   0.687108   0.798208   0.587895   0.930420   0.550398   0.769948   0.022461   0.309017   0.689905   0.788229   0.571538   0.930971   0.533310   0.765365   0.026079   0.308683   0.690319   0.783182   0.563467   0.931587   0.524917   0.762429   0.026917   0.308447   0.690608   0.778865   0.556639   0.931830   0.517832   0.760175   0.026851   0.308290   0.690793   0.775055   0.550668   0.931718   0.511647   0.758159   0.026438   0.308193   0.690902   0.771725   0.545493   0.931558   0.506294   0.756108   0.026039   0.308152   0.690942   0.768929   0.541178   0.931724   0.501836   0.754112   0.025760   0.308135   0.690910   0.766626   0.537646   0.932277   0.498193   0.752325   0.025427 
 10   0.159649   0.688895   0.445480   0.188808   0.306399   0.158200   0.264625   0.042915   0.303805   0.695219   0.443766   0.187005   0.305817   0.156484   0.260185   0.052973   0.304238   0.694383   0.444472   0.187469   0.306379   0.156895   0.261341   0.054874   0.304485   0.693700   0.444931   0.187796   0.308009   0.157190   0.262215   0.057317   0.304660   0.693184   0.444857   0.187748   0.308968   0.157147   0.262625   0.059808   0.308320   0.689928   0.446534   0.188955   0.308923   0.158237   0.263419   0.061689   0.331535   0.676866   0.453028   0.193760   0.308318   0.162595   0.266007   0.063342   0.380368   0.656230   0.461779   0.200386   0.307304   0.168629   0.271142   0.069706   0.436791   0.637909   0.470884   0.207435   0.306924   0.175073   0.278097   0.080321   0.483291   0.626661   0.479896   0.214531   0.307329   0.181579   0.285419   0.089388   0.508022   0.624500   0.486659   0.219946   0.307537   0.186558   0.292105   0.096791   0.505141   0.631228   0.490237   0.222867   0.307515   0.189252   0.297175   0.102018   0.478885   0.644014   0.490338   0.222975   0.307216   0.189356   0.299981   0.103334   0.437870   0.659663   0.487021   0.220278   0.306581   0.186870   0.300435   0.099128   0.389606   0.676574   0.480928   0.215345   0.305987   0.182326   0.298762   0.090844   0.343640   0.692933   0.472760   0.208847   0.305897   0.176358   0.295332   0.081207   0.313268   0.704452   0.463914   0.201962   0.306165   0.170058   0.290602   0.072811   0.302998   0.708049   0.457923   0.197394   0.306625   0.165893   0.285621   0.068992   0.302040   0.707255   0.454979   0.195205   0.306964   0.163906   0.281383   0.068464   0.301616   0.706288   0.452522   0.193400   0.306942   0.162270   0.277938   0.070214   0.301400   0.705311   0.450270   0.191758   0.306918   0.160785   0.275037   0.072368   0.301142   0.704450   0.448115   0.190201   0.306841   0.159379   0.272251   0.072246   0.300729   0.703797   0.446057   0.188731   0.306809   0.158053   0.269467   0.071408   0.300301   0.703229   0.444297   0.187484   0.307095   0.156929   0.266926   0.071649 
 11   0.154024   0.689649   0.493513   0.226052   0.399157   0.192266   0.306893   0.036447   0.303993   0.696833   0.501964   0.232179   0.398190   0.197799   0.305846   0.041632   0.304416   0.696082   0.502401   0.232489   0.398769   0.198077   0.305834   0.041676   0.304598   0.695404   0.502875   0.232867   0.400486   0.198424   0.305779   0.042658   0.304709   0.694913   0.502717   0.232732   0.401494   0.198299   0.305530   0.044128   0.308181   0.691652   0.504872   0.234508   0.401443   0.199939   0.306428   0.045171   0.331347   0.679114   0.512536   0.241053   0.400796   0.206024   0.309691   0.045717   0.381673   0.659208   0.522106   0.249446   0.399711   0.213862   0.316088   0.050805   0.440950   0.641171   0.531567   0.257944   0.399291   0.221831   0.325026   0.061492   0.488157   0.630234   0.540663   0.266265   0.399666   0.229659   0.334393   0.072253   0.510167   0.628369   0.547333   0.272491   0.399821   0.235537   0.342783   0.080953   0.503715   0.634985   0.550762   0.275767   0.399754   0.238643   0.349320   0.086889   0.474463   0.647363   0.550389   0.275448   0.399424   0.238348   0.353477   0.088749   0.432031   0.662442   0.546330   0.271617   0.398768   0.234723   0.354743   0.085104   0.384645   0.678127   0.539546   0.265253   0.398149   0.228710   0.353358   0.076289   0.341225   0.692563   0.531208   0.257577   0.398063   0.221480   0.349972   0.064802   0.313413   0.702481   0.522714   0.249928   0.398371   0.214304   0.344786   0.055302   0.304155   0.705629   0.517000   0.244887   0.398873   0.209590   0.338796   0.051090   0.303241   0.705075   0.514168   0.242452   0.399230   0.207325   0.333479   0.050221   0.302674   0.704404   0.511912   0.240536   0.399203   0.205545   0.328936   0.050949   0.302185   0.703823   0.509829   0.238783   0.399197   0.203920   0.324850   0.052186   0.301894   0.703207   0.507822   0.237105   0.399143   0.202365   0.321173   0.052435   0.301703   0.702589   0.505974   0.235568   0.399121   0.200942   0.317827   0.052101   0.301351   0.702156   0.504293   0.234186   0.399429   0.199666   0.314626   0.052202 
 12   0.132993   0.689628   0.652410   0.384965   0.754482   0.344404   0.454664   0.038087   0.302879   0.696597   0.678966   0.416323   0.752338   0.375281   0.459170   0.038791   0.303489   0.695611   0.683317   0.421853   0.752954   0.380797   0.454282   0.034639   0.303958   0.694846   0.686449   0.425825   0.754967   0.384756   0.452028   0.032517   0.304354   0.694155   0.688394   0.428294   0.756150   0.387217   0.449966   0.031839   0.307473   0.691364   0.693286   0.434545   0.756204   0.393458   0.449101   0.030689   0.328543   0.682848   0.707168   0.453035   0.755681   0.412058   0.452382   0.026254   0.375938   0.670512   0.723995   0.476188   0.754658   0.435486   0.462493   0.023526   0.436803   0.658877   0.739211   0.497964   0.754206   0.457680   0.474866   0.027772   0.496865   0.649636   0.755210   0.521672   0.754452   0.482001   0.484586   0.035385   0.540415   0.644375   0.769436   0.543488   0.754310   0.504524   0.493177   0.043372   0.548825   0.644974   0.779346   0.559120   0.753882   0.520748   0.501908   0.050374   0.518529   0.651258   0.782994   0.565004   0.753222   0.526880   0.511329   0.055103   0.464001   0.661002   0.779670   0.559751   0.752237   0.521425   0.521390   0.055973   0.400682   0.672216   0.770179   0.544806   0.751446   0.505919   0.532291   0.051931   0.344468   0.683072   0.754359   0.520502   0.751388   0.480819   0.544586   0.042070   0.312816   0.691723   0.734324   0.490766   0.751780   0.450306   0.549626   0.035223   0.304916   0.695449   0.721373   0.472101   0.752396   0.431259   0.545057   0.034244   0.304892   0.695567   0.716925   0.465916   0.752911   0.424991   0.539570   0.032705   0.305012   0.695433   0.713664   0.461432   0.753092   0.420454   0.535096   0.031387   0.305145   0.695219   0.710925   0.457704   0.753241   0.416690   0.531240   0.030893   0.305215   0.695040   0.708359   0.454237   0.753236   0.413194   0.527551   0.030645   0.305237   0.694888   0.706037   0.451125   0.753252   0.410061   0.523893   0.030278   0.305235   0.694730   0.704121   0.448584   0.753677   0.407507   0.520376   0.030017 
 13   0.129520   0.688628   0.701069   0.445247   0.832913   0.404282   0.572176   0.034812   0.306017   0.694424   0.725738   0.478168   0.831585   0.437409   0.570544   0.037334   0.306781   0.693151   0.731274   0.486014   0.832316   0.445389   0.563300   0.033842   0.307435   0.692208   0.734830   0.491079   0.834529   0.450545   0.560348   0.032260   0.307919   0.691495   0.736694   0.493753   0.835866   0.453271   0.558159   0.032319   0.309782   0.690049   0.739038   0.497121   0.835976   0.456705   0.556669   0.031717   0.323945   0.685109   0.747854   0.510123   0.835479   0.470027   0.558776   0.027506   0.357415   0.676861   0.759798   0.528019   0.834436   0.488418   0.570377   0.022470   0.401382   0.668372   0.770484   0.544433   0.833941   0.505364   0.587428   0.022733   0.445677   0.661211   0.782013   0.562569   0.834291   0.524171   0.601777   0.027368   0.479904   0.656567   0.792434   0.579335   0.834328   0.541631   0.613279   0.033209   0.490938   0.655862   0.799707   0.591265   0.834027   0.554099   0.623172   0.038468   0.472749   0.659492   0.802481   0.595868   0.833380   0.558919   0.631918   0.041539   0.432658   0.666197   0.800279   0.592214   0.832299   0.555092   0.639697   0.040977   0.382997   0.674279   0.793636   0.581271   0.831467   0.543646   0.648348   0.036610   0.337644   0.682533   0.781321   0.561369   0.831415   0.522905   0.659985   0.029631   0.312904   0.689347   0.765355   0.536204   0.831779   0.496802   0.665349   0.026774   0.307606   0.692217   0.755383   0.520839   0.832394   0.480932   0.660989   0.027857   0.307562   0.692331   0.751978   0.515737   0.832932   0.475690   0.655143   0.027706   0.307641   0.692277   0.749408   0.511927   0.833112   0.471784   0.649955   0.027479   0.307799   0.692145   0.747183   0.508656   0.833197   0.468434   0.645344   0.027760   0.307913   0.692046   0.745124   0.505652   0.833126   0.465363   0.640766   0.028419   0.307965   0.691970   0.743365   0.503104   0.833154   0.462761   0.636286   0.028809   0.308012   0.691847   0.742001   0.501137   0.833621   0.460754   0.632276   0.029028 
 14   0.123703   0.688983   0.757833   0.524414   0.938624   0.484587   0.738655   0.018368   0.306775   0.695430   0.765157   0.535417   0.937898   0.495897   0.746372   0.017719   0.307171   0.694441   0.766314   0.537177   0.939014   0.497711   0.749669   0.018537   0.307558   0.693511   0.767503   0.538997   0.941472   0.499588   0.753401   0.019343   0.307858   0.692838   0.767654   0.539225   0.942924   0.499822   0.755587   0.020036   0.309705   0.691751   0.768248   0.540115   0.943176   0.500737   0.756089   0.020295   0.323238   0.687650   0.773489   0.548232   0.942750   0.509126   0.756473   0.019741   0.353702   0.680112   0.783605   0.564192   0.941704   0.525681   0.762712   0.018901   0.391203   0.672229   0.796488   0.585067   0.940888   0.547441   0.773809   0.020055   0.425157   0.665993   0.811076   0.609377   0.941145   0.572916   0.783137   0.022908   0.448197   0.662128   0.824408   0.632211   0.941393   0.596967   0.789504   0.025362   0.452930   0.661349   0.834546   0.650000   0.941137   0.615789   0.793427   0.026940   0.436781   0.663842   0.840504   0.660630   0.940377   0.627072   0.795495   0.027779   0.405348   0.668790   0.841887   0.663129   0.939113   0.629731   0.797108   0.027675   0.366239   0.674683   0.839332   0.658558   0.938357   0.624877   0.803274   0.024788   0.330788   0.681165   0.829599   0.641375   0.938262   0.606674   0.815863   0.020896   0.312977   0.686896   0.815477   0.616829   0.938406   0.580748   0.820721   0.022131   0.309824   0.689330   0.806322   0.601242   0.938963   0.564349   0.816343   0.025591   0.309529   0.689701   0.801546   0.593297   0.939620   0.556027   0.813308   0.026494   0.309310   0.689944   0.797442   0.586540   0.939923   0.548962   0.811018   0.026429   0.309147   0.690114   0.793720   0.580466   0.939778   0.542622   0.809041   0.025924   0.309038   0.690213   0.790495   0.575242   0.939622   0.537177   0.807206   0.025284   0.308980   0.690241   0.787828   0.570954   0.939865   0.532714   0.805389   0.024793   0.308961   0.690221   0.785557   0.567327   0.940459   0.528944   0.803562   0.024482 
 15   0.159466   0.698086   0.381695   0.147036   0.196215   0.121048   0.201593   0.131700   0.282092   0.712513   0.357440   0.131808   0.195900   0.107600   0.191512   0.201615   0.282310   0.709677   0.358592   0.132448   0.196406   0.108152   0.192406   0.214137   0.282065   0.707570   0.359213   0.132800   0.197830   0.108458   0.193072   0.225742   0.281772   0.706069   0.358893   0.132612   0.198611   0.108294   0.193506   0.237054   0.297012   0.696906   0.362268   0.134562   0.198521   0.109992   0.194395   0.245701   0.359769   0.668031   0.373451   0.141296   0.197914   0.115896   0.196496   0.254440   0.468922   0.626478   0.388645   0.150843   0.196950   0.124325   0.198963   0.267810   0.586798   0.588571   0.404112   0.160942   0.196714   0.133301   0.201633   0.277413   0.684529   0.561570   0.418298   0.170528   0.197230   0.141871   0.204507   0.275583   0.745259   0.550268   0.429353   0.178230   0.197503   0.148792   0.207230   0.271394   0.756310   0.557737   0.436036   0.183004   0.197546   0.153101   0.209824   0.269699   0.715165   0.582271   0.437523   0.184098   0.197317   0.154093   0.211968   0.268026   0.632347   0.618200   0.433449   0.181188   0.196760   0.151467   0.213024   0.262116   0.522842   0.661405   0.424148   0.174622   0.196182   0.145554   0.212585   0.255975   0.407928   0.706134   0.409589   0.164638   0.195973   0.136606   0.210801   0.255470   0.314631   0.742242   0.391326   0.152580   0.196065   0.125868   0.207690   0.253831   0.273525   0.754984   0.377760   0.143924   0.196389   0.118204   0.203806   0.252229   0.270334   0.749703   0.371406   0.140033   0.196625   0.114782   0.200215   0.254109   0.270320   0.743450   0.366889   0.137329   0.196528   0.112415   0.197403   0.259494   0.270774   0.737860   0.362995   0.135033   0.196488   0.110409   0.195280   0.264552   0.270976   0.733269   0.359570   0.133041   0.196438   0.108673   0.193182   0.263120   0.270692   0.729653   0.356593   0.131325   0.196408   0.107179   0.191003   0.259808   0.270574   0.726350   0.354334   0.130035   0.196654   0.106058   0.189157   0.259589 
 16   0.163366   0.693088   0.391631   0.152617   0.216557   0.125881   0.218754   0.054124   0.297812   0.702967   0.377128   0.143071   0.215839   0.117388   0.210353   0.069782   0.298623   0.701347   0.378398   0.143802   0.216396   0.118024   0.211572   0.074308   0.298852   0.700434   0.378587   0.143913   0.217953   0.118120   0.212404   0.078765   0.298960   0.699859   0.378028   0.143577   0.218859   0.117826   0.212767   0.083067   0.306303   0.692811   0.381260   0.145507   0.218817   0.119515   0.214002   0.086781   0.342607   0.669261   0.391122   0.151648   0.218229   0.124928   0.216604   0.093630   0.412432   0.635795   0.403272   0.159532   0.217249   0.131924   0.220139   0.107379   0.490646   0.606853   0.415355   0.167617   0.216925   0.139135   0.225002   0.120610   0.556607   0.588129   0.426739   0.175437   0.217365   0.146141   0.230378   0.127228   0.596051   0.583083   0.435612   0.181678   0.217591   0.151755   0.235658   0.131705   0.596263   0.593698   0.440523   0.185198   0.217594   0.154932   0.240507   0.135320   0.558898   0.616193   0.440745   0.185354   0.217330   0.155072   0.244086   0.135834   0.498399   0.643899   0.436565   0.182331   0.216730   0.152341   0.245484   0.130811   0.427611   0.673334   0.429119   0.177030   0.216151   0.147562   0.244638   0.122555   0.360205   0.700998   0.418899   0.169927   0.216039   0.141186   0.242199   0.113565   0.313524   0.720418   0.407120   0.161981   0.216261   0.134088   0.238464   0.103405   0.295868   0.726644   0.398240   0.156171   0.216668   0.128926   0.233996   0.096781   0.293944   0.724909   0.393252   0.153022   0.216955   0.126144   0.229763   0.095100   0.293317   0.722762   0.389309   0.150569   0.216901   0.123983   0.226261   0.097273   0.293340   0.720495   0.385760   0.148380   0.216864   0.122056   0.223438   0.099792   0.293124   0.718608   0.382384   0.146320   0.216774   0.120246   0.220689   0.098600   0.292557   0.717225   0.379374   0.144498   0.216718   0.118649   0.217918   0.096747   0.292025   0.716019   0.376854   0.142985   0.216974   0.117323   0.215465   0.096773 
 17   0.137230   0.698965   0.585321   0.311512   0.609492   0.273006   0.365422   0.051321   0.292520   0.714821   0.616942   0.343585   0.605921   0.303751   0.367062   0.051489   0.292753   0.712745   0.619764   0.346680   0.606320   0.306758   0.359006   0.050410   0.293044   0.711067   0.621159   0.348233   0.608087   0.308271   0.354887   0.050686   0.293126   0.710010   0.620749   0.347797   0.609082   0.307849   0.352022   0.051717   0.302027   0.701444   0.627847   0.355557   0.608958   0.315385   0.352675   0.052042   0.349389   0.675369   0.648701   0.379572   0.608168   0.338925   0.358079   0.055070   0.443434   0.640509   0.672557   0.408742   0.606864   0.367826   0.365043   0.070373   0.553247   0.611946   0.694456   0.437241   0.606285   0.396385   0.371352   0.094188   0.647527   0.595531   0.714364   0.464307   0.606436   0.423727   0.377574   0.115372   0.704774   0.592296   0.728416   0.484140   0.606272   0.443899   0.385846   0.131506   0.708994   0.601651   0.735241   0.494060   0.605978   0.454044   0.396212   0.141743   0.658229   0.621818   0.733789   0.492157   0.605590   0.452135   0.407744   0.145166   0.569456   0.648669   0.723994   0.478442   0.605002   0.438204   0.418962   0.140828   0.466870   0.677125   0.707923   0.456282   0.604450   0.415756   0.427915   0.127915   0.375513   0.701977   0.688941   0.430738   0.604462   0.389994   0.433040   0.106062   0.314085   0.720222   0.667743   0.403293   0.604951   0.362510   0.431919   0.080039   0.291379   0.726753   0.651968   0.383597   0.605601   0.342916   0.424735   0.064031   0.290165   0.724720   0.644975   0.375258   0.605984   0.334691   0.416387   0.059313   0.289774   0.722491   0.640348   0.369864   0.605929   0.329393   0.408804   0.057542   0.289325   0.720597   0.636805   0.365809   0.605975   0.325423   0.401483   0.057607   0.289076   0.719022   0.633366   0.361924   0.605994   0.321627   0.394782   0.058036   0.289108   0.717629   0.629816   0.357940   0.606008   0.317741   0.388694   0.058112   0.289251   0.716286   0.626657   0.354434   0.606389   0.314326   0.383201   0.058076 
 18   0.124757   0.690229   0.733189   0.488545   0.929923   0.447929   0.669722   0.021083   0.303943   0.697856   0.739619   0.497716   0.928920   0.457267   0.675096   0.021783   0.304411   0.696832   0.740610   0.499150   0.929965   0.458730   0.675954   0.022265   0.304738   0.695966   0.741565   0.500542   0.932403   0.460154   0.677511   0.022692   0.304996   0.695310   0.741576   0.500564   0.933799   0.460178   0.678067   0.023129   0.308948   0.693259   0.743812   0.503769   0.933946   0.463443   0.678266   0.022466   0.332473   0.686420   0.753449   0.517994   0.933431   0.478020   0.680699   0.020292   0.383599   0.674970   0.769737   0.542811   0.932291   0.503599   0.690608   0.019071   0.449741   0.662881   0.790239   0.575383   0.931497   0.537432   0.704730   0.021723   0.517242   0.652650   0.813152   0.613430   0.931674   0.577282   0.715334   0.026581   0.566822   0.646059   0.834116   0.649757   0.931695   0.615635   0.721551   0.030985   0.578052   0.645174   0.849878   0.678074   0.931245   0.645733   0.724595   0.034351   0.546758   0.650084   0.858895   0.694688   0.930314   0.663477   0.726217   0.036708   0.486172   0.658659   0.860841   0.698335   0.928911   0.667385   0.728748   0.037429   0.414580   0.668488   0.856343   0.689990   0.928049   0.658461   0.735283   0.035050   0.350642   0.678471   0.842472   0.664738   0.927949   0.631554   0.747078   0.030303   0.315314   0.687794   0.820647   0.626135   0.928152   0.590641   0.751276   0.030324   0.306892   0.692463   0.804841   0.598988   0.928788   0.562028   0.746554   0.033421   0.306423   0.693047   0.797390   0.586674   0.929486   0.549145   0.743478   0.033729   0.306169   0.693395   0.791219   0.576629   0.929790   0.538664   0.741351   0.033094   0.306021   0.693596   0.785904   0.568086   0.929730   0.529772   0.739667   0.032023   0.305936   0.693696   0.781334   0.560818   0.929604   0.522221   0.737945   0.030929   0.305873   0.693725   0.777450   0.554704   0.929811   0.515882   0.736035   0.030106   0.305820   0.693702   0.774110   0.549494   0.930426   0.510488   0.734272   0.029389 
 19   0.122346   0.689925   0.758307   0.525239   0.937637   0.485457   0.725377   0.019807   0.304715   0.697259   0.763573   0.533159   0.936853   0.493600   0.733198   0.020361   0.305188   0.696221   0.764273   0.534211   0.938107   0.494681   0.736030   0.021294   0.305543   0.695324   0.764990   0.535300   0.940741   0.495802   0.739048   0.022132   0.305784   0.694692   0.764644   0.534766   0.942269   0.495251   0.740637   0.022786   0.310767   0.692501   0.766889   0.538175   0.942501   0.498762   0.741080   0.022551   0.337174   0.685288   0.776776   0.553570   0.941996   0.514692   0.744417   0.021155   0.392897   0.673492   0.793311   0.580124   0.940817   0.542330   0.755866   0.020886   0.463462   0.661389   0.813960   0.614673   0.939871   0.578564   0.770160   0.024240   0.531576   0.651598   0.836345   0.653749   0.939945   0.619877   0.780756   0.029198   0.578330   0.645794   0.856270   0.689968   0.939974   0.658461   0.787243   0.033164   0.584076   0.645733   0.870933   0.717535   0.939502   0.688016   0.789907   0.035987   0.546572   0.651251   0.878804   0.732663   0.938496   0.704303   0.790661   0.037965   0.482261   0.660166   0.879423   0.733879   0.937009   0.705617   0.792487   0.038608   0.410300   0.670002   0.873532   0.722541   0.936189   0.693407   0.799284   0.036326   0.348034   0.679737   0.858429   0.694072   0.936160   0.662871   0.811807   0.031474   0.314924   0.688127   0.837388   0.655488   0.936390   0.621699   0.815996   0.031117   0.307893   0.692023   0.823029   0.629934   0.937074   0.594585   0.811019   0.033833   0.307421   0.692570   0.815853   0.617571   0.937868   0.581548   0.808333   0.033775   0.307176   0.692843   0.810000   0.607624   0.938265   0.571087   0.806719   0.032923   0.307047   0.692977   0.804916   0.599091   0.938140   0.562133   0.805373   0.031679   0.306953   0.693052   0.800489   0.591732   0.937976   0.554425   0.804095   0.030338   0.306882   0.693042   0.796787   0.585634   0.938257   0.548049   0.802617   0.029470   0.306789   0.693014   0.793526   0.580318   0.938936   0.542500   0.800764   0.028976 
 20   0.150679   0.692103   0.467032   0.205528   0.326250   0.173496   0.256394   0.152893   0.280906   0.700806   0.459160   0.199394   0.328855   0.167883   0.245536   0.251960   0.279991   0.698488   0.461672   0.201327   0.329201   0.169650   0.244655   0.276637   0.279057   0.696676   0.463371   0.202645   0.330639   0.170856   0.244639   0.294186   0.277950   0.695385   0.464023   0.203164   0.331386   0.171333   0.244811   0.310839   0.292404   0.690146   0.466777   0.205267   0.331204   0.173252   0.245243   0.323111   0.355428   0.671743   0.476754   0.213086   0.330503   0.180420   0.248106   0.319806   0.464774   0.643360   0.492309   0.225764   0.329453   0.192121   0.252104   0.318991   0.578792   0.617262   0.508717   0.239706   0.329205   0.205083   0.255612   0.327629   0.670319   0.598417   0.523417   0.252637   0.329730   0.217178   0.259202   0.324723   0.727864   0.588919   0.534512   0.262698   0.329991   0.226639   0.262487   0.317101   0.739541   0.591778   0.540684   0.268436   0.330024   0.232059   0.265520   0.311010   0.704087   0.606649   0.541236   0.268990   0.329802   0.232589   0.268001   0.306159   0.629407   0.630385   0.535996   0.264144   0.329269   0.228016   0.269427   0.299629   0.526002   0.660812   0.525504   0.254578   0.328648   0.219012   0.269015   0.295330   0.413556   0.693642   0.510288   0.241115   0.328378   0.206405   0.266392   0.298428   0.315886   0.722790   0.490972   0.224677   0.328463   0.191119   0.261682   0.308734   0.269535   0.734740   0.477267   0.213394   0.328787   0.180687   0.256176   0.323766   0.265320   0.731135   0.472493   0.209653   0.329003   0.177258   0.251771   0.335794   0.264939   0.726338   0.469519   0.207368   0.328882   0.175171   0.248566   0.346462   0.264609   0.722159   0.466895   0.205371   0.328875   0.173349   0.246070   0.355369   0.264567   0.718573   0.464472   0.203539   0.328888   0.171680   0.243859   0.356601   0.264667   0.715474   0.462375   0.201965   0.328904   0.170248   0.241693   0.354190   0.264440   0.712767   0.460756   0.200763   0.329205   0.169156   0.239787   0.353310 
 21   0.153293   0.698491   0.442419   0.187214   0.326277   0.156851   0.246728   0.058432   0.288597   0.714302   0.445207   0.188748   0.325501   0.158162   0.238964   0.067353   0.288215   0.713059   0.446031   0.189332   0.326045   0.158688   0.236650   0.069291   0.287713   0.711925   0.446388   0.189614   0.327647   0.158946   0.234547   0.073611   0.286982   0.711064   0.445850   0.189270   0.328526   0.158642   0.232483   0.079084   0.299976   0.698556   0.455154   0.195975   0.328409   0.164700   0.234859   0.083281   0.359145   0.664265   0.477133   0.212632   0.327723   0.179880   0.240532   0.091849   0.466544   0.621991   0.499418   0.230748   0.326599   0.196586   0.244589   0.113191   0.584282   0.587301   0.519087   0.247622   0.326175   0.212291   0.248461   0.135093   0.683138   0.564147   0.536217   0.262881   0.326512   0.226587   0.253125   0.144854   0.744843   0.555624   0.549007   0.274667   0.326590   0.237694   0.258730   0.149415   0.752117   0.565101   0.556115   0.281446   0.326472   0.244121   0.265278   0.152963   0.701956   0.590925   0.556392   0.281839   0.326126   0.244516   0.271878   0.154054   0.610347   0.626350   0.549771   0.275666   0.325500   0.238686   0.277122   0.149977   0.500118   0.664755   0.537824   0.264569   0.324931   0.228213   0.279705   0.141464   0.393746   0.700821   0.521636   0.249934   0.324859   0.214465   0.279209   0.127815   0.312828   0.730496   0.499433   0.230823   0.325166   0.196665   0.275480   0.105595   0.278970   0.743315   0.480601   0.215313   0.325669   0.182329   0.268162   0.090999   0.276612   0.741388   0.471590   0.208277   0.326005   0.175886   0.260518   0.089150   0.276396   0.738009   0.465767   0.203832   0.325950   0.171831   0.254854   0.090753   0.276454   0.734703   0.460998   0.200256   0.325936   0.168580   0.250285   0.093535   0.276932   0.731582   0.456732   0.197107   0.325891   0.165723   0.246376   0.093637   0.277414   0.728906   0.452774   0.194216   0.325871   0.163106   0.242725   0.092685   0.277502   0.726662   0.449298   0.191713   0.326169   0.160845   0.239284   0.093091 
 22   0.147427   0.699871   0.504081   0.235582   0.437773   0.201205   0.293323   0.050862   0.291407   0.717086   0.525020   0.252623   0.437024   0.216927   0.293163   0.054008   0.290854   0.715825   0.526128   0.253602   0.437491   0.217842   0.288278   0.054587   0.290525   0.714614   0.526694   0.254131   0.439140   0.218342   0.284804   0.056787   0.289986   0.713870   0.526045   0.253594   0.440041   0.217845   0.281589   0.059922   0.301396   0.702018   0.533615   0.260242   0.439887   0.224057   0.282192   0.062423   0.356901   0.665689   0.554548   0.279568   0.439113   0.242276   0.286787   0.067692   0.461534   0.616935   0.577996   0.302594   0.437849   0.264217   0.291364   0.084657   0.578480   0.575958   0.599726   0.325164   0.437291   0.285939   0.295754   0.107000   0.676612   0.551047   0.619305   0.346404   0.437487   0.306539   0.300844   0.123410   0.735518   0.545415   0.633717   0.362713   0.437410   0.322476   0.307573   0.135463   0.740188   0.559525   0.641511   0.371892   0.437171   0.331510   0.316126   0.144992   0.689278   0.590427   0.641409   0.371991   0.436775   0.331646   0.325482   0.150221   0.597682   0.630883   0.633267   0.362730   0.436164   0.322586   0.333724   0.148336   0.488870   0.672686   0.618896   0.346483   0.435632   0.306711   0.339192   0.138775   0.387028   0.709296   0.600771   0.326529   0.435645   0.287305   0.340918   0.119934   0.313327   0.736011   0.579213   0.303919   0.436096   0.265503   0.337566   0.093448   0.283846   0.745163   0.562154   0.286817   0.436730   0.249146   0.329254   0.076837   0.282089   0.741518   0.553860   0.278894   0.437130   0.241633   0.320475   0.073416   0.281785   0.737654   0.548338   0.273721   0.437090   0.236744   0.313246   0.073007   0.281317   0.734558   0.543804   0.269547   0.437110   0.232812   0.306621   0.073977   0.281146   0.731919   0.539655   0.265779   0.437105   0.229270   0.300854   0.074117   0.281264   0.729689   0.535525   0.262071   0.437113   0.225792   0.295783   0.073394   0.281369   0.727751   0.531775   0.258743   0.437450   0.222676   0.291262   0.072940 
 23   0.125921   0.692252   0.712695   0.460637   0.925578   0.419747   0.562317   0.026291   0.302167   0.701705   0.723102   0.474837   0.924379   0.434093   0.565564   0.026987   0.302704   0.700423   0.724558   0.476922   0.925239   0.436218   0.562627   0.026596   0.303021   0.699418   0.725554   0.478336   0.927375   0.437657   0.561582   0.026236   0.303305   0.698575   0.725691   0.478548   0.928590   0.437875   0.560896   0.026150   0.308104   0.696003   0.728823   0.482917   0.928648   0.442308   0.561147   0.025126   0.336445   0.687900   0.740602   0.499918   0.928029   0.459664   0.565645   0.021954   0.399283   0.674075   0.759984   0.528905   0.926834   0.489449   0.578069   0.020180   0.484389   0.658628   0.784932   0.568025   0.926115   0.530002   0.593272   0.023870   0.573972   0.645014   0.813406   0.615119   0.926222   0.579309   0.603031   0.030354   0.642989   0.636032   0.839647   0.660836   0.926024   0.627641   0.606907   0.036573   0.663577   0.634398   0.859605   0.697188   0.925409   0.666394   0.607781   0.041741   0.627103   0.640331   0.871323   0.719198   0.924421   0.689994   0.608376   0.045301   0.548437   0.651579   0.874239   0.724747   0.923098   0.695958   0.611288   0.046324   0.452957   0.664973   0.868874   0.714488   0.922228   0.684921   0.619338   0.043947   0.367666   0.678023   0.852394   0.683737   0.922116   0.651994   0.634573   0.038184   0.317328   0.690371   0.824178   0.633199   0.922429   0.598290   0.642631   0.036311   0.303538   0.696872   0.802343   0.595485   0.923153   0.558487   0.638565   0.038341   0.303251   0.697462   0.792605   0.579487   0.923867   0.541763   0.634330   0.038172   0.303276   0.697737   0.784592   0.566583   0.924198   0.528323   0.631481   0.037001   0.303447   0.697782   0.777849   0.555913   0.924314   0.517245   0.629439   0.035644   0.303650   0.697671   0.772214   0.547135   0.924340   0.508159   0.627750   0.034407   0.303820   0.697470   0.767529   0.539924   0.924560   0.500711   0.626299   0.033355   0.303965   0.697207   0.763616   0.533970   0.925150   0.494574   0.625209   0.032529 
 24   0.122077   0.691559   0.750664   0.514141   0.932572   0.474120   0.668206   0.022562   0.302595   0.700384   0.754994   0.520545   0.931730   0.480684   0.675362   0.024473   0.303095   0.699194   0.755477   0.521284   0.933007   0.481446   0.677188   0.025259   0.303346   0.698306   0.755737   0.521703   0.935597   0.481882   0.679076   0.025809   0.303479   0.697711   0.754893   0.520468   0.937081   0.480618   0.679729   0.026221   0.312715   0.694042   0.759419   0.527179   0.937273   0.487500   0.681626   0.024944   0.354913   0.683238   0.775173   0.551432   0.936745   0.512550   0.689281   0.022240   0.439800   0.666925   0.799628   0.591046   0.935554   0.553853   0.704981   0.022221   0.548231   0.650157   0.829728   0.642693   0.934590   0.608288   0.720905   0.026880   0.652219   0.636754   0.860770   0.699140   0.934526   0.668440   0.728984   0.032747   0.714929   0.629960   0.886583   0.748651   0.934344   0.721734   0.729407   0.037103   0.707859   0.632089   0.903895   0.783298   0.933723   0.759329   0.725573   0.040285   0.641776   0.641079   0.912107   0.800188   0.932620   0.777751   0.722642   0.042178   0.550323   0.652819   0.912283   0.800608   0.931089   0.778222   0.723939   0.042399   0.454654   0.665195   0.904776   0.785237   0.930243   0.761470   0.731967   0.040989   0.369486   0.677351   0.886266   0.748232   0.930184   0.721325   0.747765   0.037356   0.318959   0.689002   0.857656   0.693228   0.930387   0.662091   0.755457   0.037099   0.305201   0.695261   0.836066   0.653251   0.931045   0.619347   0.751890   0.039694   0.304615   0.695959   0.826036   0.635590   0.931818   0.600644   0.749873   0.039614   0.304407   0.696294   0.817874   0.621499   0.932230   0.585778   0.749179   0.038546   0.304347   0.696446   0.810852   0.609569   0.932158   0.573228   0.748878   0.036956   0.304406   0.696423   0.805002   0.599751   0.932013   0.562924   0.748556   0.035276   0.304535   0.696253   0.800221   0.591818   0.932295   0.554615   0.748119   0.034027   0.304606   0.696081   0.796022   0.584926   0.932992   0.547412   0.747453   0.033068 
