timestamp=                2022-01-13T16:57:55.350962
shape=                    (5, 5)
sigma=                    2.5
nepochs=                  5
rate=                     0.00724
neighborhood function=    gaussian
init weights=             pca
topology=                 hexagonal
activation distance=      euclidean
output type=              labels
mapfile_prefix=           2019_5x5_5_00724_03
apply classification=     False
apply activation=         False
seed=                     None
random order=             True
custom init file=         None
decay_function=           3

quantization error=       0.35507196
topographic error=        0.11655808

############ NEURONS #############
 25 192
  0   0.116017   0.713713   0.743640   0.511416   0.934570   0.471977   0.671672   0.022577   0.296615   0.724031   0.745817   0.514547   0.933711   0.475177   0.678899   0.025651   0.297135   0.722781   0.745761   0.514487   0.935019   0.475119   0.679905   0.026769   0.297361   0.721871   0.745498   0.514139   0.937558   0.474769   0.681000   0.027623   0.297628   0.721115   0.744401   0.512553   0.938961   0.473146   0.681356   0.028168   0.307915   0.716433   0.750540   0.521445   0.939188   0.482250   0.684578   0.026062   0.352714   0.703964   0.769532   0.550063   0.938747   0.511766   0.694837   0.021901   0.440612   0.686205   0.796821   0.593480   0.937633   0.557001   0.713408   0.020774   0.550576   0.668380   0.829008   0.647807   0.936803   0.614238   0.731976   0.024287   0.650971   0.654775   0.861199   0.705421   0.936769   0.675612   0.741803   0.028334   0.704808   0.648606   0.887332   0.754741   0.936579   0.728678   0.743811   0.030766   0.691816   0.651385   0.904600   0.788735   0.935965   0.765547   0.741438   0.032847   0.627596   0.660408   0.912971   0.805687   0.934862   0.784032   0.739662   0.034401   0.539393   0.672055   0.913441   0.806728   0.933321   0.785186   0.741677   0.034705   0.445773   0.684788   0.905873   0.791545   0.932428   0.768659   0.749452   0.034063   0.362622   0.697601   0.886725   0.753982   0.932238   0.727946   0.764599   0.032405   0.313609   0.710258   0.856314   0.696466   0.932291   0.666033   0.771872   0.033996   0.300885   0.717129   0.833049   0.653998   0.932855   0.620627   0.768273   0.037422   0.300251   0.717863   0.822246   0.635305   0.933561   0.600846   0.766329   0.037885   0.299842   0.718308   0.813295   0.620143   0.933933   0.584864   0.765385   0.037152   0.299645   0.718517   0.805638   0.607393   0.933851   0.571469   0.764924   0.035731   0.299618   0.718522   0.799324   0.597027   0.933683   0.560607   0.764368   0.034028   0.299696   0.718333   0.794263   0.588827   0.933934   0.552035   0.763521   0.032626   0.299740   0.718158   0.789749   0.581608   0.934624   0.544506   0.762404   0.031687 
  1   0.116612   0.711168   0.753853   0.526059   0.942185   0.486939   0.750136   0.018899   0.299976   0.719135   0.758810   0.533386   0.941424   0.494467   0.758668   0.019693   0.300524   0.718057   0.759136   0.533852   0.942503   0.494943   0.760809   0.020580   0.300898   0.717148   0.759525   0.534421   0.944847   0.495526   0.763427   0.021350   0.301157   0.716483   0.758963   0.533567   0.946207   0.494644   0.764619   0.022078   0.305805   0.714201   0.761088   0.536728   0.946442   0.497896   0.764827   0.021749   0.331991   0.706426   0.771197   0.552158   0.946042   0.513844   0.768244   0.019984   0.389030   0.693502   0.788360   0.579165   0.944984   0.541919   0.780162   0.019438   0.464146   0.679991   0.809931   0.614529   0.944104   0.578965   0.795011   0.022669   0.540902   0.668620   0.833522   0.654901   0.944163   0.621601   0.806086   0.027458   0.596024   0.661585   0.854762   0.692786   0.944100   0.661922   0.812933   0.031036   0.604232   0.661381   0.870556   0.721944   0.943548   0.693158   0.815250   0.033448   0.563937   0.667733   0.879101   0.738090   0.942568   0.710530   0.815418   0.035442   0.494117   0.678033   0.879921   0.739677   0.941159   0.712245   0.816757   0.036680   0.414529   0.689654   0.873595   0.727712   0.940300   0.699368   0.822953   0.035501   0.346290   0.700760   0.857748   0.698345   0.940135   0.667886   0.835814   0.031158   0.310975   0.709890   0.835564   0.658365   0.940250   0.625252   0.841086   0.030506   0.303487   0.714076   0.820205   0.631471   0.940837   0.596729   0.836541   0.032967   0.303126   0.714533   0.812789   0.618902   0.941604   0.583482   0.833799   0.032893   0.302896   0.714784   0.806672   0.608686   0.942055   0.572744   0.831989   0.032158   0.302698   0.714964   0.801245   0.599736   0.942057   0.563359   0.830267   0.030994   0.302568   0.715051   0.796519   0.592021   0.942008   0.555284   0.828522   0.029706   0.302523   0.715014   0.792561   0.585613   0.942320   0.548588   0.826651   0.028735   0.302495   0.714911   0.789124   0.580101   0.942992   0.542838   0.824710   0.028075 
  2   0.117380   0.710438   0.752785   0.524307   0.940132   0.485105   0.760243   0.018011   0.300849   0.717793   0.757659   0.531491   0.939465   0.492482   0.767479   0.018962   0.301322   0.716857   0.757923   0.531864   0.940502   0.492862   0.769443   0.020008   0.301752   0.715972   0.758409   0.532575   0.942806   0.493591   0.772056   0.020742   0.302092   0.715295   0.758095   0.532094   0.944188   0.493094   0.773186   0.021402   0.304557   0.713833   0.759010   0.533445   0.944460   0.494481   0.772896   0.021368   0.320672   0.708527   0.765979   0.543998   0.944116   0.505373   0.773618   0.019773   0.355989   0.699426   0.778451   0.563262   0.943177   0.525327   0.781602   0.018145   0.399568   0.690324   0.793599   0.587372   0.942386   0.550442   0.794239   0.019611   0.439736   0.683208   0.810275   0.614744   0.942594   0.579120   0.804281   0.022897   0.466942   0.678871   0.825211   0.639999   0.942774   0.605726   0.811168   0.025463   0.472580   0.678091   0.836450   0.659491   0.942461   0.626360   0.815332   0.027232   0.454700   0.680972   0.843079   0.671187   0.941661   0.638781   0.817341   0.028510   0.419062   0.686697   0.844658   0.674004   0.940340   0.641779   0.818590   0.029208   0.373405   0.693721   0.841752   0.668851   0.939478   0.636301   0.824002   0.027105   0.330626   0.701502   0.830723   0.649593   0.939222   0.615889   0.836751   0.022690   0.308292   0.708813   0.813495   0.620092   0.939198   0.584735   0.840477   0.023357   0.304074   0.712202   0.801583   0.600150   0.939647   0.563765   0.833808   0.027084   0.303709   0.712610   0.795681   0.590533   0.940290   0.553704   0.829879   0.028016   0.303452   0.712867   0.790690   0.582497   0.940649   0.545316   0.826889   0.027870   0.303292   0.713002   0.786299   0.575499   0.940564   0.538025   0.824208   0.027328   0.303219   0.713037   0.782529   0.569541   0.940452   0.531827   0.821762   0.026600   0.303178   0.713016   0.779357   0.564566   0.940728   0.526660   0.819405   0.025906   0.303176   0.712930   0.776679   0.560394   0.941351   0.522330   0.817176   0.025411 
  3   0.118250   0.709764   0.747322   0.516238   0.938576   0.476816   0.760732   0.018207   0.301493   0.716527   0.752180   0.523310   0.937993   0.484061   0.766755   0.018665   0.301997   0.715746   0.752335   0.523521   0.939088   0.484275   0.768589   0.019890   0.302418   0.714979   0.752704   0.524054   0.941494   0.484820   0.770953   0.020947   0.302739   0.714399   0.752277   0.523414   0.942963   0.484160   0.771864   0.021662   0.303976   0.713579   0.751955   0.522927   0.943245   0.483658   0.771630   0.022014   0.314423   0.710143   0.755705   0.528503   0.942912   0.489393   0.772061   0.021820   0.339219   0.703709   0.763734   0.540582   0.941965   0.501844   0.777724   0.021289   0.370827   0.697053   0.773779   0.556004   0.941210   0.517801   0.787923   0.022615   0.400012   0.691769   0.785199   0.573920   0.941536   0.536413   0.797308   0.025495   0.419773   0.688502   0.795608   0.590600   0.941894   0.553810   0.804097   0.027897   0.424472   0.687634   0.803550   0.603562   0.941773   0.567375   0.808433   0.029307   0.411711   0.689373   0.808254   0.611328   0.941113   0.575520   0.810396   0.029581   0.385466   0.693353   0.809141   0.612799   0.939911   0.577064   0.810713   0.028954   0.352143   0.698528   0.806606   0.608600   0.939171   0.572657   0.813517   0.025898   0.321474   0.704573   0.797715   0.594067   0.939027   0.557443   0.822138   0.021704   0.306363   0.709780   0.785056   0.573665   0.939067   0.536142   0.821745   0.022683   0.303935   0.711861   0.776868   0.560712   0.939525   0.522664   0.813077   0.025951   0.303658   0.712126   0.772520   0.553961   0.940122   0.515665   0.808706   0.026425   0.303477   0.712279   0.768839   0.548299   0.940404   0.509805   0.805020   0.025867   0.303360   0.712357   0.765555   0.543286   0.940204   0.504624   0.801403   0.025362   0.303315   0.712359   0.762703   0.538962   0.939932   0.500161   0.797916   0.025131   0.303327   0.712294   0.760387   0.535471   0.940079   0.496561   0.794790   0.024775   0.303384   0.712159   0.758558   0.532728   0.940609   0.493735   0.792108   0.024254 
  4   0.120460   0.709749   0.727473   0.487925   0.931818   0.447915   0.716273   0.020031   0.301555   0.716512   0.732516   0.494959   0.931006   0.455065   0.721013   0.019748   0.302082   0.715734   0.732867   0.495435   0.932040   0.455546   0.722305   0.020224   0.302537   0.714946   0.733531   0.496357   0.934428   0.456484   0.724336   0.020772   0.302931   0.714348   0.733374   0.496119   0.935894   0.456238   0.725070   0.021325   0.303868   0.713687   0.732937   0.495483   0.936178   0.455586   0.724541   0.021687   0.312743   0.710791   0.735842   0.499621   0.935823   0.459809   0.723876   0.021979   0.334825   0.705029   0.742713   0.509520   0.934836   0.469931   0.727877   0.022249   0.363104   0.698897   0.751598   0.522557   0.934230   0.483308   0.737382   0.024114   0.389521   0.693941   0.761794   0.537818   0.934702   0.499024   0.747042   0.027541   0.408231   0.690747   0.771135   0.552079   0.935102   0.513765   0.754534   0.030547   0.413231   0.689806   0.778269   0.563161   0.935038   0.525256   0.759600   0.032308   0.402222   0.691321   0.782425   0.569687   0.934432   0.532038   0.762118   0.032553   0.378635   0.694942   0.783067   0.570700   0.933264   0.533091   0.762827   0.031195   0.348330   0.699742   0.780694   0.566964   0.932468   0.529207   0.764946   0.027169   0.320310   0.705291   0.772940   0.554889   0.932277   0.516680   0.771893   0.022133   0.306201   0.710027   0.761802   0.537777   0.932310   0.498972   0.771459   0.022431   0.303865   0.711890   0.754621   0.526930   0.932744   0.487782   0.763908   0.025380   0.303652   0.712092   0.750987   0.521538   0.933260   0.482239   0.759757   0.025816   0.303528   0.712215   0.747867   0.516946   0.933431   0.477525   0.756081   0.025415   0.303470   0.712273   0.745106   0.512912   0.933237   0.473389   0.752558   0.025162   0.303432   0.712293   0.742676   0.509384   0.932969   0.469776   0.749084   0.025205   0.303443   0.712244   0.740711   0.506546   0.933043   0.466873   0.746015   0.024973   0.303525   0.712100   0.739218   0.504397   0.933527   0.464676   0.743490   0.024664 
  5   0.120220   0.713446   0.708312   0.462267   0.933930   0.422024   0.606414   0.026493   0.297770   0.723638   0.714927   0.471141   0.932709   0.430984   0.608720   0.027662   0.298222   0.722492   0.715146   0.471460   0.933581   0.431310   0.605636   0.027197   0.298513   0.721503   0.715558   0.472046   0.935690   0.431909   0.604215   0.026736   0.298799   0.720657   0.715305   0.471728   0.936860   0.431592   0.602824   0.026461   0.303163   0.717802   0.718404   0.475945   0.936850   0.435860   0.602775   0.025077   0.330860   0.708863   0.730498   0.492907   0.936180   0.453126   0.606939   0.021977   0.394003   0.693902   0.750398   0.521847   0.934962   0.482782   0.618832   0.020882   0.482084   0.677121   0.776176   0.561144   0.934324   0.523406   0.634010   0.025166   0.576775   0.661993   0.805736   0.608626   0.934458   0.572973   0.643863   0.031251   0.647995   0.652026   0.833008   0.654768   0.934203   0.621610   0.647971   0.036207   0.666633   0.650533   0.853987   0.691951   0.933565   0.661145   0.648879   0.040144   0.627239   0.657275   0.867006   0.715820   0.932591   0.686686   0.649197   0.042814   0.547913   0.669216   0.871403   0.724067   0.931280   0.695549   0.651489   0.043439   0.452200   0.683709   0.867229   0.716298   0.930384   0.687214   0.657692   0.041784   0.365001   0.698119   0.851916   0.688301   0.930207   0.657273   0.670322   0.037560   0.313938   0.711068   0.824577   0.640115   0.930450   0.606093   0.677674   0.035955   0.300450   0.717572   0.802711   0.602770   0.931149   0.566661   0.674386   0.037617   0.300230   0.718129   0.792304   0.585810   0.931839   0.548913   0.670657   0.037715   0.300219   0.718485   0.783276   0.571409   0.932134   0.533902   0.668077   0.036853   0.300314   0.718653   0.775499   0.559236   0.932281   0.521258   0.665831   0.035722   0.300385   0.718709   0.768896   0.549071   0.932351   0.510733   0.663727   0.034355   0.300427   0.718643   0.763472   0.540846   0.932598   0.502241   0.661893   0.032880   0.300502   0.718460   0.759041   0.534213   0.933257   0.495409   0.660466   0.031712 
  6   0.119112   0.711388   0.729506   0.490962   0.933001   0.451041   0.690969   0.020170   0.299358   0.719618   0.735041   0.498736   0.932031   0.458954   0.696597   0.021324   0.299834   0.718609   0.735592   0.499512   0.933028   0.459744   0.697182   0.022033   0.300174   0.717757   0.736182   0.500357   0.935320   0.460607   0.698447   0.022616   0.300458   0.717076   0.735971   0.500062   0.936637   0.460307   0.698795   0.023119   0.304663   0.714743   0.738554   0.503716   0.936800   0.464031   0.698670   0.022418   0.328906   0.707185   0.749267   0.519295   0.936338   0.479991   0.701072   0.019980   0.382349   0.694657   0.767070   0.546033   0.935259   0.507547   0.712028   0.018489   0.452866   0.681462   0.789416   0.581079   0.934485   0.543958   0.727304   0.021270   0.522473   0.670674   0.813978   0.621388   0.934600   0.586195   0.738382   0.026259   0.570980   0.664137   0.835848   0.658867   0.934558   0.625784   0.744870   0.030269   0.579157   0.663694   0.851940   0.687461   0.934095   0.656194   0.748185   0.033110   0.545016   0.669160   0.860950   0.703883   0.933189   0.673743   0.750240   0.035526   0.483605   0.678197   0.862654   0.707057   0.931824   0.677149   0.753301   0.036830   0.411141   0.688622   0.857595   0.697805   0.930954   0.667256   0.760349   0.035244   0.346371   0.699234   0.842672   0.671017   0.930763   0.638712   0.772943   0.030931   0.310904   0.709020   0.819585   0.630761   0.930863   0.596050   0.776999   0.031135   0.302675   0.713910   0.802854   0.602447   0.931412   0.566213   0.771378   0.034248   0.302199   0.714517   0.794965   0.589601   0.932074   0.552774   0.768156   0.034066   0.301949   0.714869   0.788561   0.579335   0.932415   0.542065   0.766019   0.033012   0.301803   0.715052   0.783121   0.570722   0.932402   0.533102   0.764282   0.031661   0.301721   0.715129   0.778419   0.563360   0.932319   0.525456   0.762504   0.030322   0.301649   0.715173   0.774302   0.556986   0.932559   0.518850   0.760389   0.029427   0.301589   0.715187   0.770685   0.551438   0.933198   0.513111   0.758259   0.028763 
  7   0.119679   0.710449   0.731503   0.493586   0.932693   0.453677   0.713361   0.019283   0.300666   0.717830   0.737166   0.501556   0.931812   0.461793   0.718757   0.019650   0.301113   0.716928   0.737730   0.502346   0.932771   0.462597   0.719710   0.020437   0.301526   0.716044   0.738560   0.503523   0.935041   0.463797   0.721636   0.020973   0.301895   0.715341   0.738631   0.503617   0.936402   0.463890   0.722507   0.021487   0.304105   0.713923   0.739792   0.505265   0.936623   0.465572   0.721960   0.021477   0.319312   0.708757   0.746868   0.515556   0.936227   0.476114   0.721525   0.019967   0.352683   0.699866   0.759309   0.534010   0.935230   0.495086   0.727878   0.018189   0.393352   0.690947   0.774420   0.557109   0.934549   0.518967   0.740032   0.019512   0.431077   0.683876   0.791245   0.583644   0.934832   0.546562   0.750234   0.022933   0.458214   0.679309   0.806666   0.608732   0.935005   0.572803   0.757141   0.025882   0.465753   0.678108   0.818619   0.628700   0.934725   0.593792   0.761633   0.027782   0.449102   0.680774   0.825873   0.641047   0.933946   0.606816   0.764273   0.028787   0.413835   0.686473   0.827887   0.644514   0.932668   0.610480   0.766241   0.028652   0.369627   0.693388   0.825308   0.640092   0.931827   0.605809   0.772120   0.025667   0.329114   0.701144   0.814451   0.621766   0.931621   0.586509   0.784844   0.021475   0.307987   0.708596   0.797204   0.593210   0.931656   0.556543   0.788911   0.022777   0.303879   0.712078   0.785259   0.573880   0.932106   0.536345   0.782889   0.026667   0.303486   0.712532   0.779324   0.564537   0.932661   0.526634   0.779215   0.027687   0.303220   0.712836   0.774370   0.556833   0.932916   0.518643   0.776390   0.027548   0.303046   0.713022   0.770071   0.550217   0.932842   0.511794   0.773800   0.027032   0.302949   0.713103   0.766321   0.544494   0.932703   0.505880   0.771289   0.026670   0.302913   0.713091   0.763189   0.539749   0.932887   0.500982   0.768972   0.026433   0.302901   0.713039   0.760540   0.535768   0.933461   0.496879   0.766809   0.026167 
  8   0.121395   0.711031   0.713037   0.468231   0.923865   0.427976   0.649354   0.022157   0.300350   0.719004   0.720012   0.477689   0.922725   0.437542   0.652959   0.023045   0.300767   0.718119   0.720667   0.478585   0.923544   0.438449   0.651513   0.023288   0.301153   0.717225   0.721690   0.479993   0.925727   0.439876   0.651696   0.023415   0.301540   0.716481   0.721987   0.480401   0.927039   0.440290   0.651340   0.023774   0.303644   0.714997   0.723389   0.482318   0.927210   0.442232   0.650395   0.023399   0.319242   0.709678   0.731149   0.493232   0.926744   0.453344   0.649354   0.021079   0.354993   0.700159   0.744840   0.512925   0.925677   0.473479   0.654984   0.018947   0.399990   0.690085   0.761424   0.537567   0.925091   0.498824   0.668337   0.020561   0.442671   0.681825   0.780015   0.566181   0.925441   0.528448   0.680157   0.024348   0.473417   0.676430   0.797390   0.593852   0.925570   0.557280   0.687594   0.027788   0.481857   0.675034   0.810962   0.616114   0.925275   0.580603   0.692549   0.030283   0.464072   0.677960   0.819273   0.630041   0.924520   0.595252   0.696350   0.031498   0.425820   0.684203   0.821664   0.634100   0.923284   0.599531   0.700230   0.030841   0.377361   0.691950   0.818656   0.629002   0.922407   0.594157   0.707614   0.027456   0.332667   0.700690   0.806479   0.608721   0.922187   0.572851   0.720128   0.023424   0.308441   0.709115   0.787290   0.577486   0.922285   0.540174   0.724909   0.024649   0.303244   0.713067   0.774051   0.556490   0.922793   0.518317   0.720336   0.028087   0.302874   0.713561   0.767689   0.546716   0.923337   0.508202   0.716687   0.028721   0.302655   0.713870   0.762389   0.538685   0.923542   0.499913   0.713695   0.028551   0.302530   0.714043   0.757802   0.531816   0.923529   0.492838   0.710863   0.028367   0.302450   0.714143   0.753760   0.525821   0.923426   0.486673   0.708102   0.028152   0.302408   0.714201   0.750244   0.520647   0.923570   0.481362   0.705411   0.027918   0.302410   0.714193   0.747307   0.516361   0.924133   0.476968   0.702757   0.027706 
  9   0.122967   0.709786   0.705462   0.458182   0.894544   0.417851   0.654502   0.024413   0.302615   0.716716   0.714302   0.469870   0.893388   0.429619   0.658802   0.025364   0.303112   0.716161   0.714501   0.470142   0.894153   0.429894   0.656562   0.025392   0.303554   0.715513   0.715015   0.470851   0.896324   0.430613   0.655943   0.025345   0.303925   0.715029   0.714597   0.470281   0.897665   0.430037   0.655213   0.025679   0.304597   0.714613   0.713400   0.468646   0.897875   0.428381   0.654180   0.025959   0.312562   0.712183   0.714733   0.470519   0.897445   0.430287   0.652894   0.025877   0.334275   0.706682   0.719381   0.476989   0.896395   0.436863   0.655467   0.026149   0.363936   0.700341   0.725666   0.485787   0.895917   0.445813   0.663846   0.028656   0.392739   0.694999   0.733395   0.496741   0.896452   0.456983   0.673449   0.032906   0.414193   0.691303   0.741234   0.508036   0.896761   0.468535   0.681248   0.036580   0.421152   0.689986   0.747848   0.517720   0.896688   0.478467   0.686811   0.038492   0.409894   0.691612   0.751937   0.523789   0.896183   0.484709   0.689948   0.038258   0.383990   0.695810   0.752531   0.524709   0.895177   0.485662   0.690917   0.035728   0.351284   0.701469   0.749765   0.520641   0.894361   0.481485   0.691759   0.030503   0.321887   0.707466   0.742851   0.510480   0.894170   0.471054   0.695439   0.024756   0.306657   0.712041   0.733500   0.496870   0.894316   0.457108   0.695425   0.023976   0.303810   0.713684   0.727512   0.488277   0.894795   0.448326   0.689984   0.025861   0.303777   0.713698   0.724967   0.484703   0.895242   0.444687   0.685379   0.026080   0.303809   0.713640   0.722829   0.481727   0.895297   0.441663   0.681426   0.025968   0.303880   0.713554   0.720925   0.479095   0.895194   0.438992   0.677735   0.026212   0.303963   0.713461   0.719184   0.476698   0.894996   0.436561   0.674094   0.026600   0.304024   0.713354   0.717685   0.474644   0.894991   0.434479   0.670775   0.026750   0.304088   0.713187   0.716589   0.473154   0.895408   0.432972   0.667904   0.026808 
 10   0.140436   0.721910   0.497038   0.237009   0.439275   0.203248   0.282719   0.053291   0.284967   0.740781   0.516892   0.253115   0.438445   0.218134   0.283001   0.057516   0.284262   0.739573   0.517240   0.253420   0.438828   0.218419   0.277275   0.059448   0.284058   0.738019   0.517521   0.253693   0.440377   0.218679   0.273282   0.062673   0.283669   0.736897   0.516847   0.253143   0.441232   0.218170   0.269876   0.066456   0.296216   0.723749   0.525442   0.260627   0.441085   0.225170   0.271222   0.069427   0.355121   0.685037   0.548468   0.281750   0.440338   0.245110   0.276584   0.076242   0.463804   0.634090   0.574108   0.306848   0.439088   0.269071   0.280978   0.095647   0.583448   0.592239   0.597729   0.331327   0.438522   0.292679   0.284944   0.119917   0.682761   0.567741   0.618614   0.353946   0.438695   0.314666   0.289704   0.137589   0.744113   0.562024   0.633899   0.371216   0.438602   0.331581   0.296171   0.150247   0.753200   0.575416   0.642357   0.381136   0.438347   0.341363   0.304361   0.159805   0.706035   0.605553   0.642667   0.381684   0.437955   0.341935   0.313505   0.164843   0.615055   0.646169   0.634503   0.372379   0.437369   0.332807   0.322036   0.162799   0.501912   0.690088   0.619476   0.355383   0.436836   0.316155   0.328061   0.153123   0.392868   0.729437   0.600027   0.333987   0.436809   0.295296   0.330120   0.133926   0.311201   0.759150   0.576146   0.308981   0.437207   0.271134   0.326832   0.103812   0.276975   0.770293   0.556581   0.289414   0.437804   0.252380   0.318129   0.083657   0.274737   0.766662   0.547019   0.280316   0.438189   0.243737   0.308812   0.079529   0.274623   0.762316   0.541082   0.274791   0.438165   0.238509   0.301231   0.078626   0.274476   0.758737   0.536218   0.270349   0.438218   0.234319   0.294205   0.079408   0.274599   0.755774   0.531610   0.266201   0.438247   0.230417   0.288183   0.079359   0.274800   0.753385   0.527045   0.262144   0.438284   0.226610   0.282930   0.078618   0.275178   0.751002   0.523224   0.258785   0.438654   0.223462   0.278355   0.078465 
 11   0.130156   0.721720   0.576330   0.310280   0.607183   0.272558   0.361036   0.051671   0.285193   0.739733   0.608299   0.342324   0.603344   0.303285   0.362369   0.052280   0.285287   0.737521   0.610881   0.345122   0.603626   0.306003   0.352257   0.052841   0.285563   0.735652   0.611958   0.346314   0.605292   0.307167   0.346485   0.054126   0.285689   0.734374   0.611174   0.345492   0.606247   0.306372   0.342503   0.055692   0.296225   0.724057   0.619525   0.354509   0.606112   0.315130   0.343866   0.056132   0.349668   0.694043   0.643646   0.382004   0.605333   0.342101   0.350517   0.060483   0.452887   0.655202   0.670829   0.415043   0.604024   0.374886   0.357531   0.079081   0.568974   0.624415   0.695132   0.446562   0.603439   0.406536   0.363357   0.105530   0.665673   0.607328   0.716477   0.475505   0.603559   0.435836   0.368992   0.127368   0.723473   0.604356   0.731300   0.496347   0.603360   0.457079   0.377129   0.143218   0.729628   0.614599   0.738681   0.507014   0.603053   0.468005   0.387859   0.153130   0.683488   0.635447   0.737831   0.505930   0.602670   0.466922   0.399967   0.156643   0.595402   0.663383   0.728380   0.492644   0.602091   0.453380   0.411891   0.152479   0.486814   0.694286   0.711895   0.469865   0.601531   0.430235   0.421793   0.139959   0.385440   0.722441   0.691537   0.442485   0.601500   0.402551   0.427632   0.118099   0.312162   0.744740   0.667137   0.411055   0.601946   0.371023   0.426611   0.088318   0.282995   0.753692   0.647801   0.387072   0.602576   0.347131   0.418564   0.068364   0.281404   0.751741   0.638758   0.376370   0.602938   0.336562   0.408865   0.062745   0.281026   0.749268   0.632897   0.369602   0.602888   0.329908   0.400264   0.060688   0.280654   0.747049   0.628388   0.364495   0.602967   0.324904   0.392012   0.060730   0.280603   0.745082   0.624168   0.359788   0.603024   0.320305   0.384539   0.061085   0.280882   0.743300   0.620077   0.355269   0.603078   0.315898   0.377882   0.061014   0.281284   0.741604   0.616567   0.351424   0.603505   0.312153   0.372067   0.060775 
 12   0.127100   0.711369   0.640994   0.379398   0.748590   0.339611   0.465240   0.036216   0.297334   0.719602   0.665004   0.406999   0.746333   0.366722   0.469552   0.037627   0.297764   0.718792   0.668715   0.411578   0.746877   0.371275   0.462841   0.033993   0.298081   0.718135   0.671496   0.415017   0.748833   0.374696   0.459055   0.032022   0.298431   0.717446   0.673163   0.417067   0.750009   0.376733   0.455846   0.031446   0.302504   0.713579   0.679310   0.424684   0.750076   0.384315   0.455175   0.030195   0.329810   0.702357   0.695970   0.446191   0.749571   0.405881   0.460166   0.025461   0.389569   0.687057   0.715092   0.471776   0.748544   0.431704   0.472486   0.023704   0.464182   0.673166   0.732486   0.496076   0.748095   0.456425   0.486372   0.029979   0.537090   0.662316   0.750983   0.522911   0.748299   0.483914   0.496547   0.039178   0.589698   0.656267   0.767340   0.547552   0.748078   0.509335   0.505500   0.048450   0.598879   0.657377   0.778720   0.565252   0.747598   0.527703   0.514891   0.056458   0.561564   0.665382   0.782863   0.571879   0.746933   0.534618   0.525614   0.062099   0.495261   0.677453   0.778890   0.565740   0.745953   0.528255   0.537410   0.063517   0.418227   0.691056   0.767876   0.548695   0.745131   0.510581   0.549475   0.059439   0.349825   0.703749   0.750778   0.522828   0.744997   0.483874   0.561992   0.048047   0.310175   0.714046   0.728320   0.490149   0.745313   0.450376   0.567058   0.038729   0.299632   0.718719   0.712771   0.468195   0.745866   0.428000   0.562077   0.036316   0.299589   0.718830   0.707429   0.460949   0.746321   0.420669   0.555710   0.034028   0.299620   0.718729   0.703462   0.455642   0.746483   0.415313   0.550373   0.032012   0.299698   0.718519   0.700183   0.451300   0.746665   0.410941   0.545556   0.030824   0.299756   0.718303   0.697182   0.447362   0.746699   0.406981   0.540895   0.030068   0.299773   0.718113   0.694462   0.443813   0.746751   0.403416   0.536266   0.029495   0.299878   0.717804   0.692337   0.441063   0.747243   0.400657   0.531987   0.029168 
 13   0.122905   0.710348   0.695438   0.445748   0.838656   0.405479   0.559878   0.034586   0.300247   0.717340   0.718799   0.476361   0.837207   0.436258   0.558777   0.036722   0.301024   0.716171   0.723680   0.483136   0.837828   0.443141   0.550560   0.033425   0.301693   0.715249   0.726781   0.487452   0.839895   0.447527   0.547105   0.031982   0.302232   0.714441   0.728502   0.489862   0.841182   0.449979   0.544550   0.032072   0.304597   0.712418   0.731682   0.494351   0.841339   0.454552   0.542975   0.031346   0.321787   0.706039   0.742960   0.510678   0.840923   0.471268   0.546561   0.026256   0.361204   0.696142   0.757365   0.531909   0.839962   0.493076   0.560857   0.020921   0.412338   0.686307   0.770041   0.551159   0.839526   0.512960   0.579883   0.022193   0.464440   0.677972   0.783998   0.572952   0.839848   0.535586   0.594719   0.028010   0.503730   0.672668   0.796709   0.593326   0.839814   0.556845   0.606349   0.034657   0.515940   0.671909   0.805800   0.608235   0.839441   0.572466   0.616893   0.040715   0.494421   0.676147   0.809622   0.614591   0.838765   0.579145   0.626811   0.044928   0.447717   0.683975   0.807368   0.610842   0.837679   0.575205   0.636444   0.045025   0.390842   0.693261   0.799947   0.598586   0.836806   0.562346   0.647187   0.040485   0.338072   0.702820   0.785973   0.576012   0.836637   0.538760   0.661129   0.032215   0.308757   0.711150   0.766520   0.545515   0.836857   0.507073   0.668184   0.028120   0.302222   0.714886   0.753739   0.525968   0.837352   0.486860   0.664032   0.028827   0.302182   0.715011   0.749511   0.519701   0.837827   0.480417   0.657891   0.028303   0.302267   0.714925   0.746477   0.515254   0.838028   0.475855   0.652390   0.027718   0.302436   0.714725   0.743964   0.511599   0.838167   0.472110   0.647504   0.027698   0.302596   0.714528   0.741659   0.508271   0.838143   0.468704   0.642848   0.028097   0.302697   0.714361   0.739589   0.505303   0.838211   0.465672   0.638554   0.028428   0.302776   0.714205   0.737774   0.502718   0.838733   0.463034   0.634774   0.028743 
 14   0.126952   0.709170   0.668523   0.411469   0.769540   0.371186   0.564549   0.029255   0.302330   0.715445   0.685501   0.431979   0.768179   0.391505   0.571219   0.031594   0.302881   0.714803   0.686770   0.433617   0.768895   0.393148   0.568172   0.029245   0.303384   0.714100   0.687891   0.435066   0.770963   0.394600   0.567820   0.028120   0.303721   0.713603   0.687912   0.435094   0.772199   0.394629   0.567024   0.027748   0.304970   0.712596   0.688089   0.435325   0.772256   0.394860   0.565912   0.027151   0.317484   0.707948   0.692974   0.441785   0.771671   0.401364   0.566552   0.024864   0.349398   0.699450   0.700710   0.452060   0.770520   0.411718   0.574473   0.023466   0.391885   0.690860   0.708211   0.462132   0.770053   0.421888   0.588416   0.026895   0.431809   0.684322   0.716383   0.473287   0.770457   0.433185   0.601588   0.033293   0.458818   0.680656   0.723747   0.483507   0.770547   0.443568   0.612541   0.039246   0.463901   0.680684   0.729059   0.490984   0.770353   0.451184   0.621218   0.043460   0.444874   0.684587   0.730882   0.493579   0.769867   0.453833   0.627371   0.045067   0.409005   0.691208   0.728650   0.490420   0.768991   0.450612   0.630773   0.042817   0.366467   0.699140   0.723132   0.482642   0.768199   0.442688   0.631976   0.036792   0.328807   0.706930   0.714990   0.471275   0.768045   0.431129   0.633420   0.029145   0.308211   0.712598   0.705367   0.458034   0.768313   0.417699   0.632392   0.025420   0.303505   0.714567   0.699487   0.450046   0.768826   0.409617   0.626826   0.025387   0.303459   0.714409   0.697791   0.447795   0.769239   0.407350   0.620621   0.025025   0.303505   0.714174   0.696391   0.445957   0.769299   0.405501   0.615246   0.024769   0.303621   0.713901   0.695076   0.444238   0.769360   0.403774   0.610586   0.024991   0.303717   0.713690   0.693673   0.442414   0.769301   0.401944   0.606133   0.025443   0.303779   0.713513   0.692364   0.440723   0.769294   0.400249   0.601852   0.025628   0.303840   0.713294   0.691401   0.439486   0.769714   0.399010   0.597999   0.025789 
 15   0.143332   0.714092   0.454518   0.203086   0.320421   0.171983   0.239776   0.161246   0.272019   0.724110   0.443164   0.194478   0.322744   0.164123   0.227623   0.268377   0.270473   0.721551   0.445467   0.196222   0.323052   0.165715   0.226005   0.297188   0.269102   0.719467   0.447153   0.197517   0.324501   0.166902   0.225503   0.317702   0.267704   0.717946   0.447779   0.198014   0.325264   0.167359   0.225307   0.336917   0.285843   0.711715   0.451014   0.200441   0.325089   0.169572   0.225498   0.351075   0.358922   0.690873   0.462569   0.209329   0.324380   0.177714   0.228257   0.349217   0.478616   0.660128   0.479941   0.223242   0.323299   0.190549   0.232233   0.349640   0.598774   0.632951   0.497702   0.238102   0.323051   0.204363   0.235818   0.359051   0.693111   0.613842   0.513450   0.251749   0.323573   0.217127   0.239715   0.356513   0.751570   0.604480   0.525340   0.262380   0.323845   0.227126   0.243451   0.348722   0.764531   0.607311   0.532085   0.268561   0.323899   0.232963   0.246764   0.342605   0.729065   0.622327   0.532926   0.269360   0.323680   0.233723   0.249450   0.337335   0.651575   0.646755   0.527627   0.264512   0.323154   0.229145   0.251097   0.329766   0.543591   0.678349   0.516697   0.254662   0.322532   0.219869   0.250799   0.324895   0.423506   0.713191   0.500562   0.240559   0.322226   0.206658   0.248058   0.328025   0.315136   0.745320   0.479648   0.222997   0.322258   0.190322   0.242976   0.336461   0.261817   0.759217   0.464403   0.210625   0.322547   0.178883   0.237027   0.348433   0.256684   0.755551   0.458924   0.206402   0.322740   0.175013   0.232370   0.358093   0.256309   0.750317   0.455602   0.203900   0.322611   0.172730   0.229020   0.366667   0.256170   0.745705   0.452737   0.201762   0.322596   0.170782   0.226342   0.374302   0.256337   0.741806   0.450035   0.199755   0.322603   0.168954   0.223846   0.374359   0.256492   0.738555   0.447526   0.197905   0.322638   0.167272   0.221318   0.370466   0.256490   0.735607   0.445615   0.196516   0.322978   0.166012   0.219278   0.368532 
 16   0.146975   0.719219   0.436340   0.189477   0.330627   0.159574   0.235997   0.062585   0.283899   0.735243   0.438098   0.190255   0.329820   0.160200   0.228513   0.073605   0.283420   0.733959   0.438578   0.190589   0.330307   0.160501   0.226036   0.076635   0.282801   0.732691   0.438721   0.190717   0.331821   0.160621   0.223968   0.081707   0.282034   0.731606   0.438141   0.190339   0.332661   0.160284   0.222026   0.088079   0.295438   0.719394   0.447469   0.197077   0.332557   0.166388   0.224995   0.093184   0.356216   0.685675   0.469914   0.214119   0.331905   0.181960   0.231217   0.103800   0.466322   0.643414   0.493568   0.233337   0.330801   0.199723   0.235127   0.128282   0.586644   0.608331   0.514660   0.251406   0.330373   0.216577   0.238697   0.151974   0.687497   0.584634   0.532646   0.267430   0.330692   0.231626   0.243250   0.161943   0.751301   0.575375   0.545935   0.279681   0.330768   0.243201   0.248708   0.165847   0.760390   0.584104   0.553312   0.286705   0.330645   0.249875   0.254936   0.168656   0.711773   0.609306   0.553579   0.287075   0.330309   0.250246   0.261317   0.169341   0.620554   0.644400   0.546585   0.280542   0.329713   0.244059   0.266366   0.164829   0.507656   0.683520   0.533970   0.268826   0.329142   0.232976   0.268527   0.156249   0.396549   0.721042   0.516856   0.253377   0.329019   0.218432   0.267448   0.142675   0.310399   0.752298   0.493169   0.233022   0.329268   0.199433   0.263329   0.117731   0.273599   0.766074   0.472895   0.216358   0.329737   0.183999   0.255704   0.100416   0.270930   0.764086   0.463407   0.208980   0.330058   0.177233   0.247723   0.098474   0.270766   0.760324   0.457683   0.204628   0.330015   0.173255   0.241861   0.100001   0.270818   0.756778   0.452899   0.201049   0.330019   0.169995   0.237064   0.102789   0.271411   0.753424   0.448519   0.197826   0.329989   0.167066   0.232993   0.102992   0.272066   0.750484   0.444442   0.194856   0.329986   0.164372   0.229342   0.101965   0.272454   0.747877   0.441025   0.192402   0.330303   0.162151   0.226047   0.102154 
 17   0.146821   0.711544   0.488448   0.229064   0.403164   0.195751   0.299222   0.037308   0.297987   0.719916   0.493160   0.232260   0.402285   0.198603   0.296840   0.043675   0.298543   0.719059   0.493122   0.232189   0.402830   0.198531   0.296605   0.044141   0.298655   0.718448   0.493104   0.232161   0.404473   0.198504   0.296155   0.045316   0.298712   0.717922   0.492716   0.231842   0.405440   0.198208   0.295494   0.046983   0.303464   0.713328   0.496051   0.234566   0.405405   0.200727   0.297091   0.048281   0.331852   0.697894   0.505822   0.242834   0.404804   0.208419   0.301877   0.049134   0.391294   0.675178   0.516888   0.252512   0.403742   0.217475   0.309603   0.055096   0.458946   0.655538   0.527370   0.261925   0.403333   0.226323   0.319944   0.066912   0.510415   0.644448   0.536897   0.270639   0.403691   0.234541   0.330949   0.078258   0.532880   0.643449   0.543619   0.276908   0.403814   0.240473   0.340968   0.087246   0.523650   0.651568   0.547029   0.280161   0.403723   0.243565   0.348745   0.093271   0.489382   0.665737   0.546505   0.279693   0.403395   0.243126   0.353559   0.095086   0.441331   0.682252   0.542102   0.275530   0.402754   0.239177   0.354950   0.091193   0.388947   0.698835   0.534933   0.268804   0.402130   0.232806   0.353119   0.081959   0.341219   0.714007   0.526174   0.260745   0.402005   0.225197   0.348709   0.069427   0.309946   0.724863   0.516865   0.252392   0.402252   0.217346   0.342032   0.058672   0.299111   0.728629   0.510357   0.246677   0.402700   0.211995   0.334431   0.053877   0.297869   0.728173   0.507082   0.243876   0.403032   0.209383   0.327832   0.052671   0.297027   0.727606   0.504365   0.241584   0.403023   0.207252   0.322184   0.053275   0.296373   0.727046   0.501852   0.239483   0.403039   0.205303   0.317175   0.054775   0.295928   0.726454   0.499359   0.237418   0.402987   0.203388   0.312708   0.055482   0.295509   0.725953   0.496941   0.235427   0.402967   0.201544   0.308521   0.055605   0.295047   0.725547   0.494814   0.233691   0.403297   0.199939   0.304554   0.056044 
 18   0.131541   0.709452   0.627311   0.363101   0.686126   0.323504   0.483821   0.030653   0.301184   0.715944   0.643487   0.380698   0.684394   0.340613   0.488666   0.033966   0.301802   0.715234   0.644807   0.382194   0.685057   0.342078   0.486141   0.031307   0.302286   0.714495   0.646038   0.383607   0.687033   0.343465   0.485804   0.029856   0.302575   0.713992   0.646165   0.383738   0.688204   0.343591   0.485121   0.029417   0.304554   0.712243   0.647423   0.385195   0.688224   0.345023   0.484738   0.029156   0.321621   0.705277   0.654508   0.393696   0.687624   0.353433   0.487382   0.027155   0.362202   0.694046   0.663771   0.404975   0.686490   0.364620   0.496819   0.027177   0.413604   0.683574   0.671984   0.415190   0.686048   0.374792   0.511009   0.033239   0.458971   0.676290   0.680468   0.425958   0.686439   0.385554   0.524621   0.041714   0.485954   0.673250   0.687394   0.434911   0.686517   0.394533   0.536292   0.049061   0.486138   0.675017   0.691477   0.440266   0.686341   0.399917   0.545756   0.053865   0.459822   0.681135   0.691675   0.440543   0.685908   0.400199   0.552673   0.055211   0.417920   0.689725   0.687848   0.435541   0.685108   0.395173   0.556576   0.052113   0.372076   0.699051   0.681229   0.426965   0.684354   0.386569   0.557376   0.045055   0.332040   0.707897   0.672867   0.416289   0.684190   0.375888   0.556402   0.036539   0.308939   0.714331   0.663590   0.404639   0.684446   0.364267   0.552828   0.031885   0.302908   0.716583   0.657889   0.397578   0.684936   0.357242   0.546229   0.031340   0.302754   0.716389   0.656139   0.395469   0.685318   0.355154   0.539541   0.030907   0.302709   0.716097   0.654709   0.393760   0.685353   0.353465   0.533946   0.030455   0.302715   0.715774   0.653424   0.392233   0.685411   0.351957   0.529121   0.030346   0.302699   0.715513   0.652066   0.390628   0.685372   0.350373   0.524578   0.030440   0.302662   0.715271   0.650807   0.389144   0.685370   0.348910   0.520236   0.030462   0.302610   0.715020   0.649864   0.388046   0.685776   0.347830   0.516115   0.030586 
 19   0.125227   0.713262   0.669005   0.411981   0.938421   0.371689   0.521131   0.020598   0.298369   0.723298   0.676232   0.420780   0.936910   0.380418   0.527546   0.021429   0.298857   0.722268   0.676546   0.421067   0.937911   0.380685   0.527814   0.022335   0.299003   0.721587   0.676474   0.420897   0.940003   0.380501   0.527463   0.024050   0.298941   0.721270   0.675178   0.419206   0.941315   0.378802   0.524880   0.025966   0.301087   0.719999   0.675276   0.419161   0.941747   0.378726   0.519415   0.027390   0.320944   0.714337   0.681694   0.427105   0.941387   0.386628   0.513996   0.027214   0.368134   0.703672   0.695152   0.444519   0.940299   0.404091   0.514649   0.027814   0.429889   0.691933   0.713747   0.469724   0.939643   0.429586   0.520661   0.032790   0.488402   0.682299   0.735505   0.500640   0.940044   0.461131   0.525615   0.039458   0.543704   0.674333   0.757248   0.532950   0.940339   0.494377   0.526831   0.045353   0.584559   0.669207   0.777319   0.564042   0.940036   0.526622   0.524040   0.050201   0.577653   0.670655   0.792261   0.587919   0.939098   0.551529   0.518768   0.052759   0.523096   0.678176   0.798778   0.598526   0.937711   0.562634   0.515755   0.052065   0.444909   0.688807   0.796773   0.595179   0.936843   0.559115   0.518049   0.046943   0.365369   0.700573   0.784104   0.574768   0.936648   0.537792   0.526667   0.038005   0.311242   0.715113   0.754471   0.529446   0.936770   0.490892   0.530062   0.034830   0.294156   0.723861   0.728729   0.491442   0.937367   0.451822   0.524287   0.037848   0.294405   0.723896   0.719109   0.478027   0.937994   0.438175   0.519484   0.038332   0.295284   0.723332   0.712114   0.468312   0.938237   0.428300   0.516937   0.037003   0.296297   0.722434   0.706856   0.460989   0.938175   0.420856   0.515123   0.035427   0.297203   0.721532   0.703072   0.455710   0.938102   0.415488   0.513345   0.033440   0.297768   0.720886   0.700020   0.451492   0.938350   0.411208   0.511556   0.031682   0.298043   0.720425   0.697210   0.447689   0.938997   0.407362   0.510192   0.030672 
 20   0.154262   0.718520   0.372443   0.147197   0.197064   0.121811   0.187243   0.138205   0.279204   0.732870   0.345051   0.130090   0.196579   0.106681   0.176150   0.212412   0.279198   0.730127   0.345680   0.130434   0.197084   0.106979   0.176483   0.225269   0.278759   0.727979   0.346018   0.130624   0.198525   0.107144   0.176781   0.237741   0.278359   0.726378   0.345623   0.130395   0.199328   0.106944   0.176851   0.249786   0.293965   0.717476   0.348630   0.132141   0.199266   0.108469   0.177473   0.258573   0.357563   0.689021   0.359599   0.138720   0.198689   0.114246   0.179505   0.267629   0.468163   0.647466   0.375322   0.148496   0.197733   0.122882   0.182109   0.281553   0.587439   0.609441   0.391598   0.159002   0.197495   0.132223   0.185103   0.291409   0.686089   0.582347   0.406472   0.168947   0.197998   0.141119   0.188469   0.290013   0.747861   0.570732   0.418002   0.176902   0.198271   0.148272   0.191771   0.286353   0.758972   0.577991   0.424932   0.181805   0.198320   0.152701   0.194748   0.284516   0.717099   0.602617   0.426384   0.182865   0.198088   0.153664   0.197115   0.282417   0.633056   0.639119   0.421956   0.179737   0.197533   0.150840   0.198219   0.276313   0.522030   0.683039   0.412022   0.172801   0.196952   0.144589   0.197546   0.269954   0.406328   0.728001   0.396911   0.162545   0.196727   0.135393   0.195287   0.268544   0.313083   0.763774   0.378492   0.150498   0.196793   0.124657   0.191526   0.264371   0.272034   0.776225   0.364850   0.141875   0.197091   0.117017   0.187034   0.260215   0.268623   0.770892   0.358323   0.137918   0.197304   0.113535   0.182997   0.260834   0.268554   0.764500   0.353742   0.135200   0.197201   0.111153   0.179831   0.265439   0.269001   0.758768   0.349839   0.132914   0.197157   0.109154   0.177452   0.270212   0.269342   0.753974   0.346274   0.130859   0.197084   0.107360   0.175190   0.268589   0.269150   0.750170   0.343137   0.129069   0.197045   0.105801   0.172840   0.265066   0.268905   0.746761   0.340747   0.127712   0.197311   0.104620   0.170937   0.264998 
 21   0.156941   0.714730   0.382136   0.152645   0.221024   0.126541   0.203455   0.059148   0.292680   0.725570   0.365537   0.141840   0.220262   0.116921   0.194796   0.076050   0.293601   0.723662   0.366503   0.142389   0.220775   0.117399   0.195863   0.080868   0.293807   0.722581   0.366530   0.142400   0.222264   0.117408   0.196534   0.085825   0.293975   0.721719   0.366026   0.142096   0.223135   0.117140   0.196863   0.090862   0.302157   0.713940   0.369735   0.144310   0.223117   0.119082   0.198520   0.094952   0.340934   0.689358   0.380363   0.150913   0.222584   0.124913   0.201688   0.102908   0.415283   0.654646   0.393534   0.159440   0.221647   0.132494   0.205521   0.118741   0.499867   0.624021   0.406794   0.168297   0.221337   0.140411   0.210496   0.133576   0.572908   0.603420   0.419240   0.176847   0.221749   0.148089   0.215977   0.140939   0.617652   0.597425   0.428945   0.183686   0.221942   0.154259   0.221516   0.145934   0.619653   0.608257   0.434312   0.187546   0.221921   0.157753   0.226656   0.150085   0.579453   0.632451   0.434580   0.187750   0.221651   0.157939   0.230435   0.151316   0.512590   0.662765   0.429948   0.184405   0.221058   0.154910   0.231928   0.146558   0.434626   0.694448   0.421663   0.178493   0.220473   0.149566   0.230977   0.137515   0.360799   0.723908   0.410387   0.170645   0.220325   0.142503   0.228183   0.126820   0.309966   0.744397   0.397493   0.161952   0.220486   0.134719   0.223768   0.113920   0.290920   0.750741   0.387876   0.155668   0.220845   0.129124   0.218616   0.104923   0.289044   0.748602   0.382540   0.152301   0.221114   0.126143   0.213944   0.102139   0.288676   0.745952   0.378445   0.149754   0.221071   0.123893   0.210123   0.103768   0.288817   0.743316   0.374738   0.147472   0.221052   0.121881   0.207075   0.106242   0.288640   0.741193   0.371050   0.145230   0.220963   0.119909   0.204084   0.105267   0.288125   0.739579   0.367661   0.143188   0.220905   0.118115   0.200966   0.103508   0.287795   0.737959   0.364945   0.141560   0.221173   0.116685   0.198315   0.103654 
 22   0.152798   0.710605   0.437751   0.189911   0.310384   0.159878   0.253023   0.045226   0.298186   0.717903   0.433026   0.186018   0.309826   0.156277   0.247690   0.057420   0.298870   0.716828   0.433444   0.186269   0.310362   0.156498   0.248675   0.060058   0.299115   0.716111   0.433563   0.186346   0.311941   0.156566   0.249292   0.062881   0.299267   0.715538   0.433276   0.186143   0.312874   0.156383   0.249593   0.065658   0.303975   0.711276   0.435781   0.187932   0.312852   0.157999   0.250858   0.067661   0.330701   0.696325   0.443542   0.193627   0.312296   0.163170   0.254394   0.069442   0.385036   0.674103   0.453136   0.200859   0.311312   0.169766   0.260444   0.076664   0.447131   0.654856   0.462875   0.208369   0.310946   0.176643   0.268302   0.088614   0.497388   0.643364   0.472129   0.215619   0.311330   0.183300   0.276656   0.098506   0.523049   0.641760   0.479013   0.221101   0.311509   0.188349   0.284337   0.106370   0.519128   0.649490   0.482795   0.224180   0.311471   0.191195   0.290117   0.111869   0.490020   0.663384   0.483034   0.224405   0.311168   0.191408   0.293181   0.113430   0.445924   0.679743   0.479580   0.221607   0.310537   0.188824   0.293289   0.109224   0.394072   0.697172   0.473145   0.216414   0.309942   0.184031   0.290793   0.100491   0.343700   0.714228   0.464548   0.209599   0.309819   0.177761   0.286325   0.089370   0.309947   0.726585   0.454995   0.202205   0.310021   0.170985   0.280370   0.079068   0.297939   0.730843   0.448235   0.197088   0.310425   0.166315   0.274169   0.074123   0.296595   0.730151   0.444872   0.194610   0.310743   0.164063   0.269024   0.073236   0.296050   0.729103   0.442202   0.192663   0.310740   0.162297   0.264922   0.075024   0.295699   0.728117   0.439610   0.190791   0.310731   0.160602   0.261414   0.077494   0.295247   0.727348   0.436908   0.188861   0.310646   0.158857   0.257994   0.077832   0.294705   0.726750   0.434342   0.187044   0.310611   0.157218   0.254589   0.077430   0.294282   0.726109   0.432267   0.185588   0.310914   0.155906   0.251492   0.078159 
 23   0.140480   0.711126   0.540141   0.274133   0.504777   0.237922   0.353625   0.033783   0.298006   0.719221   0.551247   0.283661   0.503312   0.246801   0.353011   0.037900   0.298641   0.718511   0.551338   0.283721   0.503917   0.246854   0.352191   0.036255   0.298803   0.718043   0.550781   0.283194   0.505666   0.246353   0.351868   0.036347   0.298826   0.717736   0.549723   0.282204   0.506690   0.245416   0.351124   0.036772   0.303081   0.713599   0.552930   0.285200   0.506663   0.248253   0.352971   0.037058   0.330448   0.700142   0.563111   0.295037   0.506037   0.257618   0.359087   0.036460   0.388268   0.681244   0.573333   0.305226   0.504920   0.267372   0.369594   0.040306   0.453865   0.665518   0.581506   0.313597   0.504489   0.275424   0.383515   0.050648   0.502984   0.656877   0.589017   0.321409   0.504868   0.282961   0.397414   0.061535   0.523106   0.656165   0.594184   0.326857   0.504997   0.288229   0.409617   0.069877   0.512208   0.662543   0.596326   0.329141   0.504903   0.290442   0.419009   0.074730   0.476795   0.673820   0.594988   0.327709   0.504562   0.289054   0.424936   0.075024   0.428981   0.686974   0.590305   0.322713   0.503885   0.284214   0.427131   0.069955   0.379310   0.700042   0.583442   0.315488   0.503228   0.277229   0.425690   0.060581   0.336303   0.711867   0.575688   0.307486   0.503084   0.269522   0.421261   0.049510   0.309594   0.720233   0.567997   0.299719   0.503320   0.262069   0.414230   0.041527   0.300850   0.723150   0.563202   0.294966   0.503771   0.257524   0.405957   0.038740   0.299868   0.722955   0.561178   0.293019   0.504108   0.255671   0.398448   0.038276   0.299192   0.722640   0.559395   0.291326   0.504098   0.254064   0.391958   0.038635   0.298629   0.722375   0.557536   0.289572   0.504118   0.252401   0.386127   0.039505   0.298197   0.722152   0.555508   0.287659   0.504067   0.250587   0.380756   0.040076   0.297864   0.721900   0.553596   0.285864   0.504057   0.248888   0.375731   0.040360   0.297523   0.721663   0.551938   0.284323   0.504419   0.247430   0.371006   0.040857 
 24   0.135893   0.709970   0.589005   0.322041   0.601061   0.283672   0.418076   0.033094   0.299957   0.716988   0.602865   0.335453   0.599786   0.296441   0.420044   0.036819   0.300564   0.716320   0.603556   0.336155   0.600439   0.297116   0.418213   0.033979   0.300948   0.715696   0.603769   0.336362   0.602318   0.297313   0.418194   0.033277   0.301108   0.715311   0.603083   0.335627   0.603427   0.296600   0.417937   0.033135   0.303996   0.712600   0.605037   0.337676   0.603427   0.298580   0.418844   0.033140   0.325628   0.702902   0.613397   0.346765   0.602812   0.307414   0.423512   0.031874   0.374267   0.688415   0.622868   0.357293   0.601685   0.317688   0.434020   0.033556   0.432387   0.675769   0.630710   0.366225   0.601245   0.326443   0.448513   0.041470   0.479773   0.667955   0.638377   0.375120   0.601629   0.335190   0.462741   0.050967   0.503520   0.666048   0.644075   0.381832   0.601739   0.341810   0.475232   0.058764   0.498037   0.669996   0.646724   0.384991   0.601612   0.344933   0.485159   0.063565   0.467000   0.678415   0.645622   0.383679   0.601226   0.343637   0.491911   0.064209   0.421958   0.689027   0.640957   0.378144   0.600489   0.338172   0.494978   0.059926   0.374381   0.699961   0.634104   0.370115   0.599789   0.330262   0.494334   0.051801   0.333422   0.709996   0.626267   0.361084   0.599638   0.321391   0.491013   0.042628   0.309207   0.717026   0.618279   0.352042   0.599879   0.312538   0.485351   0.036989   0.302218   0.719317   0.613566   0.346784   0.600348   0.307404   0.478070   0.035496   0.301831   0.718963   0.612106   0.345203   0.600708   0.305868   0.471245   0.034965   0.301563   0.718577   0.610785   0.343786   0.600721   0.304494   0.465405   0.034825   0.301352   0.718240   0.609462   0.342377   0.600756   0.303130   0.460208   0.035088   0.301228   0.717923   0.608064   0.340887   0.600704   0.301686   0.455352   0.035453   0.301061   0.717683   0.606696   0.339433   0.600696   0.300278   0.450519   0.035786   0.300857   0.717454   0.605588   0.338265   0.601078   0.299150   0.445954   0.036206 
