timestamp=                2021-11-11T13:55:29.880480
shape=                    (5, 5)
sigma=                    2.5
nepochs=                  6
thresh=                   None
rate=                     0.02
neighborhood function=    gaussian
init weights=             pca
topology=                 hexagonal
activation distance=      euclidean
output type=              labels
mapfile_prefix=           full2020_5x5_6_02_3_01
apply classification=     False
seed=                     None
random order=             True
custom init file=         None
order labels by size=     False
decay_function=           3

############ NEURONS #############
 25 192
  0   0.148487   0.698138   0.523724   0.260548   0.463117   0.225248   0.357382   0.037661   0.303559   0.705466   0.532579   0.267862   0.461600   0.232025   0.355835   0.042689   0.304034   0.704813   0.532480   0.267751   0.462337   0.231917   0.355629   0.042732   0.304163   0.704406   0.531871   0.267205   0.464441   0.231403   0.355665   0.043604   0.304179   0.704209   0.530723   0.266175   0.465648   0.230435   0.355071   0.044598   0.307729   0.700829   0.532918   0.268128   0.465568   0.232269   0.356148   0.045213   0.331791   0.688641   0.540945   0.275526   0.464801   0.239257   0.360751   0.045024   0.383762   0.670258   0.549588   0.283714   0.463499   0.247030   0.369479   0.049315   0.444632   0.653837   0.557414   0.291282   0.463017   0.254240   0.381614   0.060335   0.490943   0.644487   0.565060   0.298770   0.463492   0.261391   0.394011   0.072324   0.509629   0.643625   0.570326   0.304000   0.463724   0.266398   0.404628   0.082509   0.499454   0.650329   0.572536   0.306218   0.463730   0.268525   0.412228   0.089091   0.468083   0.661766   0.571526   0.305190   0.463387   0.267537   0.416060   0.090446   0.426186   0.674736   0.567436   0.301073   0.462609   0.263587   0.416010   0.085728   0.381081   0.687826   0.561389   0.295058   0.461907   0.257827   0.412592   0.075485   0.340267   0.699919   0.554316   0.288140   0.461831   0.251223   0.406969   0.063307   0.313943   0.708626   0.546950   0.281065   0.462178   0.244491   0.399693   0.054369   0.305054   0.711714   0.542096   0.276490   0.462751   0.240153   0.391844   0.050747   0.303906   0.711561   0.539826   0.274410   0.463114   0.238189   0.385119   0.050003   0.303109   0.711304   0.537692   0.272475   0.463008   0.236367   0.379342   0.050727   0.302528   0.710990   0.535709   0.270691   0.462947   0.234689   0.374248   0.051829   0.302297   0.710482   0.533925   0.269088   0.462839   0.233181   0.369805   0.051859   0.301983   0.710167   0.531984   0.267361   0.462809   0.231558   0.365516   0.051576   0.301600   0.709924   0.530187   0.265772   0.463197   0.230068   0.361392   0.051748 293069
  1   0.138600   0.697227   0.610903   0.346608   0.647046   0.307588   0.474350   0.035348   0.305414   0.703767   0.628748   0.365500   0.645114   0.325879   0.478092   0.039730   0.305937   0.703113   0.629763   0.366625   0.645954   0.326977   0.475864   0.037461   0.306358   0.702405   0.630492   0.367426   0.648314   0.327757   0.476097   0.036785   0.306559   0.701972   0.630251   0.367140   0.649660   0.327474   0.475618   0.036847   0.308673   0.700115   0.631398   0.368424   0.649608   0.328730   0.475277   0.036782   0.326910   0.692720   0.638123   0.376203   0.648827   0.336380   0.478458   0.034950   0.369430   0.680806   0.646586   0.386145   0.647465   0.346183   0.488001   0.035658   0.422719   0.669534   0.654365   0.395465   0.646965   0.355407   0.501464   0.042754   0.470263   0.661695   0.662443   0.405332   0.647459   0.365207   0.514641   0.052512   0.498510   0.658685   0.668553   0.412946   0.647659   0.372796   0.526217   0.061223   0.498402   0.661063   0.671714   0.416947   0.647611   0.376796   0.535182   0.066852   0.470884   0.668039   0.671159   0.416272   0.647187   0.376126   0.540796   0.068134   0.427374   0.677397   0.666994   0.411067   0.646289   0.370936   0.542610   0.064073   0.380154   0.687301   0.660539   0.403068   0.645502   0.362970   0.541105   0.055662   0.338482   0.696633   0.652861   0.393673   0.645421   0.353636   0.537594   0.045988   0.313556   0.703437   0.644493   0.383590   0.645795   0.343647   0.531685   0.040735   0.306576   0.705821   0.639345   0.377464   0.646407   0.337592   0.523885   0.040281   0.306301   0.705572   0.637666   0.375515   0.646815   0.335675   0.516887   0.040285   0.306170   0.705248   0.636114   0.373734   0.646742   0.333926   0.511087   0.040231   0.306098   0.704898   0.634749   0.372181   0.646702   0.332403   0.506102   0.040326   0.306073   0.704571   0.633371   0.370618   0.646595   0.330872   0.501499   0.040334   0.305976   0.704327   0.632044   0.369120   0.646573   0.329405   0.496967   0.040343   0.305868   0.704085   0.630984   0.367936   0.647010   0.328248   0.492779   0.040445 355836
  2   0.134328   0.696648   0.646944   0.387125   0.727780   0.347245   0.541825   0.031479   0.306662   0.702644   0.665123   0.408189   0.725836   0.367967   0.549774   0.035327   0.307167   0.701993   0.666561   0.409943   0.726698   0.369709   0.547086   0.033492   0.307597   0.701252   0.667904   0.411587   0.729139   0.371342   0.546853   0.032519   0.307833   0.700777   0.668111   0.411832   0.730547   0.371585   0.546123   0.032395   0.308969   0.699855   0.668305   0.412064   0.730529   0.371814   0.544911   0.031881   0.321252   0.695318   0.672851   0.417795   0.729758   0.377537   0.545432   0.029618   0.352448   0.687010   0.679855   0.426654   0.728398   0.386389   0.552639   0.028555   0.394469   0.678484   0.686735   0.435447   0.727907   0.395193   0.565544   0.032989   0.434016   0.671980   0.694424   0.445439   0.728437   0.405227   0.578125   0.040479   0.459444   0.668683   0.701004   0.454139   0.728674   0.413992   0.588607   0.047517   0.462634   0.669251   0.705194   0.459747   0.728638   0.419654   0.596475   0.052499   0.443660   0.673327   0.706028   0.460874   0.728185   0.420793   0.601463   0.053687   0.410072   0.679683   0.703440   0.457412   0.727211   0.417299   0.603266   0.050270   0.370204   0.687210   0.698396   0.450690   0.726362   0.410518   0.602388   0.043141   0.333739   0.694708   0.691407   0.441462   0.726260   0.401223   0.600991   0.034869   0.312680   0.700342   0.683000   0.430481   0.726634   0.390186   0.597403   0.031260   0.307507   0.702361   0.677783   0.423741   0.727275   0.383425   0.590735   0.031714   0.307443   0.702219   0.676259   0.421823   0.727724   0.381511   0.584308   0.031732   0.307479   0.701994   0.674882   0.420101   0.727684   0.379794   0.579118   0.031435   0.307553   0.701765   0.673538   0.418425   0.727657   0.378123   0.574837   0.031434   0.307607   0.701587   0.672074   0.416614   0.727545   0.376321   0.570731   0.031744   0.307641   0.701424   0.670783   0.415029   0.727526   0.374746   0.566651   0.031966   0.307680   0.701190   0.669969   0.414039   0.727981   0.373763   0.563037   0.032185 341175
  3   0.126594   0.697794   0.717509   0.475980   0.913064   0.435996   0.681937   0.026129   0.305932   0.704894   0.723514   0.484113   0.911917   0.444224   0.685528   0.027257   0.306448   0.704201   0.723876   0.484591   0.913002   0.444706   0.684790   0.027505   0.306862   0.703434   0.724708   0.485736   0.915697   0.445868   0.685381   0.027624   0.307227   0.702855   0.724543   0.485492   0.917274   0.445617   0.685170   0.028106   0.308126   0.702230   0.723914   0.484599   0.917444   0.444705   0.684160   0.028489   0.317084   0.699384   0.726622   0.488402   0.916857   0.448579   0.683011   0.028327   0.339729   0.693482   0.733167   0.497672   0.915521   0.458034   0.686065   0.028064   0.369454   0.686848   0.741836   0.510140   0.914894   0.470787   0.694830   0.030354   0.398013   0.681207   0.752173   0.525296   0.915478   0.486346   0.704157   0.034736   0.418641   0.677404   0.761967   0.539952   0.915879   0.501448   0.711196   0.038496   0.424811   0.676134   0.769685   0.551713   0.915855   0.513607   0.715905   0.040566   0.413887   0.677692   0.774357   0.558930   0.915223   0.521089   0.718270   0.040708   0.388952   0.681718   0.775352   0.560499   0.913963   0.522721   0.718760   0.038463   0.356359   0.687205   0.773010   0.556900   0.913074   0.518993   0.720280   0.032966   0.326155   0.693346   0.765305   0.545086   0.912956   0.506765   0.726309   0.026892   0.310503   0.698500   0.753948   0.527883   0.913159   0.488998   0.726786   0.026912   0.307566   0.700597   0.746406   0.516646   0.913735   0.477429   0.720583   0.029845   0.307389   0.700795   0.742765   0.511332   0.914249   0.471978   0.716474   0.030162   0.307341   0.700855   0.739767   0.506995   0.914283   0.467537   0.712974   0.029674   0.307381   0.700822   0.737251   0.503385   0.914115   0.463847   0.709613   0.029559   0.307433   0.700779   0.734992   0.500167   0.913899   0.460560   0.706229   0.029952   0.307500   0.700700   0.733088   0.497469   0.913963   0.457809   0.703220   0.030293   0.307582   0.700570   0.731610   0.495389   0.914489   0.455689   0.700649   0.030549 693027
  4   0.124581   0.697218   0.738485   0.505140   0.934087   0.465638   0.736454   0.021245   0.305812   0.703690   0.742737   0.511214   0.933151   0.471843   0.741621   0.021842   0.306334   0.702909   0.743283   0.511991   0.934467   0.472637   0.743209   0.023079   0.306760   0.702121   0.744165   0.513260   0.937342   0.473935   0.745495   0.024337   0.307107   0.701550   0.744046   0.513076   0.939041   0.473745   0.746342   0.025233   0.308113   0.700838   0.743739   0.512615   0.939345   0.473270   0.746138   0.025669   0.317391   0.697799   0.746928   0.517261   0.938846   0.478033   0.746837   0.025746   0.339354   0.692123   0.753801   0.527386   0.937589   0.488434   0.752270   0.025707   0.366891   0.686303   0.762522   0.540470   0.936816   0.501922   0.761799   0.027669   0.392493   0.681637   0.772609   0.555889   0.937328   0.517871   0.770891   0.031171   0.410073   0.678711   0.781729   0.570092   0.937875   0.532615   0.777771   0.033992   0.414240   0.677943   0.788596   0.580960   0.937937   0.543930   0.782225   0.035443   0.402778   0.679576   0.792335   0.586938   0.937282   0.550166   0.784110   0.035651   0.379517   0.683165   0.792468   0.587156   0.935961   0.550394   0.784283   0.034421   0.350227   0.687816   0.789677   0.582694   0.935183   0.545740   0.785786   0.030256   0.323115   0.693292   0.781492   0.569754   0.935139   0.532270   0.791470   0.025271   0.309847   0.697816   0.770385   0.552416   0.935317   0.514264   0.789676   0.026299   0.307876   0.699488   0.763482   0.541818   0.935916   0.503294   0.781624   0.029751   0.307687   0.699673   0.759860   0.536349   0.936531   0.497649   0.777580   0.030194   0.307599   0.699778   0.756730   0.531663   0.936673   0.492821   0.773865   0.029587   0.307551   0.699853   0.753859   0.527399   0.936324   0.488434   0.769974   0.029100   0.307525   0.699899   0.751238   0.523536   0.935910   0.484464   0.766092   0.029089   0.307533   0.699879   0.749094   0.520400   0.935964   0.481247   0.762621   0.028927   0.307573   0.699792   0.747417   0.517965   0.936499   0.478751   0.759680   0.028716 1149911
  5   0.154108   0.699019   0.471312   0.216716   0.368420   0.184513   0.303117   0.041175   0.302237   0.707041   0.474121   0.218334   0.367413   0.185908   0.299376   0.047501   0.302694   0.706118   0.474570   0.218649   0.368101   0.186191   0.299963   0.048398   0.302934   0.705365   0.475052   0.219021   0.370086   0.186532   0.300217   0.050785   0.303067   0.704829   0.474770   0.218797   0.371222   0.186326   0.299914   0.053325   0.307485   0.700702   0.477458   0.220900   0.371130   0.188258   0.301072   0.055113   0.334642   0.685864   0.486142   0.227943   0.370386   0.194766   0.305350   0.056254   0.391930   0.663399   0.496517   0.236644   0.369127   0.202853   0.312400   0.063074   0.458844   0.643443   0.506958   0.245606   0.368648   0.211216   0.321671   0.076452   0.510277   0.632165   0.516603   0.254022   0.369100   0.219093   0.331545   0.089167   0.533453   0.631131   0.523432   0.260095   0.369327   0.224795   0.340479   0.099560   0.526585   0.638950   0.526945   0.263278   0.369332   0.227794   0.347149   0.107238   0.494444   0.652741   0.526495   0.262887   0.369002   0.227429   0.350754   0.110025   0.447512   0.669034   0.522182   0.258989   0.368261   0.223759   0.351011   0.105484   0.394948   0.685881   0.515097   0.252646   0.367612   0.217796   0.348390   0.094346   0.346422   0.701562   0.506330   0.244946   0.367568   0.210581   0.343649   0.079865   0.314089   0.713117   0.496669   0.236665   0.367917   0.202855   0.337118   0.067296   0.302508   0.717493   0.489578   0.230728   0.368481   0.197338   0.329887   0.061764   0.301089   0.717236   0.485959   0.227782   0.368844   0.194614   0.323607   0.061009   0.300283   0.716621   0.483134   0.225510   0.368741   0.192517   0.318425   0.062406   0.299654   0.716004   0.480528   0.223436   0.368662   0.190607   0.313786   0.064130   0.299251   0.715331   0.477988   0.221429   0.368539   0.188761   0.309611   0.064091   0.299011   0.714612   0.475675   0.219614   0.368497   0.187093   0.305887   0.063438   0.298650   0.714050   0.473575   0.217984   0.368854   0.185597   0.302467   0.063632 340150
  6   0.142895   0.697891   0.568963   0.303294   0.559877   0.265823   0.411869   0.036972   0.303818   0.705043   0.583944   0.317387   0.558317   0.279184   0.412812   0.040331   0.304407   0.704380   0.584338   0.317753   0.559127   0.279531   0.411638   0.038343   0.304685   0.703832   0.584079   0.317484   0.561360   0.279271   0.412073   0.038694   0.304802   0.703478   0.583249   0.316645   0.562628   0.278465   0.411778   0.039631   0.307976   0.700474   0.585395   0.318780   0.562555   0.280509   0.412353   0.040289   0.331069   0.690130   0.593502   0.327171   0.561775   0.288601   0.416969   0.039293   0.381564   0.674855   0.602099   0.336302   0.560427   0.297443   0.427233   0.041867   0.441794   0.661256   0.609373   0.344203   0.559925   0.305126   0.441239   0.051340   0.490308   0.652959   0.616591   0.352157   0.560415   0.312881   0.455141   0.062461   0.513516   0.651274   0.621537   0.357676   0.560642   0.318274   0.467113   0.071609   0.506582   0.656006   0.623326   0.359688   0.560633   0.320244   0.475955   0.077203   0.474564   0.665160   0.621773   0.357932   0.560252   0.318524   0.480761   0.077633   0.429343   0.676319   0.617236   0.352839   0.559412   0.313541   0.481508   0.072156   0.381137   0.687901   0.610922   0.345836   0.558680   0.306707   0.478685   0.062294   0.339270   0.698433   0.603865   0.338134   0.558611   0.299210   0.473261   0.051274   0.313574   0.706008   0.596574   0.330305   0.558966   0.291614   0.465771   0.044130   0.305599   0.708666   0.592098   0.325577   0.559553   0.287038   0.457492   0.042051   0.304942   0.708417   0.590497   0.323937   0.559932   0.285460   0.450393   0.041726   0.304559   0.708051   0.588966   0.322378   0.559833   0.283961   0.444465   0.041992   0.304266   0.707686   0.587489   0.320882   0.559771   0.282525   0.439254   0.042557   0.304064   0.707347   0.585963   0.319340   0.559658   0.281045   0.434418   0.042854   0.303840   0.707098   0.584415   0.317789   0.559638   0.279558   0.429659   0.042918   0.303574   0.706880   0.583070   0.316466   0.560055   0.278294   0.425104   0.043181 300250
  7   0.129770   0.697344   0.685563   0.434385   0.817039   0.394205   0.612433   0.033356   0.306931   0.704057   0.702088   0.455232   0.815403   0.415031   0.619026   0.036646   0.307490   0.703465   0.703165   0.456726   0.816342   0.416548   0.614358   0.034286   0.307956   0.702785   0.704026   0.457911   0.818908   0.417751   0.612690   0.033207   0.308248   0.702329   0.703626   0.457401   0.820423   0.417241   0.610997   0.033238   0.309070   0.701751   0.702691   0.456182   0.820451   0.416016   0.608835   0.033069   0.318960   0.698482   0.705313   0.459831   0.819677   0.419726   0.607850   0.031241   0.345765   0.691590   0.710964   0.467564   0.818258   0.427565   0.613632   0.029531   0.382793   0.683839   0.717640   0.476681   0.817721   0.436804   0.625783   0.032016   0.419038   0.677382   0.725950   0.488206   0.818278   0.448517   0.637509   0.037370   0.446357   0.673110   0.733977   0.499543   0.818542   0.460077   0.646858   0.042573   0.454747   0.672064   0.740187   0.508446   0.818486   0.469181   0.653913   0.046369   0.439506   0.674807   0.743153   0.512742   0.817954   0.473582   0.658407   0.047376   0.407204   0.680488   0.742213   0.511369   0.816874   0.472174   0.660260   0.044943   0.367595   0.687650   0.738089   0.505381   0.815994   0.466037   0.660401   0.038937   0.331579   0.694820   0.730889   0.495022   0.815913   0.455438   0.661758   0.031578   0.311801   0.700144   0.721592   0.481796   0.816293   0.441934   0.660470   0.028933   0.307566   0.702003   0.715827   0.473683   0.816961   0.433669   0.654379   0.029883   0.307606   0.701871   0.713974   0.471143   0.817453   0.431093   0.648249   0.029948   0.307709   0.701682   0.712284   0.468849   0.817436   0.428771   0.643033   0.029719   0.307835   0.701498   0.710650   0.466646   0.817390   0.426544   0.638429   0.029837   0.307911   0.701405   0.708875   0.464264   0.817269   0.424139   0.633959   0.030295   0.307938   0.701345   0.707162   0.461982   0.817284   0.421837   0.629704   0.030656   0.308003   0.701193   0.705936   0.460372   0.817780   0.420217   0.625836   0.031031 328402
  8   0.125323   0.698227   0.726577   0.488479   0.926696   0.448683   0.692182   0.022918   0.304591   0.705584   0.732014   0.496025   0.925575   0.456352   0.697161   0.023706   0.305091   0.704627   0.733002   0.497403   0.926754   0.457753   0.698049   0.024596   0.305511   0.703725   0.734273   0.499192   0.929476   0.459576   0.699911   0.025478   0.305890   0.703016   0.734582   0.499617   0.930988   0.460007   0.700643   0.026008   0.308009   0.701593   0.735911   0.501476   0.931160   0.461898   0.700488   0.025878   0.323114   0.696459   0.743354   0.512197   0.930619   0.472868   0.700734   0.023935   0.356321   0.687667   0.756147   0.531013   0.929350   0.492193   0.707339   0.021775   0.396882   0.678765   0.771503   0.554296   0.928623   0.516243   0.720175   0.023298   0.435772   0.671428   0.788853   0.581460   0.929059   0.544469   0.731608   0.027122   0.463380   0.666703   0.804868   0.607350   0.929346   0.571533   0.739395   0.030623   0.470522   0.665482   0.817175   0.627805   0.929187   0.593026   0.744544   0.033009   0.454045   0.668079   0.824504   0.640219   0.928411   0.606116   0.747767   0.034269   0.418536   0.673801   0.826347   0.643377   0.927010   0.609453   0.750216   0.034006   0.374307   0.680748   0.823596   0.638686   0.926117   0.604501   0.755970   0.030459   0.333677   0.688580   0.812469   0.620010   0.926016   0.584841   0.768025   0.025731   0.312079   0.696178   0.794669   0.590722   0.926201   0.554124   0.771516   0.027549   0.307776   0.699749   0.782350   0.570917   0.926820   0.533444   0.765349   0.032072   0.307391   0.700211   0.776335   0.561519   0.927449   0.523682   0.761799   0.032986   0.307132   0.700523   0.771277   0.553713   0.927621   0.515594   0.759060   0.032638   0.306986   0.700692   0.766891   0.547012   0.927450   0.508662   0.756751   0.032049   0.306919   0.700757   0.763131   0.541316   0.927226   0.502781   0.754613   0.031612   0.306852   0.700775   0.760022   0.536644   0.927369   0.497963   0.752449   0.031160   0.306780   0.700770   0.757362   0.532678   0.927979   0.493879   0.750097   0.030740 959265
  9   0.122856   0.697609   0.751721   0.524400   0.938426   0.485382   0.757943   0.021394   0.305287   0.704417   0.756075   0.530790   0.937558   0.491942   0.763688   0.021768   0.305769   0.703547   0.756625   0.531588   0.938938   0.492759   0.765799   0.022982   0.306208   0.702688   0.757508   0.532887   0.941798   0.494093   0.768227   0.024403   0.306540   0.702071   0.757360   0.532652   0.943449   0.493849   0.768887   0.025563   0.308073   0.701059   0.757563   0.532930   0.943746   0.494130   0.768588   0.025950   0.320518   0.696963   0.762680   0.540616   0.943252   0.502054   0.769122   0.025204   0.349278   0.689555   0.772515   0.555621   0.941992   0.517570   0.775356   0.024052   0.385268   0.681996   0.784694   0.574671   0.941164   0.537361   0.786158   0.025674   0.418443   0.676004   0.798561   0.596926   0.941598   0.560591   0.795529   0.029397   0.440940   0.672234   0.811241   0.617799   0.942047   0.582483   0.802187   0.032411   0.445466   0.671325   0.820935   0.634113   0.941989   0.599665   0.806333   0.034151   0.430178   0.673590   0.826568   0.643733   0.941254   0.609825   0.808255   0.034968   0.399992   0.678401   0.827628   0.645567   0.939901   0.611766   0.809123   0.034638   0.362446   0.684222   0.824885   0.640880   0.939142   0.606815   0.813489   0.030805   0.328440   0.690785   0.814979   0.624172   0.939103   0.589212   0.824335   0.025444   0.311115   0.696793   0.800313   0.599799   0.939278   0.563602   0.825877   0.026481   0.308022   0.699380   0.790582   0.583938   0.939892   0.546998   0.818304   0.030601   0.307709   0.699726   0.785461   0.575780   0.940560   0.538495   0.814391   0.031431   0.307506   0.699930   0.781144   0.568973   0.940788   0.531413   0.811138   0.030871   0.307362   0.700062   0.777270   0.562921   0.940496   0.525127   0.807922   0.030095   0.307274   0.700133   0.773859   0.557636   0.940182   0.519646   0.804794   0.029565   0.307270   0.700101   0.771093   0.553379   0.940366   0.515238   0.802074   0.029139   0.307296   0.700018   0.768787   0.549855   0.940979   0.511593   0.799551   0.028741 1304440
 10   0.159984   0.698438   0.421029   0.179489   0.271555   0.150632   0.258512   0.048975   0.301923   0.705768   0.411011   0.172040   0.270691   0.143850   0.250477   0.061939   0.302426   0.704725   0.411583   0.172391   0.271346   0.144159   0.251770   0.065294   0.302554   0.704062   0.411798   0.172535   0.273236   0.144288   0.252541   0.069177   0.302684   0.703660   0.411247   0.172164   0.274321   0.143956   0.252792   0.073056   0.307563   0.699159   0.413370   0.173583   0.274247   0.145224   0.253827   0.076255   0.334909   0.682591   0.420912   0.178803   0.273556   0.149920   0.256888   0.079281   0.390700   0.657719   0.430578   0.185700   0.272379   0.156156   0.262089   0.088327   0.454144   0.636195   0.440598   0.193009   0.271954   0.162789   0.269334   0.101569   0.504314   0.624184   0.450082   0.200048   0.272435   0.169195   0.277330   0.111757   0.529293   0.623475   0.456905   0.205199   0.272703   0.173898   0.284733   0.120286   0.524989   0.632613   0.460265   0.207775   0.272753   0.176256   0.290347   0.126884   0.495757   0.648024   0.460120   0.207674   0.272463   0.176166   0.293020   0.128801   0.451714   0.665715   0.456715   0.205060   0.271752   0.173772   0.292693   0.123638   0.399777   0.684656   0.450694   0.200468   0.271119   0.169573   0.290019   0.113634   0.348590   0.703391   0.442412   0.194264   0.271062   0.163917   0.285613   0.102034   0.313768   0.716998   0.432925   0.187311   0.271363   0.157602   0.279873   0.091263   0.301318   0.721620   0.426036   0.182371   0.271872   0.153132   0.274013   0.085852   0.299736   0.721012   0.422170   0.179681   0.272206   0.150711   0.268919   0.085381   0.298952   0.720071   0.418982   0.177492   0.272102   0.148744   0.264605   0.088223   0.298674   0.718868   0.416179   0.175579   0.272009   0.147027   0.261114   0.091268   0.298204   0.717955   0.413234   0.173591   0.271858   0.145246   0.257711   0.090528   0.297652   0.717233   0.410493   0.171762   0.271791   0.143611   0.254340   0.088940   0.297226   0.716444   0.408301   0.170305   0.272118   0.142309   0.251529   0.089502 275603
 11   0.146746   0.709448   0.493228   0.235356   0.436405   0.201880   0.304306   0.053070   0.291042   0.727870   0.513808   0.251909   0.435519   0.217166   0.303949   0.054519   0.290573   0.726751   0.514515   0.252512   0.436129   0.217727   0.298266   0.054777   0.289951   0.725961   0.514542   0.252587   0.438106   0.217805   0.293897   0.057190   0.289379   0.725321   0.513474   0.251698   0.439146   0.216979   0.289878   0.060780   0.302674   0.711263   0.522157   0.259245   0.438951   0.224040   0.290640   0.063073   0.361389   0.671302   0.544209   0.279342   0.438096   0.242999   0.296192   0.068080   0.468773   0.619742   0.567618   0.302003   0.436666   0.264603   0.301548   0.085787   0.587972   0.576449   0.589788   0.324601   0.436062   0.286344   0.306506   0.109828   0.686631   0.550717   0.609953   0.346052   0.436355   0.307140   0.312269   0.128158   0.745481   0.545830   0.624622   0.362318   0.436327   0.323026   0.319914   0.141868   0.749385   0.561307   0.632357   0.371223   0.436129   0.331781   0.329531   0.153089   0.696034   0.594042   0.631888   0.370893   0.435722   0.331493   0.339792   0.159732   0.601243   0.636895   0.623162   0.361172   0.435008   0.321991   0.348347   0.158049   0.490463   0.681222   0.608327   0.344762   0.434421   0.305968   0.353510   0.147260   0.388291   0.719505   0.590300   0.325314   0.434455   0.287066   0.354349   0.126071   0.314410   0.747172   0.569251   0.303628   0.434933   0.266161   0.349791   0.096946   0.284731   0.756752   0.552308   0.286888   0.435618   0.250144   0.340481   0.078339   0.282521   0.753321   0.543521   0.278589   0.436018   0.242266   0.330698   0.073618   0.282010   0.749624   0.537482   0.273013   0.435898   0.236995   0.322335   0.072626   0.281335   0.746639   0.532491   0.268490   0.435863   0.232733   0.314421   0.073727   0.281060   0.744031   0.527826   0.264324   0.435820   0.228817   0.307422   0.073827   0.281114   0.741755   0.523249   0.260280   0.435819   0.225023   0.301443   0.073005   0.281172   0.739703   0.519260   0.256802   0.436201   0.221767   0.296222   0.073010 190260
 12   0.127794   0.697904   0.698024   0.451011   0.840903   0.410987   0.591330   0.044524   0.304609   0.704469   0.724148   0.485639   0.839339   0.445898   0.588410   0.048160   0.305488   0.702923   0.731412   0.495875   0.840203   0.456330   0.578318   0.043957   0.306272   0.701746   0.736558   0.503152   0.842753   0.463753   0.572753   0.042174   0.306875   0.700842   0.739567   0.507425   0.844263   0.468113   0.568224   0.042225   0.309916   0.698645   0.743655   0.513266   0.844394   0.474081   0.565693   0.041073   0.329548   0.692090   0.755752   0.531132   0.843825   0.492450   0.570917   0.034834   0.373377   0.682173   0.770809   0.553880   0.842636   0.515937   0.588710   0.028028   0.429570   0.672412   0.783869   0.574247   0.842112   0.537090   0.610225   0.028835   0.486132   0.664325   0.797741   0.596482   0.842534   0.560302   0.626439   0.035319   0.530947   0.658985   0.810303   0.617127   0.842605   0.581954   0.638500   0.042853   0.545996   0.658149   0.819349   0.632302   0.842322   0.597930   0.648455   0.049100   0.523283   0.662346   0.823169   0.638808   0.841578   0.604800   0.657093   0.052662   0.473599   0.669885   0.821120   0.635335   0.840289   0.601137   0.665095   0.051743   0.410808   0.679009   0.814039   0.623364   0.839337   0.588514   0.674415   0.046290   0.350610   0.688487   0.800298   0.600604   0.839275   0.564609   0.686773   0.037476   0.315150   0.697574   0.779468   0.567158   0.839644   0.529685   0.690942   0.034298   0.306319   0.702203   0.765045   0.544571   0.840318   0.506211   0.682819   0.036864   0.306179   0.702423   0.760579   0.537826   0.840896   0.499248   0.673600   0.037207   0.306243   0.702374   0.757342   0.532980   0.841040   0.494254   0.666351   0.036772   0.306362   0.702232   0.754602   0.528899   0.841059   0.490052   0.660210   0.036949   0.306368   0.702194   0.751950   0.524991   0.840909   0.486037   0.654266   0.037397   0.306288   0.702227   0.749535   0.521457   0.840940   0.482409   0.648430   0.037603   0.306340   0.702066   0.747827   0.518967   0.841506   0.479857   0.643256   0.037817 227900
 13   0.123799   0.698449   0.739208   0.506283   0.932682   0.466827   0.714421   0.022513   0.304117   0.705984   0.744124   0.513329   0.931675   0.474030   0.720099   0.023620   0.304601   0.704966   0.745009   0.514602   0.932940   0.475333   0.722177   0.024457   0.304990   0.704078   0.745969   0.515990   0.935682   0.476753   0.724447   0.025574   0.305274   0.703455   0.745830   0.515785   0.937202   0.476543   0.725058   0.026533   0.309008   0.701379   0.748042   0.518985   0.937382   0.479819   0.725250   0.026042   0.330821   0.694520   0.757872   0.533547   0.936805   0.494795   0.728014   0.023656   0.377532   0.683523   0.774059   0.558212   0.935506   0.520295   0.738548   0.022330   0.438439   0.672117   0.794051   0.589892   0.934632   0.553290   0.753545   0.025445   0.499123   0.662586   0.816187   0.626423   0.934917   0.591627   0.765345   0.030853   0.542318   0.656619   0.836352   0.661045   0.935121   0.628231   0.772797   0.035502   0.550959   0.655973   0.851552   0.688038   0.934797   0.656950   0.776407   0.038737   0.522295   0.660551   0.860142   0.703653   0.933819   0.673637   0.777765   0.040812   0.468715   0.668398   0.861836   0.706783   0.932269   0.676992   0.779378   0.041343   0.404140   0.677569   0.857365   0.698624   0.931388   0.668267   0.784894   0.038531   0.345685   0.687151   0.843372   0.673563   0.931348   0.641559   0.796448   0.033153   0.313976   0.696289   0.821392   0.635226   0.931585   0.600907   0.799445   0.033726   0.306963   0.700913   0.805562   0.608369   0.932295   0.572577   0.792790   0.037702   0.306487   0.701468   0.798140   0.596214   0.933067   0.559841   0.789106   0.038101   0.306248   0.701770   0.792023   0.586352   0.933370   0.549537   0.786628   0.037368   0.306108   0.701940   0.786686   0.577845   0.933210   0.540668   0.784782   0.036037   0.306124   0.701916   0.782285   0.570893   0.933020   0.533434   0.783388   0.034485   0.306146   0.701849   0.778669   0.565239   0.933259   0.527560   0.781588   0.033365   0.306114   0.701791   0.775490   0.560310   0.933944   0.522448   0.779559   0.032931 845170
 14   0.121433   0.698420   0.762649   0.540742   0.939851   0.502218   0.759250   0.022386   0.304647   0.705948   0.767134   0.547467   0.939021   0.509150   0.766641   0.023171   0.305119   0.704911   0.767689   0.548292   0.940342   0.509998   0.769465   0.024361   0.305546   0.703938   0.768489   0.549497   0.943161   0.511242   0.772606   0.025663   0.305872   0.703224   0.768280   0.549169   0.944801   0.510900   0.773907   0.026708   0.309036   0.701504   0.769734   0.551374   0.945047   0.513178   0.773667   0.026972   0.328845   0.695444   0.778058   0.564276   0.944488   0.526559   0.775013   0.025608   0.372232   0.685123   0.792467   0.587135   0.943208   0.550369   0.784138   0.024178   0.426452   0.674576   0.810178   0.616214   0.942307   0.580854   0.797535   0.026207   0.476838   0.666261   0.829651   0.649354   0.942607   0.615833   0.807968   0.030223   0.512239   0.661115   0.847265   0.680397   0.942924   0.648815   0.814971   0.033652   0.520699   0.660220   0.860663   0.704717   0.942672   0.674798   0.818798   0.035962   0.498807   0.663825   0.868550   0.719327   0.941731   0.690467   0.820441   0.037517   0.454620   0.670702   0.870403   0.722804   0.940205   0.694205   0.821759   0.038376   0.397808   0.679112   0.866674   0.715853   0.939353   0.686742   0.827141   0.036532   0.343968   0.688070   0.854071   0.692783   0.939288   0.662055   0.839224   0.031586   0.314183   0.696483   0.834036   0.656979   0.939488   0.623914   0.843659   0.031679   0.307606   0.700611   0.819533   0.631704   0.940174   0.597118   0.838324   0.035556   0.307187   0.701078   0.812591   0.619981   0.940953   0.584764   0.834747   0.036205   0.306950   0.701323   0.806805   0.610343   0.941313   0.574633   0.832150   0.035779   0.306808   0.701465   0.801669   0.601884   0.941112   0.565761   0.829978   0.034752   0.306760   0.701484   0.797358   0.594857   0.940915   0.558405   0.828028   0.033508   0.306766   0.701405   0.793827   0.589153   0.941243   0.552443   0.826166   0.032664   0.306757   0.701314   0.790719   0.584171   0.941973   0.547244   0.824256   0.032217 642197
 15   0.161227   0.706061   0.369926   0.146419   0.202516   0.121201   0.212742   0.070157   0.290838   0.720401   0.349413   0.133523   0.201602   0.109779   0.201323   0.092982   0.291450   0.718473   0.350433   0.134094   0.202218   0.110275   0.202221   0.100937   0.291375   0.717374   0.350536   0.134153   0.204019   0.110327   0.202468   0.109135   0.291366   0.716578   0.349742   0.133693   0.205024   0.109925   0.202329   0.115845   0.303139   0.705207   0.355095   0.136766   0.204936   0.112604   0.203897   0.121256   0.352796   0.672405   0.368745   0.144976   0.204265   0.119819   0.207038   0.131803   0.440898   0.629659   0.383520   0.154338   0.203129   0.128118   0.210336   0.150240   0.537460   0.593280   0.397744   0.163666   0.202770   0.136434   0.214902   0.165635   0.618702   0.569653   0.410969   0.172606   0.203287   0.144447   0.220192   0.171537   0.666675   0.563423   0.421183   0.179700   0.203550   0.150834   0.225682   0.174846   0.668320   0.576145   0.426936   0.183788   0.203600   0.154528   0.231081   0.178377   0.623894   0.604170   0.427431   0.184154   0.203327   0.154862   0.235414   0.178910   0.549631   0.639545   0.423019   0.181008   0.202647   0.152017   0.237534   0.172700   0.461712   0.677238   0.414888   0.175281   0.202018   0.146849   0.237058   0.162911   0.375856   0.713363   0.403018   0.167133   0.201913   0.139527   0.234645   0.153173   0.313640   0.739948   0.388275   0.157337   0.202145   0.130775   0.230549   0.140685   0.288547   0.749362   0.376365   0.149691   0.202583   0.123981   0.225154   0.131693   0.285724   0.747244   0.369360   0.145361   0.202860   0.120158   0.219739   0.130073   0.285133   0.744136   0.364076   0.142157   0.202722   0.117339   0.215362   0.133709   0.285196   0.740973   0.359444   0.139393   0.202627   0.114914   0.211929   0.137394   0.285093   0.738318   0.355091   0.136814   0.202491   0.112653   0.208625   0.135352   0.284533   0.736433   0.351116   0.134489   0.202416   0.110620   0.205300   0.132136   0.283846   0.734973   0.347819   0.132586   0.202702   0.108959   0.202323   0.132395 234434
 16   0.151815   0.709407   0.425969   0.183377   0.322476   0.154201   0.247745   0.063195   0.285676   0.727585   0.427094   0.183780   0.321490   0.154502   0.238902   0.071170   0.285501   0.726046   0.427908   0.184340   0.322115   0.155006   0.236596   0.072881   0.284913   0.724790   0.428200   0.184568   0.323990   0.155214   0.233990   0.078314   0.283972   0.724072   0.427024   0.183790   0.324990   0.154520   0.231247   0.085081   0.299786   0.708601   0.438217   0.191743   0.324841   0.161709   0.233913   0.089802   0.365812   0.668597   0.463415   0.210510   0.324084   0.178811   0.240506   0.099908   0.479181   0.622513   0.486938   0.229355   0.322803   0.196196   0.244927   0.124748   0.600081   0.585917   0.507270   0.246532   0.322322   0.212188   0.249282   0.148936   0.700056   0.562231   0.524999   0.262097   0.322734   0.226776   0.254556   0.159485   0.761206   0.554024   0.538222   0.274096   0.322849   0.238088   0.260851   0.164595   0.766314   0.564589   0.545490   0.280899   0.322773   0.244536   0.268263   0.168171   0.713669   0.592497   0.545772   0.281254   0.322424   0.244888   0.275776   0.169175   0.620506   0.630122   0.539175   0.275166   0.321702   0.239132   0.281496   0.164699   0.507933   0.671031   0.527226   0.264235   0.321072   0.228812   0.284123   0.154917   0.398020   0.709893   0.510911   0.249691   0.321005   0.215143   0.283348   0.139776   0.313386   0.742310   0.487806   0.230100   0.321330   0.196890   0.278950   0.114290   0.277081   0.756960   0.467313   0.213486   0.321881   0.181531   0.270553   0.096838   0.273787   0.755650   0.456797   0.205401   0.322227   0.174125   0.261457   0.094660   0.273293   0.752369   0.449955   0.200261   0.322113   0.169436   0.254626   0.096339   0.273584   0.748747   0.444561   0.196285   0.322052   0.165820   0.249247   0.099069   0.274317   0.745305   0.439724   0.192778   0.321967   0.162640   0.244626   0.098760   0.274953   0.742426   0.435129   0.189480   0.321933   0.159654   0.240269   0.097889   0.275211   0.740021   0.431093   0.186625   0.322260   0.157075   0.236211   0.098649 197887
 17   0.132574   0.698708   0.642895   0.383187   0.747518   0.343504   0.503218   0.043080   0.302587   0.706288   0.670092   0.414927   0.745195   0.374781   0.505690   0.046320   0.303149   0.705108   0.675705   0.421997   0.746002   0.381840   0.498012   0.042308   0.303534   0.704227   0.679810   0.427182   0.748462   0.387022   0.493790   0.040906   0.303838   0.703537   0.682057   0.430022   0.749858   0.389860   0.490319   0.040764   0.308297   0.699873   0.688090   0.437675   0.749867   0.397514   0.488987   0.039442   0.336053   0.689586   0.703437   0.457828   0.749155   0.417796   0.495184   0.034082   0.397011   0.675364   0.720628   0.481150   0.747869   0.441406   0.510683   0.031308   0.475449   0.661675   0.736409   0.503367   0.747346   0.464053   0.527305   0.037293   0.553238   0.650822   0.753253   0.527855   0.747668   0.489161   0.539412   0.047297   0.611234   0.644649   0.768181   0.550264   0.747549   0.512275   0.549361   0.057244   0.624681   0.645407   0.778573   0.566313   0.747150   0.528916   0.558965   0.065357   0.585735   0.653338   0.782005   0.571760   0.746431   0.534593   0.568566   0.070362   0.514110   0.665334   0.777843   0.565347   0.745286   0.527946   0.577933   0.069727   0.432283   0.678452   0.767870   0.549998   0.744405   0.512041   0.586782   0.062806   0.358957   0.690685   0.752550   0.526869   0.744372   0.488159   0.596093   0.049936   0.315711   0.700910   0.731680   0.496433   0.744809   0.456935   0.597586   0.042025   0.304022   0.705822   0.717007   0.475639   0.745493   0.435715   0.588529   0.041727   0.303717   0.706130   0.711980   0.468774   0.746008   0.428758   0.578915   0.040410   0.303781   0.705995   0.708346   0.463855   0.746078   0.423781   0.571613   0.038911   0.303940   0.705706   0.705331   0.459816   0.746131   0.419702   0.565452   0.038314   0.303945   0.705535   0.702389   0.455913   0.746034   0.415767   0.559444   0.037978   0.303785   0.705502   0.699553   0.452175   0.746031   0.412003   0.553405   0.037509   0.303614   0.705450   0.697079   0.448946   0.746546   0.408758   0.547569   0.037399 190713
 18   0.124675   0.699813   0.722659   0.483402   0.926177   0.443592   0.647278   0.025201   0.302490   0.708578   0.728058   0.490869   0.925054   0.451176   0.652375   0.027372   0.303024   0.707422   0.729095   0.492330   0.926194   0.452665   0.652809   0.028157   0.303399   0.706478   0.730163   0.493847   0.928844   0.454213   0.654053   0.028733   0.303752   0.705694   0.730355   0.494127   0.930307   0.454500   0.654252   0.029148   0.308857   0.702905   0.734080   0.499320   0.930445   0.459782   0.654494   0.028029   0.336780   0.694440   0.747514   0.518698   0.929900   0.479617   0.658406   0.024239   0.395882   0.681147   0.768532   0.550199   0.928645   0.512090   0.671351   0.022098   0.470007   0.667705   0.793479   0.589469   0.927865   0.552945   0.688081   0.025534   0.543358   0.656762   0.820000   0.633341   0.928152   0.599013   0.699246   0.031632   0.598751   0.649780   0.843618   0.674276   0.928193   0.642373   0.704551   0.037480   0.611861   0.648969   0.861319   0.706182   0.927743   0.676419   0.706189   0.042145   0.576092   0.654441   0.871267   0.724614   0.926766   0.696189   0.706789   0.045100   0.509670   0.663501   0.873314   0.728495   0.925238   0.700370   0.708944   0.045253   0.431703   0.674013   0.868106   0.718804   0.924295   0.689967   0.715129   0.042296   0.359516   0.685166   0.852159   0.689706   0.924186   0.658847   0.727331   0.037310   0.316575   0.696834   0.824990   0.641813   0.924367   0.607954   0.731682   0.037229   0.305052   0.703331   0.804223   0.606379   0.925011   0.570532   0.725707   0.040479   0.304443   0.704079   0.795003   0.591392   0.925687   0.554848   0.721318   0.040785   0.304133   0.704517   0.787471   0.579373   0.925917   0.542315   0.718069   0.040068   0.304066   0.704667   0.781194   0.569505   0.925797   0.532053   0.715357   0.038955   0.304067   0.704693   0.775870   0.561226   0.925627   0.523460   0.712523   0.038043   0.304131   0.704612   0.771505   0.554503   0.925818   0.516495   0.709880   0.037230   0.304264   0.704406   0.767938   0.549070   0.926459   0.510877   0.707657   0.036433 479699
 19   0.121609   0.699503   0.753466   0.527317   0.934399   0.488444   0.711827   0.024796   0.303139   0.707935   0.757447   0.533182   0.933472   0.494471   0.719188   0.026759   0.303759   0.706656   0.758366   0.534539   0.934947   0.495865   0.722040   0.027810   0.304104   0.705671   0.759109   0.535656   0.937887   0.497017   0.724942   0.028889   0.304230   0.705079   0.758450   0.534683   0.939539   0.496017   0.726221   0.029505   0.311383   0.701986   0.762086   0.540083   0.939786   0.501573   0.727552   0.028365   0.346609   0.692485   0.776108   0.561573   0.939176   0.523818   0.733508   0.025811   0.420288   0.677723   0.798441   0.597262   0.937790   0.561048   0.748291   0.025735   0.515355   0.662480   0.825781   0.643245   0.936782   0.609482   0.765458   0.030614   0.611713   0.649717   0.854718   0.694546   0.936851   0.664057   0.777102   0.037154   0.677751   0.642296   0.879943   0.741505   0.936804   0.714478   0.782064   0.042222   0.675748   0.643714   0.897476   0.775459   0.936267   0.751207   0.781692   0.045792   0.613993   0.652157   0.905835   0.792072   0.935123   0.769267   0.780571   0.047987   0.527504   0.663350   0.905528   0.791532   0.933453   0.768694   0.782710   0.048349   0.438033   0.675283   0.897202   0.775090   0.932571   0.750842   0.789709   0.046957   0.361409   0.686766   0.878866   0.739628   0.932570   0.712489   0.802424   0.042849   0.317577   0.697030   0.852679   0.690715   0.932853   0.659939   0.807719   0.042141   0.306439   0.702231   0.833566   0.656201   0.933636   0.623097   0.803431   0.044679   0.305910   0.702907   0.824368   0.640264   0.934492   0.606218   0.800946   0.044290   0.305645   0.703315   0.816693   0.627192   0.934891   0.592419   0.799658   0.043063   0.305533   0.703509   0.810117   0.616142   0.934734   0.580784   0.798969   0.041337   0.305508   0.703536   0.804623   0.607028   0.934520   0.571210   0.798206   0.039371   0.305377   0.703586   0.799817   0.599160   0.934802   0.562966   0.796714   0.038137   0.305196   0.703651   0.795463   0.592116   0.935542   0.555602   0.794688   0.037496 611755
 20   0.156578   0.705837   0.386706   0.157514   0.209030   0.131107   0.215045   0.164693   0.279247   0.719480   0.359924   0.140271   0.209007   0.115770   0.202181   0.260752   0.279178   0.716486   0.360945   0.140866   0.209553   0.116291   0.201969   0.282947   0.278575   0.714133   0.361631   0.141275   0.211221   0.116650   0.202120   0.304263   0.278111   0.712376   0.361340   0.141106   0.212064   0.116502   0.202311   0.324373   0.296091   0.703780   0.363952   0.142695   0.211864   0.117902   0.202833   0.338025   0.364859   0.676202   0.374525   0.149321   0.211150   0.123768   0.205109   0.344077   0.479329   0.635849   0.390011   0.159365   0.210009   0.132712   0.208336   0.352400   0.600134   0.598681   0.406276   0.170336   0.209723   0.142546   0.211659   0.359938   0.698527   0.571742   0.421538   0.181001   0.210353   0.152165   0.215017   0.354713   0.759464   0.559399   0.433405   0.189536   0.210690   0.159900   0.218115   0.346125   0.771674   0.564920   0.440604   0.194826   0.210791   0.164712   0.220947   0.341075   0.730634   0.588243   0.441968   0.195851   0.210574   0.165649   0.223226   0.337600   0.646407   0.623814   0.437371   0.192455   0.209956   0.162557   0.224096   0.329703   0.535496   0.666719   0.427538   0.185294   0.209347   0.156053   0.223069   0.323192   0.417149   0.712255   0.412387   0.174585   0.209143   0.146376   0.220417   0.327399   0.317327   0.750749   0.393284   0.161536   0.209220   0.134653   0.216221   0.334662   0.271454   0.765174   0.379093   0.152129   0.209562   0.126245   0.211469   0.341860   0.267351   0.759710   0.372718   0.148088   0.209785   0.122661   0.207327   0.349516   0.267176   0.752842   0.368300   0.145367   0.209595   0.120259   0.204100   0.359378   0.267470   0.746798   0.364434   0.143016   0.209502   0.118188   0.201606   0.366681   0.267794   0.741764   0.361006   0.140945   0.209430   0.116367   0.199183   0.363540   0.267891   0.737515   0.358222   0.139276   0.209400   0.114900   0.196828   0.358338   0.267491   0.733860   0.356078   0.138003   0.209687   0.113784   0.194920   0.358306 95304
 21   0.150997   0.699266   0.476984   0.221647   0.351922   0.189124   0.290407   0.136611   0.287968   0.707049   0.468110   0.214582   0.354640   0.182616   0.277993   0.220325   0.287098   0.705204   0.470259   0.216274   0.355125   0.184173   0.276871   0.248101   0.285765   0.703768   0.471894   0.217566   0.356922   0.185363   0.276542   0.271278   0.284817   0.702638   0.472494   0.218034   0.357831   0.185794   0.276372   0.291233   0.297608   0.697575   0.475199   0.220160   0.357583   0.187748   0.276780   0.306031   0.353221   0.680329   0.484692   0.227893   0.356779   0.194904   0.280122   0.305481   0.450227   0.654255   0.498902   0.239894   0.355556   0.206079   0.285140   0.304848   0.554450   0.629754   0.514059   0.253193   0.355271   0.218545   0.290008   0.311679   0.640433   0.611493   0.527862   0.265674   0.355888   0.230308   0.295039   0.308496   0.694641   0.602507   0.538103   0.275178   0.356166   0.239307   0.299519   0.301687   0.707105   0.605031   0.543705   0.280504   0.356219   0.244372   0.303525   0.296547   0.673174   0.619338   0.543792   0.280640   0.355981   0.244511   0.306658   0.292490   0.601300   0.642111   0.538520   0.275664   0.355337   0.239786   0.307992   0.285198   0.504646   0.670599   0.528689   0.266483   0.354653   0.231082   0.306902   0.278512   0.402590   0.700977   0.514866   0.253910   0.354430   0.219221   0.303021   0.280183   0.317676   0.727223   0.497468   0.238654   0.354578   0.204920   0.296485   0.290149   0.278098   0.738010   0.485032   0.228082   0.354961   0.195064   0.289163   0.306297   0.274019   0.735144   0.480669   0.224546   0.355149   0.191796   0.283397   0.321921   0.273422   0.731115   0.477936   0.222378   0.354921   0.189799   0.279240   0.336912   0.273120   0.727534   0.475392   0.220367   0.354860   0.187948   0.276129   0.348222   0.273054   0.724504   0.472830   0.218339   0.354830   0.186080   0.273557   0.349070   0.273291   0.721864   0.470542   0.216540   0.354821   0.184426   0.271022   0.345329   0.273021   0.719615   0.468734   0.215135   0.355170   0.183136   0.268531   0.344038 75091
 22   0.136323   0.708801   0.576280   0.311898   0.605593   0.274290   0.390436   0.055270   0.291266   0.726518   0.609390   0.345003   0.601564   0.306036   0.391801   0.055380   0.291156   0.724759   0.611849   0.347705   0.602119   0.308671   0.380905   0.055119   0.291258   0.723115   0.612996   0.348985   0.604272   0.309921   0.374136   0.057154   0.291079   0.722209   0.612154   0.348117   0.605425   0.309085   0.369303   0.059614   0.302801   0.711235   0.620456   0.357152   0.605233   0.317877   0.369540   0.060244   0.359044   0.680149   0.642734   0.382482   0.604307   0.342724   0.376657   0.063566   0.463504   0.640861   0.666541   0.411207   0.602794   0.371203   0.385858   0.080561   0.580877   0.609343   0.688377   0.439131   0.602192   0.399182   0.393838   0.106795   0.679782   0.591795   0.707913   0.465195   0.602477   0.425502   0.401496   0.130548   0.739875   0.588982   0.721354   0.483790   0.602384   0.444404   0.410846   0.148709   0.743957   0.599686   0.727794   0.492928   0.602139   0.453738   0.421781   0.159719   0.687970   0.622552   0.726179   0.490828   0.601739   0.451628   0.432901   0.163195   0.591603   0.652901   0.716093   0.477024   0.601059   0.437621   0.442682   0.157701   0.481192   0.685051   0.699513   0.454695   0.600475   0.415029   0.449785   0.141949   0.382628   0.713412   0.680267   0.429403   0.600530   0.389555   0.452701   0.116300   0.315440   0.734114   0.659161   0.402680   0.601051   0.362821   0.448630   0.087678   0.289754   0.741621   0.643109   0.383073   0.601748   0.343334   0.438280   0.070889   0.287823   0.739540   0.635337   0.373980   0.602092   0.334368   0.427381   0.065956   0.286970   0.737242   0.630060   0.367934   0.601897   0.328429   0.418041   0.064264   0.286213   0.735166   0.626205   0.363602   0.601835   0.324189   0.409500   0.064811   0.285906   0.733294   0.622574   0.359570   0.601775   0.320251   0.401781   0.065449   0.286009   0.731631   0.618796   0.355404   0.601760   0.316187   0.394903   0.065821   0.286033   0.730243   0.615191   0.351470   0.602187   0.312356   0.388439   0.066435 105693
 23   0.126340   0.701522   0.704613   0.459180   0.946284   0.419121   0.610089   0.029339   0.303403   0.712068   0.710265   0.466537   0.944799   0.426511   0.610032   0.029207   0.303839   0.710825   0.709613   0.465561   0.945798   0.425506   0.606493   0.028544   0.304277   0.709546   0.709875   0.465841   0.948259   0.425776   0.605176   0.027426   0.304633   0.708544   0.709316   0.465032   0.949541   0.424948   0.603846   0.026936   0.307437   0.706771   0.709615   0.465334   0.949418   0.425233   0.602227   0.026360   0.327191   0.700467   0.715422   0.473150   0.948480   0.433133   0.602442   0.025974   0.373615   0.688557   0.728162   0.490882   0.946832   0.451164   0.607352   0.027956   0.438597   0.674495   0.747350   0.518618   0.946093   0.479565   0.615939   0.034108   0.509498   0.661287   0.771233   0.554681   0.946429   0.516797   0.624258   0.041597   0.564098   0.651904   0.795218   0.592622   0.946300   0.556308   0.629745   0.046833   0.584340   0.648680   0.815911   0.626809   0.945749   0.592202   0.632558   0.049966   0.561891   0.652729   0.830691   0.652105   0.944812   0.618937   0.633868   0.051391   0.501017   0.663202   0.837516   0.664084   0.943501   0.631658   0.634803   0.051212   0.423421   0.676760   0.836006   0.661439   0.942527   0.628850   0.637481   0.048262   0.354147   0.689870   0.824731   0.641868   0.942302   0.608112   0.645422   0.041651   0.314924   0.700619   0.803294   0.605803   0.942639   0.570117   0.650588   0.037944   0.304709   0.705682   0.785210   0.576224   0.943463   0.539121   0.648243   0.038732   0.304500   0.706230   0.775458   0.560888   0.944127   0.523169   0.645561   0.038850   0.304363   0.706757   0.766236   0.546685   0.944203   0.508453   0.643192   0.038010   0.304197   0.707242   0.757825   0.533966   0.944265   0.495320   0.640555   0.036937   0.304131   0.707485   0.750626   0.523254   0.944375   0.484291   0.637934   0.035619   0.304189   0.707477   0.744657   0.514503   0.944622   0.475307   0.635565   0.034095   0.304347   0.707270   0.739862   0.507562   0.945238   0.468197   0.633470   0.033171 234298
 24   0.122183   0.701386   0.734036   0.499835   0.929209   0.460415   0.636380   0.028414   0.300380   0.711659   0.737220   0.504386   0.928147   0.465065   0.641679   0.031825   0.300843   0.710468   0.737613   0.505023   0.929339   0.465728   0.641588   0.032543   0.301063   0.709613   0.737851   0.505426   0.932058   0.466152   0.641688   0.033385   0.301191   0.708989   0.736965   0.504210   0.933604   0.464918   0.640781   0.034258   0.311154   0.704212   0.743447   0.513307   0.933901   0.474185   0.644219   0.032467   0.354828   0.691876   0.763603   0.543048   0.933462   0.504764   0.654477   0.028784   0.442215   0.674845   0.791862   0.587353   0.932158   0.550829   0.670131   0.029612   0.557116   0.657368   0.824643   0.642068   0.931142   0.608390   0.684125   0.037830   0.668969   0.643453   0.858106   0.701386   0.931086   0.671506   0.686915   0.048690   0.739929   0.636243   0.885637   0.752884   0.930893   0.726858   0.680088   0.057424   0.744678   0.637331   0.904097   0.788952   0.930337   0.765945   0.670997   0.062825   0.689369   0.645170   0.913350   0.807564   0.929292   0.786225   0.665452   0.064817   0.601986   0.656396   0.914395   0.809744   0.927748   0.788618   0.665046   0.064051   0.498723   0.669513   0.907524   0.795953   0.926859   0.773597   0.670460   0.061034   0.394928   0.683263   0.889247   0.760084   0.926756   0.734693   0.685319   0.053677   0.324288   0.698455   0.854233   0.694541   0.926903   0.664234   0.695600   0.049798   0.300856   0.708014   0.823932   0.640085   0.927557   0.606142   0.691330   0.052110   0.299657   0.709348   0.810289   0.617154   0.928318   0.581990   0.685664   0.052442   0.299509   0.709769   0.799827   0.600037   0.928675   0.564052   0.682758   0.050955   0.299815   0.709752   0.791339   0.586399   0.928592   0.549806   0.680670   0.048766   0.300289   0.709486   0.784620   0.575768   0.928420   0.538733   0.678904   0.046227   0.300761   0.709091   0.779331   0.567508   0.928661   0.530150   0.677552   0.043796   0.301216   0.708588   0.774917   0.560673   0.929360   0.523059   0.676687   0.042046 230677
