timestamp=                2021-11-23T13:44:08.094152
shape=                    (5, 5)
sigma=                    2.5
nepochs=                  5
thresh=                   None
rate=                     0.00726
neighborhood function=    gaussian
init weights=             pca
topology=                 hexagonal
activation distance=      euclidean
output type=              labels
mapfile_prefix=           full2017_5x5_5_00726_3_10
apply classification=     False
seed=                     None
random order=             True
custom init file=         None
order labels by size=     False
decay_function=           3

Quantization Error=       0.34743067
Topographic Error=        0.13498358

############ NEURONS #############
 25 192
  0   0.127274   0.669005   0.706801   0.453290   0.896201   0.412447   0.520904   0.033068   0.304593   0.676792   0.726638   0.479795   0.895122   0.439126   0.521923   0.033746   0.305128   0.675599   0.729382   0.483658   0.895837   0.443051   0.517049   0.032161   0.305613   0.674568   0.731254   0.486299   0.897682   0.445736   0.516408   0.030834   0.305995   0.673722   0.732288   0.487768   0.898768   0.447230   0.516985   0.030296   0.307050   0.672819   0.733164   0.489036   0.898840   0.448525   0.517482   0.029696   0.316955   0.669505   0.739148   0.497828   0.898386   0.457528   0.519455   0.026902   0.341619   0.662478   0.750615   0.514778   0.897569   0.474906   0.528501   0.022116   0.373212   0.654335   0.763473   0.534099   0.897148   0.494776   0.543891   0.020607   0.403604   0.647222   0.777547   0.555825   0.897471   0.517230   0.559701   0.023301   0.426720   0.642242   0.791074   0.577315   0.897586   0.539559   0.573325   0.027230   0.434333   0.640632   0.801570   0.594428   0.897285   0.557423   0.584464   0.030784   0.422316   0.642755   0.807251   0.603858   0.896612   0.567301   0.594759   0.032751   0.393804   0.647783   0.807484   0.604238   0.895607   0.567697   0.605860   0.031890   0.356910   0.654402   0.802224   0.595446   0.894930   0.558476   0.619642   0.028201   0.325021   0.662072   0.788293   0.572656   0.894892   0.534671   0.634877   0.025706   0.309957   0.668143   0.772063   0.546632   0.895185   0.507590   0.641961   0.028080   0.307405   0.670201   0.763617   0.533435   0.895749   0.493923   0.640080   0.030966   0.307407   0.670317   0.759962   0.527861   0.896309   0.488177   0.636818   0.031708   0.307495   0.670301   0.757147   0.523614   0.896569   0.483808   0.633720   0.032201   0.307615   0.670240   0.754753   0.520041   0.896640   0.480139   0.630953   0.032840   0.307718   0.670172   0.752620   0.516878   0.896583   0.476895   0.628449   0.033457   0.307809   0.670094   0.750774   0.514154   0.896668   0.474104   0.626439   0.033733   0.307903   0.669993   0.749217   0.511876   0.897069   0.471774   0.624946   0.033975 321176
  1   0.145998   0.666202   0.561361   0.287439   0.546113   0.249956   0.385465   0.040699   0.305256   0.671639   0.583576   0.307378   0.545081   0.268650   0.390148   0.045602   0.305719   0.671170   0.584828   0.308607   0.545667   0.269821   0.389627   0.040631   0.305986   0.670675   0.585192   0.308967   0.547283   0.270163   0.390261   0.039004   0.306147   0.670304   0.584874   0.308643   0.548216   0.269853   0.390803   0.038447   0.307879   0.668423   0.586042   0.309809   0.548168   0.270967   0.391745   0.038261   0.323420   0.660023   0.593196   0.317245   0.547540   0.278121   0.394526   0.036641   0.361165   0.645932   0.602167   0.326732   0.546535   0.287275   0.402476   0.037808   0.408462   0.632914   0.609217   0.334371   0.546182   0.294677   0.414764   0.045422   0.448152   0.624413   0.616169   0.342044   0.546619   0.302139   0.427150   0.055185   0.469023   0.621831   0.621325   0.347840   0.546795   0.307794   0.438261   0.063552   0.465559   0.625405   0.623724   0.350583   0.546674   0.310478   0.447394   0.068601   0.440884   0.633739   0.622811   0.349566   0.546317   0.309487   0.454125   0.069043   0.403955   0.644734   0.618555   0.344785   0.545679   0.304824   0.458083   0.064396   0.363762   0.656616   0.611959   0.337448   0.545041   0.297679   0.459122   0.055656   0.329780   0.667394   0.604282   0.329027   0.544896   0.289499   0.458002   0.045720   0.310884   0.674181   0.597226   0.321412   0.545180   0.282126   0.454734   0.039572   0.306004   0.675879   0.593528   0.317478   0.545650   0.278325   0.449679   0.038012   0.305836   0.675349   0.592450   0.316359   0.546001   0.277250   0.444552   0.037924   0.305681   0.674898   0.591465   0.315354   0.546008   0.276286   0.439942   0.038592   0.305524   0.674554   0.590356   0.314233   0.546052   0.275213   0.435839   0.039567   0.305421   0.674256   0.589131   0.312998   0.546082   0.274031   0.432143   0.040123   0.305357   0.673939   0.588015   0.311876   0.546109   0.272958   0.428724   0.040497   0.305276   0.673625   0.587177   0.311045   0.546406   0.272165   0.425485   0.040985 334710
  2   0.158123   0.666502   0.453556   0.194963   0.341528   0.163809   0.281553   0.048897   0.304718   0.671956   0.464266   0.202185   0.341067   0.170254   0.280904   0.058291   0.305122   0.671056   0.465985   0.203436   0.341572   0.171385   0.281443   0.058045   0.305397   0.670280   0.467424   0.204521   0.343013   0.172372   0.282120   0.059015   0.305551   0.669727   0.468156   0.205083   0.343841   0.172885   0.282579   0.060493   0.308067   0.667194   0.470028   0.206528   0.343773   0.174205   0.283388   0.061780   0.327172   0.655377   0.477107   0.212116   0.343179   0.179330   0.285622   0.062106   0.370311   0.635180   0.486945   0.220040   0.342246   0.186623   0.290769   0.067225   0.422789   0.616284   0.496635   0.228057   0.341918   0.194035   0.298237   0.078877   0.467993   0.603603   0.506281   0.236199   0.342339   0.201590   0.306060   0.090258   0.493533   0.599563   0.513714   0.242604   0.342538   0.207555   0.313323   0.098916   0.492508   0.604831   0.517791   0.246202   0.342459   0.210920   0.319293   0.104333   0.467924   0.617415   0.518030   0.246450   0.342148   0.211158   0.323576   0.105431   0.427788   0.634181   0.514370   0.243258   0.341560   0.208179   0.325837   0.100938   0.380748   0.652581   0.507456   0.237259   0.340970   0.202585   0.325951   0.091841   0.338004   0.669652   0.498445   0.229580   0.340828   0.195448   0.324112   0.080363   0.311491   0.680941   0.489323   0.221973   0.341073   0.188405   0.320430   0.070889   0.303272   0.684144   0.483517   0.217218   0.341503   0.184016   0.315807   0.067174   0.302868   0.683197   0.480893   0.215114   0.341836   0.182080   0.311663   0.066924   0.302647   0.682235   0.478777   0.213445   0.341847   0.180550   0.308095   0.068745   0.302415   0.681387   0.476845   0.211942   0.341880   0.179175   0.304831   0.071067   0.302236   0.680556   0.475109   0.210600   0.341896   0.177948   0.301899   0.071696   0.302036   0.679816   0.473523   0.209383   0.341919   0.176837   0.299230   0.071435   0.301738   0.679224   0.472144   0.208338   0.342186   0.175886   0.296735   0.071682 386558
  3   0.161280   0.675122   0.367658   0.138429   0.198576   0.113477   0.202423   0.116954   0.287326   0.687965   0.352919   0.129284   0.198216   0.105414   0.194565   0.172337   0.288244   0.685242   0.355177   0.130533   0.198747   0.106494   0.196290   0.182840   0.288622   0.683488   0.356173   0.131101   0.200026   0.106988   0.197822   0.190742   0.288843   0.682186   0.356316   0.131185   0.200730   0.107061   0.198806   0.198411   0.300046   0.673036   0.360706   0.133672   0.200674   0.109219   0.200454   0.205109   0.350059   0.644141   0.372800   0.140870   0.200117   0.115519   0.203138   0.215244   0.441153   0.603234   0.387630   0.150152   0.199276   0.123709   0.205909   0.233048   0.540728   0.567074   0.401721   0.159314   0.199068   0.131846   0.209107   0.247403   0.624061   0.542170   0.414455   0.167859   0.199550   0.139477   0.212569   0.249632   0.674851   0.532891   0.424389   0.174708   0.199817   0.145620   0.215811   0.247846   0.679846   0.542134   0.430205   0.178803   0.199813   0.149307   0.218943   0.246156   0.639371   0.567407   0.431105   0.179451   0.199564   0.149893   0.221647   0.243161   0.566142   0.602402   0.426876   0.176459   0.199047   0.147198   0.223194   0.235960   0.474674   0.642475   0.418115   0.170348   0.198493   0.141705   0.223006   0.228079   0.382355   0.682220   0.404981   0.161451   0.198284   0.133748   0.221316   0.222417   0.310684   0.713286   0.388440   0.150674   0.198402   0.124172   0.218438   0.214169   0.280454   0.724485   0.375693   0.142658   0.198713   0.117091   0.214645   0.208886   0.278145   0.720912   0.369411   0.138868   0.198955   0.113767   0.210908   0.209268   0.278018   0.716419   0.365082   0.136308   0.198920   0.111530   0.208012   0.213409   0.278289   0.712261   0.361444   0.134183   0.198927   0.109676   0.205842   0.217658   0.278412   0.708802   0.358191   0.132306   0.198922   0.108042   0.203748   0.216818   0.278197   0.706124   0.355369   0.130696   0.198926   0.106643   0.201517   0.214347   0.277943   0.703764   0.353208   0.129469   0.199150   0.105578   0.199472   0.214125 164896
  4   0.151974   0.672218   0.430679   0.179858   0.275348   0.150367   0.233235   0.212254   0.277433   0.682258   0.421150   0.173263   0.277212   0.144445   0.224321   0.354700   0.277032   0.679358   0.423587   0.174972   0.277619   0.145984   0.225201   0.378455   0.276834   0.677214   0.425059   0.176032   0.278904   0.146943   0.226220   0.392431   0.276336   0.675830   0.425377   0.176300   0.279564   0.147192   0.227040   0.407445   0.290679   0.670162   0.427441   0.177755   0.279433   0.148502   0.227605   0.418680   0.353973   0.649273   0.436456   0.184159   0.278780   0.154281   0.229956   0.412506   0.465508   0.615815   0.451625   0.195331   0.277862   0.164424   0.233302   0.407992   0.583161   0.584425   0.468041   0.207939   0.277672   0.175955   0.236216   0.414894   0.677273   0.561982   0.482894   0.219769   0.278199   0.186843   0.239211   0.410089   0.734833   0.551281   0.494212   0.229069   0.278501   0.195449   0.241888   0.399348   0.745012   0.555298   0.500621   0.234449   0.278533   0.200446   0.244386   0.389980   0.705786   0.574023   0.501274   0.235004   0.278306   0.200963   0.246570   0.382950   0.627089   0.603499   0.496045   0.230594   0.277812   0.196865   0.247821   0.375929   0.521075   0.640286   0.485166   0.221598   0.277231   0.188531   0.247509   0.372495   0.406450   0.679524   0.468914   0.208608   0.276951   0.176568   0.245469   0.378900   0.309297   0.712662   0.449400   0.193642   0.277027   0.162883   0.241551   0.396141   0.265410   0.724476   0.436229   0.183900   0.277325   0.154030   0.236865   0.415701   0.262302   0.719090   0.431491   0.180580   0.277543   0.151042   0.233073   0.427882   0.262057   0.713040   0.428328   0.178409   0.277466   0.149095   0.230312   0.439002   0.262028   0.707718   0.425679   0.176606   0.277475   0.147480   0.228348   0.448250   0.262072   0.703163   0.423431   0.175087   0.277515   0.146120   0.226627   0.450128   0.261847   0.699401   0.421503   0.173787   0.277556   0.144958   0.224793   0.448588   0.261476   0.696092   0.420101   0.172846   0.277815   0.144116   0.222993   0.448429 89885
  5   0.127690   0.667717   0.714402   0.462500   0.911793   0.421541   0.680336   0.029881   0.307605   0.674744   0.725332   0.477217   0.910940   0.436371   0.683405   0.028448   0.307901   0.674363   0.724830   0.476502   0.911713   0.435644   0.681548   0.028786   0.308170   0.673901   0.724467   0.476002   0.913656   0.435138   0.680820   0.028905   0.308378   0.673603   0.723366   0.474475   0.914749   0.433591   0.679463   0.029151   0.308676   0.673445   0.721641   0.472075   0.914786   0.431159   0.677326   0.029515   0.313532   0.672196   0.721172   0.471432   0.914295   0.430509   0.674497   0.030383   0.328227   0.668323   0.723721   0.475010   0.913414   0.434141   0.673903   0.030951   0.349439   0.662893   0.728821   0.482194   0.913000   0.441439   0.678531   0.032132   0.370012   0.657929   0.735611   0.491880   0.913523   0.451301   0.686212   0.034611   0.384377   0.654483   0.742674   0.502105   0.913875   0.461741   0.693457   0.036819   0.387932   0.653245   0.748485   0.510643   0.913780   0.470482   0.699002   0.037571   0.379041   0.654512   0.751870   0.515685   0.913273   0.475656   0.702850   0.036720   0.360470   0.657849   0.752248   0.516275   0.912357   0.476267   0.705658   0.034185   0.337868   0.662209   0.749905   0.512792   0.911654   0.472694   0.709387   0.029484   0.318747   0.666684   0.744200   0.504317   0.911515   0.464000   0.714951   0.025657   0.309998   0.669451   0.738098   0.495320   0.911717   0.454783   0.716473   0.025935   0.308862   0.670021   0.735020   0.490839   0.912193   0.450204   0.713459   0.027422   0.308896   0.669958   0.733420   0.488532   0.912656   0.447851   0.710917   0.027713   0.308927   0.669857   0.732038   0.486557   0.912774   0.445839   0.708781   0.027644   0.308962   0.669764   0.730744   0.484724   0.912710   0.443975   0.706779   0.027868   0.309001   0.669701   0.729496   0.482971   0.912587   0.442195   0.704719   0.028496   0.309059   0.669589   0.728469   0.481534   0.912642   0.440738   0.702917   0.029011   0.309133   0.669406   0.727760   0.480549   0.913015   0.439739   0.701477   0.029328 412186
  6   0.140896   0.665812   0.610652   0.337544   0.643497   0.298014   0.455863   0.038949   0.306366   0.670845   0.631101   0.358320   0.642000   0.317927   0.460821   0.043445   0.306861   0.670251   0.632686   0.360070   0.642618   0.319629   0.459358   0.038573   0.307300   0.669563   0.633948   0.361487   0.644354   0.321009   0.460296   0.036265   0.307565   0.669095   0.634161   0.361722   0.645344   0.321238   0.461237   0.035402   0.308608   0.668039   0.634769   0.362401   0.645298   0.321899   0.461735   0.034930   0.319765   0.662469   0.640545   0.369147   0.644682   0.328525   0.463003   0.032990   0.348936   0.652141   0.649068   0.379210   0.643661   0.338426   0.469647   0.032254   0.387317   0.641992   0.656462   0.388109   0.643289   0.347214   0.481546   0.036720   0.421579   0.634819   0.663865   0.397202   0.643740   0.356225   0.493747   0.044411   0.442197   0.631764   0.669709   0.404524   0.643900   0.363509   0.504730   0.051768   0.442932   0.633247   0.672993   0.408712   0.643736   0.367688   0.513853   0.056636   0.423891   0.638852   0.672990   0.408765   0.643336   0.367752   0.520785   0.057843   0.392027   0.647230   0.669460   0.404366   0.642637   0.363380   0.525249   0.054763   0.356499   0.656715   0.663243   0.396630   0.641947   0.355695   0.527221   0.047996   0.326495   0.665581   0.655228   0.386745   0.641796   0.345890   0.528057   0.040376   0.310696   0.671158   0.647609   0.377463   0.642106   0.336704   0.526425   0.036698   0.307269   0.672513   0.643782   0.372858   0.642607   0.332157   0.521960   0.036386   0.307339   0.672138   0.642623   0.371487   0.642991   0.330807   0.517545   0.036199   0.307412   0.671787   0.641549   0.370228   0.643034   0.329570   0.513759   0.036306   0.307478   0.671481   0.640483   0.368991   0.643111   0.328357   0.510374   0.036761   0.307551   0.671196   0.639425   0.367772   0.643158   0.327163   0.507239   0.037311   0.307614   0.670898   0.638517   0.366729   0.643187   0.326141   0.504310   0.037571   0.307644   0.670592   0.637897   0.366022   0.643499   0.325450   0.501632   0.037606 364692
  7   0.152621   0.666848   0.504812   0.235986   0.436385   0.201546   0.327145   0.042350   0.305138   0.672764   0.523469   0.250629   0.435645   0.214963   0.329607   0.048343   0.305539   0.672066   0.524523   0.251506   0.436171   0.215774   0.329485   0.045461   0.305742   0.671435   0.525320   0.252185   0.437675   0.216405   0.329715   0.044936   0.305866   0.670946   0.525613   0.252432   0.438544   0.216634   0.329761   0.045334   0.308104   0.668482   0.527424   0.254014   0.438480   0.218110   0.330562   0.045685   0.326112   0.657451   0.535005   0.260865   0.437858   0.224541   0.333042   0.044965   0.368033   0.638664   0.544610   0.269719   0.436875   0.232882   0.339442   0.048017   0.419432   0.620946   0.553116   0.277756   0.436523   0.240485   0.349403   0.057579   0.462260   0.609401   0.561683   0.286011   0.436940   0.248323   0.359659   0.068606   0.484473   0.606275   0.568176   0.292405   0.437110   0.254416   0.368974   0.077972   0.480466   0.611675   0.571457   0.295717   0.437000   0.257587   0.376632   0.084131   0.454266   0.623467   0.571094   0.295400   0.436667   0.257291   0.382254   0.085761   0.415155   0.638650   0.567073   0.291417   0.436060   0.253492   0.385523   0.081828   0.371795   0.654853   0.560214   0.284662   0.435439   0.247054   0.386207   0.072817   0.333843   0.669435   0.551947   0.276648   0.435290   0.239437   0.384599   0.061159   0.311310   0.678607   0.544178   0.269263   0.435563   0.232444   0.380711   0.052135   0.304748   0.680935   0.539616   0.265000   0.436019   0.228418   0.375404   0.048852   0.304393   0.680125   0.537728   0.263273   0.436360   0.226794   0.370389   0.048375   0.304109   0.679398   0.536170   0.261873   0.436364   0.225480   0.365910   0.049136   0.303805   0.678829   0.534669   0.260542   0.436408   0.224235   0.361782   0.050513   0.303580   0.678317   0.533145   0.259196   0.436439   0.222976   0.358040   0.051097   0.303417   0.677812   0.531708   0.257932   0.436460   0.221795   0.354693   0.051237   0.303237   0.677346   0.530495   0.256873   0.436735   0.220807   0.351621   0.051600 376925
  8   0.163433   0.667717   0.397585   0.156275   0.238838   0.129097   0.232544   0.055768   0.301974   0.673981   0.394412   0.153808   0.238320   0.126847   0.227458   0.070137   0.302698   0.672671   0.396439   0.155039   0.238837   0.127927   0.229174   0.072566   0.303096   0.671921   0.397033   0.155411   0.240207   0.128255   0.230500   0.074743   0.303309   0.671435   0.397028   0.155417   0.240999   0.128262   0.231245   0.076842   0.307431   0.667131   0.399357   0.156899   0.240954   0.129573   0.232245   0.078907   0.332754   0.649455   0.407673   0.162349   0.240401   0.134417   0.234467   0.082797   0.386078   0.621503   0.418815   0.169858   0.239525   0.141123   0.238473   0.093729   0.448266   0.596709   0.429564   0.177317   0.239245   0.147817   0.244123   0.107925   0.501468   0.580483   0.439951   0.184706   0.239704   0.154476   0.250220   0.117202   0.532765   0.575571   0.448125   0.190647   0.239946   0.159851   0.256035   0.123181   0.533231   0.583314   0.452571   0.193937   0.239904   0.162836   0.261215   0.126781   0.505064   0.600934   0.452797   0.194104   0.239639   0.162987   0.265171   0.126609   0.457568   0.623903   0.449100   0.191348   0.239085   0.160483   0.267125   0.120852   0.400892   0.649200   0.442249   0.186307   0.238510   0.155914   0.266933   0.111788   0.347544   0.673146   0.432796   0.179505   0.238351   0.149772   0.265044   0.101870   0.312136   0.689615   0.422378   0.172212   0.238548   0.143217   0.261691   0.092119   0.299766   0.694708   0.415026   0.167205   0.238922   0.138738   0.257595   0.087013   0.298828   0.693267   0.411311   0.164752   0.239211   0.136555   0.253842   0.085983   0.298538   0.691606   0.408453   0.162886   0.239204   0.134897   0.250796   0.088169   0.298417   0.690054   0.405778   0.161152   0.239227   0.133358   0.248277   0.091060   0.298139   0.688751   0.403191   0.159496   0.239233   0.131892   0.245783   0.090858   0.297678   0.687749   0.400855   0.158019   0.239239   0.130587   0.243243   0.089552   0.297114   0.687002   0.398787   0.156729   0.239478   0.129450   0.240780   0.089780 330140
  9   0.152160   0.676873   0.443210   0.188463   0.345214   0.158079   0.245395   0.083220   0.286494   0.692918   0.452831   0.194823   0.345080   0.163739   0.237421   0.102998   0.285818   0.691720   0.454613   0.196122   0.345531   0.164916   0.233939   0.106115   0.285913   0.689940   0.456123   0.197236   0.346844   0.165926   0.231999   0.110460   0.285631   0.688507   0.456646   0.197665   0.347545   0.166323   0.230446   0.116834   0.297776   0.676542   0.466065   0.204572   0.347420   0.172583   0.233011   0.122038   0.355266   0.642335   0.489541   0.222829   0.346763   0.189299   0.238956   0.130421   0.461784   0.599067   0.514426   0.243647   0.345790   0.208594   0.243374   0.155074   0.578657   0.564091   0.535124   0.262086   0.345450   0.225871   0.247272   0.183126   0.675437   0.540999   0.552550   0.278265   0.345794   0.241139   0.252163   0.195296   0.734677   0.532389   0.565232   0.290458   0.345900   0.252718   0.258095   0.199020   0.740405   0.541536   0.572094   0.297277   0.345756   0.259231   0.264845   0.200573   0.691388   0.566865   0.572136   0.297457   0.345415   0.259426   0.271726   0.200195   0.603556   0.601930   0.565051   0.290604   0.344887   0.252911   0.277652   0.195554   0.496112   0.640917   0.552032   0.278086   0.344355   0.241024   0.281317   0.186049   0.390600   0.678319   0.534351   0.261568   0.344226   0.225416   0.282096   0.168738   0.310080   0.709502   0.510206   0.240195   0.344496   0.205409   0.279283   0.143101   0.276883   0.722789   0.490486   0.223536   0.344942   0.189940   0.272021   0.129702   0.275033   0.720363   0.481891   0.216682   0.345258   0.183639   0.264140   0.130394   0.275004   0.716537   0.476545   0.212505   0.345252   0.179814   0.258508   0.133277   0.275218   0.712836   0.472227   0.209192   0.345299   0.176788   0.254222   0.136922   0.275594   0.709585   0.468218   0.206155   0.345337   0.174020   0.250616   0.138003   0.275824   0.706868   0.464526   0.203392   0.345359   0.171507   0.247106   0.137967   0.275932   0.704376   0.461580   0.201221   0.345608   0.169538   0.243730   0.138860 177172
 10   0.125116   0.666994   0.740818   0.499422   0.931466   0.459002   0.756845   0.026677   0.308212   0.673178   0.750572   0.513452   0.930700   0.473309   0.763082   0.023184   0.308478   0.672615   0.750974   0.514021   0.931495   0.473887   0.763889   0.023871   0.308714   0.672048   0.751299   0.514494   0.933488   0.474371   0.765209   0.024561   0.308880   0.671733   0.750568   0.513409   0.934698   0.473258   0.765285   0.025394   0.309086   0.671664   0.748844   0.510861   0.934807   0.470647   0.763809   0.026565   0.313178   0.670773   0.747963   0.509569   0.934342   0.469324   0.760617   0.028778   0.326081   0.667730   0.749554   0.511941   0.933486   0.471760   0.758976   0.030905   0.344940   0.663344   0.753525   0.517869   0.932989   0.477846   0.762082   0.032817   0.363410   0.659273   0.759308   0.526582   0.933562   0.486806   0.767560   0.035522   0.376656   0.656418   0.765292   0.535705   0.934033   0.496209   0.772352   0.037617   0.380044   0.655440   0.769989   0.542944   0.933965   0.503685   0.775560   0.038201   0.371900   0.656524   0.772514   0.546866   0.933443   0.507741   0.777275   0.037016   0.355027   0.659279   0.772402   0.546698   0.932474   0.507569   0.778000   0.034057   0.334478   0.662900   0.769902   0.542824   0.931763   0.503564   0.780403   0.028874   0.317378   0.666541   0.764470   0.534438   0.931622   0.494901   0.786178   0.024201   0.310038   0.668750   0.758754   0.525669   0.931783   0.485852   0.788065   0.024069   0.309280   0.669244   0.755665   0.520982   0.932236   0.481025   0.784843   0.025515   0.309284   0.669273   0.753753   0.518105   0.932700   0.478068   0.782106   0.025616   0.309286   0.669247   0.752074   0.515590   0.932832   0.475484   0.779764   0.025275   0.309306   0.669189   0.750573   0.513355   0.932705   0.473191   0.777441   0.025230   0.309343   0.669113   0.749279   0.511438   0.932563   0.471226   0.775172   0.025543   0.309393   0.668968   0.748314   0.510012   0.932674   0.469764   0.773426   0.025492   0.309463   0.668760   0.747648   0.509033   0.933095   0.468762   0.772163   0.025297 755836
 11   0.127130   0.668698   0.719755   0.469992   0.926195   0.429145   0.656186   0.028220   0.306821   0.676266   0.734337   0.490028   0.925210   0.449409   0.659793   0.025665   0.307124   0.675098   0.736340   0.492846   0.925994   0.452272   0.658193   0.025105   0.307457   0.673996   0.738146   0.495416   0.927920   0.454887   0.658525   0.024397   0.307740   0.673158   0.738946   0.496553   0.928988   0.456044   0.658827   0.024103   0.308587   0.672453   0.739083   0.496736   0.928937   0.456228   0.658333   0.023963   0.317743   0.669858   0.741981   0.500962   0.928346   0.460548   0.657026   0.023286   0.340910   0.663634   0.749456   0.511954   0.927373   0.471803   0.659458   0.021959   0.371066   0.655733   0.760112   0.527907   0.926803   0.488191   0.668516   0.022272   0.399385   0.648778   0.773147   0.547927   0.927170   0.508855   0.678899   0.024705   0.419003   0.644197   0.786037   0.568262   0.927331   0.529948   0.686602   0.027440   0.423600   0.642865   0.796240   0.584758   0.927022   0.547137   0.692350   0.029317   0.410844   0.644985   0.802368   0.594837   0.926350   0.557673   0.697346   0.029841   0.384379   0.649767   0.803879   0.597346   0.925329   0.560301   0.702979   0.028666   0.351798   0.655711   0.801076   0.592714   0.924607   0.555454   0.711859   0.025093   0.324201   0.662171   0.791527   0.577127   0.924517   0.539184   0.723930   0.022625   0.311253   0.666939   0.779868   0.558322   0.924784   0.519597   0.729842   0.025143   0.309068   0.668501   0.773337   0.547982   0.925347   0.508865   0.728083   0.028400   0.308921   0.668816   0.769625   0.542219   0.925882   0.502906   0.725785   0.029479   0.308804   0.669061   0.766330   0.537153   0.926079   0.497676   0.723698   0.029913   0.308731   0.669250   0.763359   0.532620   0.926106   0.493003   0.721743   0.030147   0.308701   0.669368   0.760722   0.528623   0.926079   0.488888   0.719974   0.030373   0.308701   0.669410   0.758509   0.525285   0.926211   0.485454   0.718465   0.030300   0.308737   0.669374   0.756728   0.522616   0.926641   0.482713   0.717218   0.029934 679112
 12   0.135920   0.665447   0.650945   0.382669   0.726797   0.342037   0.542226   0.034332   0.307329   0.670145   0.670106   0.404441   0.725652   0.363323   0.548274   0.037434   0.307750   0.669614   0.671265   0.405874   0.726289   0.364745   0.546656   0.033983   0.308181   0.668996   0.672376   0.407258   0.728086   0.366120   0.547665   0.032220   0.308450   0.668593   0.672561   0.407499   0.729112   0.366361   0.547976   0.031389   0.309124   0.668019   0.672584   0.407529   0.729055   0.366391   0.547419   0.030916   0.317837   0.664341   0.676482   0.412498   0.728421   0.371348   0.547045   0.029113   0.342206   0.656648   0.683351   0.421295   0.727357   0.380132   0.552461   0.027474   0.375952   0.648473   0.689930   0.429820   0.726959   0.388662   0.564422   0.030378   0.407489   0.642335   0.696518   0.438499   0.727444   0.397373   0.577200   0.036742   0.427842   0.639224   0.701989   0.445818   0.727622   0.404739   0.588397   0.042891   0.430132   0.639718   0.705459   0.450512   0.727439   0.409474   0.597181   0.046894   0.413685   0.643690   0.706031   0.451309   0.727015   0.410282   0.603479   0.047600   0.384648   0.650160   0.703348   0.447700   0.726283   0.406647   0.607221   0.044536   0.351726   0.657736   0.698112   0.440680   0.725563   0.399578   0.608790   0.038284   0.324409   0.664888   0.690901   0.431079   0.725403   0.389922   0.610060   0.031828   0.310736   0.669358   0.683954   0.421917   0.725721   0.380726   0.608746   0.029307   0.308111   0.670432   0.680534   0.417459   0.726244   0.376261   0.604205   0.029321   0.308194   0.670179   0.679455   0.416074   0.726654   0.374877   0.599871   0.029086   0.308285   0.669931   0.678432   0.414773   0.726708   0.373580   0.596104   0.029106   0.308372   0.669725   0.677358   0.413418   0.726792   0.372230   0.592816   0.029526   0.308452   0.669540   0.676306   0.412101   0.726848   0.370921   0.589697   0.029989   0.308519   0.669328   0.675487   0.411086   0.726889   0.369914   0.586585   0.030106   0.308588   0.669065   0.675005   0.410498   0.727220   0.369331   0.583657   0.030193 316484
 13   0.136682   0.674297   0.592831   0.319825   0.637074   0.281090   0.354802   0.062438   0.295148   0.686950   0.625097   0.352836   0.633274   0.312791   0.355841   0.062235   0.295731   0.684994   0.629195   0.357362   0.633657   0.317194   0.350026   0.057489   0.296231   0.683478   0.631318   0.359730   0.635211   0.319502   0.348335   0.055481   0.296686   0.682305   0.631866   0.360322   0.636124   0.320074   0.347903   0.054842   0.302018   0.676265   0.638347   0.367508   0.636063   0.327071   0.349977   0.054254   0.335584   0.656612   0.658596   0.391372   0.635393   0.350562   0.354681   0.055432   0.409085   0.629040   0.682527   0.421213   0.634323   0.380232   0.360837   0.068184   0.498804   0.605945   0.703608   0.449250   0.633828   0.408438   0.367172   0.090494   0.578787   0.591312   0.723836   0.477309   0.633969   0.436885   0.372950   0.111411   0.628903   0.586915   0.739385   0.499671   0.633795   0.459708   0.380149   0.128334   0.630854   0.593717   0.747766   0.512104   0.633417   0.472471   0.389903   0.139938   0.585300   0.609794   0.747575   0.512030   0.632952   0.472435   0.402059   0.145117   0.510630   0.630988   0.739038   0.499717   0.632351   0.459860   0.415019   0.142473   0.427036   0.653525   0.724054   0.478321   0.631794   0.438047   0.426797   0.131189   0.354522   0.673581   0.704889   0.451621   0.631780   0.410949   0.436328   0.110108   0.309731   0.687964   0.682824   0.422062   0.632250   0.381165   0.440008   0.085865   0.295748   0.692720   0.667590   0.402343   0.632853   0.361423   0.436853   0.071483   0.295774   0.691064   0.662042   0.395478   0.633275   0.354606   0.431722   0.066052   0.295953   0.689352   0.658537   0.391220   0.633363   0.350393   0.426915   0.063469   0.296006   0.687893   0.655790   0.387926   0.633512   0.347141   0.422424   0.062853   0.296070   0.686676   0.653144   0.384793   0.633604   0.344056   0.418119   0.062630   0.296109   0.685746   0.650282   0.381442   0.633652   0.340761   0.413805   0.062089   0.296066   0.685024   0.647478   0.378197   0.633989   0.337578   0.409512   0.061499 109690
 14   0.145493   0.678880   0.510079   0.241505   0.468529   0.206840   0.291611   0.069359   0.289729   0.696552   0.537714   0.264453   0.467946   0.228093   0.290374   0.077111   0.289088   0.695093   0.540192   0.266686   0.468280   0.230190   0.285169   0.077178   0.289147   0.693425   0.541443   0.267861   0.469651   0.231301   0.281998   0.079099   0.289152   0.692109   0.541490   0.267946   0.470392   0.231388   0.279469   0.082123   0.299482   0.680490   0.549768   0.275442   0.470234   0.238431   0.280690   0.084448   0.352198   0.644118   0.572705   0.297412   0.469495   0.259279   0.286175   0.089920   0.454453   0.594585   0.598206   0.323486   0.468385   0.284305   0.292088   0.110181   0.569453   0.553610   0.620241   0.347525   0.467910   0.307644   0.297729   0.137604   0.665462   0.529230   0.639693   0.369728   0.468121   0.329376   0.303956   0.157553   0.723164   0.523784   0.653852   0.386568   0.468072   0.345981   0.311718   0.171370   0.725251   0.538746   0.661251   0.395711   0.467805   0.355059   0.321171   0.181021   0.671769   0.570301   0.660586   0.395128   0.467410   0.354523   0.331733   0.185524   0.581632   0.610122   0.651799   0.384695   0.466887   0.344238   0.341815   0.182537   0.476446   0.651314   0.636535   0.366722   0.466391   0.326544   0.349557   0.171022   0.379207   0.687083   0.617381   0.344759   0.466357   0.305026   0.353489   0.148509   0.310491   0.712794   0.595115   0.320447   0.466780   0.281413   0.351405   0.118359   0.283975   0.721293   0.578400   0.302978   0.467353   0.264579   0.343316   0.100996   0.282699   0.717556   0.571000   0.295615   0.467722   0.257545   0.334287   0.098229   0.282456   0.713766   0.566097   0.290835   0.467723   0.252996   0.326748   0.098238   0.282157   0.710663   0.562078   0.286984   0.467786   0.249342   0.320041   0.099841   0.282062   0.708089   0.558259   0.283378   0.467848   0.245930   0.314281   0.100519   0.282155   0.705933   0.554524   0.279892   0.467889   0.242637   0.309183   0.100482   0.282134   0.704120   0.551123   0.276743   0.468178   0.239667   0.304526   0.100717 126350
 15   0.123937   0.666554   0.755134   0.520438   0.939142   0.480514   0.785363   0.022053   0.308512   0.672132   0.765860   0.536423   0.938532   0.496921   0.795131   0.018391   0.308811   0.671272   0.767313   0.538621   0.939412   0.499183   0.798840   0.019198   0.309100   0.670478   0.768525   0.540471   0.941522   0.501091   0.803032   0.020135   0.309306   0.669957   0.768599   0.540576   0.942773   0.501197   0.805850   0.021016   0.309597   0.669657   0.767770   0.539294   0.942896   0.499872   0.806870   0.021907   0.314608   0.668239   0.768403   0.540276   0.942426   0.500888   0.805526   0.023206   0.329481   0.664329   0.772216   0.546205   0.941511   0.507020   0.806535   0.024238   0.350224   0.659189   0.778538   0.556132   0.940864   0.517308   0.813148   0.025234   0.369942   0.654685   0.786693   0.569133   0.941326   0.530819   0.820803   0.027454   0.383335   0.651784   0.794632   0.581990   0.941740   0.544220   0.826422   0.029756   0.385559   0.651068   0.800566   0.591743   0.941613   0.554413   0.829856   0.030701   0.375762   0.652549   0.803776   0.597072   0.941065   0.559993   0.831585   0.030148   0.357156   0.655758   0.803803   0.597131   0.940078   0.560057   0.832940   0.028377   0.335194   0.659645   0.800971   0.592450   0.939455   0.555160   0.838797   0.024309   0.317864   0.663661   0.794006   0.581011   0.939405   0.543206   0.848760   0.021560   0.310890   0.666343   0.786613   0.568972   0.939583   0.530645   0.851297   0.023506   0.310166   0.667074   0.782749   0.562774   0.940073   0.524196   0.847163   0.025626   0.310081   0.667280   0.780171   0.558681   0.940628   0.519946   0.844074   0.025917   0.310013   0.667420   0.777861   0.555036   0.940855   0.516165   0.841411   0.025589   0.309954   0.667535   0.775705   0.551649   0.940738   0.512656   0.838713   0.025309   0.309921   0.667621   0.773771   0.548626   0.940626   0.509525   0.836037   0.025481   0.309902   0.667652   0.772156   0.546113   0.940822   0.506925   0.833680   0.025590   0.309903   0.667623   0.770824   0.544051   0.941316   0.504794   0.831667   0.025564 1128576
 16   0.125595   0.667884   0.737950   0.495460   0.932034   0.454992   0.714798   0.024304   0.307602   0.674641   0.751039   0.514195   0.931221   0.474081   0.722415   0.021561   0.307894   0.673507   0.753093   0.517199   0.932062   0.477153   0.724679   0.021408   0.308186   0.672475   0.754852   0.519794   0.934126   0.479811   0.728009   0.020988   0.308422   0.671730   0.755466   0.520692   0.935290   0.480730   0.730499   0.020912   0.309083   0.671134   0.755383   0.520549   0.935332   0.480580   0.731516   0.021021   0.316904   0.668909   0.757663   0.523974   0.934874   0.484099   0.730351   0.021157   0.336950   0.663537   0.764037   0.533655   0.933949   0.494070   0.732489   0.020467   0.362985   0.656745   0.773577   0.548397   0.933306   0.509303   0.741443   0.020490   0.387322   0.650809   0.785412   0.567107   0.933684   0.528717   0.751377   0.022525   0.403788   0.646967   0.796902   0.585702   0.933908   0.548096   0.758660   0.024820   0.406794   0.645949   0.805771   0.600362   0.933649   0.563434   0.763817   0.026243   0.394983   0.647794   0.810992   0.609114   0.933042   0.572615   0.767710   0.026519   0.372157   0.651787   0.812141   0.611056   0.932020   0.574656   0.771757   0.025383   0.344553   0.656605   0.809665   0.606888   0.931338   0.570281   0.780197   0.022058   0.321504   0.661888   0.801077   0.592598   0.931264   0.555310   0.793808   0.020163   0.311383   0.665764   0.790916   0.575859   0.931460   0.537807   0.800589   0.023227   0.310017   0.666959   0.785580   0.567212   0.931969   0.528794   0.798674   0.026494   0.309868   0.667245   0.782407   0.562146   0.932516   0.523528   0.796528   0.027236   0.309730   0.667478   0.779541   0.557606   0.932744   0.518816   0.794613   0.027430   0.309628   0.667665   0.776892   0.553439   0.932731   0.514496   0.792865   0.027474   0.309559   0.667800   0.774524   0.549738   0.932683   0.510665   0.791091   0.027431   0.309529   0.667872   0.772504   0.546600   0.932847   0.507419   0.789312   0.027417   0.309538   0.667863   0.770874   0.544083   0.933317   0.504819   0.787838   0.027292 971983
 17   0.124836   0.669340   0.734937   0.491674   0.932187   0.451231   0.643116   0.026296   0.305692   0.677391   0.749265   0.511904   0.931313   0.471795   0.650768   0.025178   0.306150   0.675982   0.751488   0.515119   0.932196   0.475076   0.651608   0.025274   0.306503   0.674773   0.753245   0.517690   0.934238   0.477706   0.653599   0.024756   0.306720   0.673914   0.753786   0.518478   0.935379   0.478512   0.655000   0.024244   0.309035   0.672973   0.754290   0.519219   0.935399   0.479271   0.654510   0.023937   0.325975   0.668962   0.759317   0.526823   0.934909   0.487098   0.653953   0.022550   0.364539   0.659957   0.770679   0.544285   0.934017   0.505125   0.660428   0.020350   0.414140   0.649017   0.787123   0.570325   0.933389   0.532157   0.673456   0.021091   0.463452   0.639413   0.807197   0.603337   0.933623   0.566670   0.684602   0.025082   0.501545   0.632890   0.826496   0.636330   0.933662   0.601415   0.691463   0.029649   0.514025   0.631076   0.841425   0.662744   0.933203   0.629410   0.696224   0.033648   0.493781   0.634496   0.850215   0.678680   0.932399   0.646379   0.700516   0.036610   0.447428   0.641827   0.852265   0.682450   0.931262   0.650403   0.706295   0.037231   0.389535   0.650371   0.848391   0.675359   0.930531   0.642839   0.717249   0.033412   0.339286   0.659197   0.835192   0.651675   0.930445   0.617671   0.732843   0.028564   0.313382   0.666769   0.816447   0.618759   0.930679   0.582834   0.741151   0.030432   0.307797   0.669984   0.804341   0.598065   0.931238   0.561045   0.740128   0.034761   0.307496   0.670465   0.798391   0.588211   0.931841   0.550730   0.738088   0.035602   0.307302   0.670782   0.793404   0.580061   0.932158   0.542221   0.736352   0.035432   0.307164   0.670994   0.788985   0.572924   0.932221   0.534786   0.735007   0.034951   0.307094   0.671080   0.785182   0.566842   0.932223   0.528460   0.733663   0.034489   0.307106   0.671063   0.781982   0.561768   0.932426   0.523192   0.732339   0.034100   0.307157   0.670999   0.779213   0.557410   0.932916   0.518674   0.731322   0.033665 463347
 18   0.131426   0.665802   0.688426   0.428932   0.802930   0.387954   0.600038   0.035615   0.307403   0.670650   0.711958   0.458869   0.801731   0.417822   0.602567   0.038457   0.307938   0.669912   0.714106   0.461884   0.802399   0.420883   0.599689   0.034838   0.308410   0.669295   0.715411   0.463724   0.804304   0.422753   0.600683   0.033247   0.308721   0.668884   0.715618   0.464037   0.805398   0.423075   0.601236   0.032784   0.309317   0.668415   0.715535   0.463942   0.805376   0.422981   0.600941   0.032371   0.316900   0.665507   0.719267   0.469223   0.804801   0.428351   0.600256   0.030026   0.338427   0.659058   0.726234   0.479089   0.803769   0.438384   0.605339   0.026661   0.369048   0.651700   0.733206   0.489059   0.803346   0.448543   0.617625   0.027203   0.399334   0.645610   0.740757   0.500026   0.803818   0.459749   0.630261   0.031754   0.421080   0.641901   0.747608   0.510126   0.803964   0.470099   0.641033   0.036927   0.426754   0.641426   0.752366   0.517224   0.803716   0.477389   0.650027   0.040902   0.413389   0.644432   0.753981   0.519650   0.803216   0.479883   0.657259   0.042549   0.385742   0.650157   0.751808   0.516378   0.802390   0.476517   0.662752   0.041034   0.352747   0.657195   0.746316   0.508151   0.801637   0.468062   0.667583   0.036265   0.324639   0.664084   0.737605   0.495250   0.801512   0.454833   0.673694   0.030543   0.310793   0.668495   0.728768   0.482340   0.801869   0.441629   0.676079   0.028395   0.308357   0.669623   0.724305   0.475914   0.802440   0.435075   0.672799   0.028570   0.308447   0.669477   0.722728   0.473679   0.802905   0.432802   0.668702   0.028116   0.308552   0.669319   0.721370   0.471777   0.803014   0.430871   0.664800   0.028015   0.308666   0.669169   0.720147   0.470080   0.803116   0.429152   0.661114   0.028448   0.308765   0.669046   0.719006   0.468512   0.803163   0.427566   0.657378   0.029177   0.308840   0.668907   0.718040   0.467196   0.803211   0.426238   0.653689   0.029652   0.308922   0.668711   0.717388   0.466317   0.803571   0.425352   0.650342   0.029958 296885
 19   0.132469   0.667215   0.655864   0.389666   0.758753   0.349137   0.443797   0.046568   0.303190   0.673333   0.684334   0.423224   0.757052   0.382178   0.449662   0.046976   0.303904   0.672441   0.688137   0.428068   0.757659   0.387012   0.447041   0.040916   0.304458   0.671701   0.691032   0.431723   0.759475   0.390652   0.446741   0.037549   0.304909   0.671001   0.692995   0.434205   0.760511   0.393124   0.446257   0.036282   0.306625   0.669175   0.696589   0.438821   0.760514   0.397737   0.445857   0.035088   0.320248   0.662368   0.708853   0.455307   0.760005   0.414349   0.446771   0.030094   0.353944   0.651423   0.725384   0.478138   0.759091   0.437466   0.453082   0.025779   0.398048   0.641110   0.740040   0.499175   0.758675   0.458920   0.463283   0.028582   0.440441   0.632984   0.755103   0.521569   0.758929   0.481906   0.472181   0.035653   0.469917   0.628373   0.768524   0.542185   0.758833   0.503197   0.480264   0.043718   0.475082   0.628571   0.778019   0.557191   0.758407   0.518777   0.488754   0.050988   0.453963   0.633476   0.781918   0.563476   0.757768   0.525327   0.498175   0.056111   0.414691   0.641702   0.779349   0.559395   0.756870   0.521085   0.508440   0.057516   0.368764   0.651534   0.770628   0.545615   0.756152   0.506777   0.520329   0.054049   0.329486   0.661580   0.754300   0.520529   0.756119   0.480869   0.534780   0.045268   0.309364   0.669118   0.735173   0.491982   0.756558   0.451546   0.542195   0.039758   0.305317   0.671759   0.724401   0.476336   0.757190   0.435557   0.540419   0.039156   0.305574   0.671696   0.720718   0.471150   0.757725   0.430288   0.537959   0.037470   0.305814   0.671530   0.717949   0.467291   0.757958   0.426375   0.535765   0.036258   0.306054   0.671302   0.715706   0.464197   0.758156   0.423242   0.533734   0.035802   0.306249   0.671085   0.713670   0.461410   0.758218   0.420426   0.531752   0.035658   0.306340   0.670906   0.711849   0.458941   0.758258   0.417934   0.529766   0.035373   0.306388   0.670713   0.710434   0.457042   0.758614   0.416022   0.527796   0.035075 226457
 20   0.123309   0.666684   0.762484   0.531546   0.942972   0.491946   0.796033   0.020898   0.308610   0.672252   0.774698   0.550083   0.942280   0.511036   0.808189   0.016566   0.308873   0.671137   0.776966   0.553603   0.943148   0.514676   0.813693   0.017297   0.309181   0.670133   0.778835   0.556526   0.945304   0.517702   0.819521   0.018511   0.309428   0.669441   0.779456   0.557493   0.946545   0.518702   0.823451   0.019630   0.310366   0.668808   0.779596   0.557706   0.946711   0.518923   0.824891   0.020448   0.319775   0.666019   0.782717   0.562679   0.946317   0.524089   0.824349   0.020742   0.342721   0.659818   0.790246   0.574798   0.945394   0.536707   0.829108   0.020196   0.371608   0.652699   0.800671   0.591903   0.944651   0.554579   0.840447   0.020603   0.397803   0.646929   0.812898   0.612437   0.944970   0.576126   0.850821   0.022841   0.414643   0.643506   0.824157   0.631780   0.945242   0.596513   0.857733   0.025050   0.416378   0.643040   0.832464   0.646344   0.944974   0.611921   0.861808   0.026458   0.402088   0.645423   0.837184   0.654730   0.944335   0.620815   0.863979   0.026729   0.376728   0.649814   0.838029   0.656245   0.943238   0.622424   0.866037   0.025640   0.347164   0.654793   0.835467   0.651690   0.942545   0.617593   0.874100   0.022289   0.323050   0.660072   0.827039   0.636872   0.942435   0.601907   0.888300   0.020205   0.312767   0.663894   0.817144   0.619622   0.942554   0.583678   0.894949   0.023012   0.311432   0.665073   0.811862   0.610553   0.943045   0.574121   0.892571   0.026294   0.311255   0.665408   0.808613   0.605058   0.943649   0.568347   0.890054   0.027278   0.311086   0.665672   0.805690   0.600152   0.943924   0.563199   0.888126   0.027346   0.310922   0.665893   0.802964   0.595604   0.943834   0.558433   0.886582   0.026803   0.310787   0.666062   0.800548   0.591601   0.943780   0.554243   0.885247   0.026073   0.310699   0.666175   0.798498   0.588225   0.944034   0.550713   0.883722   0.025775   0.310657   0.666227   0.796768   0.585395   0.944588   0.547758   0.882120   0.025679 864708
 21   0.124373   0.667911   0.749733   0.512643   0.936349   0.472561   0.731795   0.021918   0.307652   0.674636   0.762213   0.530973   0.935642   0.491325   0.741477   0.019938   0.307992   0.673385   0.764469   0.534358   0.936570   0.494803   0.745933   0.020450   0.308331   0.672260   0.766408   0.537289   0.938706   0.497820   0.750993   0.020755   0.308602   0.671455   0.767120   0.538357   0.939917   0.498916   0.754793   0.021189   0.309903   0.670688   0.767381   0.538738   0.940009   0.499306   0.756691   0.021573   0.321324   0.667592   0.770999   0.544335   0.939612   0.505091   0.757300   0.021713   0.348133   0.660734   0.779538   0.557729   0.938740   0.518968   0.763307   0.020873   0.381693   0.652664   0.791699   0.577240   0.938001   0.539270   0.775643   0.021259   0.413036   0.645882   0.806361   0.601424   0.938253   0.564563   0.786841   0.023878   0.434741   0.641586   0.820165   0.624843   0.938397   0.589186   0.794367   0.026476   0.438851   0.640667   0.830636   0.643058   0.938050   0.608428   0.799280   0.028263   0.423017   0.643210   0.836753   0.653880   0.937371   0.619895   0.802611   0.029157   0.392872   0.648206   0.838182   0.656427   0.936297   0.622599   0.806052   0.028717   0.356911   0.653822   0.835656   0.651928   0.935639   0.617825   0.815100   0.025194   0.326749   0.659812   0.826133   0.635227   0.935585   0.600156   0.829913   0.022159   0.313032   0.664472   0.814014   0.614225   0.935772   0.577986   0.837745   0.025059   0.310926   0.666093   0.807176   0.602590   0.936301   0.565747   0.836544   0.029160   0.310678   0.666510   0.803263   0.596052   0.936906   0.558893   0.834698   0.030316   0.310472   0.666816   0.799844   0.590390   0.937205   0.552966   0.833423   0.030425   0.310291   0.667060   0.796728   0.585266   0.937175   0.547612   0.832629   0.029842   0.310150   0.667229   0.794008   0.580825   0.937116   0.542975   0.831944   0.029107   0.310064   0.667319   0.791738   0.577142   0.937333   0.539135   0.830965   0.028701   0.310011   0.667357   0.789804   0.574022   0.937848   0.535886   0.829982   0.028346 1053514
 22   0.121799   0.668189   0.755979   0.522053   0.939379   0.482238   0.714585   0.022927   0.305015   0.675204   0.767608   0.539367   0.938642   0.500009   0.726817   0.022040   0.305367   0.674012   0.769428   0.542130   0.939523   0.502854   0.732084   0.022756   0.305638   0.672973   0.770913   0.544398   0.941646   0.505193   0.737546   0.023481   0.305863   0.672228   0.771193   0.544815   0.942864   0.505620   0.741357   0.024420   0.311131   0.670785   0.772458   0.546746   0.942994   0.507612   0.742204   0.025281   0.337750   0.665125   0.779538   0.557866   0.942629   0.519136   0.745259   0.025098   0.392825   0.654267   0.793689   0.580684   0.941754   0.542903   0.757793   0.024730   0.462418   0.642210   0.813335   0.613635   0.940917   0.577478   0.774109   0.027689   0.529198   0.632264   0.835808   0.652972   0.940998   0.619089   0.786214   0.033363   0.574789   0.626323   0.856044   0.689867   0.940928   0.658418   0.793241   0.038328   0.578824   0.626187   0.870926   0.717932   0.940385   0.688527   0.796246   0.041693   0.538246   0.631836   0.878974   0.733418   0.939590   0.705203   0.797420   0.043880   0.471976   0.640772   0.879875   0.735103   0.938455   0.707007   0.800705   0.044734   0.400660   0.649604   0.874754   0.725068   0.937865   0.696164   0.812841   0.040471   0.343382   0.657847   0.860400   0.697725   0.937936   0.666776   0.831619   0.034190   0.315275   0.664247   0.842885   0.665156   0.938194   0.631932   0.839800   0.035614   0.309287   0.666718   0.832657   0.646714   0.938783   0.612317   0.837517   0.039426   0.308853   0.667330   0.826805   0.636415   0.939477   0.601414   0.836220   0.039285   0.308575   0.667789   0.821734   0.627609   0.939848   0.592114   0.835986   0.038083   0.308365   0.668126   0.817222   0.619855   0.939821   0.583942   0.836295   0.036366   0.308138   0.668392   0.813249   0.613087   0.939783   0.576821   0.836464   0.034733   0.307914   0.668571   0.809872   0.607383   0.940071   0.570828   0.835967   0.033777   0.307777   0.668649   0.806995   0.602565   0.940652   0.565774   0.835279   0.033017 373768
 23   0.122716   0.670470   0.739787   0.498254   0.938484   0.457869   0.634647   0.023285   0.302901   0.679584   0.749774   0.512639   0.937730   0.472545   0.643682   0.024360   0.303491   0.678100   0.751313   0.514899   0.938677   0.474857   0.645776   0.025568   0.303851   0.676957   0.752201   0.516207   0.940695   0.476197   0.648447   0.025845   0.304015   0.676227   0.751778   0.515573   0.941816   0.475546   0.650105   0.026038   0.311552   0.674141   0.753774   0.518522   0.941826   0.478569   0.649377   0.026016   0.349788   0.665619   0.764224   0.534403   0.941331   0.494930   0.652620   0.024219   0.432273   0.649019   0.786052   0.569004   0.940426   0.530861   0.666829   0.023267   0.540449   0.630301   0.817716   0.622159   0.939537   0.586662   0.682055   0.027833   0.646621   0.614777   0.852408   0.684155   0.939412   0.652518   0.689052   0.034738   0.718595   0.605816   0.881950   0.740170   0.939111   0.712689   0.688789   0.040323   0.724557   0.606285   0.902543   0.781119   0.938314   0.757072   0.682903   0.044989   0.662566   0.615438   0.913281   0.803100   0.937282   0.781028   0.676369   0.048962   0.560717   0.629440   0.914534   0.805651   0.936027   0.783806   0.675562   0.050921   0.451317   0.643595   0.907382   0.790813   0.935305   0.767594   0.688154   0.048241   0.362463   0.656580   0.886843   0.749518   0.935233   0.722747   0.714108   0.042171   0.315917   0.668103   0.857358   0.692571   0.935457   0.661366   0.727749   0.043111   0.304575   0.673751   0.837282   0.655492   0.936041   0.621739   0.725266   0.047674   0.303984   0.674660   0.827307   0.637882   0.936734   0.603081   0.723935   0.047469   0.303740   0.675188   0.819135   0.623741   0.937185   0.588154   0.723999   0.045849   0.303790   0.675312   0.812456   0.612362   0.937276   0.576177   0.725036   0.043491   0.304038   0.675069   0.807124   0.603390   0.937261   0.566757   0.726732   0.041423   0.304267   0.674734   0.802670   0.595989   0.937514   0.559002   0.728482   0.040063   0.304439   0.674428   0.798804   0.589650   0.938087   0.552378   0.729863   0.038850 175183
 24   0.125881   0.671035   0.703719   0.449431   0.909635   0.408607   0.497684   0.032674   0.301292   0.680627   0.721075   0.472644   0.908685   0.431982   0.502670   0.033288   0.301830   0.679267   0.723662   0.476268   0.909371   0.435662   0.499661   0.032308   0.301963   0.678468   0.724503   0.477417   0.911077   0.436822   0.499328   0.030996   0.302011   0.677848   0.724435   0.477345   0.912087   0.436752   0.499721   0.030776   0.306091   0.675611   0.727539   0.481752   0.912089   0.441239   0.500627   0.029946   0.333040   0.667593   0.740100   0.500067   0.911511   0.459976   0.506796   0.024982   0.395589   0.652880   0.761182   0.531701   0.910577   0.492512   0.523018   0.020929   0.480187   0.636207   0.788140   0.574044   0.909942   0.536436   0.542779   0.024876   0.569027   0.621693   0.818660   0.624789   0.909984   0.589633   0.556365   0.033862   0.641236   0.611903   0.846123   0.673073   0.909759   0.640777   0.563909   0.043846   0.665790   0.609856   0.866061   0.709791   0.909088   0.680006   0.569807   0.052472   0.629821   0.616184   0.876782   0.730136   0.908125   0.701865   0.576308   0.058765   0.550156   0.628250   0.878095   0.732594   0.906934   0.704500   0.584779   0.061676   0.452291   0.642495   0.870808   0.718511   0.906136   0.689318   0.598428   0.059359   0.364699   0.656367   0.851349   0.682091   0.906068   0.650292   0.621157   0.049567   0.315092   0.669084   0.820890   0.627628   0.906448   0.592430   0.633960   0.044865   0.302770   0.675263   0.799918   0.591569   0.907169   0.554405   0.630337   0.046432   0.303004   0.675317   0.792550   0.579479   0.907924   0.541768   0.626395   0.044504   0.303441   0.675055   0.787155   0.570739   0.908414   0.532656   0.624204   0.042440   0.303933   0.674643   0.782901   0.563926   0.908661   0.525567   0.622843   0.040676   0.304296   0.674266   0.779229   0.558093   0.908718   0.519506   0.621795   0.039369   0.304469   0.674005   0.775880   0.552821   0.908905   0.514040   0.620914   0.038701   0.304459   0.673866   0.772681   0.547863   0.909401   0.508912   0.620132   0.038292 172732
