timestamp=                2021-11-17T19:17:24.761844
shape=                    (5, 5)
sigma=                    2.5
nepochs=                  3
thresh=                   None
rate=                     0.007
neighborhood function=    gaussian
init weights=             pca
topology=                 hexagonal
activation distance=      euclidean
output type=              labels
mapfile_prefix=           full2018_5x5_3_007_3_10
apply classification=     False
seed=                     None
random order=             True
custom init file=         None
order labels by size=     False
decay_function=           3

Quantization Error=       0.34759109
Topographic Error=        0.10493429

############ NEURONS #############
 25 192
  0   0.112944   0.681058   0.764113   0.536584   0.935927   0.497337   0.722079   0.024342   0.297824   0.689912   0.769969   0.545441   0.935485   0.506461   0.732133   0.026144   0.298606   0.688399   0.770785   0.546682   0.936690   0.507742   0.735430   0.026964   0.299135   0.687191   0.771367   0.547571   0.938959   0.508658   0.739359   0.026894   0.299497   0.686292   0.771040   0.547050   0.940394   0.508117   0.742534   0.026611   0.308752   0.683158   0.774606   0.552565   0.940580   0.513822   0.743755   0.025650   0.348662   0.673414   0.787377   0.572844   0.940099   0.534901   0.750305   0.024089   0.426531   0.657851   0.808693   0.608061   0.939145   0.571783   0.766922   0.025018   0.524689   0.641745   0.835944   0.655406   0.938148   0.621844   0.782484   0.030431   0.617287   0.628933   0.864281   0.707292   0.937930   0.677254   0.790683   0.037101   0.671598   0.622556   0.887749   0.752389   0.937688   0.725856   0.793042   0.042082   0.663579   0.624712   0.903279   0.783406   0.936991   0.759530   0.791803   0.045896   0.601408   0.633709   0.910114   0.797431   0.935949   0.774835   0.791171   0.048741   0.512710   0.645974   0.908515   0.794300   0.934548   0.771450   0.794717   0.049727   0.420886   0.658633   0.899115   0.775408   0.933751   0.750913   0.806114   0.047230   0.345830   0.670404   0.879061   0.735934   0.933740   0.708172   0.824729   0.041415   0.308019   0.679906   0.853870   0.687926   0.934031   0.656510   0.830914   0.040804   0.300474   0.684188   0.837261   0.657473   0.934671   0.623982   0.826042   0.043407   0.299980   0.684861   0.828476   0.641952   0.935392   0.607520   0.825339   0.042536   0.299710   0.685241   0.821238   0.629377   0.935814   0.594225   0.825502   0.041042   0.299596   0.685407   0.815062   0.618797   0.935820   0.583068   0.825761   0.039199   0.299586   0.685428   0.809791   0.609874   0.935786   0.573681   0.825604   0.037522   0.299561   0.685381   0.805306   0.602362   0.936099   0.565793   0.824884   0.036393   0.299455   0.685329   0.801322   0.595780   0.936731   0.558899   0.823778   0.035452 295490
  1   0.117359   0.682488   0.710603   0.461034   0.900218   0.420461   0.513915   0.033923   0.295311   0.692653   0.726231   0.482707   0.899062   0.442439   0.517510   0.033656   0.296053   0.691069   0.728678   0.486327   0.899720   0.446153   0.513680   0.032089   0.296503   0.689863   0.730079   0.488366   0.901662   0.448236   0.513631   0.030889   0.296914   0.688802   0.730831   0.489482   0.902816   0.449381   0.514729   0.030559   0.302441   0.685796   0.735172   0.495565   0.902919   0.455569   0.516228   0.029148   0.332332   0.676717   0.748724   0.515260   0.902476   0.475730   0.523162   0.024407   0.399340   0.661250   0.770029   0.547427   0.901473   0.508879   0.539428   0.021711   0.489462   0.644224   0.796785   0.589886   0.900735   0.553039   0.556180   0.026725   0.583672   0.629530   0.826334   0.639592   0.900676   0.605297   0.565863   0.035912   0.654955   0.620299   0.852357   0.685817   0.900309   0.654390   0.570577   0.046164   0.671762   0.619726   0.870639   0.719778   0.899581   0.690762   0.574183   0.055758   0.627430   0.627500   0.879674   0.737066   0.898607   0.709382   0.579223   0.062701   0.539391   0.640923   0.879107   0.736028   0.897361   0.708274   0.587486   0.064888   0.436988   0.655884   0.869939   0.718567   0.896622   0.689486   0.603498   0.059502   0.351663   0.669842   0.848927   0.679702   0.896731   0.647896   0.628513   0.046754   0.307287   0.681851   0.819541   0.627473   0.897247   0.592421   0.642591   0.040096   0.297487   0.687324   0.800043   0.594154   0.898100   0.557293   0.641027   0.040522   0.297587   0.687535   0.791904   0.580834   0.898953   0.543365   0.638429   0.039328   0.297862   0.687444   0.785523   0.570570   0.899396   0.532667   0.636490   0.038253   0.298135   0.687266   0.780165   0.562090   0.899565   0.523855   0.634766   0.037666   0.298315   0.687104   0.775466   0.554758   0.899607   0.516255   0.632940   0.037049   0.298506   0.686814   0.771539   0.548684   0.899770   0.509971   0.631355   0.036204   0.298779   0.686346   0.768460   0.543954   0.900233   0.505082   0.629777   0.035413 116085
  2   0.139597   0.689639   0.503754   0.237897   0.438714   0.203599   0.287197   0.061940   0.286290   0.707146   0.524352   0.254833   0.438343   0.219263   0.287087   0.067851   0.285830   0.705666   0.525232   0.255608   0.438658   0.219988   0.282791   0.068383   0.285674   0.704246   0.525549   0.255901   0.440010   0.220265   0.279603   0.070250   0.285438   0.703145   0.525091   0.255524   0.440808   0.219915   0.276664   0.073299   0.295536   0.692352   0.532021   0.261563   0.440712   0.225556   0.276808   0.075714   0.347212   0.658186   0.551207   0.279146   0.440033   0.242124   0.280571   0.081823   0.448337   0.610109   0.573947   0.301333   0.438943   0.263259   0.284670   0.102257   0.564306   0.568213   0.595981   0.324086   0.438437   0.285153   0.288469   0.128958   0.662510   0.541935   0.615827   0.345541   0.438579   0.305967   0.292998   0.147862   0.722327   0.535412   0.630531   0.362135   0.438443   0.322190   0.299314   0.161186   0.727233   0.549768   0.638486   0.371465   0.438133   0.331374   0.307774   0.171292   0.675935   0.581113   0.638253   0.371410   0.437757   0.331358   0.317722   0.176760   0.584654   0.621869   0.629584   0.361619   0.437239   0.321784   0.327116   0.174923   0.476292   0.664280   0.614332   0.344534   0.436761   0.305100   0.333860   0.163594   0.376184   0.701129   0.595258   0.323738   0.436774   0.284891   0.336727   0.140658   0.305642   0.727295   0.573305   0.300940   0.437198   0.262927   0.333907   0.111326   0.278498   0.735565   0.556887   0.284626   0.437772   0.247333   0.325772   0.094577   0.277183   0.731356   0.549559   0.277679   0.438187   0.240748   0.317250   0.091528   0.276894   0.727247   0.544665   0.273127   0.438219   0.236448   0.310145   0.091518   0.276560   0.723876   0.540690   0.269494   0.438286   0.233027   0.303650   0.092884   0.276434   0.721084   0.536906   0.266083   0.438336   0.229821   0.298118   0.093075   0.276387   0.718853   0.533115   0.262696   0.438361   0.226644   0.293189   0.092425   0.276403   0.716764   0.529893   0.259849   0.438635   0.223978   0.288563   0.092370 176274
  3   0.143289   0.684541   0.433886   0.184408   0.285716   0.154690   0.225951   0.213450   0.268765   0.696209   0.422169   0.176228   0.287653   0.147330   0.217108   0.352188   0.267940   0.693310   0.424097   0.177610   0.287902   0.148580   0.217786   0.374914   0.267635   0.690937   0.425328   0.178514   0.289062   0.149401   0.218520   0.387869   0.266835   0.689364   0.425515   0.178688   0.289711   0.149564   0.219084   0.402180   0.281519   0.683642   0.427535   0.180114   0.289600   0.150851   0.219354   0.412986   0.348149   0.662449   0.436787   0.186710   0.289030   0.156810   0.221665   0.406673   0.465594   0.628798   0.452250   0.198158   0.288159   0.167223   0.224929   0.404567   0.589272   0.597422   0.469131   0.211225   0.287983   0.179200   0.227424   0.414487   0.689275   0.574573   0.484830   0.223838   0.288488   0.190834   0.229802   0.411856   0.752429   0.563213   0.497002   0.233952   0.288697   0.200219   0.231824   0.404332   0.767484   0.566268   0.504201   0.240086   0.288676   0.205935   0.233678   0.398410   0.731742   0.583605   0.505535   0.241242   0.288467   0.207016   0.235254   0.394232   0.653009   0.611719   0.500670   0.237080   0.287990   0.203135   0.236095   0.388427   0.541616   0.647944   0.489848   0.227989   0.287415   0.194684   0.235606   0.383350   0.417109   0.687895   0.473266   0.214527   0.287144   0.182242   0.233677   0.385334   0.307496   0.723511   0.452542   0.198401   0.287188   0.167448   0.229960   0.397794   0.255520   0.737532   0.438102   0.187573   0.287476   0.157578   0.225338   0.415538   0.251166   0.732403   0.432861   0.183856   0.287739   0.154223   0.221636   0.427756   0.251177   0.726012   0.429481   0.181508   0.287713   0.152111   0.218924   0.437880   0.251303   0.720450   0.426605   0.179533   0.287764   0.150338   0.216774   0.446186   0.251380   0.715782   0.424043   0.177784   0.287822   0.148769   0.214784   0.447691   0.251346   0.711836   0.421871   0.176306   0.287846   0.147445   0.212810   0.446289   0.251292   0.708337   0.420196   0.175186   0.288077   0.146443   0.211088   0.446455 89910
  4   0.155197   0.686189   0.369114   0.141328   0.196100   0.116227   0.196595   0.122684   0.284364   0.699278   0.348318   0.128430   0.195725   0.104849   0.188276   0.177797   0.285345   0.696528   0.349858   0.129267   0.196122   0.105571   0.189753   0.187113   0.285835   0.694684   0.350505   0.129630   0.197319   0.105885   0.191031   0.194984   0.286189   0.693311   0.350385   0.129558   0.198033   0.105823   0.191873   0.203128   0.296560   0.685406   0.353308   0.131202   0.198008   0.107249   0.192961   0.209584   0.343352   0.659789   0.362660   0.136707   0.197519   0.112060   0.194922   0.219691   0.430560   0.622006   0.375439   0.144551   0.196719   0.118964   0.197222   0.237246   0.529005   0.586911   0.388760   0.153010   0.196524   0.126452   0.199856   0.250605   0.614994   0.561025   0.401512   0.161359   0.196987   0.133881   0.202608   0.252538   0.670602   0.549919   0.411694   0.168209   0.197200   0.140004   0.205181   0.251413   0.680531   0.557339   0.417797   0.172402   0.197185   0.143766   0.207694   0.250857   0.643275   0.581186   0.419102   0.173316   0.196968   0.144589   0.209847   0.249499   0.570165   0.615636   0.415309   0.170696   0.196461   0.142237   0.210969   0.243846   0.476269   0.655653   0.406892   0.164947   0.195910   0.137085   0.210521   0.236082   0.380856   0.695528   0.394084   0.156438   0.195717   0.129494   0.208739   0.230557   0.307185   0.726241   0.378352   0.146369   0.195812   0.120568   0.205764   0.223631   0.276288   0.736683   0.366512   0.139053   0.196105   0.114120   0.202147   0.219636   0.274006   0.732572   0.360616   0.135547   0.196365   0.111051   0.198802   0.220649   0.273985   0.727750   0.356290   0.133026   0.196356   0.108851   0.196089   0.224584   0.274387   0.723413   0.352439   0.130814   0.196380   0.106926   0.194012   0.228179   0.274386   0.719923   0.348988   0.128853   0.196375   0.105222   0.191914   0.226584   0.273726   0.717303   0.346031   0.127190   0.196354   0.103779   0.189513   0.223998   0.273219   0.714929   0.343657   0.125866   0.196554   0.102632   0.187314   0.223924 161753
  5   0.114766   0.679508   0.762906   0.534692   0.938694   0.495376   0.755850   0.021580   0.300341   0.687036   0.770795   0.546626   0.938148   0.507670   0.764917   0.021474   0.300800   0.685829   0.771923   0.548349   0.939165   0.509448   0.769303   0.022097   0.301182   0.684758   0.772950   0.549926   0.941434   0.511077   0.774254   0.022442   0.301494   0.683953   0.772981   0.549962   0.942823   0.511112   0.777683   0.022888   0.305253   0.682294   0.774268   0.551933   0.943075   0.513146   0.778431   0.022985   0.325256   0.676848   0.781060   0.562596   0.942729   0.524207   0.780193   0.022625   0.365896   0.667549   0.793392   0.582413   0.941855   0.544851   0.789301   0.022703   0.414169   0.658050   0.809049   0.608354   0.941010   0.572031   0.801635   0.025314   0.456851   0.650688   0.826272   0.637812   0.941092   0.603082   0.811058   0.029647   0.483485   0.646488   0.841741   0.665094   0.941184   0.632004   0.817359   0.033148   0.486584   0.646122   0.853187   0.685817   0.940765   0.654082   0.821299   0.035563   0.464793   0.649518   0.859646   0.697722   0.939924   0.666808   0.823862   0.036944   0.423712   0.655785   0.860657   0.699610   0.938643   0.668833   0.826653   0.036694   0.373185   0.663053   0.856651   0.692198   0.937875   0.660903   0.835278   0.032927   0.328667   0.670819   0.844184   0.669542   0.937828   0.636748   0.849926   0.027942   0.307226   0.677171   0.827840   0.640418   0.938062   0.605813   0.855525   0.029154   0.303734   0.679649   0.817821   0.623022   0.938656   0.587425   0.851715   0.032954   0.303358   0.680151   0.812310   0.613684   0.939319   0.577599   0.849294   0.033443   0.303041   0.680523   0.807529   0.605679   0.939640   0.569196   0.847727   0.032937   0.302823   0.680760   0.803300   0.598662   0.939556   0.561842   0.846459   0.031951   0.302683   0.680879   0.799690   0.592715   0.939483   0.555618   0.845223   0.030846   0.302595   0.680906   0.796681   0.587795   0.939749   0.550476   0.843788   0.030160   0.302526   0.680894   0.794075   0.583568   0.940312   0.546065   0.842287   0.029767 681367
  6   0.115514   0.680731   0.741130   0.502803   0.934460   0.462718   0.675011   0.025848   0.298172   0.689352   0.751467   0.517660   0.933721   0.477881   0.682454   0.025223   0.298736   0.687934   0.752875   0.519701   0.934606   0.479966   0.683719   0.024995   0.299082   0.686773   0.754020   0.521380   0.936701   0.481686   0.685996   0.024530   0.299332   0.685923   0.754137   0.521542   0.937931   0.481851   0.687389   0.024443   0.304049   0.684153   0.755676   0.523798   0.938030   0.484162   0.687080   0.023979   0.329018   0.678038   0.763108   0.535025   0.937574   0.495724   0.688355   0.022898   0.382291   0.666578   0.777093   0.556726   0.936643   0.518188   0.697295   0.022962   0.452145   0.653417   0.796668   0.588279   0.935906   0.551081   0.709984   0.026727   0.522731   0.642014   0.819696   0.627011   0.935965   0.591785   0.719003   0.032885   0.573799   0.634810   0.840939   0.664285   0.935845   0.631268   0.724020   0.038632   0.586596   0.633667   0.856894   0.693308   0.935290   0.662221   0.726900   0.043076   0.555017   0.638800   0.866066   0.710411   0.934406   0.680547   0.729524   0.045938   0.489868   0.648416   0.867873   0.713831   0.933184   0.684223   0.733799   0.046501   0.411662   0.659599   0.862589   0.703910   0.932392   0.673580   0.743155   0.042775   0.344024   0.670455   0.847767   0.676625   0.932304   0.644415   0.758081   0.035788   0.308441   0.679256   0.826742   0.639000   0.932577   0.604412   0.764934   0.034889   0.300236   0.683158   0.812119   0.613640   0.933209   0.577608   0.762103   0.038432   0.299865   0.683658   0.804757   0.601319   0.933893   0.564674   0.760238   0.038867   0.299728   0.683897   0.798684   0.591305   0.934237   0.554190   0.759290   0.038128   0.299709   0.683988   0.793450   0.582780   0.934318   0.545286   0.758577   0.036983   0.299767   0.683976   0.788910   0.575463   0.934365   0.537658   0.757875   0.035753   0.299800   0.683918   0.785032   0.569275   0.934606   0.531220   0.756992   0.034636   0.299739   0.683870   0.781628   0.563903   0.935121   0.525642   0.755871   0.033671 330760
  7   0.126678   0.678638   0.642302   0.375692   0.737868   0.335476   0.437977   0.041325   0.297710   0.685368   0.666545   0.403406   0.735821   0.362628   0.444984   0.040524   0.298348   0.684344   0.669947   0.407542   0.736281   0.366723   0.442076   0.036202   0.298963   0.683343   0.673181   0.411475   0.737991   0.370616   0.441234   0.033608   0.299536   0.682431   0.675542   0.414347   0.739045   0.373460   0.440413   0.032504   0.301307   0.680591   0.678953   0.418561   0.739117   0.377645   0.439802   0.031400   0.313791   0.674501   0.689100   0.431620   0.738732   0.390708   0.440194   0.027515   0.344150   0.664739   0.702424   0.449171   0.737918   0.408341   0.445907   0.024624   0.384787   0.655208   0.714548   0.465674   0.737563   0.425020   0.456149   0.028037   0.425668   0.647391   0.727514   0.483897   0.737866   0.443548   0.465734   0.035397   0.455362   0.642774   0.739131   0.500734   0.737805   0.460766   0.474693   0.043393   0.460981   0.642924   0.747157   0.512677   0.737448   0.473038   0.483688   0.050195   0.441157   0.647622   0.750182   0.517259   0.736910   0.477763   0.493226   0.054484   0.404486   0.655432   0.747385   0.513103   0.736047   0.473493   0.503061   0.054888   0.361372   0.664722   0.739291   0.501137   0.735261   0.461210   0.513211   0.050378   0.324117   0.673937   0.725640   0.481430   0.735129   0.441072   0.524851   0.041352   0.304389   0.680730   0.709838   0.459223   0.735444   0.418494   0.530709   0.036123   0.300130   0.683151   0.700493   0.446407   0.736002   0.405524   0.528440   0.035796   0.300211   0.683140   0.697061   0.441838   0.736529   0.400925   0.525131   0.034615   0.300340   0.683021   0.694315   0.438223   0.736759   0.397294   0.522486   0.033692   0.300467   0.682884   0.691881   0.435052   0.736946   0.394114   0.520324   0.033296   0.300532   0.682784   0.689597   0.432098   0.736991   0.391157   0.518188   0.033066   0.300578   0.682658   0.687656   0.429602   0.737012   0.388660   0.515962   0.032867   0.300644   0.682462   0.686165   0.427694   0.737349   0.386754   0.513865   0.032697 228435
  8   0.145381   0.687983   0.442400   0.189589   0.325297   0.159233   0.240201   0.081988   0.282318   0.704124   0.445109   0.191071   0.325050   0.160499   0.231747   0.100686   0.281701   0.702925   0.445446   0.191313   0.325429   0.160718   0.229315   0.104504   0.281510   0.701462   0.445600   0.191443   0.326717   0.160838   0.227654   0.108836   0.281053   0.700205   0.445163   0.191160   0.327467   0.160587   0.226192   0.115485   0.293563   0.688702   0.452860   0.196689   0.327383   0.165583   0.227749   0.121389   0.351551   0.656027   0.472634   0.211666   0.326780   0.179242   0.232095   0.133434   0.459348   0.613764   0.494743   0.229593   0.325823   0.195780   0.235084   0.162433   0.579210   0.577986   0.514913   0.246847   0.325467   0.211846   0.237418   0.190917   0.680089   0.553195   0.532514   0.262490   0.325775   0.226509   0.240506   0.201428   0.743934   0.542950   0.545861   0.274765   0.325821   0.238086   0.244498   0.204328   0.753545   0.551272   0.553438   0.281972   0.325662   0.244923   0.249633   0.206128   0.706350   0.576399   0.554132   0.282756   0.325353   0.245687   0.255578   0.205728   0.616674   0.612173   0.547639   0.276714   0.324826   0.239977   0.261019   0.200577   0.503611   0.652905   0.534993   0.265006   0.324310   0.228923   0.264322   0.190798   0.391482   0.692065   0.517341   0.249106   0.324223   0.213982   0.264891   0.173844   0.305583   0.724165   0.493472   0.228647   0.324485   0.194922   0.262261   0.146710   0.269660   0.737575   0.474187   0.212837   0.324918   0.180307   0.255783   0.130929   0.267642   0.734616   0.465868   0.206390   0.325254   0.174406   0.248847   0.131101   0.267809   0.730265   0.460607   0.202408   0.325264   0.170776   0.243762   0.133886   0.267962   0.726335   0.456161   0.199105   0.325307   0.167775   0.239644   0.137425   0.268313   0.722856   0.452040   0.196089   0.325329   0.165040   0.236073   0.138051   0.268449   0.720049   0.448125   0.193260   0.325333   0.162482   0.232561   0.137320   0.268489   0.717437   0.444921   0.190979   0.325574   0.160423   0.229248   0.137710 174991
  9   0.155288   0.680571   0.399031   0.159401   0.242084   0.132094   0.224387   0.056292   0.295183   0.688854   0.389757   0.153016   0.241544   0.126365   0.218028   0.068243   0.296098   0.687456   0.390811   0.153638   0.241973   0.126908   0.219595   0.071139   0.296527   0.686656   0.390928   0.153692   0.243270   0.126953   0.220832   0.073608   0.296730   0.686110   0.390563   0.153453   0.244086   0.126741   0.221548   0.076263   0.301485   0.681208   0.392600   0.154732   0.244090   0.127870   0.222502   0.078716   0.328337   0.663113   0.399925   0.159477   0.243591   0.132083   0.224588   0.083417   0.383419   0.635518   0.409928   0.166138   0.242758   0.138025   0.228464   0.095242   0.446943   0.611077   0.420296   0.173221   0.242465   0.144370   0.234057   0.109444   0.500135   0.595330   0.430518   0.180361   0.242857   0.150790   0.240251   0.118491   0.529902   0.591447   0.438564   0.186095   0.243045   0.155964   0.246257   0.124632   0.528712   0.600094   0.442889   0.189227   0.242981   0.158797   0.251520   0.128867   0.499220   0.618040   0.443082   0.189365   0.242718   0.158922   0.255216   0.129494   0.450941   0.640783   0.439361   0.186647   0.242176   0.156460   0.256693   0.124372   0.394548   0.665024   0.432566   0.181743   0.241613   0.152025   0.255930   0.115006   0.341700   0.687639   0.423453   0.175299   0.241473   0.146219   0.253393   0.104492   0.306614   0.702999   0.413586   0.168500   0.241659   0.140120   0.249587   0.094543   0.294405   0.707458   0.406660   0.163854   0.242021   0.135970   0.245394   0.089405   0.293427   0.705862   0.403034   0.161493   0.242330   0.133873   0.241678   0.088598   0.293127   0.704111   0.400089   0.159593   0.242359   0.132187   0.238658   0.090495   0.293003   0.702505   0.397267   0.157791   0.242392   0.130591   0.236197   0.092586   0.292656   0.701206   0.394568   0.156089   0.242381   0.129086   0.233657   0.091809   0.292103   0.700210   0.392172   0.154595   0.242369   0.127768   0.230863   0.090538   0.291667   0.699278   0.390197   0.153374   0.242593   0.126693   0.228244   0.090771 335798
 10   0.116613   0.678434   0.753199   0.519987   0.942512   0.480224   0.769113   0.018863   0.301717   0.685007   0.762230   0.533402   0.941927   0.493996   0.775960   0.017640   0.302068   0.683987   0.763687   0.535598   0.942803   0.496257   0.779879   0.018385   0.302419   0.683038   0.764993   0.537575   0.944934   0.498294   0.784344   0.019030   0.302703   0.682335   0.765293   0.538029   0.946310   0.498761   0.787367   0.019687   0.303683   0.681575   0.765271   0.537981   0.946626   0.498709   0.788761   0.020017   0.312347   0.678896   0.767911   0.542018   0.946360   0.502875   0.788448   0.020510   0.333592   0.673301   0.774377   0.552029   0.945546   0.513232   0.791695   0.020726   0.361085   0.666800   0.783540   0.566476   0.944797   0.528229   0.800118   0.021841   0.386789   0.661314   0.794676   0.584405   0.945051   0.546912   0.808297   0.024598   0.403565   0.657885   0.805249   0.601784   0.945295   0.565092   0.814073   0.026988   0.406031   0.657130   0.813287   0.615250   0.945041   0.579231   0.817635   0.028234   0.393571   0.659021   0.818019   0.623281   0.944413   0.587682   0.819708   0.028501   0.369826   0.663020   0.818936   0.624851   0.943335   0.589337   0.821696   0.027585   0.340789   0.667866   0.816464   0.620645   0.942638   0.584909   0.828722   0.023807   0.316244   0.673162   0.808031   0.606461   0.942553   0.570006   0.842188   0.020314   0.305632   0.677018   0.797971   0.589709   0.942706   0.552439   0.847990   0.021924   0.304368   0.678191   0.792527   0.580801   0.943207   0.543129   0.844693   0.024702   0.304171   0.678503   0.789073   0.575232   0.943786   0.537323   0.842120   0.025581   0.304011   0.678743   0.785948   0.570233   0.944026   0.532121   0.839848   0.025742   0.303871   0.678929   0.783044   0.565620   0.943886   0.527325   0.837888   0.025353   0.303765   0.679038   0.780502   0.561606   0.943764   0.523158   0.836233   0.024824   0.303717   0.679065   0.778429   0.558352   0.943953   0.519782   0.834650   0.024431   0.303713   0.679031   0.776704   0.555659   0.944426   0.516992   0.833140   0.024242 1080692
 11   0.117907   0.679384   0.738417   0.498688   0.934406   0.458479   0.703323   0.022099   0.300942   0.686831   0.748708   0.513419   0.933629   0.473500   0.710411   0.021137   0.301312   0.685659   0.750311   0.515739   0.934412   0.475870   0.713244   0.021236   0.301660   0.684567   0.751845   0.517979   0.936446   0.478163   0.716950   0.020901   0.301943   0.683749   0.752389   0.518771   0.937690   0.478973   0.719548   0.020994   0.303412   0.682764   0.752897   0.519502   0.937861   0.479719   0.720237   0.021037   0.315705   0.679196   0.757107   0.525778   0.937537   0.486167   0.719918   0.020690   0.344519   0.671841   0.766300   0.539726   0.936706   0.500543   0.724950   0.020016   0.381023   0.663318   0.779178   0.559757   0.936049   0.521284   0.735808   0.020841   0.415482   0.656130   0.794513   0.584303   0.936342   0.546838   0.745656   0.023731   0.439470   0.651566   0.808945   0.608083   0.936475   0.571727   0.752444   0.026880   0.445702   0.650406   0.820095   0.626935   0.936126   0.591554   0.757110   0.029325   0.431945   0.652675   0.826965   0.638764   0.935412   0.604038   0.760481   0.030733   0.401273   0.657755   0.828965   0.642243   0.934264   0.607716   0.763700   0.030533   0.361502   0.664029   0.826615   0.638163   0.933475   0.603403   0.771252   0.027289   0.325597   0.670805   0.817061   0.621813   0.933361   0.586168   0.784745   0.023193   0.307377   0.676547   0.803086   0.598265   0.933555   0.561419   0.792645   0.024821   0.303970   0.678944   0.793955   0.583183   0.934088   0.545627   0.791455   0.028911   0.303651   0.679425   0.789163   0.575450   0.934694   0.537564   0.789246   0.029988   0.303404   0.679770   0.785023   0.568840   0.934989   0.530687   0.787607   0.029972   0.303215   0.680020   0.781334   0.563007   0.935015   0.524629   0.786161   0.029514   0.303076   0.680185   0.778107   0.557943   0.935013   0.519377   0.784744   0.028986   0.303017   0.680238   0.775449   0.553794   0.935217   0.515079   0.783240   0.028500   0.302987   0.680232   0.773218   0.550330   0.935694   0.511492   0.781847   0.027914 798542
 12   0.125764   0.677654   0.666501   0.403755   0.762040   0.363040   0.565188   0.030956   0.300969   0.683781   0.681704   0.421838   0.760890   0.380876   0.573585   0.032123   0.301459   0.683309   0.681662   0.421810   0.761480   0.380853   0.572970   0.029812   0.301891   0.682726   0.682015   0.422273   0.763233   0.381317   0.574166   0.028933   0.302189   0.682284   0.681721   0.421909   0.764334   0.380956   0.574674   0.028729   0.303145   0.681581   0.681357   0.421459   0.764358   0.380509   0.574436   0.028306   0.312484   0.678190   0.683901   0.424787   0.763787   0.383848   0.574556   0.026937   0.337366   0.671191   0.689221   0.431728   0.762768   0.390808   0.579787   0.026329   0.371409   0.663561   0.695224   0.439601   0.762326   0.398711   0.590811   0.029884   0.402555   0.657797   0.701551   0.448001   0.762695   0.407162   0.602520   0.035942   0.422559   0.654712   0.707073   0.455427   0.762781   0.414649   0.612553   0.041255   0.425199   0.654896   0.710828   0.460522   0.762557   0.419796   0.620159   0.044705   0.408761   0.658404   0.711785   0.461822   0.762129   0.421109   0.625091   0.045250   0.379780   0.664243   0.709510   0.458711   0.761408   0.417963   0.627388   0.042286   0.346835   0.671178   0.704680   0.452155   0.760704   0.411340   0.627678   0.036391   0.318948   0.677822   0.697955   0.443099   0.760575   0.402206   0.627861   0.030041   0.304893   0.681911   0.691430   0.434382   0.760883   0.393429   0.625991   0.027145   0.302215   0.682806   0.688159   0.430056   0.761402   0.389079   0.621265   0.026879   0.302273   0.682500   0.687126   0.428711   0.761843   0.387732   0.616687   0.026614   0.302363   0.682198   0.686163   0.427472   0.761929   0.386492   0.612712   0.026610   0.302459   0.681941   0.685123   0.426144   0.762002   0.385165   0.609185   0.026983   0.302542   0.681736   0.684005   0.424722   0.762026   0.383747   0.605836   0.027515   0.302609   0.681536   0.682999   0.423450   0.762055   0.382478   0.602579   0.027834   0.302677   0.681296   0.682266   0.422527   0.762373   0.381560   0.599563   0.028138 337364
 13   0.143482   0.678691   0.515203   0.247018   0.452799   0.211988   0.330297   0.038809   0.298659   0.685651   0.526910   0.256311   0.451906   0.220520   0.332106   0.043676   0.299188   0.684988   0.526986   0.256331   0.452375   0.220532   0.332340   0.041956   0.299453   0.684362   0.526963   0.256287   0.453825   0.220486   0.332601   0.041598   0.299613   0.683842   0.526820   0.256148   0.454740   0.220354   0.332660   0.042173   0.302083   0.681252   0.528397   0.257536   0.454736   0.221652   0.333283   0.042888   0.320793   0.670908   0.534786   0.263339   0.454187   0.227109   0.335718   0.042794   0.363545   0.653788   0.542835   0.270804   0.453262   0.234153   0.342248   0.046714   0.414521   0.637994   0.550493   0.278057   0.452893   0.241025   0.352339   0.056645   0.454669   0.628258   0.558112   0.285388   0.453243   0.247989   0.362762   0.067314   0.473412   0.626107   0.563724   0.290876   0.453368   0.253217   0.372134   0.076024   0.466964   0.631582   0.566328   0.293461   0.453237   0.255687   0.379589   0.081717   0.440622   0.642325   0.565538   0.292691   0.452912   0.254954   0.384641   0.082892   0.403544   0.655464   0.561504   0.288712   0.452322   0.251157   0.386916   0.078520   0.363006   0.669268   0.555073   0.282430   0.451713   0.245175   0.386431   0.069439   0.327351   0.681786   0.547536   0.275194   0.451573   0.238303   0.383631   0.058388   0.305825   0.689836   0.540601   0.268658   0.451816   0.232116   0.378801   0.050474   0.299417   0.691917   0.536676   0.265019   0.452245   0.228683   0.373139   0.047886   0.298948   0.691210   0.535109   0.263602   0.452607   0.227351   0.368075   0.047668   0.298584   0.690606   0.533601   0.262256   0.452657   0.226089   0.363661   0.048461   0.298227   0.690132   0.532114   0.260937   0.452712   0.224854   0.359631   0.049675   0.297976   0.689655   0.530693   0.259679   0.452726   0.223676   0.355942   0.050144   0.297788   0.689202   0.529326   0.258474   0.452736   0.222549   0.352513   0.050219   0.297559   0.688827   0.528143   0.257441   0.453003   0.221584   0.349260   0.050483 343058
 14   0.149386   0.679104   0.459913   0.201971   0.352096   0.170392   0.277897   0.048184   0.297701   0.686418   0.465113   0.205335   0.351540   0.173370   0.276047   0.055418   0.298158   0.685640   0.465481   0.205577   0.351965   0.173584   0.276513   0.056318   0.298463   0.684869   0.465902   0.205883   0.353337   0.173861   0.277027   0.057561   0.298671   0.684199   0.466022   0.205971   0.354200   0.173941   0.277275   0.059391   0.301855   0.681049   0.467848   0.207373   0.354180   0.175221   0.278059   0.060987   0.322984   0.668857   0.474274   0.212432   0.353643   0.179863   0.280636   0.062337   0.369028   0.649090   0.483138   0.219587   0.352764   0.186455   0.285882   0.069348   0.423921   0.630690   0.492734   0.227522   0.352421   0.193799   0.293059   0.082135   0.469342   0.618704   0.502302   0.235572   0.352767   0.201271   0.300694   0.093589   0.493631   0.615388   0.509653   0.241872   0.352906   0.207137   0.307775   0.102413   0.491689   0.621018   0.513680   0.245400   0.352792   0.210436   0.313520   0.108431   0.466005   0.633469   0.513816   0.245549   0.352478   0.210579   0.317419   0.110260   0.425048   0.649468   0.510020   0.242240   0.351905   0.207489   0.319015   0.106018   0.377621   0.666754   0.503117   0.236268   0.351325   0.201919   0.318293   0.096246   0.333830   0.682996   0.494250   0.228744   0.351197   0.194925   0.315601   0.083789   0.306090   0.693982   0.485104   0.221157   0.351430   0.187900   0.311154   0.073715   0.297218   0.697181   0.479172   0.216331   0.351848   0.183446   0.306048   0.069759   0.296622   0.696250   0.476434   0.214154   0.352203   0.181445   0.301763   0.069319   0.296336   0.695261   0.474108   0.212328   0.352257   0.179772   0.298300   0.070460   0.296087   0.694349   0.472049   0.210729   0.352307   0.178307   0.295249   0.071867   0.295873   0.693483   0.470264   0.209353   0.352311   0.177050   0.292348   0.071880   0.295654   0.692724   0.468637   0.208107   0.352317   0.175912   0.289524   0.071420   0.295410   0.692055   0.467275   0.207073   0.352569   0.174968   0.286883   0.071689 399955
 15   0.118541   0.677945   0.737906   0.497619   0.939934   0.457324   0.746163   0.018733   0.302012   0.684095   0.746942   0.510598   0.939227   0.470568   0.751642   0.017417   0.302370   0.683196   0.748449   0.512791   0.940017   0.472810   0.754554   0.018293   0.302722   0.682338   0.749819   0.514794   0.942048   0.474860   0.758215   0.018959   0.303003   0.681715   0.750182   0.515322   0.943335   0.475400   0.760881   0.019486   0.303483   0.681213   0.749870   0.514850   0.943579   0.474914   0.762217   0.019724   0.309320   0.679353   0.751372   0.517060   0.943313   0.477178   0.761523   0.020323   0.325380   0.674969   0.756107   0.524112   0.942536   0.484422   0.763517   0.020785   0.347060   0.669544   0.763345   0.535054   0.941887   0.495691   0.771059   0.021639   0.367834   0.664795   0.772523   0.549172   0.942245   0.510279   0.779216   0.023928   0.382330   0.661657   0.781521   0.563265   0.942549   0.524891   0.785193   0.026185   0.384901   0.660854   0.788466   0.574331   0.942385   0.536398   0.788993   0.027299   0.374553   0.662408   0.792491   0.580815   0.941847   0.543156   0.791143   0.027346   0.355051   0.665745   0.793092   0.581795   0.940847   0.544180   0.793031   0.026325   0.331945   0.669793   0.790666   0.577887   0.940172   0.540108   0.799364   0.023006   0.313072   0.674195   0.783344   0.566192   0.940090   0.527938   0.810395   0.020594   0.305102   0.677302   0.775056   0.553070   0.940240   0.514307   0.813567   0.022680   0.304226   0.678185   0.770692   0.546268   0.940701   0.507261   0.809276   0.025204   0.304101   0.678417   0.767859   0.541905   0.941235   0.502752   0.806442   0.025710   0.303997   0.678586   0.765316   0.538014   0.941458   0.498736   0.804101   0.025610   0.303912   0.678729   0.762939   0.534399   0.941362   0.495009   0.801809   0.025399   0.303857   0.678827   0.760822   0.531196   0.941247   0.491710   0.799659   0.025188   0.303833   0.678860   0.759067   0.528555   0.941393   0.488992   0.797780   0.024872   0.303840   0.678833   0.757653   0.526434   0.941831   0.486810   0.796050   0.024585 1310136
 16   0.120107   0.679028   0.720649   0.473507   0.931933   0.432845   0.679515   0.023906   0.301406   0.686187   0.732018   0.489186   0.931020   0.448725   0.683481   0.021913   0.301705   0.685130   0.733662   0.491493   0.931667   0.451069   0.683682   0.021614   0.301989   0.684124   0.735253   0.493747   0.933510   0.453362   0.685382   0.020846   0.302218   0.683374   0.735874   0.494629   0.934604   0.454260   0.686704   0.020383   0.302837   0.682736   0.735865   0.494605   0.934686   0.454234   0.686873   0.020114   0.310001   0.680564   0.737967   0.497620   0.934319   0.457309   0.685040   0.019905   0.329326   0.675280   0.743859   0.506168   0.933513   0.466047   0.685952   0.019437   0.355182   0.668494   0.752869   0.519454   0.933018   0.479668   0.692947   0.020151   0.379593   0.662525   0.764106   0.536373   0.933424   0.497083   0.701164   0.022539   0.396744   0.658512   0.775191   0.553441   0.933613   0.514722   0.707369   0.024882   0.401407   0.657190   0.784137   0.567505   0.933361   0.529314   0.711698   0.026330   0.391386   0.658786   0.789779   0.576510   0.932779   0.538682   0.715150   0.026720   0.369154   0.662790   0.791391   0.579108   0.931777   0.541390   0.718764   0.025823   0.341155   0.667850   0.789348   0.575834   0.931046   0.537982   0.725883   0.022584   0.316937   0.673333   0.781438   0.563276   0.930947   0.524929   0.737983   0.019788   0.305581   0.677431   0.771428   0.547529   0.931171   0.508590   0.744296   0.021782   0.303833   0.678783   0.765755   0.538741   0.931707   0.499497   0.742267   0.025066   0.303721   0.679040   0.762501   0.533783   0.932258   0.494384   0.739851   0.026233   0.303631   0.679238   0.759587   0.529379   0.932481   0.489847   0.737939   0.026563   0.303542   0.679406   0.756897   0.525342   0.932513   0.485695   0.736314   0.026628   0.303471   0.679543   0.754444   0.521684   0.932489   0.481937   0.734675   0.026726   0.303435   0.679630   0.752294   0.518497   0.932612   0.478667   0.733232   0.026680   0.303437   0.679653   0.750445   0.515768   0.933026   0.475868   0.732087   0.026621 744360
 17   0.121925   0.679509   0.699119   0.444599   0.928825   0.403706   0.580654   0.024448   0.300536   0.687199   0.711116   0.460332   0.927730   0.419496   0.583995   0.023484   0.300834   0.686250   0.712287   0.461883   0.928250   0.421055   0.582102   0.023186   0.301118   0.685330   0.713452   0.463452   0.929931   0.422637   0.582644   0.022341   0.301368   0.684616   0.713809   0.463931   0.930962   0.423120   0.583556   0.021954   0.301985   0.684024   0.713630   0.463681   0.931097   0.422866   0.583770   0.021829   0.309159   0.682076   0.715869   0.466760   0.930822   0.425983   0.582795   0.021242   0.328162   0.677168   0.722259   0.475616   0.930131   0.434960   0.584639   0.019981   0.353415   0.670626   0.731641   0.488834   0.929772   0.448400   0.592940   0.019977   0.377454   0.664621   0.743104   0.505364   0.930211   0.465279   0.603925   0.021658   0.394785   0.660364   0.754709   0.522520   0.930397   0.482879   0.613025   0.023549   0.400307   0.658686   0.764327   0.537076   0.930171   0.497876   0.619700   0.024880   0.391611   0.659868   0.770380   0.546402   0.929578   0.507517   0.625656   0.025346   0.370328   0.663473   0.772092   0.549087   0.928511   0.510302   0.632287   0.024366   0.342153   0.668231   0.769866   0.545672   0.927709   0.506774   0.641764   0.021251   0.317076   0.673831   0.760958   0.532072   0.927531   0.492740   0.653592   0.019268   0.304918   0.678422   0.749489   0.514731   0.927692   0.474875   0.659170   0.022033   0.302877   0.680049   0.743029   0.505132   0.928236   0.465019   0.657769   0.025586   0.302746   0.680334   0.739571   0.500106   0.928837   0.459879   0.655733   0.026718   0.302673   0.680525   0.736615   0.495855   0.929141   0.455541   0.653871   0.026935   0.302680   0.680636   0.733960   0.492069   0.929251   0.451683   0.652397   0.027144   0.302749   0.680697   0.731567   0.488673   0.929255   0.448226   0.650956   0.027663   0.302858   0.680696   0.729500   0.485756   0.929358   0.445259   0.649670   0.028135   0.302985   0.680615   0.727802   0.483370   0.929718   0.442834   0.648886   0.028329 331932
 18   0.131962   0.677780   0.617527   0.347257   0.660709   0.307595   0.464282   0.034782   0.300142   0.683885   0.631574   0.361658   0.659417   0.321426   0.470243   0.037218   0.300709   0.683137   0.632601   0.362761   0.659950   0.322494   0.469032   0.033979   0.301200   0.682347   0.633832   0.364131   0.661595   0.323829   0.469519   0.032297   0.301510   0.681790   0.634130   0.364453   0.662625   0.324142   0.469957   0.031738   0.302875   0.680514   0.634843   0.365258   0.662641   0.324928   0.470165   0.031483   0.315084   0.675060   0.639697   0.370917   0.662096   0.330488   0.471522   0.030181   0.345745   0.665268   0.646902   0.379408   0.661133   0.338847   0.478263   0.030548   0.385603   0.655616   0.653811   0.387685   0.660733   0.347019   0.490093   0.035875   0.420603   0.648942   0.660731   0.396119   0.661099   0.355374   0.502404   0.043856   0.440684   0.646277   0.666079   0.402735   0.661193   0.361946   0.513358   0.051004   0.439979   0.647993   0.668929   0.406298   0.661005   0.365492   0.522074   0.055441   0.420003   0.653411   0.668737   0.406072   0.660621   0.365270   0.528074   0.056328   0.387939   0.661158   0.665324   0.401834   0.659947   0.361057   0.531165   0.053111   0.352040   0.669904   0.659441   0.394577   0.659264   0.353854   0.531648   0.046274   0.321568   0.678071   0.652097   0.385626   0.659114   0.344987   0.530996   0.038611   0.305299   0.683255   0.645114   0.377218   0.659390   0.336677   0.528282   0.034758   0.301624   0.684532   0.641458   0.372867   0.659872   0.332385   0.523413   0.034339   0.301635   0.684138   0.640277   0.371489   0.660285   0.331031   0.518914   0.034110   0.301676   0.683759   0.639179   0.370217   0.660367   0.329783   0.515110   0.034186   0.301703   0.683431   0.638126   0.369006   0.660448   0.328596   0.511755   0.034547   0.301730   0.683151   0.637050   0.367774   0.660476   0.327390   0.508549   0.034787   0.301761   0.682880   0.636046   0.366627   0.660496   0.326267   0.505417   0.034888   0.301786   0.682581   0.635322   0.365806   0.660797   0.325464   0.502611   0.034901 391679
 19   0.136827   0.678415   0.569993   0.298075   0.563299   0.260250   0.386453   0.037958   0.298473   0.685150   0.584571   0.311190   0.562152   0.272554   0.390768   0.040957   0.299063   0.684472   0.585277   0.311862   0.562662   0.273191   0.390143   0.037069   0.299474   0.683755   0.585695   0.312264   0.564216   0.273572   0.390693   0.036020   0.299730   0.683226   0.585523   0.312082   0.565185   0.273396   0.391155   0.035848   0.301850   0.681060   0.586917   0.313481   0.565191   0.274734   0.391909   0.035821   0.318773   0.672677   0.593495   0.320331   0.564636   0.281332   0.394593   0.034874   0.358589   0.659064   0.601601   0.328938   0.563684   0.289650   0.402400   0.037233   0.407525   0.646518   0.608676   0.336620   0.563309   0.297104   0.414539   0.045281   0.447511   0.638594   0.615700   0.344384   0.563669   0.304662   0.426788   0.054740   0.467793   0.636373   0.620773   0.350087   0.563777   0.310231   0.437769   0.062751   0.463383   0.639989   0.622973   0.352600   0.563621   0.312693   0.446771   0.067723   0.437417   0.648192   0.621793   0.351278   0.563267   0.311402   0.453289   0.068279   0.399546   0.658745   0.617331   0.346259   0.562635   0.306501   0.456893   0.063812   0.359025   0.669873   0.610711   0.338899   0.562004   0.299329   0.457400   0.055400   0.324734   0.679937   0.603159   0.330637   0.561870   0.291301   0.455547   0.045763   0.305342   0.686367   0.596234   0.323186   0.562129   0.284083   0.451617   0.039640   0.300180   0.688011   0.592530   0.319258   0.562584   0.280288   0.446273   0.038045   0.299947   0.687505   0.591295   0.317981   0.562971   0.279059   0.441227   0.037936   0.299735   0.687087   0.590066   0.316723   0.563033   0.277851   0.436797   0.038484   0.299526   0.686750   0.588877   0.315514   0.563096   0.276691   0.432684   0.039341   0.299407   0.686393   0.587790   0.314414   0.563108   0.275637   0.428842   0.039838   0.299361   0.686011   0.586762   0.313375   0.563119   0.274641   0.425292   0.040013   0.299268   0.685695   0.585825   0.312437   0.563405   0.273744   0.421946   0.040315 348489
 20   0.119788   0.677296   0.728951   0.484874   0.936024   0.444343   0.731616   0.021124   0.302628   0.682969   0.737276   0.496567   0.935346   0.456224   0.736242   0.019489   0.302903   0.682357   0.738070   0.497681   0.936079   0.457356   0.738380   0.019836   0.303155   0.681733   0.738854   0.498799   0.938002   0.458495   0.741138   0.020144   0.303347   0.681343   0.738639   0.498486   0.939225   0.458175   0.742811   0.020649   0.303557   0.681151   0.737558   0.496927   0.939430   0.456583   0.743052   0.021110   0.307339   0.680087   0.737548   0.496914   0.939147   0.456570   0.741047   0.022364   0.319094   0.677061   0.740025   0.500501   0.938418   0.460234   0.740347   0.023910   0.336056   0.672990   0.744583   0.507150   0.937853   0.467037   0.744373   0.025527   0.352633   0.669308   0.750747   0.516246   0.938275   0.476364   0.750015   0.028161   0.364317   0.666863   0.756881   0.525412   0.938670   0.485785   0.754329   0.030829   0.366516   0.666252   0.761404   0.532249   0.938634   0.492827   0.757067   0.032216   0.358191   0.667535   0.763519   0.535471   0.938195   0.496150   0.758462   0.031972   0.342716   0.670218   0.762883   0.534510   0.937292   0.495161   0.759228   0.030122   0.324892   0.673437   0.760004   0.530150   0.936650   0.490668   0.762493   0.025965   0.310483   0.676769   0.754140   0.521326   0.936539   0.481587   0.767883   0.022461   0.304463   0.678905   0.748177   0.512421   0.936670   0.472436   0.767924   0.023169   0.303927   0.679410   0.745014   0.507760   0.937105   0.467658   0.763762   0.024798   0.303907   0.679527   0.742845   0.504590   0.937601   0.464413   0.760815   0.024874   0.303899   0.679582   0.740929   0.501805   0.937798   0.461565   0.758265   0.024471   0.303906   0.679624   0.739175   0.499268   0.937673   0.458974   0.755519   0.024426   0.303921   0.679645   0.737640   0.497059   0.937496   0.456719   0.752742   0.024737   0.303940   0.679603   0.736431   0.495324   0.937566   0.454950   0.750442   0.024822   0.303978   0.679495   0.735526   0.494031   0.937923   0.453632   0.748728   0.024738 787538
 21   0.121637   0.677942   0.707770   0.455959   0.899553   0.415109   0.672316   0.025564   0.302281   0.684383   0.718375   0.470083   0.898798   0.429324   0.676139   0.024998   0.302602   0.683991   0.718222   0.469881   0.899415   0.429121   0.675253   0.024955   0.302877   0.683509   0.718298   0.470013   0.901197   0.429260   0.675245   0.024673   0.303097   0.683202   0.717554   0.469025   0.902343   0.428266   0.674657   0.024984   0.303401   0.683055   0.715993   0.466907   0.902453   0.426128   0.673248   0.025479   0.307955   0.681829   0.715653   0.466490   0.902019   0.425715   0.670886   0.026146   0.322154   0.678159   0.717968   0.469737   0.901177   0.429013   0.670733   0.026764   0.342982   0.673114   0.722554   0.476130   0.900763   0.435501   0.675557   0.028329   0.363426   0.668504   0.728813   0.484930   0.901220   0.444445   0.682438   0.031055   0.378197   0.665285   0.735293   0.494149   0.901466   0.453837   0.688399   0.033594   0.382002   0.664219   0.740537   0.501698   0.901338   0.461542   0.692817   0.034936   0.373030   0.665541   0.743487   0.505971   0.900878   0.465910   0.695773   0.034441   0.354295   0.668835   0.743451   0.505903   0.900011   0.465837   0.697872   0.031877   0.331848   0.673143   0.740711   0.501892   0.899287   0.461731   0.700755   0.027224   0.313224   0.677483   0.735079   0.493710   0.899135   0.453365   0.705277   0.023518   0.304602   0.680149   0.729263   0.485326   0.899340   0.444804   0.706151   0.023521   0.303437   0.680695   0.726332   0.481147   0.899831   0.440546   0.702875   0.024619   0.303498   0.680624   0.724815   0.479009   0.900311   0.438371   0.699987   0.024920   0.303550   0.680538   0.723470   0.477126   0.900457   0.436460   0.697370   0.025053   0.303605   0.680455   0.722227   0.475399   0.900459   0.434708   0.694833   0.025413   0.303671   0.680376   0.721068   0.473796   0.900384   0.433085   0.692274   0.026103   0.303728   0.680256   0.720118   0.472487   0.900417   0.431759   0.689979   0.026540   0.303791   0.680088   0.719410   0.471514   0.900743   0.430774   0.688181   0.026668 470870
 22   0.119186   0.680871   0.718976   0.471595   0.927913   0.430981   0.605300   0.026866   0.299701   0.689688   0.732133   0.489683   0.926811   0.449294   0.610455   0.025466   0.300160   0.688299   0.733951   0.492253   0.927463   0.451908   0.609146   0.025084   0.300534   0.687042   0.735597   0.494596   0.929347   0.454295   0.609552   0.024285   0.300845   0.686067   0.736314   0.495624   0.930436   0.455344   0.610034   0.023981   0.302697   0.684952   0.737111   0.496762   0.930497   0.456504   0.609648   0.023565   0.317211   0.680998   0.742038   0.503933   0.930067   0.463840   0.610201   0.021810   0.351391   0.672399   0.752477   0.519335   0.929115   0.479635   0.616886   0.019963   0.395605   0.661948   0.767068   0.541388   0.928527   0.502352   0.629920   0.021293   0.438994   0.652782   0.784886   0.569227   0.928820   0.531207   0.641795   0.025029   0.472767   0.646397   0.802404   0.597579   0.928830   0.560787   0.649602   0.028892   0.484424   0.644316   0.816373   0.620939   0.928398   0.585306   0.655483   0.031794   0.466705   0.647281   0.824988   0.635688   0.927620   0.600857   0.660572   0.033306   0.426162   0.654120   0.827454   0.639964   0.926432   0.605375   0.666385   0.033103   0.375000   0.662320   0.824565   0.634966   0.925604   0.600095   0.676036   0.029628   0.329847   0.671029   0.812885   0.615066   0.925493   0.579135   0.690098   0.024865   0.306981   0.678365   0.795759   0.586469   0.925746   0.549127   0.698090   0.026149   0.302390   0.681272   0.784768   0.568579   0.926350   0.530444   0.697224   0.030403   0.302226   0.681602   0.779413   0.560092   0.926970   0.521625   0.695090   0.031775   0.302126   0.681834   0.774797   0.552863   0.927241   0.514130   0.693348   0.032118   0.302091   0.681978   0.770714   0.546533   0.927339   0.507579   0.691958   0.032120   0.302090   0.682058   0.767081   0.540954   0.927394   0.501816   0.690703   0.032096   0.302071   0.682107   0.763867   0.536063   0.927575   0.496772   0.689529   0.031945   0.302064   0.682088   0.761133   0.531936   0.928042   0.492523   0.688634   0.031508 375546
 23   0.122114   0.678501   0.692830   0.437355   0.821394   0.396612   0.517720   0.039554   0.299216   0.684872   0.718055   0.470182   0.820099   0.429524   0.518188   0.040301   0.299981   0.683602   0.722518   0.476371   0.820616   0.435800   0.513765   0.036501   0.300627   0.682643   0.725318   0.480253   0.822459   0.439736   0.513203   0.034779   0.301126   0.681860   0.727026   0.482617   0.823623   0.442132   0.512963   0.034602   0.302590   0.680520   0.729278   0.485751   0.823739   0.445312   0.512835   0.033711   0.313558   0.675987   0.737483   0.497540   0.823404   0.457344   0.514284   0.029243   0.340170   0.668202   0.749162   0.514609   0.822618   0.474820   0.522933   0.023961   0.375687   0.660128   0.759836   0.530624   0.822231   0.491296   0.537226   0.024080   0.410636   0.653426   0.770908   0.547676   0.822561   0.508925   0.550538   0.028928   0.436468   0.649235   0.780669   0.563067   0.822555   0.524908   0.562489   0.035063   0.443491   0.648748   0.787284   0.573696   0.822211   0.535984   0.573741   0.040709   0.428124   0.652170   0.789505   0.577311   0.821640   0.539760   0.584547   0.044311   0.396352   0.658403   0.786753   0.572874   0.820695   0.535133   0.594834   0.044144   0.357176   0.666073   0.779488   0.561241   0.819911   0.523019   0.605980   0.039745   0.322527   0.674011   0.766467   0.540864   0.819832   0.501888   0.619544   0.032645   0.304776   0.679954   0.751387   0.517799   0.820158   0.478073   0.626601   0.029547   0.301407   0.682032   0.742816   0.504980   0.820726   0.464894   0.624335   0.030015   0.301489   0.682040   0.739652   0.500380   0.821279   0.460190   0.620413   0.029590   0.301615   0.681947   0.737173   0.496818   0.821531   0.456554   0.616763   0.029560   0.301750   0.681843   0.734943   0.493646   0.821677   0.453324   0.613604   0.030022   0.301869   0.681759   0.732938   0.490814   0.821668   0.450442   0.610523   0.030682   0.301969   0.681624   0.731362   0.488598   0.821691   0.448189   0.607475   0.031074   0.302072   0.681417   0.730155   0.486911   0.822056   0.446477   0.604845   0.031210 264263
 24   0.129071   0.689702   0.584947   0.314113   0.610533   0.275787   0.351966   0.063207   0.286492   0.706549   0.619349   0.349263   0.606585   0.309553   0.354576   0.062338   0.286793   0.703902   0.622431   0.352643   0.606803   0.312840   0.347181   0.062104   0.287268   0.701796   0.623703   0.354062   0.608247   0.314223   0.344499   0.062181   0.287681   0.700196   0.623407   0.353745   0.609129   0.313916   0.342878   0.062424   0.295594   0.691917   0.630423   0.361407   0.609073   0.321362   0.343431   0.062266   0.338150   0.666816   0.650468   0.384557   0.608393   0.344088   0.347059   0.067971   0.425858   0.631806   0.674607   0.414283   0.607239   0.373606   0.351370   0.089954   0.531785   0.601769   0.698599   0.445730   0.606636   0.405191   0.354682   0.121114   0.625986   0.583617   0.720792   0.476203   0.606656   0.436060   0.358125   0.147786   0.684129   0.579514   0.736536   0.498674   0.606376   0.458985   0.364523   0.167444   0.688503   0.589343   0.744029   0.509702   0.605982   0.470300   0.374396   0.180201   0.638264   0.610749   0.742256   0.507291   0.605616   0.467864   0.386869   0.185137   0.551408   0.638943   0.731458   0.491917   0.605146   0.452185   0.399975   0.180761   0.452048   0.668818   0.713728   0.467179   0.604680   0.427047   0.411246   0.165394   0.363598   0.694911   0.692654   0.438591   0.604721   0.398144   0.418721   0.137385   0.305390   0.713200   0.669966   0.409008   0.605216   0.368452   0.419938   0.102557   0.284840   0.718922   0.653830   0.388737   0.605852   0.348243   0.414666   0.081001   0.284177   0.716110   0.647124   0.380717   0.606294   0.340321   0.407274   0.075064   0.283930   0.713389   0.642784   0.375656   0.606342   0.335344   0.400281   0.072897   0.283527   0.711179   0.639307   0.371674   0.606453   0.331442   0.393464   0.072855   0.283331   0.709318   0.636028   0.367961   0.606533   0.327810   0.387037   0.073066   0.283405   0.707687   0.632692   0.364201   0.606570   0.324136   0.381292   0.072680   0.283569   0.706225   0.629547   0.360681   0.606899   0.320699   0.376356   0.072374 97678
