timestamp=                2021-11-15T20:22:39.283152
shape=                    (5, 5)
sigma=                    2.5
nepochs=                  3
thresh=                   None
rate=                     0.007
neighborhood function=    gaussian
init weights=             pca
topology=                 hexagonal
activation distance=      euclidean
output type=              labels
mapfile_prefix=           full2018_5x5_3_007_3_01
apply classification=     False
seed=                     None
random order=             True
custom init file=         None
order labels by size=     False
decay_function=           3

Quantization Error=       0.34762630
Topographic Error=        0.10538768

############ NEURONS #############
 25 192
  0   0.112950   0.681053   0.764169   0.536664   0.935788   0.497420   0.723045   0.024290   0.297815   0.689900   0.769986   0.545464   0.935355   0.506484   0.733191   0.026167   0.298582   0.688391   0.770757   0.546633   0.936564   0.507690   0.736564   0.027011   0.299111   0.687183   0.771339   0.547524   0.938834   0.508609   0.740410   0.027005   0.299507   0.686262   0.771077   0.547102   0.940272   0.508170   0.743419   0.026742   0.308785   0.683113   0.774686   0.552685   0.940459   0.513945   0.744621   0.025728   0.348653   0.673358   0.787504   0.573046   0.939975   0.535111   0.751179   0.024155   0.426467   0.657774   0.808803   0.608238   0.939020   0.571968   0.767831   0.025091   0.524715   0.641647   0.835979   0.655451   0.938021   0.621888   0.783510   0.030494   0.617275   0.628870   0.864272   0.707250   0.937802   0.677203   0.791745   0.037187   0.671771   0.622502   0.887705   0.752274   0.937565   0.725727   0.794165   0.042223   0.663251   0.624691   0.903219   0.783259   0.936868   0.759365   0.793017   0.046042   0.600175   0.633786   0.910009   0.797199   0.935822   0.774579   0.792350   0.048878   0.512070   0.646023   0.908347   0.793947   0.934418   0.771063   0.795916   0.049876   0.420738   0.658645   0.898885   0.774941   0.933618   0.750404   0.807424   0.047383   0.345608   0.670429   0.878830   0.735475   0.933605   0.707675   0.826057   0.041459   0.307983   0.679921   0.853699   0.687603   0.933895   0.656163   0.832286   0.040724   0.300530   0.684172   0.837180   0.657329   0.934539   0.623828   0.827399   0.043306   0.300041   0.684818   0.828478   0.641952   0.935263   0.607519   0.826520   0.042458   0.299745   0.685221   0.821234   0.629372   0.935686   0.594220   0.826502   0.040986   0.299582   0.685434   0.814958   0.618630   0.935688   0.582895   0.826686   0.039132   0.299544   0.685481   0.809642   0.609641   0.935651   0.573439   0.826555   0.037431   0.299539   0.685397   0.805241   0.602270   0.935963   0.565699   0.825943   0.036260   0.299425   0.685340   0.801259   0.595689   0.936594   0.558807   0.824887   0.035301 295122
  1   0.117350   0.682613   0.710448   0.460797   0.901672   0.420217   0.515118   0.033773   0.295261   0.692876   0.725762   0.482039   0.900520   0.441759   0.518615   0.033554   0.296023   0.691265   0.728157   0.485565   0.901181   0.445373   0.514824   0.032073   0.296495   0.690054   0.729508   0.487527   0.903125   0.447378   0.514729   0.030796   0.296935   0.688962   0.730303   0.488702   0.904278   0.448582   0.515696   0.030420   0.302542   0.685922   0.734709   0.494880   0.904379   0.454866   0.517042   0.029023   0.332536   0.676807   0.748273   0.514600   0.903932   0.475054   0.524028   0.024318   0.400323   0.661184   0.769687   0.546936   0.902924   0.508378   0.540486   0.021750   0.491580   0.643976   0.796742   0.589866   0.902176   0.553028   0.557302   0.026911   0.586425   0.629207   0.826638   0.640160   0.902109   0.605905   0.566925   0.036126   0.658316   0.619934   0.852876   0.686787   0.901739   0.655431   0.571507   0.046247   0.675008   0.619323   0.871256   0.720966   0.901007   0.692043   0.575039   0.055670   0.629850   0.627133   0.880417   0.738513   0.900028   0.710946   0.580085   0.062541   0.541125   0.640651   0.879980   0.737717   0.898776   0.710096   0.588141   0.064801   0.438078   0.655716   0.870916   0.720410   0.898035   0.691465   0.603844   0.059502   0.352075   0.669772   0.849884   0.681437   0.898145   0.649746   0.628907   0.046877   0.307357   0.681819   0.820385   0.628926   0.898662   0.593954   0.643176   0.040423   0.297555   0.687322   0.800742   0.595313   0.899518   0.558509   0.641736   0.041001   0.297597   0.687587   0.792403   0.581648   0.900373   0.544215   0.639284   0.039819   0.297850   0.687515   0.785887   0.571147   0.900818   0.533267   0.637466   0.038680   0.298146   0.687329   0.780463   0.562556   0.900991   0.524338   0.635856   0.037944   0.298367   0.687140   0.775722   0.555157   0.901038   0.516669   0.634246   0.037207   0.298586   0.686827   0.771737   0.548985   0.901205   0.510281   0.632898   0.036383   0.298858   0.686366   0.768650   0.544236   0.901671   0.505372   0.631365   0.035485 114894
  2   0.139604   0.689794   0.503302   0.237491   0.437297   0.203217   0.286241   0.062642   0.286005   0.707469   0.523639   0.254187   0.437105   0.218655   0.286188   0.068780   0.285551   0.705996   0.524542   0.254988   0.437420   0.219406   0.281952   0.069196   0.285488   0.704528   0.524824   0.255255   0.438771   0.219659   0.278783   0.070754   0.285423   0.703268   0.524417   0.254925   0.439573   0.219354   0.275970   0.073714   0.295690   0.692350   0.531500   0.261091   0.439479   0.225112   0.276212   0.076323   0.347263   0.658231   0.550752   0.278720   0.438800   0.241721   0.280029   0.082648   0.447802   0.610434   0.573436   0.300841   0.437713   0.262793   0.284139   0.103134   0.563768   0.568579   0.595496   0.323613   0.437207   0.284703   0.287881   0.129874   0.663010   0.541789   0.615395   0.345106   0.437349   0.305551   0.292400   0.148922   0.723109   0.534861   0.630070   0.361661   0.437215   0.321735   0.298656   0.162341   0.727737   0.549171   0.638042   0.371021   0.436911   0.330950   0.306886   0.172392   0.675899   0.580798   0.637888   0.371078   0.436536   0.331048   0.316548   0.177682   0.584336   0.621737   0.629365   0.361467   0.436015   0.321652   0.325738   0.175803   0.476557   0.664056   0.614255   0.344532   0.435532   0.305112   0.332472   0.164727   0.376591   0.700908   0.595285   0.323823   0.435539   0.284982   0.335361   0.142009   0.305676   0.727225   0.573364   0.301023   0.435958   0.263011   0.332575   0.112376   0.278250   0.735672   0.556850   0.284591   0.436532   0.247300   0.324502   0.095441   0.276891   0.731593   0.549336   0.277463   0.436948   0.240543   0.316001   0.092598   0.276578   0.727593   0.544258   0.272742   0.436981   0.236083   0.308965   0.092611   0.276185   0.724259   0.540123   0.268962   0.437051   0.232523   0.302591   0.093986   0.276061   0.721410   0.536296   0.265513   0.437101   0.229283   0.297086   0.094330   0.276098   0.719047   0.532522   0.262150   0.437123   0.226129   0.292109   0.093765   0.276172   0.716853   0.529302   0.259311   0.437394   0.223472   0.287439   0.093836 176893
  3   0.143486   0.684553   0.432922   0.183706   0.284122   0.154054   0.225181   0.213622   0.268983   0.696244   0.420990   0.175400   0.286105   0.146585   0.216462   0.351777   0.268082   0.693370   0.422899   0.176765   0.286362   0.147819   0.217147   0.373999   0.267708   0.691005   0.424111   0.177653   0.287519   0.148625   0.217826   0.386873   0.267014   0.689422   0.424227   0.177777   0.288168   0.148744   0.218443   0.401060   0.281705   0.683627   0.426252   0.179202   0.288057   0.150028   0.218751   0.411855   0.348291   0.662249   0.435569   0.185827   0.287486   0.156011   0.221033   0.406114   0.465531   0.628437   0.451047   0.197254   0.286616   0.166400   0.224265   0.404513   0.588742   0.597044   0.467867   0.210233   0.286444   0.178289   0.226765   0.414511   0.688528   0.574187   0.483494   0.222749   0.286951   0.189828   0.229161   0.412093   0.752178   0.562611   0.495666   0.232830   0.287161   0.199176   0.231179   0.404540   0.767522   0.565616   0.502863   0.238939   0.287142   0.204866   0.233024   0.398454   0.731494   0.583175   0.504192   0.240086   0.286933   0.205937   0.234599   0.394095   0.652519   0.611585   0.499325   0.235931   0.286455   0.202064   0.235442   0.388271   0.541280   0.647997   0.488513   0.226879   0.285877   0.193653   0.234956   0.383352   0.417083   0.688073   0.471991   0.213513   0.285607   0.181308   0.233003   0.385322   0.307507   0.723888   0.451340   0.197497   0.285651   0.166625   0.229199   0.397377   0.255566   0.737942   0.436923   0.186721   0.285941   0.156807   0.224501   0.414587   0.251162   0.732781   0.431639   0.182984   0.286202   0.153435   0.220814   0.426525   0.251079   0.726347   0.428226   0.180621   0.286175   0.151311   0.218154   0.436686   0.251169   0.720740   0.425315   0.178628   0.286227   0.149523   0.216052   0.445092   0.251280   0.716046   0.422748   0.176884   0.286284   0.147960   0.214062   0.446282   0.251368   0.712043   0.420628   0.175453   0.286305   0.146678   0.212054   0.444684   0.251389   0.708511   0.418970   0.174345   0.286536   0.145689   0.210330   0.444851 90481
  4   0.155174   0.686104   0.369486   0.141554   0.196068   0.116425   0.196839   0.122054   0.284411   0.699173   0.348473   0.128522   0.195691   0.104930   0.188386   0.177092   0.285440   0.696372   0.350069   0.129383   0.196090   0.105672   0.189926   0.186404   0.285941   0.694498   0.350779   0.129781   0.197293   0.106016   0.191201   0.194353   0.286253   0.693175   0.350671   0.129718   0.198007   0.105961   0.192005   0.202710   0.296722   0.685175   0.353671   0.131403   0.197981   0.107423   0.193145   0.209046   0.343584   0.659504   0.363023   0.136907   0.197492   0.112233   0.195175   0.218608   0.430574   0.621844   0.375767   0.144734   0.196690   0.119122   0.197519   0.235585   0.528708   0.586923   0.389056   0.153178   0.196490   0.126598   0.200187   0.248672   0.614558   0.561135   0.401765   0.161504   0.196947   0.134007   0.202923   0.250698   0.670116   0.550069   0.411934   0.168347   0.197161   0.140124   0.205456   0.249737   0.679935   0.557598   0.418069   0.172562   0.197145   0.143906   0.207980   0.249345   0.642492   0.581530   0.419415   0.173504   0.196926   0.144755   0.210128   0.248078   0.569795   0.615728   0.415678   0.170921   0.196417   0.142435   0.211208   0.242335   0.476315   0.655527   0.407310   0.165205   0.195866   0.137312   0.210791   0.234493   0.380810   0.695389   0.394487   0.156683   0.195675   0.129710   0.209078   0.228783   0.307270   0.726014   0.378755   0.146603   0.195770   0.120773   0.206134   0.221848   0.276495   0.736419   0.366927   0.139281   0.196065   0.114319   0.202500   0.217944   0.274195   0.732347   0.360971   0.135738   0.196325   0.111216   0.199128   0.218887   0.274211   0.727545   0.356589   0.133187   0.196317   0.108991   0.196400   0.222599   0.274656   0.723199   0.352766   0.130995   0.196341   0.107083   0.194303   0.226018   0.274679   0.719674   0.349345   0.129056   0.196336   0.105398   0.192161   0.224441   0.274031   0.717045   0.346339   0.127367   0.196316   0.103933   0.189700   0.221782   0.273453   0.714746   0.343884   0.125995   0.196519   0.102745   0.187459   0.221754 162062
  5   0.114792   0.679505   0.762793   0.534523   0.938672   0.495203   0.755664   0.021620   0.300349   0.687050   0.770684   0.546455   0.938133   0.507493   0.764795   0.021530   0.300787   0.685862   0.771798   0.548155   0.939149   0.509248   0.769167   0.022157   0.301175   0.684786   0.772834   0.549748   0.941411   0.510893   0.774060   0.022498   0.301496   0.683978   0.772875   0.549798   0.942798   0.510942   0.777497   0.022930   0.305245   0.682316   0.774174   0.551789   0.943052   0.512998   0.778339   0.022941   0.325249   0.676880   0.780988   0.562486   0.942706   0.524094   0.780136   0.022521   0.365732   0.667620   0.793319   0.582298   0.941837   0.544732   0.789230   0.022595   0.413808   0.658146   0.808964   0.608215   0.940997   0.571887   0.801551   0.025213   0.456641   0.650738   0.826210   0.637708   0.941081   0.602973   0.810972   0.029509   0.483526   0.646484   0.841676   0.664976   0.941170   0.631878   0.817293   0.033061   0.486575   0.646120   0.853107   0.685668   0.940752   0.653923   0.821226   0.035536   0.464305   0.649584   0.859512   0.697470   0.939914   0.666538   0.823834   0.036856   0.423078   0.655867   0.860451   0.699221   0.938635   0.668414   0.826668   0.036596   0.372753   0.663098   0.856449   0.691818   0.937866   0.660495   0.835154   0.032743   0.328400   0.670843   0.843987   0.669184   0.937819   0.636366   0.849711   0.027723   0.307202   0.677167   0.827671   0.640122   0.938055   0.605498   0.855310   0.028994   0.303771   0.679638   0.817700   0.622814   0.938648   0.587206   0.851489   0.032756   0.303369   0.680165   0.812143   0.613402   0.939306   0.577303   0.849078   0.033306   0.303065   0.680532   0.807358   0.605390   0.939623   0.568892   0.847547   0.032820   0.302875   0.680747   0.803182   0.598462   0.939542   0.561632   0.846324   0.031821   0.302735   0.680867   0.799577   0.592528   0.939470   0.555423   0.845144   0.030776   0.302647   0.680900   0.796561   0.587601   0.939736   0.550273   0.843685   0.030157   0.302561   0.680904   0.793916   0.583313   0.940298   0.545799   0.842118   0.029806 681758
  6   0.115411   0.680708   0.741377   0.503178   0.934802   0.463104   0.675041   0.025832   0.298074   0.689311   0.751663   0.517963   0.934048   0.478195   0.682558   0.025251   0.298649   0.687911   0.753018   0.519918   0.934932   0.480190   0.683911   0.025093   0.299007   0.686764   0.754097   0.521495   0.937027   0.481805   0.686353   0.024693   0.299275   0.685916   0.754203   0.521644   0.938263   0.481956   0.687848   0.024571   0.304055   0.684145   0.755749   0.523912   0.938367   0.484279   0.687503   0.024052   0.329172   0.678049   0.763158   0.535103   0.937914   0.495805   0.688816   0.023010   0.382596   0.666661   0.777093   0.556728   0.936980   0.518190   0.697838   0.023186   0.452851   0.653574   0.796620   0.588206   0.936244   0.551007   0.710508   0.026945   0.524523   0.642075   0.819676   0.626988   0.936306   0.591763   0.719556   0.033100   0.577195   0.634674   0.841069   0.664530   0.936184   0.631531   0.724626   0.038957   0.589591   0.633663   0.857068   0.693648   0.935627   0.662589   0.727538   0.043517   0.556310   0.638945   0.866123   0.710544   0.934746   0.680696   0.730184   0.046304   0.490545   0.648488   0.867884   0.713866   0.933525   0.684263   0.734457   0.046696   0.412390   0.659596   0.862658   0.704042   0.932730   0.673721   0.743765   0.042941   0.344625   0.670382   0.847907   0.676882   0.932639   0.644690   0.758621   0.035956   0.308548   0.679194   0.826884   0.639257   0.932910   0.604686   0.765431   0.035051   0.300213   0.683115   0.812243   0.613859   0.933544   0.577840   0.762561   0.038589   0.299837   0.683610   0.804893   0.601550   0.934229   0.564918   0.760675   0.039036   0.299682   0.683866   0.798765   0.591448   0.934575   0.554341   0.759700   0.038326   0.299665   0.683964   0.793497   0.582867   0.934657   0.545379   0.758989   0.037175   0.299730   0.683946   0.788968   0.575560   0.934710   0.537760   0.758433   0.035944   0.299750   0.683915   0.785016   0.569251   0.934956   0.531195   0.757643   0.034890   0.299709   0.683866   0.781588   0.563845   0.935471   0.525582   0.756443   0.033975 329492
  7   0.126709   0.678676   0.641618   0.374915   0.736714   0.334715   0.437230   0.041319   0.297651   0.685460   0.666089   0.402835   0.734485   0.362060   0.444277   0.040481   0.298292   0.684433   0.669466   0.406932   0.734942   0.366115   0.441318   0.036226   0.298920   0.683420   0.672746   0.410918   0.736648   0.370061   0.440390   0.033709   0.299465   0.682537   0.675067   0.413745   0.737702   0.372860   0.439460   0.032596   0.301257   0.680686   0.678454   0.417924   0.737775   0.377009   0.438846   0.031425   0.313974   0.674492   0.688674   0.431056   0.737389   0.390142   0.439303   0.027495   0.344709   0.664605   0.702060   0.448670   0.736572   0.407834   0.445105   0.024673   0.385844   0.654951   0.714219   0.465214   0.736215   0.424554   0.455401   0.028403   0.426921   0.647130   0.727217   0.483479   0.736514   0.443124   0.464975   0.036037   0.456409   0.642591   0.738932   0.500456   0.736447   0.460483   0.473956   0.044112   0.462040   0.642778   0.747044   0.512522   0.736088   0.472882   0.483012   0.050953   0.442130   0.647551   0.750109   0.517174   0.735549   0.477679   0.492462   0.055266   0.405122   0.655468   0.747233   0.512904   0.734689   0.473293   0.502319   0.055829   0.361692   0.664853   0.738901   0.500587   0.733909   0.460651   0.512694   0.051315   0.324198   0.674090   0.725145   0.480740   0.733779   0.440371   0.524465   0.041873   0.304398   0.680856   0.709339   0.458550   0.734099   0.417815   0.530521   0.036170   0.300133   0.683269   0.699922   0.445648   0.734663   0.404760   0.528435   0.035711   0.300214   0.683249   0.696441   0.441017   0.735193   0.400099   0.525239   0.034524   0.300339   0.683124   0.693680   0.437387   0.735423   0.396454   0.522667   0.033581   0.300443   0.683011   0.691191   0.434150   0.735609   0.393209   0.520520   0.033263   0.300489   0.682929   0.688855   0.431135   0.735655   0.390193   0.518321   0.033066   0.300523   0.682812   0.686890   0.428612   0.735674   0.387670   0.515979   0.032883   0.300600   0.682594   0.685411   0.426723   0.736011   0.385783   0.513864   0.032559 226762
  8   0.145571   0.687790   0.442212   0.189456   0.324731   0.159113   0.240715   0.081735   0.282534   0.703695   0.444423   0.190570   0.324598   0.160045   0.232141   0.100754   0.281872   0.702479   0.444900   0.190917   0.324969   0.160359   0.229678   0.105065   0.281656   0.701021   0.445128   0.191099   0.326254   0.160527   0.227932   0.109784   0.281272   0.699727   0.444807   0.190903   0.327007   0.160354   0.226467   0.116220   0.293774   0.688295   0.452539   0.196445   0.326928   0.165361   0.228065   0.121841   0.351333   0.656044   0.472083   0.211215   0.326329   0.178825   0.232342   0.133836   0.458347   0.614339   0.493839   0.228812   0.325378   0.195052   0.235272   0.162882   0.577798   0.578862   0.513830   0.245864   0.325029   0.210921   0.237585   0.191187   0.678581   0.554150   0.531382   0.261435   0.325341   0.225512   0.240602   0.201297   0.742710   0.543689   0.544689   0.273658   0.325388   0.237037   0.244494   0.203834   0.752771   0.551711   0.552227   0.280818   0.325227   0.243827   0.249607   0.205466   0.705584   0.576747   0.552878   0.281561   0.324918   0.244552   0.255598   0.205106   0.615964   0.612356   0.546416   0.275571   0.324391   0.238897   0.261004   0.199973   0.502792   0.652913   0.533856   0.263980   0.323872   0.227958   0.264241   0.190171   0.390717   0.691978   0.516290   0.248192   0.323783   0.213128   0.264687   0.173582   0.305451   0.723811   0.492602   0.227931   0.324042   0.194260   0.262019   0.147073   0.269889   0.737021   0.473568   0.212359   0.324472   0.179871   0.255680   0.131655   0.267875   0.734096   0.465392   0.206047   0.324807   0.174096   0.248773   0.131923   0.267983   0.729845   0.460136   0.202080   0.324817   0.170481   0.243754   0.134807   0.268233   0.725914   0.455684   0.198779   0.324862   0.167483   0.239822   0.138413   0.268661   0.722451   0.451528   0.195739   0.324883   0.164727   0.236402   0.139100   0.268827   0.719612   0.447699   0.192970   0.324885   0.162221   0.232932   0.138513   0.268874   0.716988   0.444575   0.190749   0.325123   0.160218   0.229599   0.139043 174927
  9   0.155204   0.680672   0.399364   0.159627   0.242318   0.132295   0.224504   0.056014   0.295145   0.689032   0.390255   0.153336   0.241751   0.126648   0.218093   0.067651   0.296066   0.687622   0.391297   0.153945   0.242180   0.127180   0.219613   0.070687   0.296451   0.686877   0.391292   0.153925   0.243476   0.127160   0.220820   0.073317   0.296595   0.686393   0.390814   0.153617   0.244291   0.126887   0.221471   0.075918   0.301402   0.681474   0.392868   0.154902   0.244296   0.128021   0.222429   0.078236   0.328456   0.663297   0.400348   0.159748   0.243794   0.132324   0.224593   0.082924   0.383786   0.635609   0.410475   0.166504   0.242959   0.138351   0.228483   0.094993   0.447742   0.610984   0.420973   0.173687   0.242667   0.144788   0.234010   0.109390   0.501568   0.595043   0.431298   0.180906   0.243059   0.151281   0.240158   0.118458   0.531817   0.591111   0.439368   0.186665   0.243248   0.156477   0.246199   0.124678   0.530814   0.599849   0.443707   0.189813   0.243184   0.159327   0.251481   0.128931   0.501128   0.617876   0.443903   0.189950   0.242920   0.159450   0.255145   0.129489   0.452494   0.640612   0.440167   0.187213   0.242378   0.156969   0.256631   0.124239   0.395529   0.664940   0.433321   0.182264   0.241814   0.152493   0.255933   0.114685   0.341990   0.687756   0.424070   0.175713   0.241676   0.146589   0.253481   0.103991   0.306585   0.703223   0.414080   0.168827   0.241864   0.140411   0.249708   0.093832   0.294315   0.707678   0.407123   0.164159   0.242226   0.136243   0.245518   0.088578   0.293331   0.706084   0.403497   0.161794   0.242534   0.134140   0.241811   0.087838   0.292997   0.704401   0.400472   0.159842   0.242563   0.132408   0.238747   0.089798   0.292844   0.702821   0.397597   0.158006   0.242597   0.130782   0.236230   0.091830   0.292531   0.701473   0.394933   0.156320   0.242588   0.129290   0.233702   0.090828   0.292002   0.700449   0.392556   0.154830   0.242576   0.127975   0.230915   0.089379   0.291516   0.699547   0.390539   0.153583   0.242799   0.126877   0.228232   0.089561 335374
 10   0.116604   0.678425   0.753418   0.520314   0.942474   0.480560   0.769504   0.018988   0.301748   0.684991   0.762441   0.533723   0.941898   0.494328   0.776417   0.017786   0.302093   0.683974   0.763893   0.535913   0.942779   0.496581   0.780335   0.018446   0.302439   0.683035   0.765182   0.537864   0.944910   0.498592   0.784790   0.019014   0.302722   0.682344   0.765457   0.538278   0.946286   0.499018   0.787831   0.019690   0.303687   0.681588   0.765428   0.538221   0.946602   0.498957   0.789229   0.020011   0.312264   0.678932   0.768067   0.542258   0.946337   0.503123   0.788898   0.020462   0.333332   0.673385   0.774520   0.552253   0.945524   0.513465   0.792096   0.020656   0.360534   0.666945   0.783643   0.566641   0.944778   0.528400   0.800435   0.021695   0.386072   0.661493   0.794696   0.584438   0.945030   0.546947   0.808543   0.024385   0.403131   0.658019   0.805262   0.601808   0.945271   0.565119   0.814321   0.026802   0.405580   0.657250   0.813324   0.615312   0.945021   0.579296   0.817897   0.028068   0.392891   0.659156   0.818033   0.623303   0.944401   0.587705   0.819956   0.028290   0.369270   0.663095   0.818967   0.624902   0.943327   0.589390   0.821991   0.027389   0.340422   0.667884   0.816487   0.620683   0.942632   0.584948   0.829035   0.023725   0.316108   0.673165   0.808001   0.606411   0.942550   0.569953   0.842516   0.020313   0.305618   0.677026   0.797902   0.589597   0.942705   0.552322   0.848342   0.021965   0.304369   0.678191   0.792470   0.580710   0.943207   0.543033   0.845005   0.024790   0.304178   0.678496   0.789046   0.575190   0.943786   0.537280   0.842406   0.025590   0.304007   0.678743   0.785927   0.570203   0.944024   0.532090   0.840146   0.025644   0.303880   0.678912   0.783064   0.565653   0.943887   0.527360   0.838175   0.025278   0.303793   0.679004   0.780568   0.561710   0.943766   0.523266   0.836501   0.024802   0.303747   0.679028   0.778503   0.558467   0.943955   0.519902   0.834945   0.024398   0.303740   0.678991   0.776793   0.555797   0.944428   0.517135   0.833493   0.024155 1079269
 11   0.117911   0.679356   0.738280   0.498476   0.934462   0.458260   0.703599   0.022030   0.300928   0.686780   0.748599   0.513248   0.933707   0.473324   0.710635   0.021042   0.301292   0.685618   0.750212   0.515584   0.934491   0.475710   0.713497   0.021192   0.301638   0.684538   0.751741   0.517819   0.936532   0.477998   0.717236   0.020905   0.301930   0.683722   0.752286   0.518611   0.937781   0.478808   0.719877   0.020973   0.303405   0.682744   0.752788   0.519333   0.937950   0.479545   0.720585   0.020974   0.315666   0.679198   0.756977   0.525580   0.937627   0.485963   0.720276   0.020585   0.344543   0.671851   0.766160   0.539510   0.936799   0.500320   0.725280   0.019896   0.381095   0.663334   0.779050   0.559555   0.936144   0.521075   0.736086   0.020715   0.415498   0.656161   0.794382   0.584091   0.936441   0.546617   0.746025   0.023638   0.439347   0.651633   0.808800   0.607844   0.936578   0.571477   0.752817   0.026860   0.445418   0.650497   0.819946   0.626684   0.936233   0.591290   0.757365   0.029366   0.431639   0.652773   0.826811   0.638500   0.935522   0.603759   0.760620   0.030786   0.401084   0.657826   0.828827   0.642004   0.934371   0.607463   0.763750   0.030559   0.361424   0.664035   0.826506   0.637973   0.933579   0.603203   0.771358   0.027268   0.325527   0.670774   0.817000   0.621706   0.933465   0.586055   0.784802   0.023117   0.307359   0.676494   0.803065   0.598227   0.933655   0.561378   0.792616   0.024695   0.303999   0.678876   0.793978   0.583217   0.934184   0.545661   0.791397   0.028803   0.303683   0.679350   0.789234   0.575559   0.934788   0.537678   0.789152   0.029981   0.303427   0.679702   0.785092   0.568944   0.935083   0.530794   0.787560   0.030021   0.303242   0.679953   0.781400   0.563103   0.935106   0.524727   0.786253   0.029545   0.303114   0.680117   0.778177   0.558043   0.935100   0.519478   0.785031   0.028954   0.303040   0.680193   0.775463   0.553809   0.935305   0.515092   0.783658   0.028450   0.302980   0.680223   0.773138   0.550204   0.935780   0.511362   0.782240   0.027956 805045
 12   0.125777   0.677664   0.666714   0.404006   0.762133   0.363286   0.565387   0.030826   0.301021   0.683800   0.681880   0.422061   0.761026   0.381098   0.573758   0.032021   0.301514   0.683327   0.681798   0.421981   0.761613   0.381023   0.573231   0.029916   0.301939   0.682731   0.682205   0.422515   0.763361   0.381559   0.574392   0.028991   0.302247   0.682272   0.681998   0.422267   0.764460   0.381314   0.574714   0.028756   0.303182   0.681559   0.681661   0.421853   0.764484   0.380904   0.574366   0.028390   0.312494   0.678118   0.684218   0.425198   0.763911   0.384260   0.574510   0.026973   0.337484   0.671011   0.689573   0.432190   0.762887   0.391271   0.579808   0.026342   0.371529   0.663355   0.695590   0.440086   0.762442   0.399199   0.590933   0.029865   0.402845   0.657628   0.701875   0.448433   0.762815   0.407596   0.602751   0.036029   0.423083   0.654563   0.707368   0.455820   0.762906   0.415045   0.612770   0.041467   0.425585   0.654782   0.711121   0.460915   0.762685   0.420192   0.620292   0.044956   0.409080   0.658306   0.712066   0.462202   0.762255   0.421492   0.625222   0.045500   0.379837   0.664235   0.709744   0.459026   0.761534   0.418280   0.627605   0.042546   0.346615   0.671267   0.704843   0.452367   0.760833   0.411553   0.627969   0.036621   0.318811   0.677917   0.698078   0.443249   0.760706   0.402356   0.628095   0.030237   0.304860   0.681981   0.691574   0.434565   0.761019   0.393611   0.626112   0.027355   0.302228   0.682843   0.688346   0.430297   0.761541   0.389321   0.621404   0.027055   0.302294   0.682519   0.687306   0.428946   0.761983   0.387967   0.616909   0.026773   0.302380   0.682216   0.686327   0.427687   0.762068   0.386708   0.612938   0.026692   0.302473   0.681961   0.685299   0.426372   0.762138   0.385394   0.609389   0.026955   0.302559   0.681750   0.684182   0.424951   0.762160   0.383976   0.606015   0.027409   0.302617   0.681552   0.683152   0.423645   0.762191   0.382673   0.602717   0.027723   0.302685   0.681316   0.682421   0.422720   0.762512   0.381751   0.599725   0.028017 337319
 13   0.143363   0.678665   0.516061   0.247759   0.454277   0.212679   0.330758   0.038635   0.298617   0.685580   0.527768   0.257075   0.453429   0.221236   0.332480   0.043211   0.299165   0.684924   0.527864   0.257116   0.453896   0.221268   0.332696   0.041509   0.299421   0.684311   0.527879   0.257109   0.455348   0.221257   0.332944   0.041300   0.299578   0.683803   0.527694   0.256936   0.456262   0.221094   0.332941   0.041847   0.302009   0.681252   0.529231   0.258292   0.456258   0.222363   0.333604   0.042481   0.320759   0.670953   0.535607   0.264095   0.455707   0.227821   0.336187   0.042421   0.363787   0.653901   0.543653   0.271574   0.454783   0.234883   0.342817   0.046429   0.415015   0.638177   0.551337   0.278871   0.454414   0.241798   0.353003   0.056364   0.455222   0.628584   0.558913   0.286179   0.454763   0.248743   0.363600   0.067068   0.473463   0.626591   0.564368   0.291519   0.454889   0.253832   0.373146   0.075903   0.466576   0.632030   0.566808   0.293943   0.454760   0.256148   0.380671   0.081440   0.440447   0.642615   0.565979   0.293129   0.454434   0.255373   0.385706   0.082379   0.403498   0.655612   0.561940   0.289141   0.453843   0.251567   0.387965   0.077930   0.362927   0.669277   0.555527   0.282869   0.453234   0.245591   0.387478   0.068851   0.327241   0.681710   0.547992   0.275623   0.453094   0.238708   0.384696   0.057880   0.305793   0.689714   0.541041   0.269061   0.453338   0.232496   0.379865   0.049906   0.299455   0.691772   0.537126   0.265427   0.453767   0.229066   0.374169   0.047164   0.298947   0.691131   0.535486   0.263943   0.454130   0.227672   0.369026   0.047005   0.298570   0.690557   0.533950   0.262570   0.454182   0.226384   0.364509   0.047937   0.298200   0.690082   0.532496   0.261281   0.454239   0.225177   0.360439   0.049179   0.297907   0.689646   0.531075   0.260021   0.454253   0.223997   0.356730   0.049706   0.297707   0.689200   0.529741   0.258844   0.454261   0.222896   0.353261   0.049845   0.297504   0.688794   0.528598   0.257847   0.454529   0.221964   0.349962   0.050150 345394
 14   0.149351   0.679113   0.460147   0.202164   0.352559   0.170571   0.278077   0.048242   0.297694   0.686398   0.465322   0.205498   0.352059   0.173519   0.276080   0.055355   0.298177   0.685570   0.465759   0.205790   0.352482   0.173779   0.276485   0.056192   0.298488   0.684781   0.466214   0.206123   0.353850   0.174080   0.276972   0.057330   0.298673   0.684160   0.466281   0.206175   0.354712   0.174128   0.277205   0.059085   0.301796   0.681067   0.468082   0.207559   0.354691   0.175393   0.277937   0.060670   0.322728   0.668945   0.474587   0.212683   0.354159   0.180094   0.280516   0.062055   0.368760   0.649175   0.483553   0.219929   0.353283   0.186772   0.285832   0.069123   0.423567   0.630851   0.493120   0.227845   0.352938   0.194098   0.293172   0.081962   0.468678   0.619103   0.502581   0.235805   0.353284   0.201486   0.300976   0.093348   0.492584   0.615885   0.509858   0.242039   0.353421   0.207291   0.308178   0.102049   0.489922   0.621548   0.513734   0.245435   0.353309   0.210465   0.314029   0.107883   0.464216   0.633902   0.513745   0.245474   0.352998   0.210508   0.317966   0.109540   0.423730   0.649741   0.509967   0.242187   0.352426   0.207439   0.319541   0.105238   0.376730   0.666861   0.503146   0.236289   0.351848   0.201938   0.318779   0.095585   0.333494   0.682872   0.494350   0.228825   0.351721   0.195000   0.316055   0.083195   0.306092   0.693720   0.485268   0.221291   0.351953   0.188024   0.311563   0.073261   0.297357   0.696884   0.479392   0.216511   0.352371   0.183613   0.306416   0.069611   0.296743   0.695994   0.476683   0.214355   0.352726   0.181631   0.302034   0.069319   0.296428   0.695051   0.474417   0.212572   0.352780   0.179995   0.298457   0.070665   0.296201   0.694153   0.472398   0.211000   0.352830   0.178556   0.295378   0.072276   0.295993   0.693312   0.470573   0.209589   0.352837   0.177265   0.292513   0.072212   0.295720   0.692590   0.468930   0.208327   0.352844   0.176112   0.289710   0.071559   0.295403   0.691958   0.467509   0.207250   0.353095   0.175130   0.286991   0.071785 401258
 15   0.118579   0.677914   0.737668   0.497270   0.939974   0.456967   0.746025   0.018785   0.302028   0.684044   0.746658   0.510174   0.939257   0.470132   0.751431   0.017488   0.302385   0.683155   0.748143   0.512333   0.940043   0.472339   0.754362   0.018349   0.302731   0.682299   0.749517   0.514344   0.942070   0.474397   0.758024   0.018914   0.303009   0.681676   0.749897   0.514897   0.943357   0.474963   0.760669   0.019420   0.303483   0.681175   0.749605   0.514455   0.943604   0.474509   0.762030   0.019667   0.309292   0.679320   0.751126   0.516692   0.943341   0.476801   0.761385   0.020283   0.325304   0.674963   0.755849   0.523724   0.942567   0.484022   0.763393   0.020763   0.347014   0.669556   0.763065   0.534626   0.941915   0.495249   0.770946   0.021622   0.367790   0.664831   0.772229   0.548717   0.942269   0.509808   0.779174   0.023903   0.382207   0.661707   0.781210   0.562778   0.942572   0.524385   0.785175   0.026075   0.384798   0.660869   0.788184   0.573881   0.942403   0.535931   0.788929   0.027111   0.374546   0.662399   0.792265   0.580453   0.941859   0.542780   0.791064   0.027210   0.355110   0.665720   0.792896   0.581482   0.940856   0.543855   0.792971   0.026301   0.331989   0.669745   0.790499   0.577624   0.940183   0.539834   0.799333   0.023008   0.313097   0.674133   0.783196   0.565961   0.940105   0.527699   0.810328   0.020583   0.305118   0.677248   0.774886   0.552807   0.940258   0.514035   0.813417   0.022705   0.304214   0.678146   0.770480   0.545942   0.940723   0.506925   0.809099   0.025271   0.304077   0.678393   0.767600   0.541509   0.941260   0.502344   0.806249   0.025771   0.303964   0.678572   0.765033   0.537584   0.941486   0.498293   0.803871   0.025608   0.303882   0.678718   0.762662   0.533981   0.941389   0.494579   0.801542   0.025356   0.303839   0.678812   0.760574   0.530822   0.941276   0.491325   0.799288   0.025134   0.303819   0.678846   0.758825   0.528189   0.941425   0.488615   0.797315   0.024838   0.303830   0.678823   0.757397   0.526050   0.941864   0.486415   0.795520   0.024602 1315724
 16   0.120116   0.679048   0.720575   0.473405   0.932151   0.432742   0.679548   0.023860   0.301389   0.686220   0.731887   0.489008   0.931233   0.448545   0.683439   0.021784   0.301698   0.685159   0.733553   0.491343   0.931877   0.450917   0.683693   0.021589   0.301986   0.684154   0.735135   0.493583   0.933718   0.453196   0.685314   0.020865   0.302222   0.683401   0.735754   0.494461   0.934808   0.454090   0.686581   0.020354   0.302849   0.682753   0.735747   0.494441   0.934883   0.454067   0.686766   0.020036   0.310106   0.680563   0.737843   0.497447   0.934509   0.457134   0.684937   0.019868   0.329501   0.675272   0.743735   0.505992   0.933700   0.465868   0.685828   0.019471   0.355312   0.668480   0.752801   0.519356   0.933204   0.479569   0.692805   0.020148   0.379761   0.662478   0.764133   0.536421   0.933607   0.497133   0.700978   0.022560   0.397214   0.658416   0.775334   0.553672   0.933792   0.514963   0.707074   0.024976   0.401843   0.657118   0.784336   0.567827   0.933538   0.529649   0.711314   0.026395   0.391464   0.658763   0.789976   0.576829   0.932954   0.539015   0.714643   0.026783   0.369231   0.662750   0.791585   0.579421   0.931953   0.541717   0.718228   0.025920   0.341229   0.667820   0.789513   0.576100   0.931228   0.538258   0.725374   0.022687   0.316936   0.673341   0.781527   0.563417   0.931135   0.525075   0.737482   0.019864   0.305577   0.677443   0.771452   0.547565   0.931362   0.508627   0.743806   0.021921   0.303829   0.678784   0.765786   0.538788   0.931900   0.499546   0.741647   0.025261   0.303710   0.679045   0.762539   0.533839   0.932452   0.494441   0.739109   0.026374   0.303602   0.679253   0.759609   0.529410   0.932674   0.489879   0.737160   0.026621   0.303514   0.679421   0.756913   0.525365   0.932699   0.485719   0.735436   0.026648   0.303454   0.679565   0.754433   0.521667   0.932673   0.481919   0.733698   0.026780   0.303417   0.679660   0.752253   0.518436   0.932795   0.478603   0.732184   0.026749   0.303410   0.679679   0.750419   0.515730   0.933205   0.475829   0.730981   0.026644 742083
 17   0.121929   0.679526   0.699066   0.444545   0.928411   0.403654   0.579814   0.024604   0.300539   0.687233   0.711271   0.460542   0.927278   0.419708   0.583059   0.023593   0.300834   0.686280   0.712472   0.462133   0.927789   0.421308   0.581090   0.023252   0.301122   0.685346   0.713684   0.463766   0.929466   0.422954   0.581521   0.022358   0.301380   0.684625   0.714056   0.464266   0.930492   0.423458   0.582326   0.021960   0.301993   0.684025   0.713899   0.464046   0.930627   0.423235   0.582426   0.021822   0.309132   0.682052   0.716202   0.467214   0.930358   0.426442   0.581514   0.021260   0.328112   0.677129   0.722637   0.476142   0.929669   0.435494   0.583556   0.019994   0.353235   0.670593   0.731990   0.489330   0.929312   0.448905   0.592098   0.019922   0.377031   0.664599   0.743435   0.505847   0.929753   0.465773   0.603309   0.021608   0.394237   0.660342   0.755063   0.523047   0.929937   0.483420   0.612617   0.023483   0.399744   0.658663   0.764688   0.537625   0.929708   0.498443   0.619611   0.024767   0.391117   0.659855   0.770762   0.546995   0.929112   0.508130   0.625782   0.025207   0.369920   0.663456   0.772481   0.549696   0.928045   0.510933   0.632553   0.024260   0.341873   0.668206   0.770224   0.546230   0.927243   0.507353   0.642163   0.021218   0.316992   0.673811   0.761271   0.532554   0.927064   0.493237   0.654022   0.019313   0.304921   0.678400   0.749797   0.515190   0.927228   0.475347   0.659592   0.022099   0.302891   0.680010   0.743385   0.505654   0.927775   0.465553   0.658139   0.025584   0.302766   0.680295   0.739935   0.500635   0.928376   0.460421   0.655984   0.026702   0.302690   0.680498   0.736953   0.496342   0.928677   0.456038   0.653973   0.026954   0.302703   0.680606   0.734320   0.492584   0.928784   0.452208   0.652443   0.027160   0.302765   0.680657   0.731965   0.489242   0.928787   0.448805   0.650996   0.027658   0.302859   0.680658   0.729923   0.486354   0.928891   0.445867   0.649662   0.028129   0.302978   0.680586   0.728234   0.483976   0.929251   0.443450   0.648795   0.028404 332700
 18   0.131941   0.677741   0.618129   0.347888   0.661494   0.308204   0.465006   0.034952   0.300150   0.683793   0.631924   0.362047   0.660233   0.321806   0.470801   0.037427   0.300736   0.683044   0.632927   0.363127   0.660764   0.322852   0.469746   0.034101   0.301227   0.682250   0.634157   0.364500   0.662411   0.324190   0.470333   0.032379   0.301540   0.681687   0.634486   0.364862   0.663438   0.324542   0.470841   0.031696   0.302874   0.680450   0.635151   0.365614   0.663452   0.325277   0.471104   0.031354   0.314897   0.675101   0.639933   0.371195   0.662907   0.330762   0.472447   0.030099   0.345207   0.665466   0.647118   0.379667   0.661942   0.339103   0.479146   0.030535   0.384786   0.655925   0.653979   0.387885   0.661541   0.347218   0.490955   0.035898   0.419777   0.649239   0.660874   0.396288   0.661905   0.355540   0.503215   0.043848   0.440301   0.646429   0.666286   0.402979   0.662000   0.362186   0.514040   0.050843   0.440176   0.647962   0.669235   0.406664   0.661811   0.365853   0.522625   0.055277   0.420124   0.653339   0.669050   0.406441   0.661426   0.365633   0.528637   0.056239   0.387844   0.661111   0.665572   0.402117   0.660754   0.361334   0.531841   0.052964   0.352048   0.669823   0.659698   0.394872   0.660074   0.354142   0.532388   0.046102   0.321601   0.677968   0.652373   0.385943   0.659924   0.345297   0.531747   0.038573   0.305306   0.683152   0.645365   0.377506   0.660200   0.336959   0.529049   0.034791   0.301611   0.684442   0.641691   0.373134   0.660684   0.332647   0.524202   0.034297   0.301647   0.684050   0.640515   0.371763   0.661100   0.331300   0.519715   0.034074   0.301699   0.683684   0.639379   0.370450   0.661184   0.330012   0.515936   0.034046   0.301742   0.683357   0.638284   0.369192   0.661265   0.328779   0.512666   0.034283   0.301793   0.683052   0.637246   0.368001   0.661292   0.327612   0.509531   0.034627   0.301820   0.682779   0.636272   0.366886   0.661311   0.326521   0.506403   0.034845   0.301841   0.682486   0.635576   0.366100   0.661609   0.325752   0.503503   0.034846 386950
 19   0.136696   0.678440   0.571046   0.299091   0.565087   0.261217   0.388220   0.038054   0.298503   0.685198   0.585685   0.312319   0.563963   0.273635   0.392497   0.041081   0.299088   0.684515   0.586382   0.312985   0.564475   0.274267   0.391916   0.037171   0.299474   0.683805   0.586804   0.313392   0.566033   0.274654   0.392422   0.036134   0.299706   0.683301   0.586596   0.313171   0.567007   0.274440   0.392864   0.035961   0.301839   0.681137   0.587983   0.314568   0.567016   0.275777   0.393654   0.035906   0.318767   0.672714   0.594546   0.321420   0.566460   0.282379   0.396435   0.034937   0.358667   0.659025   0.602687   0.330089   0.565509   0.290762   0.404329   0.037174   0.407784   0.646407   0.609882   0.337919   0.565132   0.298362   0.416387   0.045236   0.448052   0.638396   0.616987   0.345790   0.565489   0.306027   0.428476   0.054805   0.468524   0.636126   0.622137   0.351598   0.565595   0.311702   0.439333   0.062859   0.463984   0.639787   0.624338   0.354119   0.565441   0.314173   0.448308   0.067902   0.437803   0.648060   0.623189   0.352828   0.565089   0.312913   0.454760   0.068372   0.399619   0.658728   0.618757   0.347827   0.564459   0.308026   0.458274   0.063810   0.358921   0.669957   0.612041   0.340336   0.563828   0.300722   0.458812   0.055465   0.324700   0.680055   0.604387   0.331934   0.563692   0.292553   0.457099   0.045939   0.305321   0.686506   0.597384   0.324373   0.563952   0.285224   0.453285   0.039872   0.300143   0.688154   0.593644   0.320395   0.564406   0.281378   0.447984   0.038281   0.299906   0.687634   0.592410   0.319119   0.564792   0.280150   0.442908   0.038099   0.299743   0.687152   0.591263   0.317945   0.564853   0.279024   0.438445   0.038534   0.299585   0.686750   0.590140   0.316805   0.564912   0.277930   0.434394   0.039332   0.299476   0.686373   0.589057   0.315707   0.564922   0.276878   0.430594   0.039813   0.299442   0.685968   0.588042   0.314677   0.564932   0.275891   0.427061   0.040015   0.299359   0.685619   0.587166   0.313798   0.565215   0.275050   0.423762   0.040294 348994
 20   0.119786   0.677289   0.728866   0.484757   0.935894   0.444224   0.731206   0.021158   0.302620   0.682958   0.737199   0.496458   0.935204   0.456113   0.735831   0.019571   0.302895   0.682348   0.738007   0.497593   0.935937   0.457266   0.737895   0.019918   0.303147   0.681722   0.738796   0.498719   0.937857   0.458413   0.740653   0.020175   0.303338   0.681328   0.738588   0.498416   0.939081   0.458103   0.742394   0.020651   0.303557   0.681131   0.737526   0.496884   0.939287   0.456539   0.742686   0.021081   0.307353   0.680068   0.737531   0.496891   0.939002   0.456547   0.740745   0.022341   0.319091   0.677044   0.740033   0.500513   0.938274   0.460247   0.740067   0.023852   0.336070   0.672962   0.744624   0.507209   0.937713   0.467098   0.744036   0.025451   0.352776   0.669271   0.750779   0.516291   0.938139   0.476411   0.749585   0.028172   0.364332   0.666876   0.756854   0.525368   0.938536   0.485739   0.753796   0.030926   0.366263   0.666316   0.761327   0.532131   0.938502   0.492705   0.756405   0.032269   0.357928   0.667600   0.763398   0.535287   0.938068   0.495960   0.757748   0.032017   0.342530   0.670283   0.762697   0.534231   0.937168   0.494873   0.758568   0.030187   0.324805   0.673502   0.759762   0.529787   0.936527   0.490295   0.761804   0.025949   0.310462   0.676817   0.753891   0.520955   0.936413   0.481206   0.767175   0.022384   0.304447   0.678931   0.747947   0.512084   0.936543   0.472090   0.767256   0.023059   0.303911   0.679431   0.744784   0.507424   0.936977   0.467315   0.763145   0.024699   0.303893   0.679550   0.742609   0.504246   0.937470   0.464062   0.760166   0.024850   0.303888   0.679604   0.740696   0.501466   0.937667   0.461220   0.757531   0.024438   0.303893   0.679642   0.738953   0.498948   0.937545   0.458647   0.754844   0.024295   0.303898   0.679660   0.737423   0.496748   0.937370   0.456402   0.752195   0.024540   0.303909   0.679616   0.736208   0.495005   0.937440   0.454625   0.750020   0.024623   0.303944   0.679509   0.735281   0.493683   0.937797   0.453277   0.748380   0.024578 784815
 21   0.121657   0.677960   0.707552   0.455660   0.898990   0.414807   0.671720   0.025534   0.302274   0.684416   0.718102   0.469709   0.898239   0.428946   0.675438   0.025019   0.302584   0.684012   0.717955   0.469514   0.898849   0.428750   0.674471   0.024903   0.302859   0.683512   0.718073   0.469699   0.900625   0.428942   0.674374   0.024575   0.303083   0.683190   0.717373   0.468769   0.901770   0.428005   0.673698   0.024909   0.303398   0.683034   0.715830   0.466676   0.901881   0.425893   0.672289   0.025414   0.308007   0.681778   0.715551   0.466344   0.901447   0.425565   0.669903   0.026094   0.322323   0.678046   0.717967   0.469731   0.900602   0.429006   0.669762   0.026701   0.343254   0.672943   0.722641   0.476250   0.900189   0.435623   0.674652   0.028195   0.363655   0.668348   0.728917   0.485076   0.900646   0.444594   0.681640   0.030982   0.378555   0.665132   0.735360   0.494245   0.900889   0.453935   0.687837   0.033665   0.382582   0.664036   0.740632   0.501834   0.900752   0.461682   0.692384   0.035076   0.373512   0.665370   0.743628   0.506175   0.900286   0.466119   0.695380   0.034579   0.354668   0.668705   0.743591   0.506107   0.899418   0.466046   0.697522   0.032025   0.332116   0.673064   0.740843   0.502083   0.898694   0.461925   0.700448   0.027365   0.313325   0.677449   0.735189   0.493868   0.898542   0.453526   0.705073   0.023547   0.304617   0.680149   0.729329   0.485422   0.898750   0.444902   0.705997   0.023464   0.303429   0.680697   0.726374   0.481210   0.899243   0.440610   0.702777   0.024532   0.303495   0.680625   0.724852   0.479062   0.899724   0.438426   0.699913   0.024902   0.303546   0.680533   0.723527   0.477206   0.899875   0.436541   0.697306   0.025037   0.303594   0.680439   0.722312   0.475516   0.899881   0.434827   0.694912   0.025349   0.303649   0.680359   0.721140   0.473893   0.899806   0.433181   0.692568   0.026021   0.303706   0.680238   0.720160   0.472540   0.899837   0.431811   0.690445   0.026432   0.303776   0.680071   0.719441   0.471550   0.900161   0.430809   0.688650   0.026614 470089
 22   0.119176   0.680853   0.719003   0.471649   0.927282   0.431040   0.604651   0.026971   0.299683   0.689641   0.732349   0.490005   0.926224   0.449624   0.609832   0.025617   0.300140   0.688248   0.734206   0.492631   0.926874   0.452296   0.608501   0.025179   0.300532   0.686994   0.735839   0.494954   0.928762   0.454662   0.609044   0.024399   0.300849   0.686031   0.736515   0.495926   0.929854   0.455655   0.609704   0.024069   0.302705   0.684914   0.737324   0.497084   0.929916   0.456835   0.609385   0.023661   0.317238   0.680905   0.742355   0.504411   0.929487   0.464332   0.610015   0.021903   0.351484   0.672242   0.752898   0.519983   0.928533   0.480304   0.616842   0.019985   0.395946   0.661746   0.767613   0.542245   0.927941   0.503242   0.629915   0.021272   0.439346   0.652600   0.785524   0.570261   0.928230   0.532287   0.641763   0.025041   0.472894   0.646266   0.803046   0.598656   0.928238   0.561917   0.649561   0.029004   0.484860   0.644158   0.817007   0.622026   0.927807   0.586454   0.655504   0.032062   0.467639   0.647091   0.825646   0.636830   0.927025   0.602064   0.660696   0.033718   0.426960   0.653966   0.828102   0.641095   0.925836   0.606573   0.666619   0.033510   0.375263   0.662236   0.825133   0.635959   0.925013   0.601147   0.676349   0.029965   0.329839   0.671008   0.813329   0.615831   0.924909   0.579943   0.690431   0.025073   0.306938   0.678406   0.796013   0.586894   0.925166   0.549573   0.698378   0.026256   0.302338   0.681350   0.784872   0.568747   0.925772   0.530620   0.697462   0.030521   0.302196   0.681669   0.779485   0.560205   0.926392   0.521743   0.695375   0.031862   0.302116   0.681884   0.774867   0.552974   0.926664   0.514245   0.693648   0.032176   0.302085   0.682017   0.770794   0.546662   0.926762   0.507715   0.692214   0.032201   0.302101   0.682077   0.767199   0.541142   0.926814   0.502012   0.691028   0.032105   0.302077   0.682133   0.763982   0.536244   0.926991   0.496960   0.689798   0.031868   0.302046   0.682146   0.761186   0.532026   0.927453   0.492617   0.688787   0.031443 375318
 23   0.122124   0.678487   0.692515   0.436937   0.820940   0.396192   0.514849   0.039728   0.299167   0.684861   0.717663   0.469655   0.819661   0.428993   0.515325   0.040433   0.299919   0.683612   0.722137   0.475855   0.820174   0.435279   0.510909   0.036551   0.300562   0.682669   0.724947   0.479750   0.822017   0.439227   0.510491   0.034806   0.301042   0.681887   0.726649   0.482103   0.823179   0.441612   0.510364   0.034444   0.302539   0.680528   0.728889   0.485211   0.823294   0.444764   0.510233   0.033409   0.313661   0.675970   0.737138   0.497056   0.822961   0.456852   0.511778   0.028941   0.340431   0.668178   0.748898   0.514241   0.822179   0.474445   0.520514   0.023668   0.376108   0.660068   0.759671   0.530396   0.821793   0.491065   0.534795   0.023785   0.411713   0.653237   0.770932   0.547737   0.822120   0.508993   0.548138   0.028678   0.437942   0.648999   0.780839   0.563366   0.822109   0.525224   0.560285   0.034855   0.445183   0.648501   0.787536   0.574139   0.821762   0.536452   0.571758   0.040592   0.429781   0.651938   0.789832   0.577876   0.821188   0.540357   0.582639   0.044356   0.397315   0.658265   0.787075   0.573417   0.820242   0.535705   0.593009   0.044376   0.357693   0.665981   0.779736   0.561649   0.819459   0.523446   0.604137   0.040143   0.322743   0.673969   0.766564   0.541018   0.819383   0.502049   0.617703   0.032962   0.304785   0.679934   0.751351   0.517744   0.819710   0.478018   0.624958   0.029628   0.301362   0.681996   0.742766   0.504911   0.820280   0.464825   0.622745   0.030020   0.301446   0.682004   0.739604   0.500317   0.820834   0.460127   0.618722   0.029671   0.301580   0.681911   0.737147   0.496793   0.821087   0.456532   0.614998   0.029581   0.301714   0.681803   0.734951   0.493671   0.821233   0.453352   0.611769   0.029942   0.301825   0.681727   0.732893   0.490764   0.821220   0.450393   0.608697   0.030699   0.301926   0.681596   0.731244   0.488443   0.821239   0.448034   0.605812   0.031104   0.302028   0.681390   0.730028   0.486739   0.821600   0.446304   0.603275   0.031173 262750
 24   0.129070   0.689785   0.584096   0.313241   0.610081   0.274948   0.351616   0.063301   0.286300   0.706766   0.618391   0.348220   0.605904   0.308539   0.354202   0.062756   0.286574   0.704092   0.621494   0.351617   0.606114   0.311842   0.346821   0.062683   0.287059   0.701944   0.622827   0.353095   0.607554   0.313282   0.344061   0.062666   0.287433   0.700397   0.622494   0.352736   0.608434   0.312934   0.342367   0.062976   0.295566   0.692097   0.629479   0.360335   0.608379   0.320313   0.342960   0.062758   0.338504   0.667002   0.649481   0.383359   0.607702   0.342902   0.346656   0.068319   0.426613   0.631979   0.673559   0.412916   0.606548   0.372234   0.351124   0.090421   0.532926   0.601936   0.697502   0.444196   0.605950   0.403632   0.354592   0.121676   0.627114   0.583948   0.719697   0.474590   0.605972   0.434404   0.358029   0.148403   0.685560   0.579620   0.735551   0.497172   0.605689   0.457434   0.364385   0.168091   0.690489   0.588971   0.743166   0.508366   0.605292   0.468915   0.374326   0.180881   0.640444   0.610053   0.741575   0.506244   0.604924   0.466780   0.386687   0.185761   0.553355   0.638271   0.730969   0.491179   0.604451   0.451424   0.399557   0.181284   0.453271   0.668456   0.713308   0.466572   0.603980   0.426426   0.410756   0.166077   0.364095   0.694768   0.692249   0.438043   0.604018   0.397591   0.418203   0.138200   0.305398   0.713274   0.669522   0.408454   0.604512   0.367899   0.419370   0.103410   0.284764   0.719019   0.653381   0.388198   0.605148   0.347710   0.414128   0.081806   0.284170   0.716132   0.646661   0.380169   0.605590   0.339781   0.406862   0.075837   0.283954   0.713389   0.642293   0.375076   0.605637   0.334773   0.400041   0.073717   0.283611   0.711124   0.638905   0.371196   0.605750   0.330970   0.393361   0.073582   0.283475   0.709190   0.635712   0.367587   0.605830   0.327442   0.387104   0.073726   0.283566   0.707549   0.632358   0.363818   0.605866   0.323760   0.381536   0.073540   0.283702   0.706081   0.629171   0.360256   0.606194   0.320284   0.376674   0.073382 97492
