timestamp=                2021-11-13T17:58:39.831128
shape=                    (5, 5)
sigma=                    2.5
nepochs=                  4
thresh=                   None
rate=                     0.0075
neighborhood function=    gaussian
init weights=             pca
topology=                 hexagonal
activation distance=      euclidean
output type=              labels
mapfile_prefix=           full2020_5x5_4_0075_3_03
apply classification=     False
seed=                     None
random order=             True
custom init file=         None
order labels by size=     False
decay_function=           3

Quantization Error=       0.35746304
Topographic Error=        0.09057534

############ NEURONS #############
 25 192
  0   0.142075   0.697481   0.579284   0.313574   0.578859   0.275672   0.426415   0.036812   0.304532   0.704219   0.594920   0.328684   0.577387   0.290065   0.428103   0.040625   0.305075   0.703614   0.595342   0.329097   0.578203   0.290459   0.426785   0.038539   0.305344   0.703111   0.595138   0.328880   0.580467   0.290249   0.427205   0.038542   0.305469   0.702763   0.594345   0.328054   0.581756   0.289451   0.426980   0.039118   0.308256   0.700190   0.596032   0.329780   0.581698   0.291113   0.427366   0.039678   0.329490   0.690864   0.603444   0.337653   0.580924   0.298739   0.431483   0.038557   0.376946   0.676712   0.611741   0.346659   0.579575   0.307494   0.441437   0.040571   0.434406   0.663958   0.618871   0.354561   0.579075   0.315205   0.455282   0.049359   0.482384   0.655872   0.626011   0.362593   0.579566   0.323065   0.469072   0.059953   0.506522   0.653878   0.630977   0.368253   0.579790   0.328617   0.481043   0.068856   0.500962   0.657979   0.632908   0.370473   0.579776   0.330798   0.489972   0.074431   0.470489   0.666504   0.631471   0.368812   0.579392   0.329165   0.495013   0.074861   0.426476   0.677024   0.627038   0.363727   0.578544   0.324172   0.495858   0.069422   0.379586   0.687884   0.620898   0.356778   0.577798   0.317364   0.492953   0.059944   0.338588   0.697949   0.613947   0.349028   0.577722   0.309793   0.487605   0.049652   0.313536   0.705209   0.606735   0.341101   0.578074   0.302070   0.480330   0.043357   0.305982   0.707682   0.602391   0.336392   0.578664   0.297492   0.472308   0.041805   0.305424   0.707458   0.600793   0.334715   0.579049   0.295871   0.465256   0.041699   0.305076   0.707157   0.599234   0.333085   0.578956   0.294297   0.459337   0.042207   0.304776   0.706854   0.597807   0.331605   0.578898   0.292869   0.454118   0.042858   0.304597   0.706519   0.596403   0.330155   0.578787   0.291472   0.449271   0.042986   0.304464   0.706188   0.595068   0.328782   0.578768   0.290150   0.444739   0.042919   0.304257   0.705931   0.593915   0.327607   0.579191   0.289021   0.440467   0.043253 305979
  1   0.147114   0.698141   0.533268   0.269196   0.484285   0.233397   0.366995   0.037851   0.303359   0.705507   0.543994   0.278378   0.482668   0.241958   0.365821   0.042187   0.303916   0.704854   0.543909   0.278280   0.483428   0.241862   0.365617   0.041602   0.304095   0.704410   0.543313   0.277729   0.485561   0.241342   0.365846   0.042154   0.304116   0.704192   0.542160   0.276669   0.486779   0.240340   0.365395   0.043133   0.307691   0.700753   0.544547   0.278856   0.486702   0.242404   0.366568   0.043892   0.332263   0.688692   0.553001   0.286869   0.485934   0.250012   0.371413   0.043308   0.384759   0.670936   0.561753   0.295394   0.484621   0.258143   0.380648   0.047233   0.446024   0.655314   0.569342   0.302941   0.484132   0.265370   0.393395   0.058289   0.493513   0.646293   0.576736   0.310391   0.484607   0.272519   0.406375   0.070386   0.513916   0.645221   0.581770   0.315526   0.484833   0.277458   0.417527   0.080385   0.504834   0.651316   0.583683   0.317486   0.484838   0.279345   0.425600   0.086639   0.472233   0.662286   0.582301   0.316038   0.484493   0.277946   0.429828   0.087323   0.428372   0.674945   0.577997   0.311589   0.483704   0.273658   0.429994   0.081521   0.381991   0.687654   0.571894   0.305364   0.482995   0.267670   0.426681   0.070933   0.340311   0.699446   0.564815   0.298273   0.482920   0.260873   0.420982   0.058801   0.313864   0.707979   0.557445   0.291028   0.483263   0.253951   0.413420   0.050114   0.305038   0.711063   0.552681   0.286425   0.483833   0.249566   0.405272   0.047047   0.303917   0.710981   0.550512   0.284392   0.484196   0.247640   0.398132   0.046702   0.303210   0.710708   0.548544   0.282566   0.484088   0.245913   0.392095   0.047359   0.302769   0.710303   0.546807   0.280966   0.484025   0.244402   0.386949   0.048247   0.302439   0.709923   0.545019   0.279321   0.483915   0.242849   0.382260   0.048547   0.302135   0.709609   0.543187   0.277643   0.483887   0.241264   0.377842   0.048543   0.301859   0.709293   0.541584   0.276189   0.484280   0.239895   0.373725   0.048857 292065
  2   0.158802   0.698284   0.432580   0.187583   0.292466   0.157929   0.268951   0.047477   0.302343   0.705556   0.425191   0.181814   0.291679   0.152635   0.261784   0.059761   0.302755   0.704632   0.425700   0.182138   0.292339   0.152922   0.262844   0.062885   0.302900   0.703955   0.426003   0.182350   0.294247   0.153113   0.263442   0.066511   0.303107   0.703436   0.425593   0.182063   0.295345   0.152854   0.263697   0.069968   0.307613   0.699271   0.427636   0.183475   0.295272   0.154125   0.264804   0.072545   0.333852   0.683888   0.434943   0.188717   0.294569   0.158868   0.268091   0.074802   0.388010   0.660495   0.444234   0.195576   0.293378   0.165105   0.273772   0.083050   0.449801   0.640181   0.453853   0.202835   0.292944   0.171731   0.281426   0.096058   0.498884   0.628735   0.463108   0.209935   0.293424   0.178230   0.289670   0.106799   0.523007   0.628004   0.469824   0.215169   0.293694   0.183033   0.297124   0.115802   0.518443   0.636497   0.473218   0.217852   0.293740   0.185503   0.302632   0.122399   0.490149   0.650750   0.473135   0.217793   0.293441   0.185450   0.305325   0.124230   0.447347   0.667312   0.469771   0.215128   0.292720   0.182997   0.305005   0.119171   0.396609   0.685091   0.463738   0.210374   0.292083   0.178625   0.302308   0.109292   0.347174   0.702550   0.455533   0.204020   0.292028   0.172799   0.297842   0.097550   0.313932   0.715191   0.446283   0.197021   0.292336   0.166408   0.291914   0.086678   0.301858   0.719730   0.439468   0.191983   0.292854   0.161826   0.285703   0.081475   0.300167   0.719410   0.435650   0.189241   0.293193   0.159344   0.280279   0.080814   0.299367   0.718612   0.432598   0.187074   0.293094   0.157386   0.275824   0.083355   0.299017   0.717581   0.429860   0.185143   0.293007   0.155644   0.272157   0.086439   0.298626   0.716742   0.427072   0.183198   0.292863   0.153892   0.268591   0.086087   0.298171   0.716041   0.424539   0.181442   0.292805   0.152312   0.265199   0.084818   0.297711   0.715376   0.422404   0.179976   0.293139   0.150995   0.262240   0.085277 285090
  3   0.161199   0.704737   0.376700   0.150506   0.212221   0.124795   0.218587   0.062525   0.293010   0.717887   0.358670   0.138938   0.211308   0.114515   0.207812   0.080376   0.293638   0.716185   0.359644   0.139486   0.211931   0.114992   0.208732   0.086495   0.293582   0.715267   0.359651   0.139494   0.213743   0.114999   0.208925   0.093340   0.293594   0.714594   0.358820   0.139006   0.214764   0.114572   0.208774   0.099192   0.303992   0.704205   0.363905   0.141983   0.214675   0.117177   0.210406   0.103873   0.349569   0.673668   0.376938   0.149978   0.213997   0.124226   0.213707   0.112815   0.432133   0.633490   0.391143   0.159150   0.212859   0.132382   0.217410   0.130025   0.522653   0.599637   0.404894   0.168327   0.212489   0.140587   0.222491   0.145543   0.597477   0.578533   0.417548   0.177009   0.212993   0.148387   0.228336   0.152421   0.641555   0.573524   0.427295   0.183876   0.213250   0.154584   0.234259   0.157386   0.642438   0.585918   0.432734   0.187786   0.213296   0.158125   0.239882   0.162119   0.599949   0.612266   0.432980   0.187967   0.213022   0.158290   0.244147   0.163131   0.530408   0.644792   0.428531   0.184749   0.212337   0.155373   0.245940   0.157172   0.449049   0.678981   0.420614   0.179097   0.211712   0.150262   0.245194   0.146971   0.370147   0.711594   0.409315   0.171229   0.211625   0.143175   0.242579   0.135833   0.313561   0.735533   0.395395   0.161841   0.211879   0.134766   0.238330   0.122211   0.291241   0.743964   0.384274   0.154589   0.212332   0.128306   0.232864   0.113005   0.288774   0.742249   0.377807   0.150530   0.212619   0.124714   0.227363   0.111495   0.288017   0.739780   0.372767   0.147425   0.212489   0.121975   0.222771   0.114948   0.287812   0.737231   0.368256   0.144684   0.212395   0.119562   0.219152   0.118446   0.287477   0.735134   0.363936   0.142088   0.212251   0.117281   0.215714   0.116685   0.287036   0.733417   0.360230   0.139880   0.212175   0.115344   0.212346   0.113889   0.286640   0.731896   0.357218   0.138100   0.212471   0.113784   0.209414   0.114201 269771
  4   0.158799   0.706653   0.374596   0.149761   0.196514   0.124218   0.209945   0.144496   0.282187   0.721342   0.346752   0.132253   0.196067   0.108709   0.197574   0.221882   0.282206   0.718581   0.347652   0.132755   0.196633   0.109144   0.197634   0.240644   0.281927   0.716213   0.348326   0.133139   0.198316   0.109479   0.197911   0.259249   0.281878   0.714344   0.348065   0.132984   0.199188   0.109342   0.198191   0.276234   0.298224   0.705086   0.351119   0.134753   0.199020   0.110888   0.198913   0.288040   0.362066   0.676243   0.361957   0.141286   0.198331   0.116634   0.201213   0.298184   0.470822   0.634675   0.377025   0.150729   0.197207   0.124992   0.204289   0.312417   0.587693   0.596545   0.392634   0.160887   0.196918   0.134040   0.207662   0.322061   0.684826   0.568952   0.407305   0.170763   0.197528   0.142888   0.211088   0.319015   0.746050   0.556667   0.418878   0.178791   0.197850   0.150117   0.214161   0.313407   0.757824   0.563371   0.425988   0.183852   0.197942   0.154696   0.216968   0.310712   0.716298   0.588049   0.427534   0.184986   0.197722   0.155726   0.219219   0.308091   0.633275   0.624513   0.423278   0.181955   0.197100   0.152985   0.220112   0.300285   0.524833   0.668097   0.413993   0.175423   0.196490   0.147090   0.219167   0.292667   0.410407   0.713726   0.399557   0.165550   0.196299   0.138219   0.216637   0.293618   0.316809   0.751107   0.381225   0.153433   0.196398   0.127397   0.212764   0.294754   0.275154   0.764676   0.367374   0.144561   0.196753   0.119514   0.208305   0.295430   0.271570   0.759475   0.360797   0.140520   0.196982   0.115949   0.204223   0.299570   0.271560   0.752944   0.356176   0.137754   0.196806   0.113520   0.200995   0.307546   0.271930   0.747189   0.352129   0.135367   0.196713   0.111429   0.198555   0.313881   0.272390   0.742350   0.348521   0.133264   0.196629   0.109589   0.196265   0.310773   0.272511   0.738394   0.345496   0.131513   0.196590   0.108060   0.194037   0.305758   0.272097   0.735125   0.343064   0.130116   0.196872   0.106842   0.192089   0.305850 109121
  5   0.133645   0.696717   0.653186   0.394511   0.742187   0.354540   0.553273   0.031474   0.306794   0.702772   0.671352   0.415846   0.740434   0.375580   0.561473   0.035006   0.307313   0.702082   0.673014   0.417919   0.741305   0.377646   0.558662   0.032834   0.307770   0.701318   0.674489   0.419763   0.743778   0.379485   0.558360   0.031672   0.308032   0.700832   0.674677   0.419991   0.745219   0.379711   0.557603   0.031683   0.309094   0.699987   0.674678   0.419985   0.745213   0.379703   0.556450   0.031504   0.320691   0.695783   0.678900   0.425395   0.744446   0.385122   0.556774   0.029355   0.350559   0.687815   0.685804   0.434253   0.743084   0.393998   0.563801   0.027927   0.390772   0.679519   0.692790   0.443287   0.742589   0.403061   0.576812   0.031803   0.428894   0.673149   0.700564   0.453510   0.743124   0.413349   0.589441   0.038965   0.454434   0.669748   0.707293   0.462521   0.743362   0.422448   0.599689   0.045675   0.458667   0.670004   0.711808   0.468655   0.743321   0.428659   0.607266   0.050285   0.440831   0.673750   0.713084   0.470414   0.742854   0.430444   0.612060   0.051553   0.408261   0.679845   0.710872   0.467413   0.741860   0.427407   0.613894   0.048654   0.369178   0.687156   0.706034   0.460870   0.740997   0.420789   0.613270   0.041900   0.333277   0.694473   0.699059   0.451510   0.740896   0.411334   0.612419   0.033779   0.312643   0.700021   0.690423   0.440032   0.741268   0.399760   0.609321   0.030482   0.307672   0.702024   0.685098   0.433021   0.741909   0.392703   0.602764   0.031172   0.307615   0.701901   0.683511   0.430990   0.742361   0.390670   0.596422   0.031152   0.307629   0.701739   0.681975   0.429043   0.742323   0.388723   0.591202   0.031003   0.307714   0.701540   0.680557   0.427254   0.742298   0.386937   0.586754   0.031204   0.307777   0.701384   0.679079   0.425398   0.742189   0.385084   0.582530   0.031449   0.307799   0.701252   0.677702   0.423678   0.742179   0.383369   0.578395   0.031644   0.307830   0.701035   0.676817   0.422583   0.742646   0.382280   0.574670   0.031874 329681
  6   0.137714   0.697049   0.618214   0.354551   0.663586   0.315315   0.486495   0.035172   0.305646   0.703419   0.636689   0.374527   0.661574   0.334728   0.491011   0.039448   0.306153   0.702802   0.637874   0.375863   0.662418   0.336035   0.488634   0.036829   0.306593   0.702116   0.638770   0.376869   0.664787   0.337020   0.488733   0.035803   0.306829   0.701656   0.638691   0.376763   0.666141   0.336912   0.488265   0.035686   0.308778   0.699960   0.639757   0.377980   0.666093   0.338106   0.487758   0.035626   0.325972   0.693087   0.646351   0.385767   0.665316   0.345793   0.490326   0.033754   0.366509   0.681861   0.654876   0.395965   0.663965   0.355882   0.499433   0.033920   0.418066   0.671153   0.662603   0.405372   0.663471   0.365217   0.512958   0.040603   0.465359   0.663471   0.670704   0.415428   0.663970   0.375233   0.526156   0.050196   0.494595   0.660210   0.677077   0.423497   0.664167   0.383299   0.537557   0.058680   0.495392   0.662205   0.680571   0.427989   0.664107   0.387803   0.546336   0.064248   0.469071   0.668662   0.680286   0.427655   0.663668   0.387474   0.551924   0.065571   0.426663   0.677518   0.676370   0.422677   0.662745   0.382495   0.553872   0.061549   0.379617   0.687076   0.670071   0.414723   0.661940   0.374548   0.552725   0.053230   0.338059   0.696079   0.662307   0.405036   0.661852   0.364890   0.549977   0.043669   0.313451   0.702700   0.653628   0.394363   0.662220   0.354278   0.544724   0.038634   0.306712   0.705050   0.648315   0.387907   0.662835   0.347872   0.537112   0.038323   0.306474   0.704848   0.646664   0.385957   0.663250   0.345947   0.530042   0.038166   0.306402   0.704534   0.645139   0.384169   0.663188   0.344185   0.524296   0.037944   0.306399   0.704193   0.643745   0.382543   0.663158   0.342584   0.519429   0.038142   0.306390   0.703918   0.642268   0.380830   0.663059   0.340899   0.514908   0.038244   0.306350   0.703672   0.640912   0.379270   0.663044   0.339366   0.510557   0.038306   0.306283   0.703408   0.639910   0.378125   0.663493   0.338243   0.506509   0.038537 355804
  7   0.153028   0.699012   0.482206   0.225443   0.387489   0.192562   0.313557   0.040530   0.302565   0.707050   0.486716   0.228450   0.386354   0.195240   0.310604   0.046694   0.302988   0.706185   0.487081   0.228705   0.387041   0.195469   0.310924   0.047491   0.303114   0.705539   0.487328   0.228898   0.389045   0.195646   0.310987   0.049402   0.303200   0.705083   0.486806   0.228475   0.390200   0.195254   0.310552   0.051698   0.307527   0.701016   0.489469   0.230612   0.390116   0.197226   0.311618   0.053303   0.334610   0.686308   0.498288   0.237958   0.389364   0.204046   0.315788   0.054198   0.392096   0.663932   0.508643   0.246867   0.388092   0.212363   0.322962   0.060470   0.458718   0.644040   0.518949   0.255949   0.387609   0.220876   0.332597   0.073311   0.510031   0.632642   0.528559   0.264574   0.388055   0.228988   0.342890   0.085965   0.532312   0.631566   0.535356   0.270802   0.388269   0.234866   0.352157   0.096366   0.523604   0.639671   0.538744   0.273976   0.388262   0.237875   0.359106   0.103894   0.490734   0.653720   0.538092   0.273396   0.387924   0.237330   0.362991   0.106509   0.444447   0.669972   0.533627   0.269248   0.387181   0.233406   0.363437   0.102255   0.393182   0.686494   0.526593   0.262773   0.386523   0.227289   0.360806   0.091685   0.345615   0.701839   0.517991   0.255006   0.386474   0.219977   0.355995   0.077591   0.314064   0.712963   0.508615   0.246745   0.386828   0.212232   0.349389   0.065313   0.302891   0.716999   0.501851   0.240921   0.387397   0.206795   0.342018   0.059727   0.301459   0.716770   0.498296   0.237947   0.387758   0.204032   0.335467   0.058752   0.300520   0.716321   0.495406   0.235564   0.387650   0.201823   0.329873   0.059895   0.299884   0.715713   0.492921   0.233531   0.387578   0.199942   0.325044   0.061637   0.299520   0.715027   0.490513   0.231571   0.387461   0.198129   0.320710   0.061795   0.299175   0.714477   0.488078   0.229603   0.387418   0.196312   0.316622   0.061254   0.298772   0.714010   0.485921   0.227885   0.387778   0.194729   0.312881   0.061408 345412
  8   0.151668   0.709108   0.431155   0.187115   0.330834   0.157588   0.252780   0.062678   0.286623   0.726935   0.433836   0.188618   0.329806   0.158882   0.244658   0.070567   0.286417   0.725417   0.434704   0.189240   0.330433   0.159445   0.242187   0.072722   0.285716   0.724230   0.435052   0.189517   0.332306   0.159700   0.239554   0.078259   0.284892   0.723371   0.434112   0.188893   0.333307   0.159142   0.236839   0.084779   0.300100   0.708514   0.444829   0.196597   0.333146   0.166119   0.239394   0.089240   0.364377   0.669729   0.469254   0.215035   0.332381   0.182960   0.245929   0.098992   0.476116   0.624257   0.492556   0.233948   0.331098   0.200447   0.250506   0.123488   0.596739   0.587650   0.513075   0.251511   0.330614   0.216834   0.254915   0.147741   0.696474   0.563892   0.531005   0.267443   0.331025   0.231798   0.260170   0.158484   0.757294   0.555942   0.544241   0.279612   0.331138   0.243296   0.266482   0.163947   0.763089   0.566523   0.551557   0.286573   0.331054   0.249912   0.273838   0.168568   0.711815   0.593876   0.551867   0.286991   0.330697   0.250330   0.281069   0.170325   0.619205   0.631111   0.545165   0.280737   0.329977   0.244407   0.286564   0.165956   0.506282   0.671797   0.533012   0.269463   0.329353   0.233737   0.289156   0.156124   0.396957   0.710222   0.516555   0.254602   0.329298   0.219739   0.288394   0.140678   0.313632   0.741884   0.493660   0.234926   0.329635   0.201365   0.284037   0.115117   0.278276   0.755806   0.473738   0.218535   0.330193   0.186173   0.275752   0.097783   0.275347   0.754218   0.463679   0.210673   0.330543   0.178950   0.266997   0.095610   0.274929   0.750842   0.457123   0.205662   0.330428   0.174366   0.260371   0.097196   0.274881   0.747471   0.451766   0.201645   0.330370   0.170702   0.254826   0.099912   0.275319   0.744309   0.446827   0.198006   0.330291   0.167392   0.250030   0.099569   0.275789   0.741584   0.442237   0.194663   0.330262   0.164358   0.245718   0.098360   0.275862   0.739326   0.438272   0.191824   0.330592   0.161789   0.241717   0.098893 211445
  9   0.150800   0.699893   0.463665   0.211363   0.326524   0.179695   0.274655   0.154766   0.283754   0.708116   0.452095   0.202424   0.329284   0.171503   0.261624   0.253136   0.282913   0.705991   0.454082   0.203937   0.329768   0.172887   0.260607   0.282685   0.281582   0.704326   0.455634   0.205122   0.331523   0.173972   0.260417   0.307930   0.280391   0.703139   0.456145   0.205520   0.332389   0.174337   0.260370   0.330764   0.295357   0.697661   0.458771   0.207506   0.332125   0.176153   0.260812   0.346824   0.357194   0.678715   0.468602   0.215181   0.331333   0.183203   0.263966   0.343925   0.461726   0.650147   0.483520   0.227276   0.330121   0.194389   0.268605   0.340419   0.571370   0.623575   0.499372   0.240653   0.329836   0.206845   0.273097   0.345330   0.660661   0.603842   0.513858   0.253258   0.330463   0.218647   0.277675   0.339574   0.716768   0.593977   0.524701   0.262962   0.330761   0.227777   0.281842   0.329933   0.727935   0.596814   0.530683   0.268456   0.330833   0.232971   0.285577   0.322206   0.691998   0.612249   0.531029   0.268818   0.330610   0.233321   0.288445   0.316737   0.618212   0.636820   0.525803   0.264043   0.329981   0.228811   0.289779   0.309092   0.518529   0.667737   0.515860   0.255074   0.329313   0.220361   0.288651   0.303576   0.411113   0.701109   0.501664   0.242620   0.329079   0.208684   0.284719   0.309072   0.317869   0.731008   0.483277   0.227076   0.329185   0.194204   0.278342   0.324898   0.273042   0.743635   0.469838   0.216068   0.329543   0.184005   0.271331   0.345216   0.268392   0.740302   0.464944   0.212245   0.329730   0.180494   0.265867   0.361493   0.267766   0.735587   0.461782   0.209830   0.329501   0.178283   0.261990   0.376256   0.267546   0.731376   0.458950   0.207684   0.329435   0.176322   0.259099   0.387425   0.267788   0.727725   0.456349   0.205717   0.329407   0.174525   0.256608   0.387969   0.267837   0.724680   0.454034   0.203977   0.329405   0.172937   0.254156   0.384264   0.267498   0.721990   0.452267   0.202663   0.329747   0.171739   0.251920   0.383333 76479
 10   0.129181   0.697447   0.691395   0.441796   0.831232   0.401618   0.623522   0.033138   0.306933   0.704271   0.707074   0.461841   0.829719   0.421691   0.629582   0.036351   0.307497   0.703708   0.707954   0.463089   0.830669   0.422964   0.624865   0.034229   0.307950   0.703056   0.708710   0.464152   0.833250   0.424047   0.622982   0.033225   0.308251   0.702612   0.708225   0.463535   0.834769   0.423429   0.620995   0.033260   0.309046   0.702071   0.707110   0.462074   0.834810   0.421960   0.618709   0.033050   0.318633   0.698940   0.709469   0.465418   0.834046   0.425370   0.617589   0.031333   0.344759   0.692228   0.714940   0.472991   0.832621   0.433064   0.623025   0.029728   0.381116   0.684540   0.721629   0.482215   0.832076   0.442429   0.634868   0.032157   0.417338   0.677970   0.729971   0.493880   0.832637   0.454301   0.646559   0.037427   0.444458   0.673588   0.738069   0.505405   0.832919   0.466070   0.655917   0.042422   0.452977   0.672451   0.744518   0.514717   0.832874   0.475604   0.662772   0.045997   0.438553   0.675045   0.747834   0.519544   0.832334   0.480553   0.666944   0.046929   0.406767   0.680601   0.747267   0.518693   0.831240   0.479677   0.668529   0.044545   0.367413   0.687695   0.743415   0.513036   0.830351   0.473867   0.668737   0.038761   0.331442   0.694850   0.736274   0.502642   0.830255   0.463210   0.670454   0.031441   0.311741   0.700168   0.726870   0.489117   0.830622   0.449374   0.669464   0.028759   0.307568   0.702025   0.720973   0.480736   0.831288   0.440819   0.663530   0.029779   0.307629   0.701892   0.719042   0.478060   0.831775   0.438101   0.657533   0.029890   0.307723   0.701719   0.717290   0.475657   0.831751   0.435664   0.652379   0.029750   0.307846   0.701545   0.715613   0.473373   0.831696   0.433352   0.647857   0.029887   0.307939   0.701459   0.713792   0.470909   0.831570   0.430859   0.643426   0.030521   0.308005   0.701388   0.712046   0.468562   0.831588   0.428487   0.639265   0.031076   0.308083   0.701228   0.710785   0.466890   0.832086   0.426802   0.635574   0.031381 315951
 11   0.127699   0.697916   0.699314   0.452643   0.843506   0.412618   0.594344   0.044534   0.304643   0.704493   0.724933   0.486703   0.841947   0.446973   0.591147   0.048274   0.305544   0.702907   0.732318   0.497109   0.842816   0.457580   0.581206   0.044018   0.306318   0.701720   0.737550   0.504525   0.845365   0.465146   0.575669   0.042266   0.306929   0.700810   0.740657   0.508957   0.846875   0.469674   0.570932   0.042361   0.309994   0.698596   0.744908   0.515056   0.847005   0.475911   0.568198   0.041274   0.329578   0.692086   0.757163   0.533212   0.846433   0.494588   0.573208   0.035012   0.372672   0.682287   0.772251   0.556068   0.845247   0.518199   0.591003   0.028016   0.427737   0.672657   0.785239   0.576386   0.844724   0.539313   0.612691   0.028600   0.484138   0.664533   0.799199   0.598835   0.845143   0.562761   0.628829   0.034798   0.528965   0.659122   0.811919   0.619802   0.845219   0.584763   0.640740   0.042192   0.543917   0.658272   0.820948   0.635000   0.844940   0.600774   0.650692   0.048545   0.521782   0.662378   0.824714   0.641430   0.844194   0.607566   0.659371   0.052154   0.472861   0.669801   0.822717   0.638031   0.842900   0.603977   0.667412   0.051353   0.410701   0.678803   0.815792   0.626285   0.841949   0.591585   0.676774   0.046117   0.350608   0.688286   0.802053   0.603450   0.841892   0.567586   0.689344   0.037292   0.315114   0.697443   0.781016   0.569566   0.842265   0.532185   0.693857   0.034110   0.306409   0.702078   0.766472   0.546722   0.842946   0.508430   0.686102   0.036769   0.306252   0.702297   0.762010   0.539954   0.843528   0.501438   0.676943   0.037213   0.306324   0.702245   0.758792   0.535124   0.843677   0.496458   0.669581   0.036816   0.306420   0.702153   0.755943   0.530880   0.843697   0.492089   0.663361   0.037050   0.306431   0.702125   0.753241   0.526893   0.843551   0.487991   0.657264   0.037789   0.306396   0.702102   0.750943   0.523523   0.843588   0.484531   0.651376   0.038055   0.306440   0.701964   0.749221   0.521010   0.844154   0.481953   0.646096   0.038109 221927
 12   0.132377   0.698574   0.646288   0.387164   0.752832   0.347426   0.508312   0.043562   0.302856   0.706011   0.673558   0.419221   0.750562   0.379056   0.510316   0.047002   0.303418   0.704802   0.679361   0.426587   0.751367   0.386423   0.502697   0.042697   0.303776   0.703964   0.683291   0.431602   0.753828   0.391443   0.498662   0.041038   0.304072   0.703296   0.685373   0.434253   0.755231   0.394096   0.495203   0.040926   0.308457   0.699743   0.691221   0.441705   0.755249   0.401554   0.493833   0.039741   0.335751   0.689740   0.706286   0.461624   0.754541   0.421626   0.499934   0.034406   0.395397   0.675803   0.723315   0.484870   0.753254   0.445186   0.515503   0.031184   0.472370   0.662388   0.738957   0.506996   0.752726   0.467759   0.532173   0.036720   0.549248   0.651598   0.755738   0.531502   0.753049   0.492907   0.544232   0.046547   0.607110   0.645252   0.770779   0.554184   0.752937   0.516321   0.554118   0.056237   0.621114   0.645822   0.781367   0.570601   0.752537   0.533356   0.563803   0.064297   0.583507   0.653445   0.785004   0.576398   0.751809   0.539402   0.573507   0.069328   0.513536   0.665135   0.781100   0.570357   0.750651   0.533137   0.582814   0.068819   0.431950   0.678262   0.771153   0.554956   0.749763   0.517160   0.591891   0.062149   0.358617   0.690532   0.755776   0.531592   0.749725   0.493007   0.601388   0.049388   0.315804   0.700736   0.734824   0.500844   0.750159   0.461427   0.602998   0.041526   0.304244   0.705624   0.720092   0.479824   0.750845   0.439950   0.594286   0.041161   0.303959   0.705931   0.715010   0.472844   0.751366   0.432870   0.584876   0.039810   0.304032   0.705807   0.711328   0.467836   0.751445   0.427799   0.577593   0.038333   0.304190   0.705523   0.708284   0.463737   0.751501   0.423655   0.571490   0.037632   0.304171   0.705376   0.705268   0.459713   0.751405   0.419594   0.565517   0.037324   0.304038   0.705321   0.702491   0.456039   0.751406   0.415893   0.559469   0.037078   0.303883   0.705257   0.700090   0.452894   0.751923   0.412729   0.553872   0.036995 192372
 13   0.136371   0.708128   0.578848   0.314439   0.611309   0.276723   0.394494   0.054435   0.292155   0.725140   0.611899   0.347680   0.607278   0.308632   0.395997   0.054685   0.292102   0.723446   0.614483   0.350535   0.607854   0.311418   0.385247   0.054323   0.292226   0.721887   0.615780   0.351987   0.610037   0.312838   0.378805   0.055873   0.292111   0.720921   0.615190   0.351378   0.611207   0.312251   0.374198   0.057998   0.303355   0.710450   0.623376   0.360337   0.611021   0.320978   0.374330   0.058683   0.357453   0.680998   0.645115   0.385207   0.610101   0.345399   0.381485   0.061595   0.459131   0.643376   0.668432   0.413485   0.608592   0.373460   0.391115   0.077507   0.574596   0.612936   0.689858   0.440998   0.607996   0.401047   0.399617   0.102971   0.673605   0.595850   0.709022   0.466628   0.608287   0.426939   0.407715   0.126282   0.734610   0.592712   0.722268   0.484963   0.608193   0.445579   0.417285   0.144301   0.738081   0.603175   0.728610   0.493995   0.607950   0.454809   0.428178   0.155345   0.682252   0.625098   0.727108   0.492076   0.607545   0.452890   0.439065   0.158728   0.587342   0.653809   0.717374   0.478750   0.606848   0.439367   0.448765   0.153512   0.478309   0.684643   0.701149   0.456838   0.606250   0.417187   0.456023   0.137858   0.381082   0.711965   0.682222   0.431861   0.606295   0.392010   0.459007   0.112396   0.315302   0.732074   0.661420   0.405386   0.606808   0.365500   0.454862   0.084875   0.290532   0.739346   0.645884   0.386261   0.607496   0.346466   0.444389   0.068891   0.288715   0.737429   0.638458   0.377517   0.607838   0.337834   0.433355   0.063942   0.287783   0.735458   0.633130   0.371375   0.607644   0.331796   0.423967   0.062205   0.287061   0.733555   0.629308   0.367047   0.607582   0.327554   0.415332   0.062911   0.286854   0.731758   0.625767   0.363095   0.607515   0.323690   0.407473   0.063940   0.286967   0.730188   0.621971   0.358891   0.607492   0.319586   0.400414   0.064440   0.287143   0.728714   0.618490   0.355070   0.607915   0.315862   0.393930   0.064769 108765
 14   0.146185   0.709437   0.497705   0.239093   0.443476   0.205354   0.307872   0.055065   0.290866   0.727859   0.519467   0.256858   0.442466   0.221800   0.307840   0.057662   0.290334   0.726654   0.520296   0.257585   0.443054   0.222481   0.301914   0.058431   0.289755   0.725700   0.520522   0.257824   0.445026   0.222711   0.297540   0.061371   0.289068   0.725155   0.519377   0.256858   0.446066   0.221812   0.293519   0.065285   0.302295   0.711318   0.527772   0.264252   0.445868   0.228745   0.294001   0.067758   0.361597   0.671333   0.549667   0.284438   0.445008   0.247827   0.299399   0.073114   0.469583   0.619611   0.573002   0.307283   0.443572   0.269647   0.304974   0.091050   0.588763   0.576478   0.595008   0.329976   0.442968   0.291524   0.310123   0.114728   0.687666   0.550517   0.615015   0.351509   0.443256   0.312442   0.315995   0.132952   0.747626   0.545026   0.629636   0.367920   0.443222   0.328503   0.323713   0.147324   0.751929   0.561034   0.637383   0.376952   0.443028   0.337403   0.333403   0.159058   0.699100   0.594100   0.637024   0.376739   0.442626   0.337230   0.343463   0.165591   0.605390   0.636622   0.628484   0.367119   0.441914   0.327807   0.351729   0.163808   0.493092   0.681402   0.613668   0.350552   0.441327   0.311601   0.356855   0.152804   0.388905   0.720207   0.595397   0.330621   0.441365   0.292193   0.357832   0.131180   0.314473   0.747724   0.574217   0.308535   0.441847   0.270856   0.353316   0.101470   0.284433   0.757058   0.557304   0.291632   0.442532   0.254650   0.343927   0.082650   0.282194   0.753456   0.548596   0.283313   0.442930   0.246738   0.334210   0.078468   0.281703   0.749568   0.542785   0.277891   0.442807   0.241603   0.325832   0.077856   0.281060   0.746429   0.538067   0.273567   0.442770   0.237520   0.318028   0.078735   0.280840   0.743683   0.533644   0.269561   0.442730   0.233746   0.311280   0.078794   0.280788   0.741492   0.529140   0.265529   0.442731   0.229955   0.305349   0.078295   0.280722   0.739627   0.525053   0.261918   0.443118   0.226567   0.300031   0.078105 178276
 15   0.126422   0.697750   0.719473   0.478643   0.917229   0.438691   0.686557   0.025452   0.305849   0.704794   0.725087   0.486290   0.916104   0.446436   0.690207   0.026401   0.306361   0.704093   0.725455   0.486779   0.917218   0.446928   0.689992   0.026792   0.306783   0.703325   0.726241   0.487857   0.919945   0.448022   0.690992   0.027118   0.307155   0.702735   0.726102   0.487644   0.921537   0.447801   0.691009   0.027671   0.308082   0.702081   0.725625   0.486957   0.921722   0.447099   0.690065   0.028020   0.317158   0.699185   0.728551   0.491072   0.921153   0.451291   0.688944   0.028011   0.339670   0.693290   0.735272   0.500616   0.919836   0.461030   0.692100   0.027885   0.368890   0.686748   0.744050   0.513293   0.919200   0.474006   0.700957   0.030089   0.396620   0.681291   0.754403   0.528541   0.919779   0.489672   0.710282   0.034289   0.416473   0.677648   0.764126   0.543157   0.920195   0.504746   0.717233   0.037843   0.422166   0.676454   0.771770   0.554857   0.920180   0.516852   0.721713   0.039744   0.411016   0.678036   0.776363   0.561980   0.919550   0.524240   0.723856   0.039719   0.386442   0.681982   0.777276   0.563422   0.918286   0.525741   0.724354   0.037487   0.354881   0.687279   0.774906   0.559761   0.917414   0.521946   0.726114   0.032244   0.325560   0.693288   0.767104   0.547762   0.917299   0.509519   0.732364   0.026406   0.310318   0.698370   0.755742   0.530500   0.917482   0.491682   0.732738   0.026644   0.307595   0.700397   0.748293   0.519370   0.918046   0.480216   0.726515   0.029714   0.307434   0.700596   0.744637   0.514017   0.918568   0.474723   0.722564   0.030082   0.307372   0.700676   0.741576   0.509575   0.918617   0.470173   0.719050   0.029562   0.307390   0.700674   0.738969   0.505821   0.918430   0.466332   0.715664   0.029391   0.307435   0.700642   0.736669   0.502530   0.918194   0.462969   0.712289   0.029747   0.307488   0.700566   0.734759   0.499813   0.918260   0.460195   0.709291   0.030023   0.307559   0.700431   0.733310   0.497768   0.918785   0.458111   0.706737   0.030301 740878
 16   0.125261   0.698234   0.727001   0.489066   0.926826   0.449280   0.693282   0.022972   0.304549   0.705607   0.732448   0.496637   0.925716   0.456975   0.698340   0.023702   0.305047   0.704655   0.733420   0.497992   0.926906   0.458353   0.699478   0.024469   0.305491   0.703744   0.734685   0.499775   0.929636   0.460170   0.701395   0.025469   0.305879   0.703032   0.735015   0.500233   0.931155   0.460635   0.702107   0.026191   0.308007   0.701608   0.736353   0.502107   0.931327   0.462543   0.702036   0.026023   0.322924   0.696547   0.743695   0.512688   0.930785   0.473370   0.702344   0.024008   0.355744   0.687887   0.756342   0.531300   0.929517   0.492488   0.708975   0.021931   0.396561   0.678987   0.771608   0.554457   0.928786   0.516409   0.721843   0.023500   0.435493   0.671661   0.788830   0.581423   0.929226   0.544431   0.733308   0.027306   0.463325   0.666920   0.804736   0.607136   0.929523   0.571309   0.741127   0.030709   0.470656   0.665670   0.817049   0.627593   0.929365   0.592802   0.746178   0.033023   0.454199   0.668238   0.824463   0.640146   0.928584   0.606038   0.749189   0.034308   0.419324   0.673820   0.826416   0.643493   0.927180   0.609575   0.751520   0.034104   0.375143   0.680722   0.823695   0.638852   0.926286   0.604675   0.757322   0.030636   0.334067   0.688567   0.812561   0.620159   0.926178   0.584996   0.769399   0.025976   0.312126   0.696153   0.794771   0.590879   0.926361   0.554287   0.772860   0.027841   0.307750   0.699739   0.782401   0.570991   0.926982   0.533520   0.766617   0.032358   0.307320   0.700240   0.776305   0.561469   0.927614   0.523630   0.762970   0.033147   0.307099   0.700527   0.771292   0.553730   0.927788   0.515610   0.760244   0.032687   0.306986   0.700672   0.766993   0.547162   0.927610   0.508816   0.757854   0.032001   0.306895   0.700765   0.763222   0.541451   0.927383   0.502919   0.755381   0.031584   0.306818   0.700804   0.760059   0.536696   0.927524   0.498016   0.752852   0.031378   0.306772   0.700785   0.757456   0.532814   0.928130   0.494018   0.750447   0.031082 966730
 17   0.123754   0.698494   0.739333   0.506482   0.932203   0.467035   0.713255   0.022726   0.304073   0.706081   0.744224   0.513487   0.931191   0.474194   0.718937   0.023915   0.304554   0.705068   0.745102   0.514747   0.932461   0.475482   0.720859   0.024878   0.304948   0.704149   0.746145   0.516257   0.935206   0.477029   0.723181   0.025902   0.305241   0.703502   0.746074   0.516152   0.936730   0.476921   0.723927   0.026823   0.309006   0.701414   0.748363   0.519465   0.936905   0.480313   0.724156   0.026300   0.330982   0.694531   0.758306   0.534205   0.936323   0.495475   0.726914   0.023787   0.378293   0.683417   0.774613   0.559079   0.935023   0.521197   0.737459   0.022410   0.439296   0.671956   0.794785   0.591090   0.934141   0.554544   0.752367   0.025556   0.500154   0.662434   0.817098   0.627977   0.934417   0.593266   0.764017   0.031015   0.544668   0.656417   0.837343   0.662805   0.934621   0.630103   0.771363   0.035799   0.554290   0.655638   0.852608   0.689969   0.934295   0.659016   0.775090   0.039194   0.525683   0.660091   0.861317   0.705830   0.933315   0.675972   0.776598   0.041305   0.471334   0.668029   0.863051   0.709040   0.931767   0.679414   0.778208   0.041757   0.405958   0.677328   0.858546   0.700797   0.930882   0.670594   0.783813   0.039024   0.346697   0.687062   0.844427   0.675454   0.930840   0.643575   0.795342   0.033701   0.314148   0.696355   0.822182   0.636582   0.931083   0.602341   0.798357   0.034130   0.306987   0.700964   0.806220   0.609459   0.931799   0.573722   0.792030   0.038026   0.306520   0.701510   0.798733   0.597188   0.932577   0.560862   0.788507   0.038307   0.306220   0.701839   0.792532   0.587177   0.932884   0.550401   0.786063   0.037543   0.306087   0.701996   0.787214   0.578694   0.932725   0.541555   0.784142   0.036263   0.306106   0.701998   0.782763   0.571659   0.932536   0.534233   0.782630   0.034779   0.306128   0.701939   0.779059   0.565862   0.932775   0.528210   0.781018   0.033738   0.306101   0.701886   0.775795   0.560798   0.933460   0.522957   0.779126   0.033177 837791
 18   0.124761   0.699884   0.721917   0.482382   0.927451   0.442557   0.645257   0.024999   0.302453   0.708749   0.726993   0.489375   0.926323   0.449654   0.650355   0.027186   0.302940   0.707619   0.727967   0.490746   0.927452   0.451050   0.650779   0.027920   0.303356   0.706618   0.729122   0.492375   0.930090   0.452712   0.652087   0.028518   0.303778   0.705777   0.729355   0.492697   0.931554   0.453038   0.652459   0.029081   0.308784   0.703024   0.732985   0.497746   0.931701   0.458172   0.652628   0.028043   0.336380   0.694631   0.746296   0.516910   0.931160   0.477781   0.656335   0.024251   0.394543   0.681422   0.767162   0.548113   0.929900   0.509934   0.669117   0.022076   0.467638   0.668015   0.791978   0.587064   0.929118   0.550436   0.685691   0.025509   0.541464   0.656879   0.818652   0.631072   0.929402   0.596622   0.696814   0.031710   0.598361   0.649560   0.842607   0.672489   0.929443   0.640474   0.702127   0.037538   0.612752   0.648494   0.860649   0.704954   0.928989   0.675104   0.703651   0.041997   0.577799   0.653877   0.870948   0.724017   0.928005   0.695548   0.704048   0.044844   0.510914   0.663122   0.873178   0.728237   0.926472   0.700092   0.706083   0.045174   0.432148   0.673854   0.868072   0.718724   0.925526   0.689877   0.712268   0.042426   0.359740   0.685091   0.852175   0.689724   0.925408   0.658864   0.724539   0.037376   0.316659   0.696809   0.824967   0.641790   0.925580   0.607933   0.729122   0.037182   0.305117   0.703345   0.804084   0.606172   0.926214   0.570319   0.723144   0.040529   0.304485   0.704113   0.794758   0.591007   0.926881   0.554449   0.718758   0.040868   0.304219   0.704498   0.787236   0.579000   0.927110   0.541927   0.715803   0.040135   0.304141   0.704662   0.780881   0.569005   0.926995   0.531531   0.713211   0.039049   0.304146   0.704706   0.775482   0.560607   0.926836   0.522815   0.710625   0.038067   0.304186   0.704661   0.770974   0.553669   0.927035   0.515627   0.708150   0.037272   0.304285   0.704491   0.767295   0.548064   0.927676   0.509832   0.706055   0.036453 470525
 19   0.126326   0.701419   0.705433   0.460255   0.946731   0.420202   0.612321   0.029514   0.303586   0.711867   0.710963   0.467459   0.945251   0.427440   0.611892   0.029293   0.304043   0.710638   0.710308   0.466475   0.946259   0.426425   0.608205   0.028583   0.304484   0.709383   0.710556   0.466736   0.948739   0.426676   0.606777   0.027456   0.304847   0.708391   0.709997   0.465923   0.950028   0.425843   0.605357   0.026987   0.307497   0.706737   0.710121   0.465990   0.949895   0.425892   0.603544   0.026486   0.326337   0.700760   0.715405   0.473097   0.948945   0.433073   0.603435   0.026170   0.371269   0.689186   0.727557   0.489988   0.947290   0.450245   0.607922   0.028151   0.435353   0.675242   0.746256   0.516965   0.946564   0.477858   0.616208   0.034309   0.504566   0.662185   0.769595   0.552096   0.946917   0.514106   0.624405   0.041732   0.557230   0.653002   0.793138   0.589195   0.946794   0.552713   0.630061   0.046751   0.576587   0.649892   0.813583   0.622836   0.946250   0.588005   0.633285   0.049545   0.554620   0.653847   0.828245   0.647835   0.945322   0.614407   0.634935   0.050854   0.496271   0.663917   0.835104   0.659828   0.944018   0.627134   0.636053   0.050756   0.421110   0.677117   0.833756   0.657501   0.943039   0.624672   0.638751   0.047772   0.353284   0.690031   0.822742   0.638481   0.942808   0.604536   0.646466   0.041010   0.314834   0.700595   0.801783   0.603333   0.943145   0.567529   0.651431   0.037292   0.304820   0.705524   0.784175   0.574603   0.943968   0.537436   0.648984   0.038216   0.304570   0.706086   0.774539   0.559474   0.944626   0.521705   0.646261   0.038452   0.304442   0.706598   0.765491   0.545553   0.944691   0.507283   0.643959   0.037712   0.304335   0.706998   0.757362   0.533272   0.944754   0.494605   0.641321   0.036671   0.304287   0.707205   0.750307   0.522775   0.944869   0.483798   0.638717   0.035407   0.304345   0.707214   0.744368   0.514067   0.945116   0.474857   0.636398   0.034129   0.304493   0.707032   0.739579   0.507134   0.945734   0.467756   0.634439   0.033349 231297
 20   0.124409   0.697247   0.740054   0.507399   0.934690   0.467950   0.739052   0.021203   0.305780   0.703737   0.744384   0.513608   0.933761   0.474297   0.744319   0.021747   0.306308   0.702942   0.744959   0.514428   0.935097   0.475134   0.746086   0.022987   0.306748   0.702150   0.745843   0.515702   0.937985   0.476439   0.748459   0.024254   0.307095   0.701587   0.745680   0.515455   0.939680   0.476183   0.749316   0.025251   0.308158   0.700868   0.745337   0.514939   0.939985   0.475651   0.749096   0.025705   0.317594   0.697795   0.748565   0.519659   0.939492   0.480493   0.749712   0.025791   0.339800   0.692070   0.755498   0.529906   0.938241   0.491027   0.755227   0.025737   0.367480   0.686239   0.764225   0.543040   0.937469   0.504573   0.764893   0.027632   0.393279   0.681581   0.774295   0.558484   0.937980   0.520560   0.774070   0.031082   0.411337   0.678602   0.783465   0.572820   0.938521   0.535451   0.781005   0.033879   0.415262   0.677844   0.790399   0.583831   0.938579   0.546922   0.785340   0.035359   0.403426   0.679503   0.794169   0.589874   0.937916   0.553229   0.787152   0.035550   0.380248   0.683084   0.794357   0.590175   0.936582   0.553543   0.787319   0.034403   0.350717   0.687762   0.791618   0.585777   0.935803   0.548952   0.788955   0.030368   0.323297   0.693269   0.783367   0.572686   0.935765   0.535316   0.794926   0.025351   0.309876   0.697818   0.772137   0.555094   0.935946   0.517035   0.793270   0.026393   0.307886   0.699504   0.765142   0.544321   0.936545   0.505876   0.785151   0.030040   0.307692   0.699702   0.761439   0.538712   0.937162   0.500084   0.780934   0.030503   0.307588   0.699814   0.758242   0.533913   0.937308   0.495136   0.777156   0.029715   0.307533   0.699889   0.755320   0.529561   0.936954   0.490656   0.773234   0.029154   0.307520   0.699914   0.752720   0.525716   0.936536   0.486703   0.769308   0.029112   0.307519   0.699889   0.750577   0.522571   0.936594   0.483475   0.765830   0.028901   0.307553   0.699805   0.748876   0.520091   0.937140   0.480931   0.762845   0.028628 1140006
 21   0.122829   0.697671   0.752102   0.524952   0.938417   0.485947   0.758351   0.021254   0.305289   0.704539   0.756435   0.531320   0.937552   0.492486   0.764032   0.021779   0.305763   0.703663   0.756972   0.532100   0.938929   0.493285   0.766211   0.023047   0.306197   0.702792   0.757851   0.533393   0.941776   0.494614   0.768755   0.024462   0.306529   0.702158   0.757730   0.533200   0.943428   0.494412   0.769543   0.025589   0.308112   0.701105   0.758021   0.533610   0.943720   0.494830   0.769248   0.025962   0.320802   0.696887   0.763351   0.541625   0.943214   0.503095   0.769728   0.025121   0.349997   0.689310   0.773468   0.557088   0.941958   0.519089   0.776010   0.023818   0.386363   0.681602   0.785911   0.576596   0.941132   0.539364   0.786920   0.025252   0.419981   0.675482   0.800022   0.599303   0.941564   0.563080   0.796475   0.028861   0.442989   0.671652   0.812953   0.620659   0.942016   0.585491   0.803272   0.031939   0.447428   0.670817   0.822843   0.637356   0.941952   0.603087   0.807404   0.033757   0.431730   0.673161   0.828592   0.647209   0.941207   0.613499   0.809350   0.034597   0.401268   0.678036   0.829700   0.649130   0.939849   0.615534   0.810252   0.034500   0.363319   0.683986   0.826875   0.644283   0.939084   0.610411   0.814650   0.031019   0.328868   0.690654   0.816821   0.627262   0.939042   0.592464   0.825544   0.025817   0.311261   0.696761   0.801904   0.602390   0.939221   0.566315   0.827130   0.026893   0.308084   0.699417   0.791983   0.586171   0.939839   0.549326   0.819527   0.030874   0.307763   0.699762   0.786808   0.577905   0.940511   0.540706   0.815563   0.031559   0.307560   0.699976   0.782368   0.570889   0.940742   0.533403   0.812364   0.031028   0.307431   0.700111   0.778410   0.564691   0.940451   0.526963   0.809379   0.030213   0.307343   0.700181   0.774951   0.559317   0.940144   0.521387   0.806485   0.029582   0.307316   0.700154   0.772126   0.554961   0.940334   0.516874   0.803834   0.029124   0.307337   0.700064   0.769787   0.551380   0.940950   0.513170   0.801341   0.028755 1266875
 22   0.121425   0.698415   0.762719   0.540865   0.939683   0.502349   0.758357   0.022402   0.304659   0.705940   0.767206   0.547594   0.938883   0.509284   0.765917   0.023255   0.305109   0.704917   0.767744   0.548390   0.940215   0.510102   0.768753   0.024491   0.305524   0.703957   0.768512   0.549545   0.943042   0.511294   0.771791   0.025804   0.305843   0.703253   0.768264   0.549157   0.944686   0.510890   0.773071   0.026851   0.309187   0.701484   0.769818   0.551514   0.944935   0.513326   0.772863   0.027109   0.329501   0.695332   0.778320   0.564698   0.944373   0.526999   0.774422   0.025687   0.373816   0.684906   0.792924   0.587886   0.943093   0.551157   0.783834   0.024281   0.428842   0.674309   0.810883   0.617410   0.942182   0.582116   0.797322   0.026476   0.480208   0.665905   0.830603   0.651025   0.942461   0.617607   0.807937   0.030658   0.517026   0.660649   0.848484   0.682603   0.942761   0.651171   0.815198   0.034202   0.525986   0.659778   0.862088   0.707361   0.942490   0.677635   0.819115   0.036621   0.503653   0.663423   0.870096   0.722242   0.941531   0.693604   0.820604   0.038237   0.457945   0.670408   0.871939   0.725712   0.939996   0.697337   0.821757   0.039032   0.399500   0.678964   0.868077   0.718488   0.939141   0.689575   0.827115   0.036983   0.344838   0.687955   0.855455   0.695310   0.939075   0.664758   0.839218   0.031878   0.314390   0.696451   0.835208   0.659041   0.939272   0.626104   0.843640   0.031931   0.307572   0.700651   0.820430   0.633224   0.939959   0.598721   0.838271   0.035754   0.307139   0.701145   0.813320   0.621197   0.940742   0.586043   0.834646   0.036389   0.306892   0.701407   0.807440   0.611391   0.941105   0.575732   0.832059   0.035972   0.306779   0.701501   0.802359   0.603014   0.940903   0.566944   0.830081   0.034901   0.306728   0.701508   0.798011   0.595917   0.940709   0.559513   0.828371   0.033607   0.306727   0.701435   0.794437   0.590133   0.941045   0.553466   0.826637   0.032763   0.306725   0.701338   0.791322   0.585134   0.941780   0.548248   0.824775   0.032373 627713
 23   0.121610   0.699543   0.753183   0.526898   0.934333   0.488014   0.710565   0.024882   0.303059   0.708027   0.757115   0.532695   0.933409   0.493971   0.718008   0.027029   0.303644   0.706783   0.757903   0.533863   0.934868   0.495172   0.720838   0.027992   0.303999   0.705791   0.758618   0.534934   0.937794   0.496276   0.723727   0.028979   0.304150   0.705170   0.757985   0.533998   0.939439   0.495313   0.725017   0.029704   0.311421   0.702038   0.761656   0.539442   0.939684   0.500913   0.726406   0.028604   0.347208   0.692387   0.775795   0.561091   0.939076   0.523318   0.732308   0.025911   0.421118   0.677490   0.798236   0.596928   0.937697   0.560698   0.746949   0.025767   0.517472   0.662012   0.825830   0.643340   0.936692   0.609584   0.764060   0.030738   0.615189   0.649053   0.855062   0.695176   0.936760   0.664732   0.775508   0.037396   0.681058   0.641669   0.880419   0.742417   0.936711   0.715463   0.780230   0.042372   0.679095   0.643138   0.898055   0.776608   0.936173   0.752456   0.779844   0.045825   0.616549   0.651767   0.906450   0.793328   0.935031   0.770639   0.778644   0.048146   0.529330   0.663076   0.906234   0.792967   0.933368   0.770261   0.780532   0.048509   0.440364   0.674987   0.898051   0.776777   0.932486   0.752675   0.787538   0.047165   0.363316   0.686552   0.879838   0.741503   0.932480   0.714517   0.800294   0.043255   0.318078   0.697029   0.853413   0.692085   0.932759   0.661410   0.805472   0.042542   0.306327   0.702375   0.833882   0.656764   0.933540   0.623696   0.801063   0.045161   0.305800   0.703034   0.824593   0.640665   0.934394   0.606645   0.798636   0.044818   0.305588   0.703387   0.816979   0.627692   0.934795   0.592950   0.797573   0.043365   0.305525   0.703559   0.810402   0.616644   0.934644   0.581316   0.796895   0.041607   0.305458   0.703651   0.804747   0.607265   0.934438   0.571465   0.795982   0.039834   0.305314   0.703709   0.799856   0.599253   0.934723   0.563069   0.794560   0.038623   0.305174   0.703727   0.795502   0.592206   0.935463   0.555700   0.792845   0.037890 597378
 24   0.122221   0.701522   0.733274   0.498768   0.928747   0.459328   0.634200   0.028411   0.300307   0.711916   0.736541   0.503431   0.927680   0.464091   0.639283   0.031877   0.300803   0.710675   0.736995   0.504165   0.928859   0.464857   0.638883   0.032780   0.301028   0.709786   0.737277   0.504639   0.931570   0.465354   0.638658   0.033570   0.301139   0.709173   0.736302   0.503297   0.933114   0.463991   0.637574   0.034409   0.310973   0.704379   0.742775   0.512369   0.933412   0.473231   0.640989   0.032596   0.354932   0.691847   0.763168   0.542427   0.932970   0.504129   0.651363   0.028829   0.443050   0.674521   0.791747   0.587203   0.931657   0.550679   0.667352   0.029638   0.556667   0.657052   0.824551   0.641900   0.930653   0.608211   0.681490   0.037779   0.668999   0.642965   0.857953   0.701082   0.930611   0.671176   0.684272   0.048559   0.739973   0.635742   0.885563   0.752729   0.930426   0.726688   0.677475   0.057348   0.744096   0.636999   0.904048   0.788854   0.929878   0.765838   0.668389   0.062748   0.691298   0.644635   0.913348   0.807559   0.928837   0.786221   0.662873   0.064731   0.602845   0.656056   0.914300   0.809563   0.927297   0.788423   0.662427   0.063829   0.497534   0.669500   0.907252   0.795430   0.926404   0.773032   0.667936   0.060572   0.394438   0.683338   0.889014   0.759654   0.926300   0.734233   0.683054   0.053493   0.324340   0.698634   0.854018   0.694161   0.926454   0.663831   0.693641   0.049696   0.300911   0.708190   0.823717   0.639700   0.927111   0.605732   0.689594   0.051733   0.299800   0.709432   0.810172   0.616945   0.927869   0.581768   0.684101   0.052103   0.299657   0.709828   0.799722   0.599858   0.928219   0.563863   0.681414   0.050542   0.299912   0.709846   0.791129   0.586058   0.928139   0.549450   0.679281   0.048256   0.300362   0.709588   0.784412   0.575427   0.927973   0.538376   0.677380   0.045847   0.300815   0.709183   0.779178   0.567248   0.928208   0.529875   0.676002   0.043689   0.301205   0.708714   0.774719   0.560350   0.928902   0.522721   0.675216   0.042071 224875
