timestamp=                2021-11-13T19:07:20.965086
shape=                    (5, 5)
sigma=                    2.5
nepochs=                  4
thresh=                   None
rate=                     0.0075
neighborhood function=    gaussian
init weights=             pca
topology=                 hexagonal
activation distance=      euclidean
output type=              labels
mapfile_prefix=           full2020_5x5_4_0075_3_07
apply classification=     False
seed=                     None
random order=             True
custom init file=         None
order labels by size=     False
decay_function=           3

Quantization Error=       0.35748772
Topographic Error=        0.13798753

############ NEURONS #############
 25 192
  0   0.141952   0.697518   0.580937   0.315264   0.582853   0.277298   0.428675   0.036838   0.304457   0.704346   0.596383   0.330237   0.581444   0.291569   0.430053   0.040822   0.304965   0.703755   0.596916   0.330772   0.582261   0.292083   0.428527   0.038689   0.305268   0.703217   0.596834   0.330683   0.584534   0.291995   0.428911   0.038690   0.305400   0.702871   0.596060   0.329871   0.585829   0.291211   0.428692   0.039327   0.308253   0.700226   0.597892   0.331748   0.585763   0.293017   0.429040   0.039861   0.329726   0.690749   0.605543   0.339903   0.584981   0.300921   0.433179   0.038706   0.377454   0.676514   0.614092   0.349225   0.583630   0.309991   0.443160   0.040573   0.435541   0.663636   0.621454   0.357430   0.583130   0.318006   0.457001   0.049152   0.484354   0.655398   0.628699   0.365633   0.583619   0.326042   0.470869   0.059782   0.508803   0.653369   0.633648   0.371313   0.583841   0.331621   0.482986   0.068798   0.503641   0.657438   0.635602   0.373575   0.583826   0.333846   0.492024   0.074362   0.473176   0.666010   0.634211   0.371964   0.583440   0.332261   0.497109   0.074933   0.428208   0.676737   0.629716   0.366786   0.582591   0.327173   0.498007   0.069819   0.380547   0.687770   0.623462   0.359664   0.581841   0.320189   0.495246   0.060366   0.339063   0.697924   0.616394   0.351732   0.581762   0.312431   0.490111   0.049863   0.313608   0.705276   0.608928   0.343479   0.582118   0.304380   0.482986   0.043548   0.305899   0.707844   0.604325   0.338462   0.582711   0.299499   0.474801   0.042044   0.305333   0.707619   0.602707   0.336755   0.583097   0.297848   0.467600   0.041939   0.305027   0.707259   0.601224   0.335200   0.583004   0.296346   0.461735   0.042206   0.304762   0.706911   0.599830   0.333748   0.582947   0.294945   0.456554   0.042667   0.304617   0.706527   0.598483   0.332345   0.582838   0.293590   0.451739   0.043020   0.304515   0.706168   0.597207   0.331023   0.582819   0.292316   0.447196   0.043145   0.304297   0.705945   0.595979   0.329772   0.583241   0.291112   0.442852   0.043515 313268
  1   0.146877   0.698166   0.535436   0.271169   0.488425   0.235257   0.369544   0.037855   0.303404   0.705566   0.546260   0.280495   0.486869   0.243963   0.368485   0.042014   0.303919   0.704929   0.546225   0.280444   0.487634   0.243910   0.368221   0.041156   0.304111   0.704449   0.545669   0.279925   0.489773   0.243420   0.368462   0.041736   0.304151   0.704195   0.544550   0.278892   0.490991   0.242443   0.367969   0.042717   0.307737   0.700794   0.546919   0.281076   0.490910   0.244507   0.369058   0.043286   0.332195   0.688861   0.555302   0.289061   0.490138   0.252095   0.373942   0.042546   0.384473   0.671270   0.563930   0.297508   0.488820   0.260159   0.383363   0.046453   0.445773   0.655679   0.571486   0.305061   0.488330   0.267398   0.396198   0.057464   0.493062   0.646658   0.578841   0.312505   0.488807   0.274546   0.409153   0.069398   0.512871   0.645608   0.583728   0.317509   0.489034   0.279364   0.420365   0.079353   0.503591   0.651702   0.585566   0.319403   0.489036   0.281188   0.428540   0.085576   0.471462   0.662628   0.584148   0.317916   0.488685   0.279751   0.432769   0.086321   0.428063   0.675198   0.579838   0.313445   0.487892   0.275438   0.432893   0.080786   0.381683   0.687838   0.573791   0.307247   0.487186   0.269473   0.429571   0.070298   0.340059   0.699516   0.566801   0.300213   0.487117   0.262724   0.423878   0.058144   0.313805   0.707923   0.559547   0.293049   0.487462   0.255874   0.416241   0.049504   0.305073   0.710930   0.554875   0.288516   0.488032   0.251553   0.408052   0.046546   0.304031   0.710784   0.552774   0.286538   0.488395   0.249677   0.401062   0.046115   0.303352   0.710516   0.550854   0.284747   0.488284   0.247982   0.395119   0.046743   0.302841   0.710208   0.549096   0.283116   0.488216   0.246440   0.389906   0.047741   0.302488   0.709842   0.547290   0.281445   0.488106   0.244860   0.385174   0.048005   0.302171   0.709520   0.545452   0.279753   0.488079   0.243261   0.380718   0.047980   0.301890   0.709229   0.543834   0.278282   0.488477   0.241875   0.376539   0.048215 291510
  2   0.158513   0.698292   0.434992   0.189311   0.297308   0.159493   0.270687   0.047285   0.302197   0.705650   0.428236   0.183951   0.296544   0.154561   0.263543   0.059487   0.302581   0.704754   0.428739   0.184278   0.297205   0.154852   0.264600   0.062544   0.302757   0.704021   0.429110   0.184543   0.299117   0.155092   0.265258   0.066329   0.302985   0.703489   0.428634   0.184210   0.300221   0.154791   0.265479   0.069959   0.307608   0.699250   0.430753   0.185690   0.300146   0.156125   0.266556   0.072645   0.334389   0.683738   0.438328   0.191167   0.299441   0.161088   0.269941   0.074833   0.389294   0.660354   0.447836   0.198249   0.298246   0.167538   0.275737   0.082745   0.451722   0.640132   0.457608   0.205694   0.297808   0.174344   0.283526   0.095532   0.500248   0.628919   0.466802   0.212810   0.298285   0.180868   0.291988   0.105991   0.523711   0.628310   0.473459   0.218045   0.298552   0.185680   0.299690   0.114810   0.518948   0.636751   0.476930   0.220818   0.298593   0.188237   0.305363   0.121419   0.490096   0.650974   0.476818   0.220740   0.298289   0.188167   0.308139   0.123202   0.447245   0.667413   0.473357   0.217966   0.297566   0.185608   0.307954   0.118255   0.396830   0.684948   0.467214   0.213076   0.296929   0.181104   0.305293   0.108435   0.347447   0.702252   0.458952   0.206622   0.296873   0.175178   0.300672   0.096858   0.313870   0.715005   0.449583   0.199471   0.297182   0.168638   0.294610   0.086078   0.301734   0.719572   0.442701   0.194336   0.297703   0.163960   0.288304   0.080891   0.300130   0.719219   0.438896   0.191582   0.298044   0.161465   0.282769   0.080547   0.299290   0.718479   0.435746   0.189329   0.297944   0.159426   0.278189   0.083155   0.298889   0.717521   0.432919   0.187321   0.297857   0.157612   0.274407   0.085979   0.298487   0.716697   0.430149   0.185374   0.297712   0.155856   0.270809   0.085626   0.297930   0.716109   0.427511   0.183535   0.297654   0.154200   0.267261   0.084453   0.297417   0.715495   0.425286   0.181996   0.297993   0.152815   0.264152   0.084933 288994
  3   0.161107   0.704468   0.378479   0.151594   0.214773   0.125754   0.219996   0.061278   0.293393   0.717353   0.361056   0.140363   0.213874   0.115767   0.209335   0.078727   0.293984   0.715753   0.361989   0.140895   0.214502   0.116230   0.210205   0.084418   0.293945   0.714887   0.361994   0.140903   0.216327   0.116237   0.210440   0.090635   0.294088   0.714119   0.361241   0.140455   0.217354   0.115845   0.210389   0.096181   0.304228   0.703863   0.366251   0.143399   0.217267   0.118422   0.212073   0.100517   0.348819   0.673785   0.379079   0.151309   0.216588   0.125402   0.215404   0.108926   0.429531   0.634360   0.393062   0.160378   0.215445   0.133472   0.219174   0.125722   0.518015   0.601220   0.406615   0.169457   0.215069   0.141595   0.224349   0.141297   0.591213   0.580579   0.419145   0.178085   0.215574   0.149351   0.230314   0.148464   0.634346   0.575843   0.428736   0.184865   0.215831   0.155473   0.236407   0.153550   0.635028   0.588312   0.434063   0.188709   0.215874   0.158956   0.242137   0.158369   0.592991   0.614329   0.434310   0.188892   0.215599   0.159123   0.246448   0.159542   0.525466   0.645862   0.429959   0.185737   0.214908   0.156262   0.248247   0.153581   0.446164   0.679164   0.422149   0.180145   0.214279   0.151203   0.247479   0.143166   0.368690   0.711123   0.411042   0.172382   0.214194   0.144206   0.244839   0.131887   0.313535   0.734506   0.397409   0.163151   0.214454   0.135932   0.240493   0.118620   0.291830   0.742755   0.386430   0.155954   0.214912   0.129516   0.234892   0.109706   0.289310   0.741215   0.379960   0.151867   0.215201   0.125896   0.229283   0.108274   0.288314   0.739105   0.374793   0.148665   0.215074   0.123067   0.224580   0.111795   0.288135   0.736668   0.370285   0.145911   0.214980   0.120641   0.220856   0.115283   0.287891   0.734582   0.366041   0.143352   0.214836   0.118392   0.217295   0.113454   0.287286   0.733072   0.362185   0.141051   0.214758   0.116372   0.213764   0.110632   0.286836   0.731587   0.359133   0.139243   0.215054   0.114787   0.210760   0.111127 277526
  4   0.159234   0.706792   0.372670   0.148548   0.194996   0.123143   0.209067   0.140104   0.282877   0.721513   0.344773   0.131078   0.194487   0.107678   0.196713   0.214042   0.282906   0.718756   0.345750   0.131615   0.195056   0.108143   0.196794   0.232216   0.282445   0.716533   0.346357   0.131960   0.196746   0.108443   0.197021   0.250016   0.282272   0.714745   0.346089   0.131802   0.197631   0.108305   0.197269   0.266385   0.298491   0.705249   0.349370   0.133689   0.197467   0.109952   0.198007   0.278240   0.361955   0.675905   0.360457   0.140340   0.196774   0.115795   0.200295   0.289264   0.469999   0.633918   0.375582   0.149788   0.195649   0.124153   0.203306   0.304057   0.586043   0.595461   0.391170   0.159900   0.195358   0.133156   0.206624   0.313817   0.682848   0.567645   0.405723   0.169665   0.195970   0.141900   0.210066   0.311006   0.743964   0.555482   0.417231   0.177618   0.196293   0.149057   0.213203   0.305793   0.755115   0.562747   0.424342   0.182657   0.196381   0.153612   0.216118   0.303710   0.713482   0.587849   0.425877   0.183775   0.196156   0.154627   0.218505   0.301587   0.630909   0.624506   0.421650   0.180773   0.195530   0.151913   0.219460   0.294080   0.522541   0.668398   0.412392   0.174283   0.194918   0.146058   0.218574   0.286279   0.408735   0.714169   0.397962   0.164449   0.194731   0.137230   0.216164   0.286242   0.316479   0.751305   0.379678   0.152417   0.194838   0.126490   0.212352   0.285881   0.275774   0.764579   0.365894   0.143628   0.195198   0.118688   0.207895   0.285652   0.272488   0.759328   0.359339   0.139619   0.195431   0.115154   0.203862   0.289408   0.272636   0.752867   0.354689   0.136847   0.195259   0.112720   0.200698   0.297129   0.273014   0.747207   0.350599   0.134443   0.195166   0.110616   0.198228   0.303580   0.273208   0.742530   0.346944   0.132318   0.195077   0.108759   0.195867   0.300509   0.273146   0.738741   0.343842   0.130527   0.195036   0.107196   0.193575   0.295367   0.272731   0.735548   0.341388   0.129122   0.195317   0.105971   0.191601   0.295383 112826
  5   0.133401   0.696956   0.652906   0.394289   0.745100   0.354339   0.548870   0.032898   0.306335   0.703159   0.672299   0.417087   0.743210   0.376827   0.556284   0.036264   0.306878   0.702363   0.674605   0.419966   0.744072   0.379697   0.552847   0.033864   0.307327   0.701594   0.676419   0.422236   0.746544   0.381962   0.552140   0.032686   0.307596   0.701100   0.676831   0.422743   0.747979   0.382466   0.551227   0.032599   0.308982   0.699966   0.677469   0.423531   0.747974   0.383249   0.550114   0.032204   0.322154   0.695134   0.682942   0.430573   0.747220   0.390309   0.550935   0.029662   0.354812   0.686580   0.690916   0.440904   0.745877   0.400679   0.558945   0.028028   0.398635   0.677818   0.698649   0.451043   0.745387   0.410877   0.572594   0.032112   0.440990   0.670928   0.707395   0.462734   0.745902   0.422678   0.585259   0.039554   0.470463   0.667072   0.715269   0.473491   0.746101   0.433580   0.595565   0.046628   0.476494   0.667226   0.720706   0.481045   0.746018   0.441260   0.603568   0.051723   0.456679   0.671371   0.722337   0.483346   0.745517   0.443607   0.609096   0.053441   0.419595   0.678159   0.719906   0.479977   0.744498   0.440183   0.611826   0.050647   0.375749   0.686134   0.714426   0.472393   0.743632   0.432478   0.612304   0.043762   0.335932   0.693984   0.706466   0.461481   0.743538   0.421412   0.612696   0.035179   0.312938   0.700044   0.696428   0.447922   0.743916   0.407699   0.610337   0.031509   0.307258   0.702389   0.689972   0.439314   0.744558   0.399014   0.603648   0.032145   0.307185   0.702335   0.687946   0.436694   0.745020   0.396386   0.596821   0.032015   0.307232   0.702148   0.686202   0.434459   0.745004   0.394148   0.591331   0.031735   0.307318   0.701946   0.684550   0.432353   0.744990   0.392039   0.586651   0.031754   0.307336   0.701839   0.682792   0.430123   0.744884   0.389810   0.582115   0.031874   0.307342   0.701716   0.681248   0.428177   0.744875   0.387868   0.577701   0.031989   0.307343   0.701543   0.680130   0.426786   0.745351   0.386481   0.573631   0.032304 381322
  6   0.137545   0.696942   0.620545   0.357105   0.668093   0.317804   0.491174   0.034532   0.305840   0.703223   0.638782   0.376919   0.666191   0.337074   0.496213   0.038907   0.306353   0.702613   0.639867   0.378147   0.667033   0.338278   0.494001   0.036631   0.306765   0.701927   0.640780   0.379183   0.669409   0.339293   0.494073   0.035598   0.306987   0.701478   0.640730   0.379112   0.670773   0.339221   0.493563   0.035404   0.308858   0.699885   0.641630   0.380145   0.670731   0.340235   0.493008   0.035275   0.325396   0.693318   0.647823   0.387488   0.669953   0.347488   0.495429   0.033402   0.364730   0.682424   0.656004   0.397301   0.668600   0.357200   0.504381   0.033486   0.415161   0.671891   0.663566   0.406525   0.668106   0.366358   0.517801   0.039797   0.460615   0.664493   0.671508   0.416405   0.668607   0.376203   0.530829   0.049117   0.488474   0.661411   0.677814   0.424407   0.668807   0.384206   0.542001   0.057441   0.489467   0.663255   0.681362   0.428978   0.668751   0.388790   0.550574   0.062858   0.464011   0.669467   0.681166   0.428758   0.668312   0.388576   0.555919   0.064048   0.423306   0.677932   0.677455   0.424032   0.667387   0.383847   0.557656   0.060105   0.377963   0.687134   0.671425   0.416398   0.666577   0.376215   0.556316   0.052191   0.337427   0.695950   0.663859   0.406926   0.666485   0.366765   0.553389   0.043041   0.313387   0.702431   0.655356   0.396427   0.666855   0.356319   0.548164   0.038219   0.306867   0.704709   0.650133   0.390055   0.667476   0.349993   0.540765   0.038019   0.306670   0.704507   0.648451   0.388059   0.667898   0.348021   0.533882   0.038110   0.306646   0.704182   0.646959   0.386305   0.667839   0.346291   0.528274   0.038113   0.306646   0.703839   0.645608   0.384727   0.667811   0.344737   0.523588   0.038157   0.306611   0.703582   0.644176   0.383058   0.667712   0.343094   0.519185   0.038159   0.306555   0.703363   0.642834   0.381504   0.667696   0.341564   0.514851   0.038140   0.306477   0.703147   0.641786   0.380303   0.668143   0.340386   0.510794   0.038274 354782
  7   0.152785   0.699080   0.484004   0.226917   0.390844   0.193927   0.315396   0.040309   0.302516   0.707253   0.489091   0.230386   0.389658   0.197030   0.312715   0.046197   0.302873   0.706485   0.489324   0.230538   0.390346   0.197164   0.312786   0.046921   0.302929   0.705940   0.489448   0.230633   0.392356   0.197252   0.312638   0.048696   0.302994   0.705488   0.488881   0.230170   0.393511   0.196823   0.312072   0.050935   0.307418   0.701295   0.491620   0.232378   0.393423   0.198861   0.313246   0.052606   0.334520   0.686479   0.500508   0.239824   0.392669   0.205780   0.317487   0.053536   0.392214   0.663958   0.510893   0.248811   0.391398   0.214179   0.324684   0.059956   0.459338   0.643827   0.521351   0.258084   0.390918   0.222880   0.334346   0.073031   0.511397   0.632162   0.531232   0.267008   0.391366   0.231282   0.344573   0.085999   0.534619   0.630951   0.538098   0.273335   0.391577   0.237260   0.353861   0.096762   0.526144   0.639126   0.541423   0.276466   0.391566   0.240231   0.360911   0.104466   0.493000   0.653267   0.540773   0.275886   0.391228   0.239686   0.364823   0.107191   0.445742   0.669846   0.536258   0.271669   0.390488   0.235692   0.365298   0.102942   0.393270   0.686759   0.529107   0.265045   0.389830   0.229428   0.362683   0.092211   0.345524   0.702098   0.520475   0.257205   0.389782   0.222039   0.357846   0.077776   0.314036   0.713179   0.511092   0.248887   0.390140   0.214234   0.351251   0.065316   0.302843   0.717240   0.504289   0.242985   0.390713   0.208716   0.343944   0.059663   0.301463   0.716957   0.500716   0.239969   0.391076   0.205910   0.337466   0.058510   0.300592   0.716435   0.497811   0.237555   0.390969   0.203670   0.331890   0.059498   0.299897   0.715898   0.495224   0.235424   0.390899   0.201696   0.326970   0.061087   0.299490   0.715250   0.492790   0.233433   0.390784   0.199853   0.322564   0.061195   0.299208   0.714615   0.490437   0.231526   0.390745   0.198090   0.318465   0.060553   0.298822   0.714107   0.488293   0.229806   0.391108   0.196504   0.314653   0.060728 348138
  8   0.151357   0.709275   0.432374   0.188024   0.333272   0.158417   0.253009   0.063345   0.286311   0.727126   0.435437   0.189793   0.332246   0.159950   0.244869   0.071172   0.286209   0.725539   0.436313   0.190422   0.332868   0.160520   0.242488   0.073143   0.285440   0.724425   0.436491   0.190578   0.334741   0.160665   0.239809   0.078717   0.284600   0.723488   0.435678   0.190043   0.335735   0.160187   0.237014   0.085431   0.300079   0.708346   0.446692   0.198000   0.335570   0.167400   0.239545   0.090155   0.364992   0.669307   0.471392   0.216738   0.334801   0.184529   0.246104   0.100106   0.477398   0.623930   0.494897   0.235907   0.333515   0.202267   0.250811   0.124784   0.598347   0.587606   0.515547   0.253678   0.333031   0.218865   0.255306   0.149340   0.698264   0.564110   0.533532   0.269758   0.333439   0.233984   0.260620   0.160445   0.758662   0.556503   0.546724   0.281965   0.333548   0.245530   0.267020   0.165977   0.764419   0.566954   0.554044   0.288963   0.333459   0.252188   0.274395   0.170236   0.713826   0.593772   0.554340   0.289362   0.333103   0.252587   0.281718   0.171715   0.621341   0.630788   0.547515   0.282958   0.332387   0.246515   0.287404   0.167402   0.508036   0.671511   0.535257   0.271531   0.331764   0.235691   0.290051   0.157724   0.397982   0.709966   0.518745   0.256547   0.331706   0.221566   0.289233   0.142185   0.313796   0.741762   0.495626   0.236578   0.332042   0.202901   0.284796   0.116220   0.277821   0.755915   0.475427   0.219883   0.332604   0.187415   0.276320   0.098372   0.274875   0.754292   0.465355   0.211986   0.332953   0.180157   0.267353   0.096134   0.274584   0.750847   0.458854   0.207004   0.332835   0.175596   0.260701   0.097717   0.274576   0.747482   0.453527   0.203001   0.332778   0.171944   0.255179   0.100283   0.274974   0.744382   0.448615   0.199365   0.332702   0.168635   0.250321   0.100094   0.275505   0.741610   0.444085   0.196048   0.332676   0.165622   0.246007   0.098869   0.275734   0.739201   0.440190   0.193239   0.333007   0.163077   0.242064   0.099303 212806
  9   0.150880   0.700029   0.460650   0.209084   0.320987   0.177614   0.271766   0.157677   0.283181   0.708363   0.448378   0.199674   0.323686   0.168998   0.258598   0.258307   0.282471   0.706127   0.450395   0.201201   0.324177   0.170395   0.257589   0.288049   0.281190   0.704364   0.452090   0.202490   0.325931   0.171574   0.257469   0.313626   0.280101   0.703109   0.452660   0.202930   0.326797   0.171978   0.257501   0.336554   0.295461   0.697587   0.455208   0.204841   0.326535   0.173721   0.257939   0.352588   0.357954   0.678505   0.464922   0.212347   0.325743   0.180605   0.261032   0.349288   0.463774   0.649434   0.479801   0.224275   0.324531   0.191615   0.265677   0.344839   0.574820   0.622267   0.495732   0.237573   0.324244   0.203975   0.270124   0.349179   0.664242   0.602297   0.510302   0.250130   0.324872   0.215712   0.274610   0.342912   0.719770   0.592424   0.521139   0.259743   0.325178   0.224742   0.278680   0.332669   0.731767   0.595002   0.527207   0.265257   0.325257   0.229945   0.282317   0.324973   0.695999   0.610614   0.527582   0.265632   0.325033   0.230305   0.285107   0.319670   0.620858   0.635867   0.522330   0.260873   0.324403   0.225818   0.286366   0.311969   0.520255   0.667391   0.512386   0.251987   0.323739   0.217459   0.285271   0.306765   0.411722   0.701500   0.498092   0.239571   0.323506   0.205837   0.281405   0.313075   0.317635   0.731933   0.479704   0.224188   0.323613   0.191534   0.275083   0.330075   0.272622   0.744725   0.466264   0.213298   0.323973   0.181464   0.268230   0.351054   0.267834   0.741361   0.461233   0.209412   0.324165   0.177900   0.262965   0.367063   0.267286   0.736492   0.457991   0.206959   0.323937   0.175659   0.259151   0.381418   0.267183   0.732122   0.455134   0.204813   0.323864   0.173700   0.256202   0.392396   0.267305   0.728370   0.452508   0.202844   0.323832   0.171903   0.253631   0.392841   0.267494   0.725169   0.450227   0.201147   0.323830   0.170357   0.251136   0.389214   0.267266   0.722383   0.448434   0.199826   0.324174   0.169156   0.248891   0.388165 77405
 10   0.128922   0.697514   0.693856   0.444966   0.837791   0.404798   0.627339   0.033270   0.306913   0.704381   0.709655   0.465318   0.836288   0.425205   0.633184   0.036314   0.307473   0.703779   0.710732   0.466853   0.837243   0.426772   0.628314   0.034169   0.307951   0.703088   0.711645   0.468152   0.839831   0.428099   0.626257   0.033117   0.308287   0.702615   0.711258   0.467675   0.841352   0.427624   0.624196   0.033183   0.309079   0.702057   0.710218   0.466316   0.841402   0.426258   0.621918   0.033004   0.318581   0.698936   0.712729   0.469910   0.840653   0.429930   0.620914   0.031237   0.344332   0.692305   0.718278   0.477657   0.839237   0.437813   0.626597   0.029563   0.379729   0.684798   0.724785   0.486687   0.838696   0.446991   0.638762   0.031883   0.414893   0.678404   0.732904   0.498112   0.839266   0.458634   0.650686   0.037053   0.441603   0.674054   0.740973   0.509663   0.839555   0.470442   0.660109   0.041932   0.450379   0.672810   0.747510   0.519149   0.839510   0.480164   0.667002   0.045359   0.436557   0.675272   0.750877   0.524074   0.838961   0.485219   0.671326   0.046174   0.405225   0.680745   0.750335   0.523253   0.837850   0.484370   0.673086   0.043744   0.366344   0.687733   0.746565   0.517681   0.836956   0.478641   0.673465   0.037991   0.330950   0.694791   0.739321   0.507075   0.836859   0.467755   0.675625   0.030917   0.311625   0.700102   0.729700   0.493141   0.837213   0.453482   0.674829   0.028616   0.307583   0.701975   0.723726   0.484590   0.837872   0.444742   0.668796   0.029840   0.307643   0.701843   0.721792   0.481894   0.838362   0.442000   0.662808   0.029968   0.307758   0.701669   0.720047   0.479486   0.838344   0.439556   0.657649   0.029831   0.307886   0.701506   0.718314   0.477110   0.838285   0.437147   0.653223   0.030026   0.307987   0.701401   0.716506   0.474648   0.838151   0.434654   0.648905   0.030671   0.308081   0.701288   0.714907   0.472488   0.838166   0.432469   0.644736   0.031138   0.308163   0.701122   0.713756   0.470952   0.838665   0.430919   0.640978   0.031416 330746
 11   0.126377   0.701505   0.705268   0.460110   0.946193   0.420069   0.608423   0.031033   0.303976   0.712017   0.711826   0.468631   0.944654   0.428626   0.607570   0.030668   0.304452   0.710748   0.711260   0.467759   0.945654   0.427725   0.602814   0.029688   0.304847   0.709491   0.711529   0.468058   0.948138   0.428014   0.600438   0.028331   0.305119   0.708558   0.710820   0.467057   0.949427   0.426994   0.598405   0.027736   0.307423   0.707126   0.710366   0.466369   0.949266   0.426285   0.596115   0.027236   0.325251   0.701520   0.714566   0.472018   0.948275   0.431994   0.595601   0.027081   0.368662   0.690253   0.725342   0.486927   0.946583   0.447137   0.599590   0.029288   0.430860   0.676552   0.742609   0.511625   0.945869   0.472378   0.607238   0.035676   0.497657   0.663713   0.764691   0.544518   0.946249   0.506250   0.615173   0.043257   0.549218   0.654427   0.787429   0.579960   0.946120   0.543056   0.621105   0.048166   0.569754   0.650930   0.807648   0.612888   0.945573   0.577533   0.624712   0.050572   0.549408   0.654629   0.822477   0.637951   0.944650   0.603960   0.626520   0.051550   0.492785   0.664636   0.829681   0.650479   0.943356   0.617240   0.627517   0.051318   0.418939   0.677964   0.828760   0.648945   0.942369   0.615629   0.629780   0.048195   0.351990   0.690989   0.818474   0.631336   0.942135   0.597016   0.636790   0.041203   0.314476   0.701198   0.798710   0.598408   0.942490   0.562388   0.641813   0.037030   0.304833   0.705739   0.781978   0.571237   0.943334   0.533953   0.639863   0.037682   0.304697   0.706185   0.772693   0.556697   0.943991   0.518840   0.637182   0.037919   0.304677   0.706589   0.763906   0.543205   0.944032   0.504868   0.634995   0.037146   0.304603   0.706950   0.755861   0.531068   0.944109   0.492341   0.632536   0.036172   0.304550   0.707172   0.748771   0.520537   0.944253   0.481503   0.629902   0.035004   0.304601   0.707203   0.742802   0.511799   0.944511   0.472535   0.627388   0.033669   0.304750   0.707033   0.738006   0.504865   0.945133   0.465434   0.625258   0.032873 198396
 12   0.130518   0.698350   0.664783   0.409513   0.784077   0.369591   0.532352   0.046492   0.303165   0.705444   0.692945   0.444221   0.782158   0.404134   0.531548   0.050635   0.303868   0.704085   0.699774   0.453296   0.782969   0.413286   0.522321   0.045412   0.304369   0.703208   0.704130   0.459102   0.785468   0.419145   0.517764   0.043018   0.304751   0.702513   0.706456   0.462215   0.786913   0.422289   0.514060   0.042573   0.309046   0.699175   0.712250   0.469929   0.786969   0.430072   0.512399   0.041286   0.335443   0.689932   0.727245   0.490637   0.786299   0.451107   0.519148   0.035414   0.393029   0.676928   0.744505   0.515217   0.785033   0.476216   0.536648   0.030630   0.467089   0.664336   0.760238   0.538391   0.784481   0.500036   0.555068   0.034332   0.541832   0.654110   0.776853   0.563658   0.784793   0.526161   0.567943   0.042968   0.599331   0.647800   0.791643   0.586882   0.784690   0.550315   0.578102   0.052010   0.614103   0.647971   0.801990   0.603572   0.784283   0.567760   0.587929   0.059727   0.579329   0.654758   0.805667   0.609637   0.783522   0.574125   0.597922   0.064656   0.512641   0.665387   0.802169   0.603967   0.782311   0.568194   0.607605   0.064413   0.432203   0.677634   0.792751   0.588744   0.781410   0.552276   0.617387   0.058468   0.358810   0.689376   0.777208   0.564120   0.781387   0.526624   0.628615   0.046691   0.316052   0.699545   0.755168   0.530422   0.781819   0.491751   0.631406   0.039855   0.304742   0.704530   0.739848   0.507644   0.782514   0.468302   0.622590   0.040236   0.304568   0.704762   0.734987   0.500697   0.783067   0.461203   0.612960   0.039310   0.304679   0.704645   0.731431   0.495668   0.783179   0.456074   0.605498   0.038143   0.304832   0.704443   0.728349   0.491342   0.783226   0.451668   0.599215   0.037784   0.304784   0.704403   0.725212   0.486982   0.783108   0.447235   0.593111   0.037773   0.304610   0.704436   0.722329   0.483013   0.783116   0.443207   0.587007   0.037523   0.304507   0.704354   0.720074   0.479938   0.783648   0.440091   0.581330   0.037352 206864
 13   0.135688   0.707277   0.585233   0.320930   0.626832   0.282968   0.404208   0.052673   0.293145   0.723402   0.618205   0.354559   0.622364   0.315329   0.405957   0.053092   0.293219   0.721710   0.620953   0.357633   0.622975   0.318335   0.395427   0.052136   0.293326   0.720263   0.622479   0.359356   0.625192   0.320022   0.389047   0.053332   0.293280   0.719335   0.622178   0.359064   0.626389   0.319744   0.384342   0.055039   0.303783   0.709633   0.630248   0.368040   0.626231   0.328513   0.384339   0.055237   0.355580   0.682263   0.651396   0.392584   0.625330   0.352677   0.391751   0.056959   0.454310   0.647143   0.674145   0.420516   0.623840   0.380454   0.402173   0.070867   0.568110   0.618197   0.695144   0.447778   0.623246   0.407843   0.411460   0.094350   0.666509   0.601280   0.714319   0.473693   0.623527   0.434073   0.419941   0.116412   0.727112   0.597987   0.727985   0.492796   0.623415   0.453527   0.429396   0.133995   0.731347   0.607560   0.734892   0.502731   0.623151   0.463698   0.439913   0.145055   0.675802   0.628152   0.733876   0.501469   0.622723   0.462443   0.450679   0.148792   0.581163   0.655426   0.724426   0.488355   0.621995   0.449104   0.460540   0.144085   0.473505   0.684524   0.708419   0.466435   0.621378   0.426860   0.468150   0.129152   0.378271   0.710205   0.689607   0.441248   0.621419   0.401404   0.471887   0.104906   0.315397   0.728835   0.668959   0.414557   0.621926   0.374605   0.468204   0.079852   0.292355   0.735574   0.653676   0.395450   0.622608   0.355536   0.457751   0.065895   0.290683   0.733956   0.646404   0.386762   0.622960   0.346938   0.446825   0.061122   0.289868   0.732181   0.641266   0.380748   0.622785   0.341009   0.437639   0.059066   0.289257   0.730446   0.637541   0.376459   0.622731   0.336792   0.429231   0.059442   0.289002   0.728884   0.634080   0.372522   0.622657   0.332930   0.421507   0.060121   0.289012   0.727538   0.630396   0.368365   0.622630   0.328859   0.414505   0.060320   0.289107   0.726254   0.627006   0.364575   0.623061   0.325152   0.408017   0.060567 116551
 14   0.145725   0.709751   0.500514   0.241488   0.448287   0.207588   0.309907   0.055508   0.290556   0.728375   0.522702   0.259757   0.447218   0.224526   0.309899   0.058060   0.290093   0.727032   0.523626   0.260574   0.447805   0.225293   0.303921   0.059054   0.289445   0.726149   0.523772   0.260748   0.449772   0.225463   0.299434   0.061981   0.288729   0.725653   0.522579   0.259724   0.450808   0.224507   0.295401   0.065769   0.302204   0.711627   0.531008   0.267207   0.450604   0.231533   0.295864   0.068296   0.362239   0.671167   0.553057   0.287725   0.449742   0.250960   0.301226   0.074061   0.471011   0.618760   0.576645   0.311015   0.448304   0.273240   0.306667   0.092684   0.590426   0.575164   0.598720   0.333972   0.447696   0.295406   0.311709   0.116553   0.688759   0.549573   0.618750   0.355726   0.447981   0.316573   0.317553   0.134597   0.748602   0.544524   0.633364   0.372259   0.447942   0.332778   0.325343   0.149215   0.753730   0.560474   0.641002   0.381218   0.447743   0.341617   0.335200   0.161052   0.701114   0.593732   0.640507   0.380833   0.447341   0.341271   0.345492   0.167470   0.606854   0.636737   0.631812   0.370950   0.446637   0.331575   0.354004   0.165713   0.494329   0.681744   0.616829   0.354068   0.446058   0.315038   0.359253   0.154560   0.389815   0.720602   0.598463   0.333899   0.446095   0.295373   0.360202   0.132671   0.314538   0.748347   0.577203   0.311581   0.446575   0.273787   0.355609   0.102789   0.284159   0.757738   0.560213   0.294481   0.447264   0.257371   0.346164   0.083837   0.281899   0.754007   0.551606   0.286191   0.447662   0.249475   0.336374   0.079526   0.281322   0.750059   0.545810   0.280736   0.447535   0.244301   0.327962   0.078997   0.280634   0.746923   0.541014   0.276310   0.447500   0.240117   0.320119   0.080136   0.280436   0.744195   0.536550   0.272245   0.447463   0.236283   0.313328   0.080199   0.280538   0.741843   0.532155   0.268284   0.447464   0.232555   0.307471   0.079515   0.280614   0.739809   0.528152   0.264720   0.447851   0.229206   0.302266   0.079179 175954
 15   0.126091   0.697480   0.724328   0.485301   0.923492   0.445442   0.702627   0.024490   0.306072   0.704300   0.728968   0.491691   0.922465   0.451927   0.706153   0.025171   0.306585   0.703652   0.729082   0.491829   0.923632   0.452063   0.706426   0.025692   0.306998   0.702929   0.729649   0.492611   0.926400   0.452857   0.707864   0.026135   0.307339   0.702407   0.729259   0.492048   0.928020   0.452280   0.708077   0.026764   0.308133   0.701886   0.728402   0.490829   0.928242   0.451036   0.707119   0.027206   0.316234   0.699408   0.730355   0.493581   0.927697   0.453840   0.706292   0.027961   0.336582   0.694241   0.735694   0.501172   0.926383   0.461588   0.709271   0.028729   0.362850   0.688550   0.743026   0.511741   0.925719   0.472403   0.716783   0.031193   0.387497   0.683865   0.751740   0.524501   0.926315   0.485498   0.724727   0.035346   0.405091   0.680770   0.759812   0.536521   0.926808   0.497872   0.730694   0.038760   0.410370   0.679709   0.766136   0.546080   0.926848   0.507741   0.734416   0.040490   0.400849   0.680975   0.769897   0.551827   0.926225   0.513685   0.735877   0.040373   0.379046   0.684354   0.770503   0.552771   0.924954   0.514665   0.735462   0.038147   0.350459   0.689026   0.768274   0.549378   0.924110   0.511158   0.735808   0.032867   0.323633   0.694386   0.761289   0.538791   0.924011   0.500223   0.739967   0.026814   0.309859   0.698774   0.751375   0.523922   0.924184   0.484896   0.738720   0.026744   0.307553   0.700441   0.744957   0.514438   0.924748   0.475146   0.731974   0.029663   0.307416   0.700601   0.741726   0.509747   0.925286   0.470341   0.727785   0.029968   0.307348   0.700668   0.738958   0.505762   0.925342   0.466264   0.724005   0.029425   0.307376   0.700647   0.736581   0.502364   0.925092   0.462791   0.720388   0.029269   0.307452   0.700583   0.734516   0.499428   0.924800   0.459795   0.716971   0.029572   0.307490   0.700500   0.732789   0.496984   0.924851   0.457303   0.714018   0.029818   0.307558   0.700366   0.731448   0.495102   0.925363   0.455386   0.711534   0.030037 614089
 16   0.126434   0.698267   0.714691   0.472262   0.905990   0.432253   0.660922   0.027388   0.304754   0.705603   0.723678   0.484466   0.904793   0.444607   0.664560   0.028904   0.305322   0.704561   0.725626   0.487192   0.905865   0.447382   0.663248   0.028638   0.305819   0.703576   0.727700   0.490103   0.908530   0.450346   0.663427   0.028811   0.306296   0.702771   0.728734   0.491554   0.910051   0.451824   0.662864   0.029357   0.308126   0.701443   0.730220   0.493621   0.910185   0.453925   0.661836   0.029154   0.321629   0.696777   0.737463   0.503968   0.909617   0.464497   0.661422   0.026442   0.352389   0.688557   0.749517   0.521465   0.908374   0.482426   0.667834   0.023459   0.391667   0.679829   0.763309   0.542005   0.907777   0.503573   0.681761   0.024626   0.429408   0.672563   0.778889   0.565903   0.908273   0.528313   0.694694   0.028614   0.456766   0.667855   0.793389   0.588808   0.908531   0.552153   0.703626   0.032752   0.464874   0.666525   0.804520   0.606832   0.908382   0.571000   0.709895   0.035764   0.450040   0.668921   0.811023   0.617549   0.907670   0.582244   0.714270   0.037040   0.416947   0.674398   0.812335   0.619740   0.906345   0.584548   0.717856   0.036096   0.374047   0.681405   0.809055   0.614314   0.905414   0.578851   0.724152   0.031891   0.333883   0.689186   0.798153   0.596518   0.905294   0.560215   0.735890   0.026557   0.312110   0.696606   0.781018   0.569093   0.905524   0.531599   0.740026   0.027569   0.307592   0.700114   0.769167   0.550537   0.906138   0.512318   0.734592   0.031490   0.307288   0.700506   0.763778   0.542335   0.906703   0.503841   0.730465   0.032090   0.307149   0.700705   0.759430   0.535793   0.906816   0.497093   0.727099   0.031621   0.307125   0.700757   0.755827   0.530420   0.906735   0.491560   0.724019   0.031350   0.307104   0.700790   0.752623   0.525678   0.906565   0.486685   0.720724   0.031601   0.307062   0.700815   0.749854   0.521609   0.906654   0.482507   0.717421   0.031813   0.307069   0.700745   0.747699   0.518463   0.907229   0.479279   0.714411   0.031934 539072
 17   0.124421   0.698285   0.734918   0.500177   0.931321   0.460594   0.707521   0.022496   0.304480   0.705701   0.739886   0.507209   0.930272   0.467766   0.713081   0.023408   0.304965   0.704727   0.740774   0.508469   0.931496   0.469051   0.714778   0.024341   0.305402   0.703799   0.741932   0.510129   0.934225   0.470747   0.716989   0.025450   0.305761   0.703098   0.742094   0.510354   0.935750   0.470977   0.717834   0.026285   0.308369   0.701476   0.743650   0.512577   0.935949   0.473247   0.717955   0.026036   0.325637   0.695838   0.751706   0.524381   0.935409   0.485362   0.719162   0.024031   0.362988   0.686408   0.765479   0.545029   0.934133   0.506645   0.727140   0.022279   0.409586   0.676770   0.782276   0.571059   0.933331   0.533641   0.740482   0.024394   0.454449   0.668904   0.801030   0.601139   0.933714   0.565039   0.751640   0.028830   0.486604   0.663867   0.818233   0.629684   0.933987   0.595025   0.759047   0.032796   0.494731   0.662703   0.831469   0.652299   0.933768   0.618911   0.763622   0.035432   0.475678   0.665727   0.839403   0.666135   0.932916   0.633580   0.766229   0.036797   0.435575   0.671964   0.841476   0.669798   0.931460   0.637473   0.768315   0.036683   0.384715   0.679583   0.838380   0.664369   0.930588   0.631712   0.774163   0.033321   0.337911   0.687962   0.826499   0.643845   0.930509   0.609990   0.786214   0.028244   0.312789   0.696096   0.807273   0.611349   0.930710   0.575736   0.789630   0.029667   0.307608   0.700057   0.793617   0.588833   0.931367   0.552112   0.783389   0.034252   0.307152   0.700584   0.787014   0.578286   0.932064   0.541113   0.779599   0.035126   0.306859   0.700924   0.781487   0.569574   0.932304   0.532050   0.776756   0.034735   0.306704   0.701103   0.776730   0.562156   0.932130   0.524347   0.774535   0.033755   0.306645   0.701162   0.772666   0.555873   0.931921   0.517834   0.772610   0.032706   0.306606   0.701175   0.769232   0.550613   0.932118   0.512392   0.770511   0.031988   0.306567   0.701149   0.766347   0.546231   0.932766   0.507864   0.768346   0.031458 1034408
 18   0.123416   0.699070   0.738916   0.505984   0.932106   0.466545   0.701390   0.023205   0.303360   0.707163   0.743485   0.512519   0.931069   0.473222   0.707325   0.024895   0.303883   0.706064   0.744320   0.513713   0.932360   0.474442   0.709285   0.025921   0.304241   0.705139   0.745218   0.515016   0.935140   0.475777   0.711585   0.026889   0.304488   0.704494   0.744972   0.514665   0.936665   0.475418   0.712371   0.027654   0.309645   0.701880   0.748041   0.519096   0.936819   0.479954   0.712924   0.026765   0.336989   0.693699   0.760031   0.536893   0.936205   0.498265   0.717030   0.023740   0.394481   0.680891   0.779225   0.566405   0.934874   0.528829   0.729655   0.022409   0.469842   0.667538   0.802996   0.604665   0.933963   0.568795   0.746098   0.025915   0.548509   0.656033   0.829104   0.648734   0.934181   0.615242   0.758365   0.031602   0.605467   0.648879   0.852590   0.690224   0.934288   0.659345   0.765215   0.036587   0.613732   0.648685   0.869781   0.721781   0.933872   0.693134   0.767386   0.040355   0.571816   0.654968   0.878907   0.738980   0.932822   0.711640   0.767516   0.042957   0.500416   0.664868   0.879884   0.740877   0.931211   0.713694   0.768945   0.043700   0.422293   0.675729   0.873645   0.729117   0.930303   0.701038   0.774912   0.041826   0.354273   0.686524   0.857518   0.699354   0.930259   0.669138   0.786413   0.037448   0.315641   0.696794   0.832750   0.655040   0.930494   0.621919   0.789512   0.037459   0.306232   0.702076   0.814584   0.623511   0.931217   0.588517   0.783458   0.040543   0.305738   0.702648   0.806181   0.609516   0.932010   0.573805   0.780327   0.040471   0.305511   0.702925   0.799333   0.598292   0.932330   0.562043   0.778544   0.039455   0.305430   0.703053   0.793437   0.588756   0.932172   0.552073   0.777128   0.037966   0.305433   0.703082   0.788396   0.580694   0.931983   0.543663   0.775727   0.036414   0.305453   0.703023   0.784204   0.574059   0.932227   0.536754   0.774131   0.035382   0.305463   0.702917   0.780622   0.568434   0.932918   0.530906   0.772435   0.034768 648458
 19   0.125376   0.699789   0.716141   0.474576   0.918857   0.434661   0.630668   0.027443   0.302554   0.708529   0.723716   0.484914   0.917654   0.445136   0.634077   0.029736   0.303061   0.707361   0.725455   0.487394   0.918719   0.447670   0.632708   0.030064   0.303517   0.706323   0.727154   0.489802   0.921309   0.450127   0.632787   0.030406   0.303972   0.705438   0.727837   0.490776   0.922762   0.451122   0.632380   0.030833   0.308897   0.702633   0.731790   0.496267   0.922905   0.456704   0.632226   0.029836   0.335984   0.694276   0.745355   0.515748   0.922358   0.476630   0.636382   0.025731   0.393246   0.681266   0.765998   0.546498   0.921101   0.508295   0.650080   0.022911   0.465977   0.668004   0.789949   0.583883   0.920355   0.547128   0.667403   0.026021   0.539297   0.657022   0.815589   0.625893   0.920651   0.591162   0.678973   0.032455   0.595582   0.649935   0.838572   0.665320   0.920670   0.632844   0.684623   0.038905   0.612311   0.648700   0.855817   0.696071   0.920218   0.665590   0.687040   0.044037   0.579732   0.653852   0.865524   0.713861   0.919261   0.684633   0.688656   0.047268   0.512768   0.663147   0.867339   0.717289   0.917773   0.688323   0.691621   0.047490   0.433365   0.674001   0.861947   0.707381   0.916827   0.677712   0.698257   0.044249   0.360081   0.685344   0.845986   0.678593   0.916707   0.646991   0.710625   0.038401   0.316590   0.697024   0.818950   0.631527   0.916902   0.597094   0.715249   0.037491   0.304979   0.703563   0.798256   0.596673   0.917538   0.560374   0.708668   0.040588   0.304353   0.704361   0.789196   0.582106   0.918183   0.545162   0.703133   0.040855   0.304084   0.704763   0.781931   0.570637   0.918392   0.533225   0.699071   0.040049   0.303993   0.704941   0.775797   0.561095   0.918298   0.523321   0.695575   0.039080   0.303981   0.704991   0.770598   0.553110   0.918142   0.515052   0.692219   0.038321   0.304008   0.704939   0.766252   0.546502   0.918314   0.508223   0.689146   0.037734   0.304151   0.704710   0.762776   0.541260   0.918932   0.502812   0.686733   0.037062 435210
 20   0.124503   0.697351   0.738296   0.504886   0.934106   0.465383   0.733776   0.021110   0.305566   0.703933   0.742684   0.511151   0.933142   0.471782   0.739058   0.021695   0.306083   0.703122   0.743316   0.512051   0.934465   0.472700   0.740738   0.023009   0.306523   0.702313   0.744263   0.513411   0.937334   0.474092   0.743130   0.024255   0.306878   0.701718   0.744206   0.513316   0.939010   0.473992   0.744139   0.025073   0.308069   0.700890   0.744140   0.513201   0.939309   0.473870   0.744088   0.025341   0.318273   0.697495   0.748014   0.518848   0.938815   0.479660   0.744787   0.024993   0.342040   0.691296   0.755870   0.530449   0.937555   0.491584   0.750634   0.024602   0.371568   0.685005   0.765681   0.545237   0.936773   0.506842   0.760919   0.026458   0.398963   0.679958   0.776946   0.562580   0.937260   0.524804   0.770599   0.029795   0.417872   0.676726   0.787286   0.578837   0.937762   0.541711   0.777866   0.032468   0.421916   0.675905   0.795189   0.591491   0.937789   0.554914   0.782509   0.034006   0.409288   0.677695   0.799590   0.598626   0.937108   0.562375   0.784628   0.034330   0.384423   0.681572   0.800106   0.599477   0.935764   0.563268   0.785036   0.033411   0.353110   0.686534   0.797488   0.595234   0.934972   0.558831   0.787402   0.029551   0.324299   0.692373   0.788778   0.581270   0.934924   0.544257   0.794869   0.024721   0.310132   0.697383   0.776514   0.561866   0.935099   0.524056   0.794061   0.026220   0.307946   0.699321   0.768771   0.549838   0.935701   0.511577   0.785942   0.030170   0.307724   0.699552   0.764742   0.543691   0.936321   0.505221   0.781975   0.030689   0.307598   0.699682   0.761297   0.538482   0.936470   0.499843   0.778587   0.029896   0.307513   0.699775   0.758142   0.533750   0.936134   0.494966   0.775048   0.029323   0.307447   0.699840   0.755300   0.529520   0.935742   0.490612   0.771381   0.029286   0.307421   0.699832   0.752988   0.526102   0.935815   0.487098   0.768150   0.029084   0.307449   0.699746   0.751175   0.523439   0.936367   0.484364   0.765416   0.028761 1307588
 21   0.122543   0.697584   0.754599   0.528617   0.939101   0.489710   0.765323   0.021354   0.305337   0.704371   0.758883   0.534948   0.938271   0.496218   0.771065   0.021786   0.305814   0.703503   0.759388   0.535686   0.939667   0.496974   0.773202   0.023036   0.306250   0.702646   0.760219   0.536916   0.942542   0.498240   0.775654   0.024427   0.306570   0.702027   0.760044   0.536641   0.944215   0.497954   0.776320   0.025586   0.308031   0.701050   0.760149   0.536778   0.944516   0.498090   0.775920   0.026020   0.320122   0.697059   0.765023   0.544137   0.944012   0.505686   0.776322   0.025360   0.348208   0.689802   0.774531   0.558713   0.942754   0.520771   0.782276   0.024303   0.383730   0.682329   0.786319   0.577227   0.941924   0.540018   0.792730   0.025759   0.416760   0.676362   0.799817   0.598959   0.942363   0.562717   0.802039   0.029352   0.439023   0.672646   0.812245   0.619474   0.942844   0.584244   0.808725   0.032528   0.443389   0.671791   0.821742   0.635487   0.942804   0.601115   0.812746   0.034357   0.427965   0.674087   0.827186   0.644797   0.942072   0.610949   0.814494   0.035189   0.398273   0.678830   0.828110   0.646396   0.940726   0.612642   0.815219   0.034983   0.361688   0.684572   0.825254   0.641510   0.939969   0.607480   0.819317   0.031294   0.328189   0.691062   0.815450   0.624953   0.939928   0.590031   0.829768   0.025848   0.311076   0.696930   0.801110   0.601088   0.940108   0.564950   0.831084   0.026598   0.308021   0.699436   0.791622   0.585599   0.940726   0.548730   0.823385   0.030447   0.307718   0.699764   0.786615   0.577605   0.941394   0.540394   0.819406   0.031113   0.307532   0.699953   0.782325   0.570823   0.941619   0.533335   0.816199   0.030476   0.307416   0.700074   0.778457   0.564763   0.941309   0.527039   0.813003   0.029726   0.307338   0.700137   0.775065   0.559494   0.940984   0.521571   0.809806   0.029289   0.307318   0.700111   0.772305   0.555238   0.941172   0.517161   0.806913   0.028878   0.307345   0.700021   0.770030   0.551752   0.941787   0.513555   0.804301   0.028503 1014517
 22   0.121759   0.698326   0.759933   0.536695   0.938804   0.498051   0.754283   0.022494   0.304693   0.705782   0.764489   0.543485   0.937964   0.505042   0.761548   0.023286   0.305134   0.704786   0.765036   0.544291   0.939270   0.505870   0.764283   0.024522   0.305548   0.703828   0.765886   0.545566   0.942068   0.507185   0.767249   0.025821   0.305865   0.703131   0.765702   0.545277   0.943696   0.506884   0.768517   0.026811   0.309029   0.701427   0.767165   0.547480   0.943940   0.509157   0.768351   0.026936   0.328777   0.695412   0.775503   0.560331   0.943384   0.522470   0.769819   0.025413   0.371753   0.685217   0.789901   0.583048   0.942107   0.546109   0.779025   0.023995   0.425222   0.674865   0.807601   0.611950   0.941205   0.576378   0.792444   0.026120   0.475502   0.666632   0.827149   0.645030   0.941497   0.611256   0.802998   0.030310   0.510222   0.661592   0.844826   0.676005   0.941805   0.644130   0.810073   0.033809   0.519715   0.660540   0.858332   0.700390   0.941543   0.670155   0.814010   0.036149   0.499650   0.663809   0.866424   0.715302   0.940597   0.686133   0.815705   0.037745   0.454918   0.670622   0.868423   0.719036   0.939072   0.690144   0.816945   0.038523   0.398083   0.678916   0.864921   0.712535   0.938211   0.683169   0.822166   0.036458   0.344382   0.687707   0.852648   0.690152   0.938144   0.659233   0.834265   0.031252   0.314294   0.696207   0.832473   0.654241   0.938346   0.621008   0.838721   0.031457   0.307616   0.700480   0.817676   0.628548   0.939028   0.593789   0.833129   0.035545   0.307193   0.700957   0.810691   0.616807   0.939803   0.581426   0.829431   0.036294   0.306962   0.701198   0.804915   0.607228   0.940161   0.571366   0.826996   0.035838   0.306842   0.701311   0.799853   0.598926   0.939968   0.562665   0.825139   0.034697   0.306787   0.701337   0.795545   0.591935   0.939782   0.555351   0.823380   0.033397   0.306784   0.701272   0.792029   0.586277   0.940109   0.549443   0.821554   0.032573   0.306773   0.701183   0.788955   0.581370   0.940837   0.544326   0.819666   0.032195 745989
 23   0.121124   0.699576   0.758329   0.534524   0.935416   0.495858   0.717794   0.025069   0.303251   0.708040   0.762334   0.540490   0.934555   0.502000   0.725766   0.026932   0.303879   0.706723   0.763279   0.541898   0.936094   0.503450   0.729013   0.027776   0.304234   0.705705   0.764014   0.543009   0.939090   0.504596   0.732253   0.028791   0.304361   0.705086   0.763319   0.541971   0.940789   0.503526   0.733766   0.029623   0.311896   0.701952   0.766889   0.547322   0.941067   0.509042   0.735118   0.028876   0.348808   0.692205   0.781007   0.569167   0.940459   0.531693   0.741130   0.026639   0.425741   0.677008   0.803737   0.605856   0.939061   0.570039   0.755862   0.027072   0.524981   0.661324   0.831577   0.653191   0.938025   0.619998   0.772694   0.032547   0.624495   0.648319   0.860819   0.705647   0.938050   0.675925   0.783836   0.039496   0.689408   0.641113   0.886040   0.753172   0.937968   0.727070   0.788317   0.044651   0.685382   0.642816   0.903483   0.787379   0.937401   0.764161   0.787591   0.048071   0.622347   0.651540   0.911704   0.803944   0.936238   0.782215   0.786270   0.050153   0.533641   0.663103   0.911212   0.803042   0.934566   0.781251   0.788229   0.050308   0.442486   0.675224   0.902748   0.786143   0.933698   0.762864   0.795427   0.048759   0.363926   0.686848   0.884094   0.749688   0.933709   0.723359   0.809007   0.044368   0.318262   0.697209   0.857489   0.699490   0.934009   0.669324   0.814968   0.043326   0.306456   0.702406   0.838141   0.664202   0.934812   0.631584   0.810603   0.045808   0.305960   0.703051   0.828839   0.647928   0.935687   0.614318   0.808060   0.045411   0.305758   0.703411   0.821160   0.634725   0.936112   0.600356   0.807022   0.043978   0.305661   0.703597   0.814529   0.623492   0.935954   0.588510   0.806411   0.042124   0.305564   0.703708   0.808772   0.613866   0.935735   0.578383   0.805516   0.040325   0.305410   0.703786   0.803778   0.605622   0.936035   0.569732   0.804058   0.039133   0.305201   0.703853   0.799261   0.598261   0.936792   0.562025   0.802193   0.038403 427583
 24   0.122264   0.701281   0.735276   0.501543   0.929204   0.462148   0.640215   0.028189   0.300715   0.711450   0.738491   0.506136   0.928172   0.466841   0.645636   0.031600   0.301168   0.710250   0.738888   0.506771   0.929369   0.467502   0.645547   0.032408   0.301351   0.709397   0.739149   0.507210   0.932101   0.467961   0.645617   0.033249   0.301427   0.708834   0.738193   0.505895   0.933649   0.466627   0.644690   0.034055   0.311018   0.704223   0.744399   0.514631   0.933939   0.475530   0.647960   0.032318   0.354506   0.691920   0.764290   0.544036   0.933487   0.505774   0.657986   0.028653   0.440905   0.674850   0.792337   0.588051   0.932170   0.551545   0.673636   0.029324   0.554281   0.657358   0.824831   0.642303   0.931169   0.608621   0.687748   0.037234   0.665568   0.643349   0.858036   0.701170   0.931139   0.671257   0.690869   0.047677   0.734400   0.636299   0.885421   0.752404   0.930963   0.726327   0.684514   0.056122   0.737681   0.637661   0.903819   0.788351   0.930414   0.765281   0.675707   0.061419   0.684562   0.645366   0.913074   0.806968   0.929366   0.785568   0.670272   0.063405   0.597238   0.656620   0.914011   0.808930   0.927812   0.787722   0.669922   0.062585   0.494353   0.669776   0.907132   0.795122   0.926909   0.772682   0.675346   0.059638   0.393699   0.683286   0.889228   0.759983   0.926800   0.734571   0.689962   0.052849   0.324341   0.698402   0.854668   0.695247   0.926951   0.664972   0.700073   0.049282   0.301151   0.707862   0.824679   0.641296   0.927611   0.607408   0.696167   0.051484   0.300077   0.709067   0.811323   0.618809   0.928375   0.583717   0.690943   0.051901   0.299994   0.709415   0.801140   0.602102   0.928733   0.566199   0.688240   0.050295   0.300254   0.709435   0.792698   0.588496   0.928656   0.551980   0.686289   0.048034   0.300661   0.709212   0.785974   0.577818   0.928493   0.540850   0.684633   0.045743   0.301046   0.708879   0.780630   0.569436   0.928733   0.532134   0.683214   0.043631   0.301406   0.708447   0.776154   0.562492   0.929427   0.524928   0.682396   0.042007 248204
