timestamp=                2021-11-15T21:28:22.776116
shape=                    (5, 5)
sigma=                    2.5
nepochs=                  2
thresh=                   None
rate=                     0.008
neighborhood function=    gaussian
init weights=             pca
topology=                 hexagonal
activation distance=      euclidean
output type=              labels
mapfile_prefix=           full2018_5x5_2_008_3_07
apply classification=     False
seed=                     None
random order=             True
custom init file=         None
order labels by size=     False
decay_function=           3

Quantization Error=       0.34753114
Topographic Error=        0.10988315

############ NEURONS #############
 25 192
  0   0.128741   0.686213   0.597192   0.326574   0.637792   0.287749   0.369441   0.054039   0.289990   0.699824   0.628870   0.359503   0.633478   0.319476   0.373329   0.053055   0.290660   0.697582   0.632144   0.363127   0.633806   0.323004   0.367095   0.050369   0.291278   0.695836   0.633932   0.365111   0.635348   0.324936   0.365060   0.048930   0.291794   0.694515   0.634259   0.365458   0.636302   0.325272   0.363980   0.048285   0.297870   0.688235   0.640397   0.372358   0.636299   0.332010   0.364526   0.047451   0.331457   0.669467   0.657619   0.392698   0.635700   0.352053   0.367827   0.048978   0.402712   0.642932   0.678127   0.418270   0.634632   0.377498   0.373401   0.061573   0.491247   0.619419   0.698403   0.445011   0.634091   0.404382   0.379397   0.083547   0.572302   0.604429   0.718020   0.471969   0.634175   0.431691   0.385356   0.105209   0.622949   0.600224   0.732626   0.492739   0.633943   0.452865   0.393508   0.122944   0.625621   0.607130   0.740049   0.503565   0.633556   0.463954   0.404293   0.135203   0.579588   0.623694   0.738875   0.501983   0.633151   0.462357   0.417168   0.140242   0.503240   0.645809   0.729298   0.488358   0.632590   0.448465   0.430390   0.136640   0.419375   0.668777   0.713586   0.466395   0.632047   0.426143   0.441722   0.123451   0.347942   0.688406   0.694920   0.440953   0.632043   0.400404   0.449940   0.100402   0.304862   0.701557   0.675516   0.415367   0.632473   0.374677   0.452167   0.076148   0.291331   0.705546   0.662481   0.398692   0.633059   0.358004   0.448105   0.062778   0.291026   0.703828   0.657260   0.392293   0.633505   0.351656   0.442119   0.058110   0.290843   0.702164   0.653727   0.388064   0.633593   0.347479   0.436164   0.056115   0.290524   0.700835   0.650853   0.384676   0.633718   0.344142   0.430238   0.055732   0.290356   0.699697   0.648139   0.381498   0.633780   0.341015   0.424556   0.055712   0.290379   0.698652   0.645393   0.378298   0.633811   0.337870   0.419382   0.055442   0.290477   0.697655   0.642881   0.375395   0.634151   0.335021   0.414839   0.055065 116457
  1   0.136274   0.678079   0.577097   0.305144   0.577553   0.267008   0.396866   0.037533   0.298972   0.684501   0.591522   0.318312   0.576467   0.279393   0.401453   0.040367   0.299565   0.683822   0.592295   0.319061   0.576982   0.280104   0.400794   0.036516   0.299994   0.683098   0.592853   0.319612   0.578554   0.280631   0.401423   0.035265   0.300276   0.682570   0.592715   0.319458   0.579539   0.280480   0.402092   0.035008   0.302105   0.680728   0.593802   0.320568   0.579550   0.281545   0.402842   0.035007   0.317542   0.673243   0.599784   0.326902   0.578999   0.287663   0.405294   0.033956   0.354732   0.660675   0.607578   0.335290   0.578051   0.295789   0.412967   0.035744   0.401161   0.648857   0.614529   0.342923   0.577678   0.303210   0.425031   0.043007   0.439163   0.641336   0.621373   0.350567   0.578049   0.310665   0.437296   0.052027   0.458438   0.639156   0.626294   0.356151   0.578164   0.316126   0.448332   0.059713   0.454762   0.642312   0.628443   0.358624   0.578011   0.318551   0.457260   0.064429   0.430925   0.649678   0.627475   0.357527   0.577654   0.317479   0.463512   0.064900   0.395466   0.659321   0.623385   0.352884   0.577011   0.312938   0.466823   0.060695   0.356779   0.669773   0.617023   0.345735   0.576364   0.305958   0.467219   0.052939   0.323816   0.679357   0.609637   0.337552   0.576224   0.297990   0.465505   0.044172   0.305348   0.685462   0.602841   0.330130   0.576481   0.290780   0.461834   0.038823   0.300570   0.687017   0.599237   0.326244   0.576939   0.287015   0.456741   0.037508   0.300407   0.686549   0.598051   0.324996   0.577333   0.285811   0.451871   0.037330   0.300286   0.686129   0.596878   0.323777   0.577403   0.284637   0.447582   0.037779   0.300174   0.685756   0.595763   0.322622   0.577473   0.283526   0.443781   0.038470   0.300120   0.685387   0.594721   0.321546   0.577493   0.282491   0.440273   0.038822   0.300092   0.685037   0.593745   0.320543   0.577507   0.281528   0.436934   0.038993   0.300024   0.684724   0.592921   0.319705   0.577792   0.280724   0.433816   0.039260 356573
  2   0.148691   0.679048   0.467128   0.207526   0.365474   0.175472   0.284935   0.046576   0.298030   0.686268   0.473545   0.211849   0.364908   0.179327   0.283642   0.053171   0.298515   0.685479   0.473897   0.212074   0.365328   0.179525   0.283980   0.053641   0.298787   0.684740   0.474357   0.212409   0.366707   0.179828   0.284395   0.054683   0.298986   0.684077   0.474572   0.212572   0.367578   0.179976   0.284609   0.056516   0.301963   0.681106   0.476367   0.213977   0.367558   0.181264   0.285355   0.058032   0.322345   0.669355   0.482738   0.219095   0.367019   0.185976   0.287811   0.059275   0.367610   0.649937   0.491599   0.226388   0.366133   0.192718   0.293127   0.065974   0.421388   0.631925   0.500991   0.234300   0.365782   0.200063   0.300678   0.078500   0.465172   0.620509   0.510243   0.242233   0.366125   0.207450   0.308710   0.090168   0.487652   0.617603   0.517319   0.248415   0.366261   0.213226   0.316091   0.099048   0.484973   0.623086   0.521183   0.251865   0.366147   0.216462   0.322006   0.104983   0.460143   0.634991   0.521286   0.251988   0.365832   0.216582   0.325920   0.106901   0.420582   0.650438   0.517552   0.248681   0.365260   0.213486   0.327470   0.102777   0.374770   0.667145   0.510711   0.242658   0.364678   0.207850   0.326685   0.092963   0.332561   0.682775   0.501977   0.235109   0.364550   0.200811   0.323960   0.080487   0.306126   0.693193   0.493185   0.227683   0.364788   0.193914   0.319501   0.070650   0.297730   0.696180   0.487537   0.223003   0.365211   0.189582   0.314363   0.066799   0.297141   0.695297   0.484943   0.220897   0.365568   0.187639   0.310002   0.066373   0.296849   0.694356   0.482817   0.219190   0.365622   0.186068   0.306415   0.067630   0.296594   0.693488   0.480907   0.217676   0.365673   0.184677   0.303281   0.069174   0.296373   0.692692   0.479136   0.216280   0.365681   0.183396   0.300364   0.069289   0.296095   0.692052   0.477477   0.214983   0.365689   0.182207   0.297497   0.068685   0.295785   0.691491   0.476103   0.213919   0.365941   0.181233   0.294716   0.068804 388553
  3   0.155335   0.686023   0.370466   0.142001   0.199691   0.116797   0.198141   0.101221   0.286083   0.699044   0.351555   0.130204   0.199231   0.106382   0.189403   0.140792   0.287221   0.696358   0.353174   0.131088   0.199639   0.107144   0.190648   0.148432   0.287732   0.694695   0.353690   0.131369   0.200858   0.107387   0.191707   0.155150   0.287921   0.693618   0.353369   0.131177   0.201596   0.107219   0.192324   0.161984   0.297678   0.685204   0.356861   0.133184   0.201584   0.108966   0.193527   0.167515   0.342009   0.658671   0.367086   0.139299   0.201092   0.114324   0.195713   0.177987   0.424716   0.620800   0.380023   0.147355   0.200285   0.121432   0.198269   0.196779   0.518112   0.586463   0.393137   0.155787   0.200070   0.128911   0.201411   0.211720   0.599436   0.561739   0.405721   0.164116   0.200511   0.136337   0.204781   0.215752   0.650831   0.552085   0.415833   0.170993   0.200713   0.142495   0.208069   0.216489   0.657820   0.560886   0.421838   0.175165   0.200683   0.146246   0.211422   0.217166   0.619711   0.585453   0.422936   0.175941   0.200456   0.146947   0.214394   0.216356   0.548587   0.619499   0.418976   0.173169   0.199943   0.144452   0.216131   0.210752   0.460014   0.657905   0.410612   0.167386   0.199392   0.139258   0.216088   0.202450   0.372417   0.695109   0.398267   0.159080   0.199215   0.131833   0.214474   0.194819   0.307010   0.722823   0.383333   0.149383   0.199334   0.123216   0.211544   0.184917   0.280184   0.732221   0.371906   0.142213   0.199643   0.116881   0.207791   0.178531   0.278021   0.728861   0.365950   0.138620   0.199911   0.113728   0.204081   0.178126   0.277836   0.724839   0.361511   0.135996   0.199908   0.111433   0.201029   0.181170   0.277991   0.721228   0.357458   0.133636   0.199935   0.109374   0.198668   0.184146   0.277874   0.718260   0.353781   0.131521   0.199928   0.107532   0.196289   0.182561   0.277311   0.715977   0.350601   0.129707   0.199907   0.105955   0.193625   0.180042   0.276809   0.713930   0.348074   0.128273   0.200110   0.104710   0.191189   0.179879 206448
  4   0.144955   0.684888   0.423998   0.177506   0.270914   0.148477   0.220940   0.204514   0.270540   0.696939   0.410447   0.168236   0.272566   0.140162   0.212024   0.333741   0.269825   0.694075   0.412191   0.169444   0.272838   0.141249   0.212817   0.354065   0.269652   0.691659   0.413409   0.170306   0.273996   0.142028   0.213637   0.366669   0.269139   0.690068   0.413496   0.170400   0.274649   0.142117   0.214322   0.380288   0.283442   0.684020   0.415587   0.171829   0.274547   0.143399   0.214779   0.390259   0.348493   0.661845   0.425027   0.178383   0.273988   0.149294   0.217074   0.386397   0.463909   0.626997   0.440411   0.189471   0.273126   0.159333   0.220177   0.387251   0.586030   0.594621   0.456987   0.201945   0.272946   0.170711   0.222604   0.397521   0.685477   0.570967   0.472386   0.213961   0.273446   0.181740   0.224942   0.395157   0.749064   0.559080   0.484377   0.223634   0.273660   0.190670   0.226919   0.387922   0.764090   0.562519   0.491424   0.229460   0.273645   0.196071   0.228717   0.382346   0.727268   0.581154   0.492690   0.230529   0.273438   0.197066   0.230252   0.378327   0.647803   0.610772   0.487936   0.226583   0.272958   0.193405   0.231035   0.372437   0.536906   0.648378   0.477362   0.217951   0.272389   0.185420   0.230500   0.367131   0.414254   0.689350   0.461138   0.205149   0.272132   0.173646   0.228532   0.368501   0.307401   0.725415   0.440823   0.189773   0.272182   0.159607   0.224807   0.378375   0.257154   0.739455   0.426464   0.179296   0.272471   0.150101   0.220271   0.392661   0.252952   0.734273   0.420999   0.175520   0.272732   0.146708   0.216671   0.403425   0.252830   0.727850   0.417416   0.173104   0.272705   0.144545   0.214013   0.413245   0.252995   0.722215   0.414361   0.171066   0.272750   0.142725   0.211922   0.421176   0.253161   0.717470   0.411675   0.169289   0.272798   0.141139   0.209955   0.422297   0.253197   0.713458   0.409429   0.167812   0.272815   0.139823   0.207979   0.420668   0.253237   0.709909   0.407683   0.166676   0.273040   0.138812   0.206284   0.420812 112334
  5   0.121669   0.678650   0.696821   0.442561   0.828334   0.401834   0.518286   0.039503   0.299197   0.685132   0.722129   0.475824   0.827031   0.435244   0.518003   0.040437   0.299942   0.683803   0.726812   0.482373   0.827540   0.441895   0.512960   0.036877   0.300585   0.682808   0.729756   0.486495   0.829385   0.446081   0.512143   0.035211   0.301081   0.682008   0.731525   0.488973   0.830551   0.448599   0.511844   0.034949   0.302619   0.680630   0.733835   0.492223   0.830671   0.451903   0.511734   0.033821   0.314000   0.675996   0.742294   0.504496   0.830344   0.464451   0.513520   0.029065   0.341243   0.668080   0.754296   0.522227   0.829564   0.482641   0.522800   0.023523   0.377482   0.659820   0.765338   0.538984   0.829173   0.499917   0.537752   0.023525   0.414008   0.652809   0.776985   0.557138   0.829492   0.518727   0.551515   0.028513   0.440984   0.648438   0.787244   0.573516   0.829475   0.535774   0.563915   0.034932   0.448147   0.647974   0.794085   0.584658   0.829121   0.547414   0.575749   0.040824   0.432376   0.651474   0.796457   0.588567   0.828532   0.551508   0.587060   0.044605   0.399509   0.657869   0.793682   0.584027   0.827569   0.546760   0.598033   0.044597   0.359163   0.665704   0.786207   0.571897   0.826786   0.534096   0.610016   0.040272   0.323314   0.673840   0.772756   0.550564   0.826716   0.511920   0.624442   0.032908   0.304870   0.679982   0.757048   0.526240   0.827046   0.486747   0.632212   0.029506   0.301384   0.682133   0.748095   0.512699   0.827619   0.472797   0.630146   0.029911   0.301458   0.682144   0.744850   0.507929   0.828179   0.467908   0.625967   0.029556   0.301589   0.682056   0.742343   0.504287   0.828438   0.464184   0.621960   0.029613   0.301729   0.681951   0.740067   0.501010   0.828584   0.460839   0.618556   0.030167   0.301841   0.681860   0.737973   0.498015   0.828569   0.457785   0.615280   0.030970   0.301952   0.681716   0.736320   0.495667   0.828592   0.455394   0.612174   0.031414   0.302064   0.681492   0.735106   0.493954   0.828963   0.453652   0.609572   0.031466 243889
  6   0.131219   0.677521   0.624650   0.355047   0.675203   0.315166   0.480343   0.033909   0.300485   0.683417   0.638217   0.369225   0.673912   0.328830   0.486606   0.036393   0.301035   0.682727   0.639074   0.370163   0.674450   0.329742   0.485554   0.033392   0.301524   0.681939   0.640341   0.371604   0.676111   0.331151   0.486071   0.031815   0.301834   0.681398   0.640685   0.371990   0.677144   0.331528   0.486438   0.031199   0.303045   0.680324   0.641158   0.372532   0.677156   0.332060   0.486497   0.030891   0.314360   0.675470   0.645476   0.377641   0.676609   0.337093   0.487622   0.029646   0.343335   0.666473   0.652241   0.385711   0.675636   0.345054   0.494204   0.029791   0.381359   0.657473   0.658859   0.393715   0.675228   0.352971   0.506044   0.034600   0.414569   0.651228   0.665462   0.401817   0.675598   0.361006   0.518435   0.042032   0.433621   0.648620   0.670544   0.408136   0.675698   0.367288   0.529353   0.048642   0.432923   0.650023   0.673291   0.411592   0.675513   0.370731   0.537792   0.052647   0.414053   0.654848   0.673271   0.411578   0.675126   0.370720   0.543379   0.053179   0.383863   0.661895   0.670205   0.407743   0.674447   0.366903   0.546106   0.049912   0.349692   0.670011   0.664714   0.400913   0.673760   0.360113   0.546321   0.043476   0.320638   0.677659   0.657723   0.392304   0.673608   0.351570   0.545504   0.036449   0.305270   0.682517   0.651041   0.384163   0.673883   0.343507   0.542683   0.033077   0.301903   0.683713   0.647595   0.380010   0.674368   0.339402   0.537731   0.032838   0.301925   0.683372   0.646496   0.378714   0.674787   0.338126   0.533217   0.032656   0.301984   0.683039   0.645448   0.377488   0.674868   0.336920   0.529470   0.032667   0.302066   0.682729   0.644422   0.376291   0.674948   0.335745   0.526250   0.032985   0.302131   0.682457   0.643356   0.375054   0.674977   0.334529   0.523206   0.033298   0.302171   0.682202   0.642395   0.373943   0.674998   0.333441   0.520205   0.033488   0.302194   0.681940   0.641695   0.373139   0.675300   0.332653   0.517439   0.033471 373531
  7   0.142300   0.679201   0.521019   0.252149   0.464396   0.216792   0.333779   0.038903   0.297892   0.686634   0.533718   0.262417   0.463392   0.226248   0.335781   0.043122   0.298461   0.685907   0.533853   0.262494   0.463861   0.226314   0.335820   0.040926   0.298749   0.685239   0.533869   0.262489   0.465323   0.226306   0.335891   0.040684   0.298892   0.684747   0.533602   0.262243   0.466243   0.226074   0.335652   0.041334   0.301671   0.681841   0.535449   0.263890   0.466238   0.227618   0.336297   0.041823   0.321979   0.670629   0.542620   0.270500   0.465680   0.233849   0.339163   0.041536   0.367784   0.652574   0.551306   0.278704   0.464741   0.241617   0.346136   0.045683   0.422385   0.636013   0.559407   0.286551   0.464362   0.249080   0.356516   0.055904   0.465713   0.625791   0.567344   0.294378   0.464701   0.256547   0.367235   0.066720   0.486111   0.623464   0.573138   0.300192   0.464811   0.262111   0.377062   0.075506   0.479365   0.629141   0.575797   0.302905   0.464668   0.264716   0.385135   0.081143   0.450280   0.640784   0.574820   0.301925   0.464338   0.263779   0.390905   0.082287   0.409465   0.655017   0.570354   0.297413   0.463745   0.259455   0.393918   0.077900   0.366021   0.669513   0.563445   0.290507   0.463140   0.252851   0.394035   0.068583   0.328293   0.682426   0.555490   0.282702   0.463010   0.245410   0.391533   0.057152   0.305671   0.690714   0.548116   0.275614   0.463263   0.238679   0.386559   0.048779   0.298890   0.692902   0.543860   0.271598   0.463698   0.234877   0.380431   0.045878   0.298353   0.692209   0.542099   0.269981   0.464062   0.233354   0.374949   0.045662   0.297922   0.691605   0.540450   0.268485   0.464112   0.231948   0.370200   0.046531   0.297515   0.691097   0.538889   0.267080   0.464168   0.230628   0.365848   0.047756   0.297217   0.690596   0.537458   0.265792   0.464179   0.229419   0.361845   0.048250   0.297003   0.690113   0.536104   0.264577   0.464187   0.228278   0.358167   0.048461   0.296791   0.689689   0.534879   0.263488   0.464455   0.227258   0.354699   0.048791 356987
  8   0.154248   0.680028   0.410234   0.166721   0.260477   0.138604   0.233419   0.054326   0.295806   0.687938   0.403758   0.161980   0.259908   0.134307   0.227674   0.065316   0.296572   0.686778   0.404548   0.162454   0.260335   0.134723   0.229126   0.068185   0.296955   0.686038   0.404556   0.162445   0.261645   0.134712   0.230334   0.070717   0.297186   0.685437   0.404240   0.162229   0.262469   0.134520   0.231018   0.073106   0.301522   0.681052   0.406142   0.163474   0.262469   0.135627   0.231919   0.075231   0.326710   0.664735   0.413114   0.168164   0.261966   0.139818   0.234070   0.078830   0.379276   0.639398   0.422758   0.174814   0.261128   0.145784   0.238182   0.089239   0.440476   0.616706   0.432875   0.181962   0.260824   0.152223   0.244004   0.102996   0.491944   0.601987   0.442934   0.189220   0.261206   0.158786   0.250389   0.112507   0.520705   0.598210   0.450864   0.195063   0.261386   0.164088   0.256493   0.119291   0.519522   0.606051   0.455110   0.198249   0.261316   0.166988   0.261722   0.123896   0.491280   0.622397   0.455230   0.198343   0.261047   0.167074   0.265407   0.124828   0.445256   0.642972   0.451520   0.195548   0.260498   0.164529   0.266850   0.120009   0.390964   0.665243   0.444752   0.190502   0.259931   0.159941   0.266074   0.110699   0.339843   0.686355   0.435655   0.183855   0.259795   0.153918   0.263519   0.100027   0.306469   0.700579   0.425984   0.176964   0.259988   0.147701   0.259526   0.090284   0.295164   0.704636   0.419420   0.172398   0.260361   0.143598   0.255211   0.085659   0.294344   0.703170   0.416111   0.170155   0.260681   0.141592   0.251517   0.085126   0.294058   0.701623   0.413365   0.168312   0.260719   0.139946   0.248486   0.086880   0.293891   0.700212   0.410728   0.166562   0.260759   0.138386   0.245930   0.088917   0.293568   0.699018   0.408232   0.164928   0.260752   0.136932   0.243364   0.088415   0.293106   0.698077   0.406019   0.163496   0.260743   0.135661   0.240652   0.087349   0.292665   0.697265   0.404117   0.162276   0.260972   0.134580   0.237996   0.087574 349432
  9   0.144135   0.688413   0.456502   0.200133   0.352337   0.168829   0.250600   0.074900   0.283390   0.704977   0.463779   0.205129   0.352152   0.173304   0.243933   0.088224   0.282718   0.703850   0.464221   0.205473   0.352514   0.173619   0.240879   0.090652   0.282500   0.702460   0.464491   0.205692   0.353813   0.173821   0.238590   0.094045   0.282164   0.701196   0.464156   0.205471   0.354576   0.173625   0.236532   0.099424   0.294050   0.689639   0.472012   0.211390   0.354493   0.179018   0.237739   0.104239   0.350568   0.656263   0.492236   0.227422   0.353870   0.193754   0.242077   0.114704   0.456928   0.612504   0.515041   0.246767   0.352881   0.211740   0.245268   0.141878   0.576826   0.575096   0.536173   0.265741   0.352491   0.229556   0.247820   0.170545   0.678629   0.549598   0.554618   0.283007   0.352756   0.245888   0.251289   0.183261   0.742181   0.540030   0.568414   0.296414   0.352750   0.258654   0.255946   0.188455   0.750107   0.550115   0.576202   0.304265   0.352545   0.266177   0.261925   0.192279   0.701377   0.576973   0.576733   0.304959   0.352215   0.266870   0.268889   0.193576   0.610648   0.613965   0.569673   0.298040   0.351689   0.260272   0.275414   0.189281   0.497578   0.655315   0.556310   0.285010   0.351182   0.247856   0.279622   0.179011   0.387910   0.693910   0.538211   0.267852   0.351121   0.231588   0.280737   0.160542   0.305625   0.724697   0.514321   0.246376   0.351429   0.211414   0.278122   0.132788   0.271721   0.737115   0.495136   0.229909   0.351904   0.196069   0.271157   0.116574   0.269815   0.734057   0.486713   0.223052   0.352266   0.189738   0.263677   0.115729   0.269935   0.729831   0.481340   0.218762   0.352285   0.185791   0.258080   0.117626   0.270076   0.726010   0.476954   0.215330   0.352338   0.182644   0.253384   0.120542   0.270246   0.722788   0.472806   0.212126   0.352370   0.179712   0.249386   0.121200   0.270302   0.720124   0.468823   0.209087   0.352380   0.176936   0.245537   0.120652   0.270391   0.717597   0.465557   0.206640   0.352627   0.174709   0.241824   0.121090 206729
 10   0.119119   0.680991   0.718548   0.471004   0.931085   0.430382   0.605236   0.026732   0.299565   0.689930   0.731349   0.488582   0.929990   0.448175   0.610704   0.025217   0.300009   0.688547   0.733016   0.490926   0.930642   0.450557   0.609522   0.024837   0.300373   0.687295   0.734529   0.493073   0.932525   0.452744   0.610168   0.024055   0.300671   0.686317   0.735146   0.493957   0.933611   0.453645   0.610944   0.023654   0.302597   0.685189   0.735879   0.494996   0.933670   0.454702   0.610738   0.023283   0.317427   0.681163   0.740684   0.501961   0.933232   0.461823   0.611323   0.021720   0.352240   0.672385   0.751067   0.517235   0.932267   0.477478   0.617850   0.020058   0.397553   0.661655   0.765908   0.539613   0.931673   0.500520   0.630557   0.021536   0.442170   0.652216   0.784158   0.568088   0.931954   0.530027   0.642072   0.025327   0.476725   0.645695   0.802090   0.597101   0.931950   0.560294   0.649515   0.029131   0.489190   0.643513   0.816478   0.621159   0.931505   0.585547   0.655097   0.031936   0.471585   0.646527   0.825451   0.636522   0.930716   0.601744   0.659979   0.033382   0.429915   0.653624   0.828168   0.641234   0.929522   0.606723   0.665653   0.033205   0.377255   0.662063   0.825485   0.636575   0.928692   0.601799   0.675195   0.029795   0.330769   0.670974   0.813879   0.616756   0.928582   0.580914   0.689072   0.024978   0.307125   0.678460   0.796601   0.587852   0.928837   0.550573   0.696917   0.026271   0.302284   0.681429   0.785401   0.569595   0.929446   0.531502   0.696010   0.030631   0.302113   0.681780   0.779871   0.560827   0.930072   0.522390   0.694036   0.032034   0.302012   0.682016   0.775124   0.553390   0.930344   0.514680   0.692469   0.032378   0.301969   0.682160   0.770963   0.546940   0.930446   0.508004   0.691137   0.032309   0.301960   0.682232   0.767259   0.541248   0.930507   0.502124   0.689965   0.032116   0.301941   0.682282   0.763929   0.536178   0.930693   0.496894   0.688878   0.031904   0.301939   0.682276   0.761057   0.531841   0.931163   0.492429   0.688086   0.031552 366182
 11   0.122067   0.679410   0.698470   0.443751   0.926361   0.402855   0.581136   0.024727   0.300666   0.687003   0.710804   0.459906   0.925257   0.419065   0.584131   0.023891   0.300961   0.686063   0.712064   0.461577   0.925774   0.420746   0.582057   0.023478   0.301240   0.685157   0.713269   0.463199   0.927450   0.422381   0.582517   0.022503   0.301483   0.684462   0.713634   0.463690   0.928480   0.422876   0.583393   0.022218   0.302076   0.683885   0.713427   0.463403   0.928617   0.422585   0.583617   0.022237   0.309050   0.681972   0.715623   0.466424   0.928343   0.425643   0.582705   0.021677   0.327717   0.677157   0.721917   0.475148   0.927654   0.434486   0.584611   0.020365   0.352569   0.670714   0.731132   0.488118   0.927301   0.447672   0.592951   0.020287   0.376058   0.664800   0.742346   0.504266   0.927747   0.464157   0.604071   0.021911   0.392959   0.660608   0.753694   0.521011   0.927937   0.481329   0.613393   0.023686   0.398220   0.658973   0.763098   0.535210   0.927713   0.495952   0.620372   0.024965   0.389616   0.660157   0.769013   0.544303   0.927119   0.505348   0.626525   0.025422   0.368776   0.663707   0.770632   0.546841   0.926058   0.507981   0.633222   0.024495   0.341200   0.668405   0.768330   0.543320   0.925257   0.504345   0.642619   0.021427   0.316760   0.673902   0.759528   0.529914   0.925077   0.490517   0.654278   0.019458   0.304932   0.678377   0.748308   0.512989   0.925242   0.473089   0.659767   0.022206   0.302972   0.679952   0.742037   0.503695   0.925787   0.463550   0.658275   0.025671   0.302846   0.680224   0.738690   0.498842   0.926385   0.458590   0.656156   0.026742   0.302779   0.680409   0.735840   0.494750   0.926684   0.454415   0.654227   0.026925   0.302782   0.680526   0.733257   0.491071   0.926792   0.450667   0.652629   0.027136   0.302854   0.680582   0.730920   0.487759   0.926793   0.447295   0.650987   0.027706   0.302970   0.680571   0.728920   0.484936   0.926893   0.444424   0.649651   0.028256   0.303084   0.680504   0.727247   0.482587   0.927251   0.442037   0.648967   0.028474 336296
 12   0.125058   0.677659   0.672713   0.411367   0.774100   0.370589   0.576468   0.030765   0.300982   0.683787   0.688224   0.430164   0.772994   0.389192   0.584260   0.032012   0.301477   0.683320   0.688142   0.430099   0.773592   0.389135   0.583787   0.029908   0.301916   0.682742   0.688456   0.430530   0.775357   0.389571   0.584961   0.029039   0.302229   0.682312   0.688086   0.430070   0.776472   0.389114   0.585298   0.028796   0.303161   0.681656   0.687541   0.429381   0.776502   0.388427   0.584933   0.028387   0.312272   0.678381   0.689862   0.432466   0.775928   0.391531   0.584972   0.026993   0.336728   0.671561   0.694979   0.439238   0.774909   0.398339   0.590077   0.026321   0.370320   0.664077   0.700882   0.447084   0.774461   0.406233   0.600989   0.029775   0.401534   0.658332   0.707224   0.455603   0.774828   0.414822   0.612698   0.035785   0.422034   0.655142   0.712915   0.463341   0.774913   0.422641   0.622697   0.040998   0.425206   0.655149   0.716887   0.468799   0.774682   0.428166   0.630200   0.044382   0.409322   0.658494   0.718019   0.470360   0.774244   0.429748   0.635150   0.045020   0.380160   0.664316   0.715829   0.467322   0.773511   0.426667   0.637627   0.042096   0.346831   0.671250   0.711008   0.460680   0.772802   0.419939   0.638228   0.036159   0.318916   0.677832   0.704230   0.451420   0.772673   0.410575   0.638798   0.029838   0.304834   0.681883   0.697616   0.442465   0.772987   0.401535   0.637182   0.026943   0.302197   0.682762   0.694306   0.438025   0.773513   0.397060   0.632600   0.026583   0.302289   0.682449   0.693273   0.436661   0.773961   0.395690   0.628144   0.026264   0.302392   0.682135   0.692320   0.435416   0.774049   0.394441   0.624268   0.026215   0.302496   0.681855   0.691323   0.434122   0.774121   0.393145   0.620822   0.026606   0.302586   0.681638   0.690249   0.432736   0.774142   0.391758   0.617440   0.027268   0.302644   0.681446   0.689214   0.431407   0.774171   0.390430   0.614143   0.027645   0.302716   0.681215   0.688435   0.430413   0.774495   0.389437   0.611176   0.027814 321686
 13   0.126263   0.678457   0.648148   0.382429   0.748117   0.342087   0.447425   0.040937   0.298075   0.684999   0.672119   0.410222   0.746188   0.369383   0.454109   0.040152   0.298715   0.683947   0.675686   0.414627   0.746647   0.373758   0.451391   0.035991   0.299340   0.682951   0.679005   0.418721   0.748373   0.377822   0.450697   0.033525   0.299884   0.682093   0.681251   0.421495   0.749435   0.380575   0.450036   0.032460   0.301496   0.680433   0.684351   0.425379   0.749512   0.384443   0.449565   0.031299   0.313122   0.674851   0.693939   0.437872   0.749144   0.396967   0.449937   0.027327   0.341471   0.665786   0.706793   0.454983   0.748340   0.414189   0.455726   0.023880   0.379584   0.656824   0.718444   0.470975   0.747991   0.430377   0.466350   0.026392   0.418080   0.649354   0.730876   0.488575   0.748309   0.448295   0.476358   0.032964   0.446499   0.644760   0.742217   0.505125   0.748259   0.465239   0.485607   0.040288   0.453092   0.644546   0.750232   0.517132   0.747902   0.477593   0.494728   0.046554   0.434891   0.648789   0.753414   0.521985   0.747360   0.482603   0.504101   0.050784   0.399927   0.656131   0.750879   0.518191   0.746485   0.478699   0.513660   0.051573   0.358926   0.664883   0.743132   0.506638   0.745692   0.466822   0.523708   0.047396   0.323219   0.673680   0.729777   0.487193   0.745557   0.446922   0.535506   0.038749   0.304443   0.680216   0.714224   0.465133   0.745869   0.424455   0.541559   0.034043   0.300516   0.682566   0.705027   0.452398   0.746430   0.411544   0.539371   0.034083   0.300600   0.682603   0.701585   0.447773   0.746962   0.406882   0.536210   0.033098   0.300726   0.682522   0.698850   0.444136   0.747195   0.403222   0.533676   0.032346   0.300843   0.682421   0.696422   0.440943   0.747378   0.400015   0.531548   0.032152   0.300889   0.682362   0.694145   0.437979   0.747416   0.397044   0.529372   0.032067   0.300925   0.682257   0.692278   0.435556   0.747432   0.394617   0.527110   0.031914   0.300997   0.682074   0.690841   0.433699   0.747767   0.392758   0.525045   0.031845 231268
 14   0.136434   0.691188   0.525757   0.257128   0.481947   0.221581   0.300039   0.068189   0.284562   0.710170   0.551710   0.279941   0.481490   0.242927   0.301766   0.075023   0.283922   0.708385   0.553092   0.281238   0.481726   0.244155   0.296373   0.076958   0.283985   0.706484   0.553510   0.281660   0.483065   0.244560   0.293037   0.079061   0.283820   0.705162   0.552829   0.281050   0.483853   0.243987   0.290082   0.082012   0.294221   0.694171   0.559837   0.287592   0.483735   0.250170   0.289951   0.084538   0.347725   0.658973   0.580114   0.307543   0.483025   0.269207   0.293480   0.092614   0.452177   0.609486   0.604369   0.332960   0.481886   0.293728   0.297182   0.117399   0.571075   0.567070   0.627820   0.359017   0.481330   0.319133   0.299932   0.148118   0.672078   0.541241   0.649022   0.383729   0.481421   0.343435   0.303079   0.170410   0.734764   0.535307   0.664596   0.402697   0.481234   0.362236   0.308350   0.186557   0.742275   0.549704   0.672917   0.413219   0.480898   0.372737   0.316316   0.197716   0.692759   0.580810   0.672758   0.413243   0.480518   0.372802   0.326241   0.202817   0.600860   0.621645   0.663729   0.402228   0.480011   0.361880   0.336304   0.200463   0.488925   0.664836   0.647425   0.382572   0.479544   0.342429   0.344473   0.188694   0.382691   0.702932   0.626814   0.358427   0.479575   0.318659   0.348782   0.163381   0.305895   0.730333   0.602850   0.331646   0.480042   0.292514   0.347106   0.127519   0.275977   0.738840   0.584951   0.312476   0.480663   0.273943   0.339625   0.105773   0.274789   0.733956   0.577222   0.304607   0.481102   0.266389   0.331142   0.101932   0.274629   0.729415   0.572102   0.299510   0.481140   0.261517   0.323960   0.101519   0.274320   0.725801   0.567977   0.295470   0.481218   0.257665   0.317261   0.102601   0.274270   0.722803   0.564137   0.291757   0.481282   0.254133   0.311402   0.102871   0.274305   0.720400   0.560242   0.288040   0.481315   0.250606   0.306229   0.102448   0.274405   0.718163   0.556866   0.284858   0.481599   0.247593   0.301439   0.102468 122769
 15   0.121434   0.677908   0.710134   0.459090   0.908190   0.418257   0.680173   0.025257   0.302335   0.684300   0.720160   0.472525   0.907411   0.431794   0.683695   0.024337   0.302624   0.683883   0.720108   0.472455   0.908039   0.431723   0.682907   0.024396   0.302871   0.683386   0.720260   0.472685   0.909822   0.431960   0.682926   0.024066   0.303076   0.683073   0.719568   0.471756   0.910964   0.431023   0.682315   0.024310   0.303361   0.682935   0.718049   0.469684   0.911080   0.428929   0.680801   0.024835   0.307707   0.681791   0.717665   0.469193   0.910663   0.428439   0.678156   0.025647   0.321382   0.678285   0.719932   0.472376   0.909844   0.431673   0.677446   0.026532   0.341251   0.673449   0.724516   0.478792   0.909416   0.438189   0.681506   0.028187   0.360754   0.669035   0.730757   0.487608   0.909866   0.447157   0.687561   0.030982   0.375089   0.665916   0.737212   0.496840   0.910132   0.456570   0.692712   0.033554   0.378737   0.664849   0.742475   0.504458   0.910014   0.464354   0.696481   0.034779   0.370054   0.666064   0.745532   0.508915   0.909548   0.468915   0.698986   0.034247   0.352175   0.669160   0.745638   0.509058   0.908664   0.469059   0.700799   0.031685   0.330589   0.673228   0.743037   0.505237   0.907946   0.465144   0.703832   0.026892   0.312661   0.677378   0.737387   0.496995   0.907794   0.456711   0.708919   0.023074   0.304526   0.679952   0.731501   0.488472   0.907984   0.448002   0.710127   0.023230   0.303482   0.680485   0.728538   0.484232   0.908466   0.443677   0.706980   0.024485   0.303522   0.680444   0.726919   0.481937   0.908949   0.441342   0.704302   0.024842   0.303559   0.680386   0.725472   0.479900   0.909108   0.439272   0.701896   0.024973   0.303611   0.680323   0.724140   0.478039   0.909100   0.437382   0.699533   0.025236   0.303674   0.680262   0.722896   0.476309   0.909009   0.435627   0.697141   0.025874   0.303729   0.680155   0.721908   0.474940   0.909044   0.434239   0.695030   0.026323   0.303789   0.679993   0.721193   0.473950   0.909372   0.433236   0.693320   0.026478 512392
 16   0.120068   0.679081   0.721086   0.474117   0.931231   0.433465   0.679213   0.023916   0.301389   0.686278   0.732516   0.489896   0.930339   0.449448   0.683230   0.021841   0.301701   0.685206   0.734223   0.492296   0.930989   0.451887   0.683544   0.021567   0.302003   0.684191   0.735823   0.494566   0.932840   0.454199   0.685194   0.020837   0.302244   0.683427   0.736469   0.495487   0.933939   0.455137   0.686401   0.020419   0.302868   0.682768   0.736498   0.495521   0.934013   0.455169   0.686531   0.020177   0.310153   0.680537   0.738689   0.498669   0.933643   0.458382   0.684847   0.019929   0.329692   0.675177   0.744708   0.507415   0.932836   0.467325   0.686047   0.019424   0.355771   0.668325   0.753871   0.520951   0.932338   0.481207   0.693340   0.020095   0.380501   0.662290   0.765280   0.538168   0.932742   0.498936   0.701847   0.022537   0.398059   0.658217   0.776531   0.555534   0.932928   0.516891   0.708259   0.024994   0.402689   0.656907   0.785547   0.569744   0.932673   0.531641   0.712705   0.026522   0.392399   0.658563   0.791152   0.578713   0.932092   0.540977   0.716143   0.027047   0.369973   0.662612   0.792720   0.581245   0.931093   0.543617   0.719755   0.026178   0.341631   0.667717   0.790622   0.577873   0.930366   0.540104   0.726921   0.022836   0.317134   0.673261   0.782587   0.565086   0.930271   0.526808   0.739089   0.019913   0.305614   0.677427   0.772395   0.549019   0.930496   0.510130   0.745457   0.021852   0.303824   0.678807   0.766613   0.540046   0.931031   0.500843   0.743344   0.025156   0.303711   0.679067   0.763322   0.535025   0.931584   0.495663   0.740810   0.026300   0.303619   0.679275   0.760362   0.530544   0.931807   0.491046   0.738863   0.026639   0.303530   0.679458   0.757619   0.526421   0.931837   0.486804   0.737207   0.026712   0.303465   0.679602   0.755113   0.522680   0.931815   0.482961   0.735562   0.026735   0.303447   0.679682   0.752922   0.519429   0.931943   0.479623   0.734090   0.026685   0.303450   0.679708   0.751041   0.516649   0.932360   0.476772   0.732860   0.026656 741055
 17   0.117875   0.679397   0.738723   0.499120   0.934522   0.458918   0.704230   0.022073   0.300950   0.686862   0.749005   0.513849   0.933771   0.473940   0.711410   0.021053   0.301306   0.685695   0.750594   0.516152   0.934555   0.476293   0.714337   0.021189   0.301645   0.684601   0.752138   0.518412   0.936596   0.478607   0.718143   0.020854   0.301935   0.683778   0.752700   0.519231   0.937845   0.479446   0.720781   0.020893   0.303396   0.682789   0.753211   0.519966   0.938015   0.480195   0.721427   0.020936   0.315625   0.679218   0.757431   0.526263   0.937695   0.486666   0.721067   0.020624   0.344544   0.671851   0.766649   0.540260   0.936871   0.501094   0.726095   0.019918   0.380985   0.663349   0.779546   0.560336   0.936215   0.521885   0.736904   0.020721   0.415226   0.656207   0.794885   0.584906   0.936505   0.547467   0.746723   0.023603   0.439324   0.651658   0.809302   0.608676   0.936633   0.572348   0.753471   0.026742   0.445508   0.650505   0.820427   0.627497   0.936283   0.592145   0.758038   0.029233   0.431496   0.652785   0.827278   0.639301   0.935568   0.604603   0.761315   0.030637   0.400911   0.657844   0.829286   0.642794   0.934417   0.608296   0.764460   0.030442   0.361365   0.664077   0.826951   0.638737   0.933623   0.604008   0.771959   0.027239   0.325496   0.670824   0.817377   0.622345   0.933508   0.586727   0.785377   0.023122   0.307339   0.676547   0.803370   0.598730   0.933699   0.561905   0.793181   0.024814   0.303984   0.678942   0.794230   0.583626   0.934228   0.546089   0.791880   0.028948   0.303660   0.679431   0.789435   0.575884   0.934832   0.538016   0.789627   0.030020   0.303415   0.679782   0.785281   0.569249   0.935127   0.531112   0.788013   0.030002   0.303226   0.680035   0.781575   0.563388   0.935151   0.525025   0.786583   0.029522   0.303102   0.680190   0.778362   0.558344   0.935144   0.519793   0.785204   0.028957   0.303044   0.680248   0.775686   0.554166   0.935348   0.515464   0.783779   0.028443   0.302998   0.680259   0.773391   0.550604   0.935826   0.511777   0.782403   0.027930 787223
 18   0.115518   0.680605   0.741488   0.503318   0.934033   0.463243   0.675084   0.025706   0.298206   0.689124   0.751774   0.518108   0.933307   0.478339   0.682544   0.025200   0.298774   0.687741   0.753185   0.520153   0.934189   0.480429   0.683923   0.025093   0.299134   0.686602   0.754310   0.521802   0.936282   0.482118   0.686440   0.024647   0.299390   0.685760   0.754430   0.521970   0.937516   0.482289   0.687912   0.024516   0.304056   0.684016   0.755970   0.524230   0.937623   0.484605   0.687548   0.024084   0.329126   0.677957   0.763422   0.535500   0.937178   0.496214   0.688882   0.023021   0.382223   0.666656   0.777437   0.557266   0.936257   0.518747   0.697894   0.023062   0.451388   0.653794   0.796900   0.588655   0.935524   0.551474   0.710697   0.026795   0.521283   0.642625   0.819712   0.627027   0.935589   0.591799   0.719860   0.032923   0.572343   0.635501   0.840778   0.663976   0.935478   0.630936   0.724986   0.038678   0.583862   0.634538   0.856494   0.692545   0.934933   0.661400   0.728161   0.043092   0.551022   0.639705   0.865342   0.709025   0.934055   0.679054   0.731105   0.045912   0.487159   0.648960   0.866996   0.712148   0.932834   0.682410   0.735577   0.046343   0.410483   0.659760   0.861766   0.702346   0.932043   0.671898   0.745025   0.042572   0.343748   0.670355   0.847127   0.675440   0.931953   0.643147   0.759792   0.035683   0.308498   0.679021   0.826250   0.638134   0.932215   0.603495   0.766402   0.034875   0.300316   0.682888   0.811724   0.612964   0.932842   0.576895   0.763402   0.038493   0.299931   0.683382   0.804469   0.600827   0.933525   0.564156   0.761463   0.038968   0.299778   0.683624   0.798471   0.590946   0.933872   0.553813   0.760600   0.038182   0.299729   0.683737   0.793261   0.582469   0.933950   0.544961   0.759986   0.036980   0.299763   0.683753   0.788744   0.575190   0.933994   0.537373   0.759303   0.035815   0.299806   0.683715   0.784914   0.569075   0.934235   0.531010   0.758262   0.034808   0.299773   0.683678   0.781529   0.563732   0.934747   0.525462   0.756908   0.033932 331528
 19   0.117235   0.682657   0.711476   0.462175   0.905782   0.421605   0.522250   0.033235   0.295255   0.692992   0.726309   0.482801   0.904645   0.442533   0.525920   0.032984   0.295951   0.691405   0.728497   0.486046   0.905318   0.445861   0.522121   0.031676   0.296382   0.690194   0.729745   0.487873   0.907265   0.447730   0.521851   0.030515   0.296791   0.689124   0.730422   0.488895   0.908410   0.448781   0.522753   0.030137   0.302615   0.686092   0.734743   0.494943   0.908502   0.454932   0.524048   0.028741   0.333453   0.676906   0.748169   0.514426   0.908047   0.474871   0.530825   0.024274   0.402223   0.661169   0.769515   0.546650   0.907029   0.508080   0.547085   0.021913   0.495085   0.643675   0.796866   0.590084   0.906273   0.553259   0.563622   0.027019   0.592104   0.628489   0.827283   0.641302   0.906202   0.607118   0.572930   0.036040   0.665105   0.618999   0.854056   0.688962   0.905828   0.657757   0.577263   0.045941   0.682481   0.618354   0.872952   0.724192   0.905087   0.695513   0.580184   0.055226   0.637089   0.626257   0.882537   0.742602   0.904097   0.715355   0.584330   0.062047   0.546605   0.640041   0.882366   0.742303   0.902838   0.715040   0.591718   0.064387   0.441566   0.655382   0.873412   0.725135   0.902095   0.696544   0.607207   0.059368   0.353642   0.669641   0.852378   0.685984   0.902201   0.654599   0.632195   0.047000   0.307587   0.681908   0.822619   0.632793   0.902716   0.598041   0.646379   0.040674   0.297389   0.687535   0.802656   0.598502   0.903575   0.561854   0.644988   0.041384   0.297423   0.687808   0.794141   0.584500   0.904437   0.547198   0.642493   0.040264   0.297682   0.687737   0.787496   0.573755   0.904883   0.535988   0.640482   0.039120   0.298015   0.687521   0.781988   0.564990   0.905052   0.526870   0.638982   0.038387   0.298252   0.687304   0.777151   0.557400   0.905100   0.518996   0.637650   0.037626   0.298492   0.686960   0.773145   0.551172   0.905273   0.512546   0.636369   0.036680   0.298753   0.686497   0.769955   0.546261   0.905744   0.507468   0.634843   0.035692 112280
 20   0.119675   0.677297   0.729870   0.486176   0.936731   0.445667   0.733307   0.020707   0.302584   0.682950   0.738288   0.498026   0.936050   0.457713   0.738100   0.019104   0.302869   0.682309   0.739200   0.499312   0.936793   0.459021   0.740432   0.019454   0.303128   0.681665   0.740054   0.500533   0.938720   0.460265   0.743389   0.019776   0.303322   0.681249   0.739918   0.500331   0.939946   0.460058   0.745287   0.020322   0.303544   0.681028   0.738931   0.498902   0.940158   0.458598   0.745830   0.020711   0.307430   0.679919   0.739031   0.499043   0.939881   0.458742   0.744099   0.021899   0.319447   0.676795   0.741693   0.502905   0.939150   0.462689   0.743735   0.023385   0.336588   0.672634   0.746476   0.509904   0.938578   0.469855   0.748131   0.024927   0.353326   0.668915   0.752843   0.519332   0.938994   0.479527   0.754040   0.027647   0.365194   0.666452   0.759147   0.528791   0.939385   0.489257   0.758523   0.030369   0.367257   0.665867   0.763810   0.535872   0.939342   0.496556   0.761264   0.031705   0.358686   0.667214   0.765982   0.539200   0.938904   0.499991   0.762568   0.031593   0.343030   0.669965   0.765301   0.538171   0.938001   0.498932   0.763331   0.029903   0.325050   0.673237   0.762342   0.533672   0.937360   0.494293   0.766791   0.025806   0.310553   0.676607   0.756350   0.524616   0.937250   0.484966   0.772476   0.022391   0.304484   0.678778   0.750255   0.515474   0.937384   0.475564   0.772561   0.023198   0.303938   0.679299   0.747025   0.510694   0.937820   0.470660   0.768303   0.024860   0.303911   0.679425   0.744808   0.507440   0.938318   0.467327   0.765285   0.024936   0.303890   0.679490   0.742843   0.504571   0.938518   0.464391   0.762678   0.024476   0.303886   0.679541   0.741033   0.501944   0.938395   0.461705   0.759924   0.024346   0.303892   0.679570   0.739446   0.499650   0.938222   0.459362   0.757192   0.024595   0.303901   0.679533   0.738186   0.497835   0.938301   0.457510   0.754967   0.024630   0.303933   0.679441   0.737213   0.496441   0.938664   0.456088   0.753193   0.024556 813951
 21   0.118511   0.677966   0.738193   0.498024   0.939940   0.457737   0.746530   0.018739   0.302005   0.684135   0.747250   0.511045   0.939241   0.471025   0.751953   0.017445   0.302367   0.683222   0.748807   0.513314   0.940027   0.473345   0.754863   0.018367   0.302723   0.682349   0.750230   0.515399   0.942065   0.475481   0.758599   0.018994   0.303008   0.681721   0.750617   0.515962   0.943360   0.476056   0.761309   0.019483   0.303504   0.681219   0.750317   0.515508   0.943612   0.475589   0.762655   0.019702   0.309447   0.679338   0.751863   0.517786   0.943351   0.477923   0.762024   0.020257   0.325759   0.674910   0.756678   0.524967   0.942573   0.485301   0.764121   0.020721   0.347836   0.669421   0.764036   0.536107   0.941922   0.496777   0.771824   0.021562   0.368919   0.664629   0.773367   0.550484   0.942281   0.511638   0.780112   0.023787   0.383511   0.661470   0.782497   0.564814   0.942585   0.526499   0.786136   0.025972   0.386094   0.660631   0.789557   0.576081   0.942417   0.538221   0.789916   0.026996   0.375625   0.662173   0.793697   0.582763   0.941870   0.545188   0.792033   0.026944   0.355897   0.665526   0.794417   0.583936   0.940857   0.546413   0.793950   0.025990   0.332480   0.669590   0.792087   0.580170   0.940172   0.542485   0.800425   0.022817   0.313282   0.674041   0.784693   0.568327   0.940087   0.530156   0.811737   0.020493   0.305159   0.677219   0.776236   0.554901   0.940238   0.516202   0.815041   0.022685   0.304257   0.678126   0.771796   0.547965   0.940701   0.509015   0.810787   0.025201   0.304120   0.678363   0.768929   0.543541   0.941238   0.504440   0.808085   0.025634   0.304005   0.678544   0.766344   0.539577   0.941463   0.500348   0.805752   0.025511   0.303924   0.678689   0.763946   0.535924   0.941370   0.496580   0.803433   0.025298   0.303873   0.678784   0.761828   0.532714   0.941260   0.493272   0.801269   0.025062   0.303845   0.678819   0.760068   0.530059   0.941409   0.490538   0.799386   0.024739   0.303857   0.678788   0.758656   0.527936   0.941850   0.488355   0.797676   0.024548 1284992
 22   0.116507   0.678468   0.754003   0.521183   0.942522   0.481452   0.770025   0.018992   0.301715   0.685078   0.763014   0.534590   0.941931   0.495221   0.776934   0.017821   0.302057   0.684062   0.764433   0.536731   0.942812   0.497425   0.780891   0.018511   0.302396   0.683119   0.765697   0.538647   0.944955   0.499399   0.785407   0.019087   0.302676   0.682421   0.765959   0.539042   0.946336   0.499806   0.788492   0.019748   0.303671   0.681650   0.765928   0.538983   0.946652   0.499742   0.789940   0.020106   0.312455   0.678933   0.768618   0.543101   0.946384   0.503994   0.789691   0.020590   0.333925   0.673280   0.775170   0.553266   0.945566   0.514514   0.792977   0.020782   0.361642   0.666730   0.784421   0.567880   0.944814   0.529689   0.801346   0.021893   0.387432   0.661244   0.795601   0.585914   0.945064   0.548488   0.809409   0.024676   0.404387   0.657809   0.806214   0.603394   0.945306   0.566782   0.815098   0.027185   0.406852   0.657053   0.814275   0.616926   0.945053   0.580994   0.818575   0.028561   0.394172   0.658987   0.818978   0.624924   0.944425   0.589415   0.820553   0.028890   0.370308   0.663002   0.819867   0.626451   0.943343   0.591025   0.822518   0.027979   0.341127   0.667843   0.817363   0.622182   0.942644   0.586528   0.829635   0.024176   0.316397   0.673176   0.808868   0.607866   0.942558   0.571482   0.843153   0.020538   0.305624   0.677090   0.798708   0.590921   0.942715   0.553707   0.848918   0.022046   0.304331   0.678281   0.793193   0.581883   0.943220   0.544257   0.845589   0.024847   0.304130   0.678594   0.789717   0.576269   0.943799   0.538404   0.842955   0.025669   0.303963   0.678833   0.786568   0.571224   0.944037   0.533151   0.840691   0.025777   0.303821   0.679015   0.783632   0.566556   0.943896   0.528298   0.838684   0.025393   0.303726   0.679115   0.781087   0.562533   0.943776   0.524121   0.836905   0.024880   0.303688   0.679132   0.779008   0.559264   0.943967   0.520729   0.835264   0.024518   0.303683   0.679100   0.777252   0.556517   0.944442   0.517882   0.833701   0.024351 1043448
 23   0.114733   0.679514   0.762931   0.534731   0.938581   0.495416   0.755812   0.021572   0.300290   0.687057   0.770797   0.546631   0.938038   0.507676   0.764954   0.021466   0.300757   0.685853   0.771921   0.548348   0.939059   0.509448   0.769275   0.022152   0.301156   0.684777   0.772946   0.549920   0.941327   0.511071   0.774095   0.022590   0.301477   0.683971   0.772962   0.549934   0.942713   0.511083   0.777496   0.023063   0.305305   0.682287   0.774279   0.551950   0.942965   0.513165   0.778365   0.023106   0.325599   0.676771   0.781174   0.562778   0.942619   0.524396   0.780222   0.022692   0.366278   0.667443   0.793597   0.582744   0.941751   0.545196   0.789413   0.022704   0.414837   0.657892   0.809365   0.608885   0.940905   0.572589   0.801819   0.025310   0.457896   0.650463   0.826692   0.638543   0.940983   0.603855   0.811320   0.029687   0.485091   0.646215   0.842220   0.665960   0.941069   0.632927   0.817735   0.033315   0.488826   0.645821   0.853757   0.686879   0.940648   0.655220   0.821790   0.035794   0.466347   0.649336   0.860220   0.698801   0.939804   0.667967   0.824442   0.037133   0.424541   0.655683   0.861190   0.700606   0.938519   0.669900   0.827262   0.036856   0.373613   0.662989   0.857155   0.693128   0.937747   0.661897   0.835706   0.033011   0.328712   0.670819   0.844583   0.670260   0.937699   0.637512   0.850185   0.028020   0.307227   0.677193   0.828145   0.640947   0.937936   0.606371   0.855726   0.029238   0.303723   0.679690   0.818073   0.623450   0.938531   0.587875   0.851910   0.033034   0.303337   0.680211   0.812494   0.613990   0.939194   0.577921   0.849470   0.033590   0.303031   0.680572   0.807702   0.605962   0.939516   0.569492   0.847830   0.033034   0.302827   0.680787   0.803499   0.598987   0.939434   0.562182   0.846484   0.031956   0.302690   0.680904   0.799883   0.593031   0.939361   0.555949   0.845185   0.030889   0.302600   0.680940   0.796843   0.588058   0.939626   0.550751   0.843716   0.030229   0.302500   0.680953   0.794157   0.583700   0.940189   0.546203   0.842149   0.029829 665471
 24   0.112837   0.681109   0.764053   0.536493   0.935971   0.497244   0.722233   0.024374   0.297671   0.689998   0.769786   0.545160   0.935538   0.506172   0.732345   0.026262   0.298488   0.688461   0.770622   0.546430   0.936742   0.507480   0.735674   0.027074   0.299033   0.687242   0.771216   0.547335   0.939013   0.508414   0.739657   0.026952   0.299430   0.686321   0.770909   0.546846   0.940447   0.507906   0.742802   0.026632   0.308747   0.683170   0.774474   0.552357   0.940629   0.513606   0.744074   0.025638   0.348934   0.673396   0.787297   0.572723   0.940144   0.534777   0.750724   0.024070   0.426947   0.657806   0.808685   0.608060   0.939187   0.571785   0.767428   0.024938   0.525714   0.641627   0.836040   0.655605   0.938190   0.622060   0.783089   0.030324   0.619238   0.628713   0.864567   0.707867   0.937970   0.677878   0.791164   0.036999   0.674036   0.622290   0.888142   0.753197   0.937726   0.726738   0.793285   0.041999   0.665276   0.624490   0.903702   0.784295   0.937023   0.760504   0.791889   0.045851   0.602019   0.633598   0.910523   0.798303   0.935975   0.775793   0.791247   0.048694   0.513135   0.645933   0.908892   0.795103   0.934569   0.772332   0.794791   0.049717   0.420792   0.658671   0.899361   0.775929   0.933769   0.751485   0.806308   0.047207   0.345504   0.670468   0.879188   0.736190   0.933759   0.708450   0.825164   0.041431   0.307927   0.679936   0.854017   0.688196   0.934052   0.656799   0.831725   0.040802   0.300456   0.684185   0.837500   0.657904   0.934698   0.624441   0.827037   0.043314   0.299991   0.684821   0.828783   0.642497   0.935425   0.608098   0.826287   0.042463   0.299704   0.685218   0.821494   0.629826   0.935848   0.594700   0.826405   0.041026   0.299544   0.685422   0.815211   0.619056   0.935854   0.583343   0.826531   0.039222   0.299505   0.685463   0.809907   0.610077   0.935826   0.573895   0.826275   0.037557   0.299469   0.685417   0.805449   0.602609   0.936142   0.566054   0.825554   0.036365   0.299368   0.685360   0.801457   0.596012   0.936776   0.559143   0.824521   0.035371 291491
