timestamp=                2021-11-15T17:55:13.588933
shape=                    (5, 5)
sigma=                    2.5
nepochs=                  2
thresh=                   None
rate=                     0.008
neighborhood function=    gaussian
init weights=             pca
topology=                 hexagonal
activation distance=      euclidean
output type=              labels
mapfile_prefix=           full2018_5x5_2_008_3_04
apply classification=     False
seed=                     None
random order=             True
custom init file=         None
order labels by size=     False
decay_function=           3

Quantization Error=       0.34761505
Topographic Error=        0.09349707

############ NEURONS #############
 25 192
  0   0.128901   0.685988   0.597216   0.326572   0.636995   0.287743   0.370397   0.053407   0.290338   0.699352   0.628546   0.359136   0.632782   0.319117   0.374475   0.052310   0.290990   0.697150   0.631794   0.362724   0.633118   0.322610   0.368460   0.049351   0.291596   0.695435   0.633636   0.364763   0.634670   0.324595   0.366481   0.047853   0.292126   0.694081   0.634051   0.365205   0.635628   0.325022   0.365495   0.047405   0.298047   0.687974   0.640028   0.371923   0.635625   0.331583   0.366056   0.046782   0.330934   0.669626   0.656932   0.391885   0.635028   0.351252   0.369271   0.048220   0.401201   0.643445   0.677124   0.417035   0.633965   0.376272   0.374841   0.060206   0.488363   0.620290   0.697092   0.443327   0.633428   0.402698   0.380976   0.081732   0.567941   0.605470   0.716494   0.469937   0.633518   0.429645   0.387037   0.103278   0.618138   0.600989   0.730972   0.490471   0.633295   0.450570   0.395193   0.120665   0.620838   0.607725   0.738298   0.501125   0.632914   0.461476   0.405996   0.132723   0.575612   0.624076   0.737240   0.499705   0.632505   0.460045   0.418611   0.137885   0.500494   0.645837   0.727940   0.486491   0.631938   0.446575   0.431349   0.134303   0.417613   0.668600   0.712433   0.464834   0.631391   0.424566   0.442323   0.121271   0.347149   0.688144   0.693876   0.439577   0.631385   0.399021   0.450380   0.098795   0.304824   0.701126   0.674730   0.414366   0.631813   0.373676   0.452534   0.075047   0.291741   0.704946   0.661989   0.398088   0.632394   0.357404   0.448370   0.062058   0.291437   0.703299   0.656822   0.391761   0.632836   0.351130   0.442440   0.057691   0.291227   0.701699   0.653306   0.387555   0.632921   0.346976   0.436677   0.055739   0.290930   0.700354   0.650526   0.384277   0.633045   0.343747   0.430956   0.055410   0.290769   0.699202   0.647934   0.381243   0.633108   0.340762   0.425474   0.055350   0.290756   0.698234   0.645182   0.378041   0.633139   0.337616   0.420357   0.054873   0.290848   0.697300   0.642616   0.375073   0.633480   0.334703   0.415858   0.054404 118335
  1   0.136422   0.678153   0.574923   0.302969   0.572431   0.264927   0.394358   0.037416   0.298826   0.684628   0.589030   0.315742   0.571316   0.276922   0.398921   0.040369   0.299434   0.683949   0.589681   0.316362   0.571831   0.277510   0.398522   0.036581   0.299840   0.683251   0.590141   0.316813   0.573391   0.277939   0.399104   0.035616   0.300089   0.682735   0.590007   0.316665   0.574369   0.277795   0.399679   0.035551   0.302014   0.680804   0.591186   0.317863   0.574382   0.278944   0.400420   0.035547   0.318040   0.673057   0.597262   0.324256   0.573833   0.285112   0.402927   0.034615   0.356308   0.660190   0.605120   0.332671   0.572882   0.293256   0.410588   0.036639   0.403594   0.648283   0.612094   0.340291   0.572501   0.300658   0.422583   0.044199   0.442227   0.640728   0.618875   0.347822   0.572863   0.307995   0.434790   0.053443   0.461356   0.638621   0.623739   0.353305   0.572975   0.313352   0.445716   0.061136   0.457107   0.641913   0.625847   0.355711   0.572822   0.315707   0.454550   0.065761   0.432615   0.649416   0.624781   0.354509   0.572466   0.314534   0.460781   0.066153   0.396291   0.659287   0.620567   0.349752   0.571829   0.309886   0.464109   0.061720   0.357204   0.669856   0.614159   0.342592   0.571191   0.302903   0.464510   0.053606   0.323979   0.679537   0.606761   0.334448   0.571052   0.294981   0.462709   0.044545   0.305315   0.685715   0.599985   0.327103   0.571310   0.287856   0.458894   0.039030   0.300451   0.687274   0.596457   0.323329   0.571765   0.284204   0.453711   0.037705   0.300242   0.686810   0.595323   0.322147   0.572154   0.283065   0.448761   0.037567   0.300062   0.686418   0.594166   0.320952   0.572218   0.281916   0.444401   0.038025   0.299923   0.686058   0.593052   0.319809   0.572280   0.280818   0.440527   0.038825   0.299855   0.685696   0.591977   0.318708   0.572293   0.279761   0.436955   0.039309   0.299807   0.685358   0.590943   0.317649   0.572304   0.278745   0.433553   0.039616   0.299736   0.685045   0.590106   0.316803   0.572586   0.277934   0.430348   0.039907 358288
  2   0.149162   0.678899   0.462614   0.204031   0.357704   0.172272   0.280700   0.047782   0.297988   0.685976   0.468457   0.207899   0.357192   0.175711   0.279283   0.054858   0.298472   0.685169   0.468861   0.208160   0.357614   0.175942   0.279748   0.055542   0.298748   0.684419   0.469316   0.208489   0.358986   0.176240   0.280265   0.056655   0.298939   0.683796   0.469459   0.208594   0.359852   0.176334   0.280576   0.058391   0.301882   0.680886   0.471177   0.209919   0.359835   0.177546   0.281342   0.060035   0.322069   0.669337   0.477362   0.214821   0.359303   0.182048   0.283851   0.061351   0.366628   0.650302   0.485936   0.221780   0.358424   0.188466   0.289216   0.067918   0.419591   0.632630   0.495168   0.229446   0.358078   0.195565   0.296670   0.080097   0.463197   0.621251   0.504375   0.237219   0.358425   0.202784   0.304531   0.091353   0.486186   0.618149   0.511465   0.243313   0.358568   0.208461   0.311741   0.100221   0.483766   0.623547   0.515325   0.246705   0.358459   0.211633   0.317474   0.106159   0.459334   0.635257   0.515410   0.246808   0.358148   0.211734   0.321264   0.107936   0.420487   0.650382   0.511669   0.243545   0.357577   0.208687   0.322744   0.103855   0.374985   0.666903   0.504909   0.237689   0.356994   0.203224   0.321897   0.094233   0.332808   0.682482   0.496275   0.230345   0.356862   0.196395   0.319121   0.082012   0.306176   0.692970   0.487504   0.223045   0.357093   0.189631   0.314649   0.072319   0.297718   0.696016   0.481877   0.218449   0.357512   0.185388   0.309569   0.068600   0.297153   0.695141   0.479339   0.216420   0.357869   0.183522   0.305320   0.068328   0.296899   0.694185   0.477279   0.214792   0.357926   0.182026   0.301876   0.069754   0.296672   0.693320   0.475408   0.213327   0.357978   0.180684   0.298853   0.071491   0.296405   0.692559   0.473669   0.211973   0.357985   0.179444   0.296017   0.071648   0.296136   0.691875   0.472089   0.210754   0.357992   0.178329   0.293263   0.071100   0.295885   0.691239   0.470762   0.209744   0.358245   0.177408   0.290598   0.071229 385072
  3   0.154644   0.680331   0.404731   0.163099   0.252393   0.135379   0.228959   0.055217   0.295404   0.688397   0.397264   0.157783   0.251826   0.130583   0.222863   0.066854   0.296283   0.687036   0.398335   0.158425   0.252255   0.131145   0.224355   0.069803   0.296644   0.686322   0.398358   0.158423   0.253565   0.131142   0.225577   0.072106   0.296768   0.685852   0.397930   0.158144   0.254388   0.130893   0.226282   0.074480   0.301397   0.681151   0.399995   0.159473   0.254388   0.132072   0.227322   0.076672   0.327938   0.663726   0.407407   0.164381   0.253882   0.136446   0.229596   0.080842   0.382492   0.637125   0.417455   0.171216   0.253042   0.142564   0.233627   0.092279   0.445491   0.613520   0.427807   0.178437   0.252743   0.149056   0.239343   0.106570   0.498564   0.598160   0.438049   0.185742   0.253127   0.155648   0.245618   0.115952   0.528501   0.594178   0.446105   0.191603   0.253307   0.160955   0.251657   0.122485   0.527355   0.602447   0.450370   0.194766   0.253241   0.163828   0.256911   0.126923   0.497589   0.619886   0.450504   0.194869   0.252974   0.163924   0.260589   0.127580   0.449448   0.641824   0.446730   0.192054   0.252427   0.161363   0.262121   0.122466   0.393737   0.665041   0.439904   0.187020   0.251861   0.156795   0.261431   0.113117   0.341246   0.686909   0.430703   0.180378   0.251726   0.150788   0.258973   0.102355   0.306448   0.701875   0.420723   0.173354   0.251920   0.144465   0.255147   0.092152   0.294508   0.706231   0.413804   0.168608   0.252291   0.140211   0.250838   0.087130   0.293625   0.704673   0.410290   0.166265   0.252607   0.138120   0.247064   0.086499   0.293366   0.702991   0.407418   0.164367   0.252640   0.136430   0.244045   0.088211   0.293209   0.701495   0.404688   0.162581   0.252675   0.134841   0.241535   0.089991   0.292903   0.700226   0.402091   0.160906   0.252664   0.133355   0.238962   0.089076   0.292367   0.699286   0.399731   0.159403   0.252653   0.132025   0.236178   0.087773   0.291870   0.698443   0.397790   0.158179   0.252880   0.130943   0.233530   0.087960 346259
  4   0.155112   0.686305   0.370196   0.141915   0.199694   0.116732   0.197275   0.109670   0.285116   0.699595   0.350777   0.129832   0.199288   0.106069   0.188912   0.154549   0.286141   0.696905   0.352371   0.130699   0.199693   0.106817   0.190203   0.162804   0.286619   0.695151   0.352980   0.131037   0.200905   0.107109   0.191335   0.169927   0.286917   0.693930   0.352805   0.130933   0.201632   0.107018   0.192119   0.177332   0.297203   0.685518   0.356276   0.132917   0.201612   0.108743   0.193384   0.183162   0.343124   0.658984   0.366491   0.139007   0.201120   0.114078   0.195506   0.193605   0.428277   0.620992   0.379615   0.147176   0.200314   0.121285   0.197895   0.212440   0.524305   0.586313   0.392961   0.155767   0.200105   0.128908   0.200809   0.227067   0.607906   0.561171   0.405715   0.164221   0.200555   0.136447   0.203913   0.230271   0.661075   0.551128   0.415972   0.171205   0.200761   0.142704   0.206873   0.230360   0.669805   0.559289   0.422150   0.175505   0.200735   0.146570   0.209864   0.230830   0.632262   0.583447   0.423363   0.176362   0.200509   0.147343   0.212485   0.230000   0.560014   0.617617   0.419450   0.173620   0.199997   0.144875   0.213964   0.224423   0.468701   0.656664   0.410994   0.167771   0.199446   0.139621   0.213796   0.216294   0.376716   0.695175   0.398271   0.159204   0.199265   0.131961   0.212203   0.209257   0.306932   0.724419   0.382669   0.149070   0.199377   0.122955   0.209311   0.199876   0.278126   0.734394   0.370791   0.141618   0.199681   0.116371   0.205619   0.194011   0.275941   0.730775   0.364739   0.137976   0.199946   0.113176   0.202052   0.194091   0.275859   0.726430   0.360259   0.135339   0.199940   0.110870   0.199097   0.197254   0.276190   0.722430   0.356279   0.133025   0.199965   0.108852   0.196799   0.200331   0.276163   0.719199   0.352701   0.130969   0.199958   0.107062   0.194532   0.198814   0.275600   0.716804   0.349560   0.129184   0.199939   0.105511   0.191976   0.196318   0.275044   0.714689   0.347010   0.127750   0.200142   0.104267   0.189542   0.196217 189069
  5   0.121668   0.678650   0.696273   0.441860   0.827199   0.401135   0.517802   0.039516   0.299136   0.685141   0.721613   0.475121   0.825915   0.434533   0.517646   0.040305   0.299889   0.683823   0.726234   0.481574   0.826425   0.441085   0.512686   0.036706   0.300532   0.682848   0.729064   0.485532   0.828274   0.445104   0.511990   0.035085   0.301033   0.682057   0.730728   0.487857   0.829441   0.447465   0.511794   0.034832   0.302580   0.680672   0.733017   0.491067   0.829560   0.450727   0.511649   0.033771   0.313953   0.676045   0.741522   0.503380   0.829233   0.463312   0.513283   0.029147   0.341401   0.668107   0.753651   0.521267   0.828451   0.481654   0.522347   0.023763   0.377833   0.659834   0.764850   0.538233   0.828055   0.499141   0.537088   0.023747   0.414081   0.652881   0.776585   0.556492   0.828370   0.518054   0.550847   0.028537   0.441027   0.648540   0.786851   0.572867   0.828352   0.535095   0.563333   0.034862   0.448303   0.648047   0.793689   0.584002   0.827997   0.546727   0.575173   0.040795   0.432543   0.651520   0.796080   0.587940   0.827409   0.550850   0.586427   0.044628   0.399624   0.657914   0.793316   0.583422   0.826449   0.546127   0.597320   0.044678   0.359031   0.665757   0.785812   0.571251   0.825670   0.533421   0.609184   0.040374   0.323197   0.673849   0.772305   0.549849   0.825605   0.511176   0.623449   0.033062   0.304846   0.679938   0.756614   0.525580   0.825939   0.486068   0.631178   0.029592   0.301367   0.682076   0.747700   0.512116   0.826511   0.472199   0.629133   0.029911   0.301447   0.682077   0.744453   0.507351   0.827069   0.467317   0.625123   0.029436   0.301582   0.681973   0.741967   0.503746   0.827327   0.463632   0.621294   0.029303   0.301720   0.681873   0.739672   0.500451   0.827475   0.460270   0.617929   0.029845   0.301829   0.681795   0.737562   0.497439   0.827464   0.457200   0.614723   0.030735   0.301928   0.681662   0.735885   0.495056   0.827487   0.454773   0.611628   0.031249   0.302034   0.681457   0.734619   0.493264   0.827855   0.452949   0.608981   0.031367 245124
  6   0.131406   0.677556   0.623655   0.353920   0.672379   0.314064   0.478708   0.034022   0.300488   0.683488   0.636700   0.367475   0.671159   0.327115   0.484688   0.036495   0.301045   0.682797   0.637514   0.368358   0.671692   0.327971   0.483807   0.033405   0.301536   0.681999   0.638792   0.369804   0.673346   0.329385   0.484402   0.031787   0.301849   0.681457   0.639103   0.370155   0.674379   0.329727   0.484768   0.031303   0.303066   0.680381   0.639554   0.370672   0.674390   0.330233   0.484806   0.031078   0.314379   0.675485   0.643915   0.375816   0.673838   0.335298   0.485916   0.029766   0.343293   0.666435   0.650718   0.383908   0.672864   0.343278   0.492427   0.029935   0.381168   0.657372   0.657379   0.391941   0.672457   0.351219   0.504146   0.034758   0.414326   0.651068   0.663970   0.400011   0.672830   0.359219   0.516449   0.042146   0.433524   0.648418   0.669034   0.406291   0.672933   0.365459   0.527297   0.048762   0.433437   0.649723   0.671844   0.409809   0.672749   0.368961   0.535708   0.052912   0.414787   0.654600   0.671749   0.409699   0.672365   0.368854   0.541387   0.053671   0.384252   0.661797   0.668549   0.405708   0.671690   0.364884   0.544186   0.050480   0.349942   0.669992   0.663072   0.398919   0.671003   0.358139   0.544293   0.043972   0.320748   0.677732   0.656103   0.390371   0.670849   0.349662   0.543315   0.036974   0.305284   0.682635   0.649445   0.382289   0.671123   0.341663   0.540397   0.033648   0.301898   0.683826   0.646036   0.378196   0.671606   0.337620   0.535487   0.033339   0.301934   0.683466   0.644956   0.376925   0.672021   0.336370   0.531046   0.033090   0.301982   0.683120   0.643916   0.375707   0.672100   0.335172   0.527374   0.033064   0.302042   0.682816   0.642866   0.374487   0.672181   0.333974   0.524204   0.033362   0.302100   0.682554   0.641819   0.373276   0.672212   0.332786   0.521118   0.033696   0.302144   0.682285   0.640892   0.372206   0.672233   0.331736   0.518115   0.033877   0.302157   0.682005   0.640195   0.371407   0.672533   0.330954   0.515372   0.033875 377399
  7   0.142815   0.679477   0.517198   0.248810   0.457179   0.213671   0.330278   0.039302   0.297900   0.687150   0.530095   0.259166   0.456329   0.223198   0.332150   0.043887   0.298486   0.686359   0.530304   0.259311   0.456795   0.223328   0.332027   0.042035   0.298750   0.685684   0.530285   0.259273   0.458251   0.223288   0.332050   0.041724   0.298887   0.685159   0.530044   0.259054   0.459165   0.223082   0.331830   0.042312   0.301802   0.682056   0.532062   0.260845   0.459156   0.224760   0.332508   0.042988   0.322654   0.670340   0.539374   0.267533   0.458593   0.231057   0.335294   0.043026   0.369335   0.651537   0.548243   0.275848   0.457655   0.238919   0.342040   0.047573   0.424829   0.634217   0.556640   0.283922   0.457278   0.246588   0.352156   0.058237   0.469080   0.623433   0.564851   0.291965   0.457614   0.254253   0.362681   0.069355   0.489797   0.621084   0.570782   0.297887   0.457717   0.259915   0.372336   0.078263   0.482929   0.627157   0.573495   0.300651   0.457571   0.262569   0.380290   0.084108   0.453950   0.639238   0.572611   0.299783   0.457238   0.261741   0.385956   0.085526   0.412459   0.654177   0.568152   0.295300   0.456650   0.257450   0.388925   0.081289   0.367623   0.669556   0.561094   0.288273   0.456049   0.250733   0.389067   0.071788   0.328958   0.683071   0.552945   0.280317   0.455923   0.243155   0.386579   0.059906   0.305821   0.691658   0.545407   0.273113   0.456179   0.236321   0.381668   0.051201   0.298803   0.693886   0.541028   0.269001   0.456617   0.232432   0.375542   0.048079   0.298229   0.693104   0.539181   0.267313   0.456979   0.230843   0.369938   0.047763   0.297777   0.692432   0.537464   0.265769   0.457027   0.229393   0.365083   0.048638   0.297327   0.691908   0.535799   0.264282   0.457080   0.227998   0.360668   0.049962   0.296995   0.691382   0.534267   0.262914   0.457093   0.226717   0.356597   0.050565   0.296771   0.690865   0.532824   0.261632   0.457101   0.225515   0.352836   0.050717   0.296567   0.690389   0.531526   0.260485   0.457370   0.224442   0.349399   0.050957 372506
  8   0.144088   0.688329   0.457778   0.201088   0.354035   0.169697   0.251342   0.074008   0.283428   0.704859   0.464969   0.206031   0.353887   0.174127   0.244567   0.087190   0.282753   0.703710   0.465400   0.206363   0.354254   0.174430   0.241500   0.089726   0.282580   0.702251   0.465724   0.206623   0.355560   0.174669   0.239207   0.092970   0.282242   0.701019   0.465369   0.206393   0.356328   0.174466   0.237136   0.098115   0.294163   0.689516   0.473270   0.212359   0.356244   0.179904   0.238409   0.102671   0.350661   0.656147   0.493613   0.228539   0.355617   0.194784   0.242859   0.112396   0.456854   0.612473   0.516459   0.247989   0.354626   0.212879   0.246198   0.138633   0.575828   0.575593   0.537503   0.266938   0.354232   0.230681   0.248896   0.167413   0.677020   0.550436   0.555868   0.284170   0.354498   0.246987   0.252461   0.180777   0.740755   0.540730   0.569605   0.297545   0.354494   0.259726   0.257334   0.186131   0.749092   0.550500   0.577307   0.305318   0.354289   0.267177   0.263616   0.189816   0.700378   0.577260   0.577736   0.305905   0.353959   0.267765   0.270786   0.190904   0.609202   0.614352   0.570601   0.298891   0.353434   0.261073   0.277377   0.186729   0.496646   0.655383   0.557235   0.285825   0.352922   0.248619   0.281566   0.176902   0.387607   0.693654   0.539145   0.268651   0.352858   0.232332   0.282649   0.158627   0.305569   0.724268   0.515298   0.247196   0.353167   0.212175   0.279946   0.130715   0.271924   0.736564   0.496221   0.230802   0.353645   0.196894   0.272843   0.114573   0.270107   0.733499   0.487908   0.224018   0.354008   0.190629   0.265223   0.114041   0.270139   0.729375   0.482615   0.219783   0.354027   0.186731   0.259416   0.116144   0.270247   0.725643   0.478224   0.216336   0.354080   0.183567   0.254563   0.119074   0.270481   0.722429   0.474019   0.213081   0.354110   0.180588   0.250439   0.119670   0.270553   0.719833   0.469998   0.210001   0.354117   0.177774   0.246515   0.118951   0.270574   0.717412   0.466720   0.207528   0.354364   0.175520   0.242758   0.119344 211041
  9   0.144541   0.684788   0.427391   0.179819   0.276068   0.150551   0.222796   0.205438   0.270215   0.696770   0.414567   0.170987   0.277744   0.142621   0.213999   0.335765   0.269364   0.693979   0.416279   0.172180   0.278014   0.143695   0.214726   0.356431   0.269020   0.691663   0.417366   0.172950   0.279172   0.144390   0.215524   0.368862   0.268285   0.690110   0.417426   0.173027   0.279825   0.144465   0.216182   0.382570   0.282768   0.684060   0.419559   0.174502   0.279718   0.145790   0.216547   0.392966   0.348524   0.661986   0.429061   0.181163   0.279153   0.151791   0.218807   0.389361   0.464863   0.627360   0.444570   0.192450   0.278287   0.162027   0.221919   0.390620   0.587679   0.595247   0.461274   0.205148   0.278107   0.173629   0.224332   0.401308   0.687248   0.571854   0.476759   0.217359   0.278606   0.184856   0.226681   0.398887   0.750859   0.560117   0.488806   0.227172   0.278817   0.193930   0.228681   0.391471   0.765938   0.563396   0.495948   0.233133   0.278800   0.199466   0.230484   0.385814   0.729354   0.581627   0.497311   0.234293   0.278589   0.200546   0.232020   0.381865   0.650264   0.610772   0.492550   0.230301   0.278110   0.196836   0.232842   0.376111   0.539078   0.648035   0.481900   0.221522   0.277539   0.188703   0.232327   0.370968   0.415504   0.688890   0.465546   0.208490   0.277279   0.176697   0.230295   0.372684   0.307475   0.725002   0.445007   0.192792   0.277328   0.162341   0.226526   0.382397   0.256438   0.739143   0.430527   0.182126   0.277618   0.152648   0.221949   0.396625   0.252252   0.733947   0.425117   0.178357   0.277881   0.149256   0.218302   0.407413   0.252369   0.727456   0.421612   0.175967   0.277856   0.147113   0.215654   0.416862   0.252488   0.721842   0.418590   0.173930   0.277902   0.145289   0.213558   0.424855   0.252486   0.717153   0.415919   0.172139   0.277952   0.143688   0.211548   0.425996   0.252494   0.713143   0.413714   0.170668   0.277973   0.142374   0.209513   0.424378   0.252544   0.709564   0.412017   0.169552   0.278202   0.141379   0.207815   0.424530 106289
 10   0.119219   0.680919   0.718365   0.470751   0.930191   0.430126   0.606310   0.026523   0.299630   0.689803   0.731190   0.488353   0.929112   0.447940   0.611648   0.025115   0.300065   0.688438   0.732877   0.490728   0.929769   0.450356   0.610544   0.024755   0.300445   0.687179   0.734460   0.492975   0.931655   0.452644   0.611225   0.023920   0.300756   0.686199   0.735108   0.493901   0.932742   0.453587   0.612015   0.023485   0.302671   0.685069   0.735842   0.494938   0.932803   0.454642   0.611781   0.023103   0.317470   0.681030   0.740706   0.501985   0.932366   0.461846   0.612303   0.021517   0.352220   0.672267   0.751153   0.517356   0.931400   0.477601   0.618845   0.019854   0.397578   0.661587   0.766007   0.539763   0.930800   0.500674   0.631608   0.021453   0.442579   0.652165   0.784253   0.568240   0.931082   0.530185   0.643176   0.025351   0.477327   0.645640   0.802172   0.597234   0.931082   0.560433   0.650720   0.029203   0.489475   0.643526   0.816542   0.621262   0.930640   0.585654   0.656398   0.032069   0.471567   0.646553   0.825493   0.636588   0.929854   0.601812   0.661222   0.033599   0.429717   0.653599   0.828168   0.641226   0.928660   0.606713   0.666750   0.033448   0.377014   0.662040   0.825414   0.636448   0.927833   0.601663   0.676146   0.029980   0.330626   0.670942   0.813722   0.616492   0.927724   0.580637   0.689953   0.025102   0.307096   0.678415   0.796414   0.587548   0.927978   0.550256   0.697751   0.026306   0.302313   0.681383   0.785240   0.569339   0.928587   0.531236   0.696747   0.030580   0.302141   0.681735   0.779725   0.560592   0.929209   0.522146   0.694702   0.031956   0.302039   0.681976   0.774968   0.553142   0.929480   0.514422   0.693207   0.032240   0.301992   0.682136   0.770745   0.546600   0.929582   0.507652   0.691968   0.032203   0.301966   0.682237   0.766967   0.540801   0.929638   0.501662   0.690884   0.032101   0.301934   0.682299   0.763641   0.535739   0.929820   0.496442   0.689818   0.031868   0.301922   0.682299   0.760774   0.531411   0.930289   0.491986   0.688997   0.031446 371472
 11   0.122026   0.679450   0.698434   0.443705   0.926160   0.402809   0.580546   0.024607   0.300620   0.687082   0.710784   0.459880   0.925039   0.419039   0.583635   0.023732   0.300924   0.686138   0.712031   0.461533   0.925558   0.420702   0.581591   0.023349   0.301207   0.685213   0.713280   0.463215   0.927235   0.422397   0.582069   0.022387   0.301462   0.684493   0.713696   0.463775   0.928263   0.422962   0.582921   0.022034   0.302062   0.683912   0.713490   0.463489   0.928400   0.422672   0.583130   0.021998   0.309099   0.681980   0.715690   0.466517   0.928131   0.425737   0.582268   0.021477   0.327796   0.677106   0.722043   0.475326   0.927444   0.434668   0.584347   0.020135   0.352744   0.670612   0.731318   0.488385   0.927089   0.447944   0.592907   0.020000   0.376455   0.664669   0.742606   0.504646   0.927527   0.464546   0.604166   0.021636   0.393583   0.660435   0.754040   0.521531   0.927712   0.481863   0.613600   0.023450   0.399021   0.658760   0.763516   0.535853   0.927490   0.496616   0.620608   0.024757   0.390211   0.659984   0.769456   0.544992   0.926901   0.506062   0.626720   0.025217   0.369064   0.663606   0.771046   0.547489   0.925844   0.508652   0.633400   0.024264   0.341373   0.668336   0.768737   0.543955   0.925045   0.505003   0.642858   0.021218   0.316788   0.673889   0.759855   0.530416   0.924871   0.491036   0.654646   0.019320   0.304885   0.678417   0.748529   0.513318   0.925041   0.473427   0.660121   0.022057   0.302934   0.680001   0.742226   0.503970   0.925588   0.463831   0.658557   0.025502   0.302831   0.680253   0.738885   0.499118   0.926188   0.458870   0.656515   0.026598   0.302786   0.680418   0.736032   0.495017   0.926487   0.454686   0.654691   0.026871   0.302805   0.680514   0.733484   0.491384   0.926594   0.450984   0.653135   0.027116   0.302863   0.680574   0.731173   0.488111   0.926592   0.447653   0.651481   0.027629   0.302952   0.680585   0.729146   0.485253   0.926689   0.444746   0.650109   0.028119   0.303064   0.680514   0.727494   0.482930   0.927045   0.442385   0.649323   0.028388 337574
 12   0.125135   0.677693   0.671800   0.410238   0.772121   0.369467   0.575154   0.030707   0.300993   0.683862   0.687212   0.428859   0.771031   0.387887   0.583240   0.031824   0.301476   0.683397   0.687090   0.428739   0.771631   0.387774   0.582729   0.029718   0.301907   0.682805   0.687371   0.429124   0.773397   0.388162   0.584031   0.028832   0.302208   0.682363   0.687017   0.428682   0.774509   0.387724   0.584490   0.028588   0.303120   0.681693   0.686546   0.428092   0.774539   0.387136   0.584124   0.028139   0.312279   0.678366   0.688967   0.431301   0.773964   0.390363   0.584117   0.026719   0.336855   0.671471   0.694149   0.438140   0.772937   0.397235   0.589275   0.026235   0.370450   0.663970   0.700037   0.445943   0.772487   0.405082   0.600253   0.029784   0.401702   0.658199   0.706359   0.454427   0.772852   0.413634   0.611905   0.035704   0.422222   0.654993   0.712017   0.462123   0.772935   0.421410   0.621787   0.040944   0.425186   0.655064   0.715975   0.467557   0.772703   0.426911   0.629165   0.044343   0.409164   0.658446   0.717150   0.469173   0.772260   0.428547   0.633930   0.044890   0.380144   0.664265   0.715005   0.466203   0.771526   0.425537   0.636187   0.041977   0.346853   0.671238   0.710215   0.459620   0.770818   0.418872   0.636653   0.036132   0.318826   0.677875   0.703452   0.450392   0.770690   0.409542   0.637187   0.029827   0.304778   0.681944   0.696820   0.441421   0.771006   0.400488   0.635629   0.027000   0.302172   0.682831   0.693454   0.436915   0.771531   0.395948   0.631146   0.026735   0.302247   0.682530   0.692361   0.435477   0.771974   0.394503   0.626744   0.026380   0.302345   0.682219   0.691397   0.434219   0.772056   0.393242   0.622801   0.026268   0.302451   0.681946   0.690392   0.432916   0.772122   0.391938   0.619235   0.026574   0.302541   0.681739   0.689292   0.431502   0.772140   0.390524   0.615775   0.027183   0.302605   0.681545   0.688262   0.430185   0.772169   0.389208   0.612387   0.027699   0.302673   0.681307   0.687508   0.429226   0.772491   0.388251   0.609337   0.028032 323591
 13   0.126221   0.678474   0.647793   0.382052   0.748284   0.341722   0.446488   0.041105   0.298021   0.685040   0.672125   0.410249   0.746311   0.369415   0.453608   0.040340   0.298672   0.684018   0.675556   0.414489   0.746769   0.373625   0.450906   0.036092   0.299310   0.683024   0.678848   0.418549   0.748494   0.377655   0.450153   0.033557   0.299857   0.682153   0.681202   0.421456   0.749561   0.380542   0.449212   0.032375   0.301444   0.680509   0.684267   0.425298   0.749645   0.384365   0.448543   0.031238   0.313054   0.674923   0.693896   0.437842   0.749280   0.396941   0.448930   0.027302   0.341333   0.665869   0.706778   0.454985   0.748480   0.414196   0.454777   0.023835   0.379406   0.656966   0.718318   0.470822   0.748136   0.430226   0.465453   0.026455   0.418012   0.649526   0.730606   0.488213   0.748457   0.447930   0.475465   0.033071   0.446171   0.644991   0.741780   0.504504   0.748409   0.464607   0.484630   0.040381   0.452073   0.644877   0.749628   0.516243   0.748057   0.476681   0.493676   0.046697   0.433826   0.649083   0.752696   0.520926   0.747517   0.481517   0.503077   0.050725   0.399393   0.656302   0.750124   0.517097   0.746638   0.477581   0.512808   0.051256   0.358729   0.664976   0.742378   0.505579   0.745842   0.465745   0.523070   0.047159   0.323175   0.673732   0.729048   0.486202   0.745707   0.445920   0.534916   0.038794   0.304443   0.680248   0.713605   0.464312   0.746018   0.423630   0.540768   0.034293   0.300523   0.682562   0.704598   0.451845   0.746577   0.410991   0.538317   0.034465   0.300627   0.682568   0.701294   0.447407   0.747107   0.406517   0.534973   0.033569   0.300745   0.682500   0.698576   0.443796   0.747341   0.402884   0.532296   0.032786   0.300857   0.682411   0.696120   0.440567   0.747527   0.399641   0.530160   0.032547   0.300921   0.682349   0.693825   0.437572   0.747569   0.396638   0.528130   0.032460   0.300959   0.682254   0.691888   0.435056   0.747590   0.394117   0.526040   0.032370   0.301015   0.682082   0.690397   0.433132   0.747930   0.392192   0.524114   0.032189 231375
 14   0.136022   0.691346   0.527811   0.258991   0.486632   0.223335   0.300771   0.069184   0.284258   0.710415   0.554551   0.282661   0.486028   0.245509   0.302852   0.076030   0.283609   0.708525   0.556067   0.284091   0.486252   0.246865   0.297386   0.078216   0.283622   0.706653   0.556439   0.284476   0.487582   0.247235   0.294038   0.080369   0.283431   0.705368   0.555634   0.283749   0.488365   0.246552   0.291208   0.083247   0.293973   0.694344   0.562553   0.290240   0.488250   0.252693   0.291123   0.085565   0.347694   0.659316   0.582916   0.310401   0.487542   0.271951   0.294472   0.094147   0.452409   0.609971   0.607348   0.336173   0.486398   0.296846   0.297967   0.120035   0.572433   0.567197   0.630961   0.362603   0.485832   0.322647   0.300629   0.151745   0.673393   0.541607   0.652294   0.387662   0.485913   0.347325   0.303667   0.174660   0.735551   0.535989   0.667992   0.406941   0.485719   0.366463   0.308814   0.191153   0.743415   0.550317   0.676431   0.417712   0.485380   0.377231   0.316642   0.202542   0.694201   0.581132   0.676315   0.417802   0.485002   0.377365   0.326452   0.207783   0.603036   0.621438   0.667382   0.406827   0.484501   0.366468   0.336464   0.205319   0.490662   0.664712   0.651069   0.387012   0.484040   0.346832   0.344688   0.193045   0.383442   0.702973   0.630236   0.362399   0.484075   0.322563   0.349231   0.167044   0.306033   0.730521   0.605959   0.335030   0.484547   0.295802   0.347870   0.130171   0.275699   0.739200   0.587739   0.315371   0.485175   0.276730   0.340551   0.107584   0.274476   0.734319   0.579866   0.307302   0.485615   0.268976   0.332082   0.103384   0.274362   0.729674   0.574751   0.302177   0.485651   0.264071   0.324871   0.102744   0.274053   0.725993   0.570611   0.298102   0.485728   0.260183   0.318075   0.103788   0.273959   0.722982   0.566759   0.294355   0.485794   0.256615   0.312127   0.104128   0.273937   0.720601   0.562850   0.290597   0.485829   0.253044   0.306866   0.103689   0.273996   0.718429   0.559353   0.287272   0.486115   0.249890   0.302022   0.103541 116588
 15   0.121478   0.677887   0.709671   0.458475   0.907087   0.417639   0.678675   0.025228   0.302329   0.684257   0.719817   0.472053   0.906297   0.431315   0.682302   0.024314   0.302625   0.683835   0.719796   0.472024   0.906923   0.431287   0.681673   0.024318   0.302878   0.683337   0.719967   0.472281   0.908715   0.431551   0.681762   0.024013   0.303083   0.683030   0.719285   0.471368   0.909862   0.430631   0.681076   0.024330   0.303364   0.682898   0.717746   0.469273   0.909975   0.428514   0.679515   0.024925   0.307751   0.681750   0.717399   0.468837   0.909558   0.428081   0.676800   0.025762   0.321474   0.678247   0.719734   0.472121   0.908739   0.431419   0.675972   0.026599   0.341586   0.673412   0.724322   0.478544   0.908320   0.437941   0.680090   0.028245   0.361276   0.668989   0.730536   0.487317   0.908778   0.446865   0.686401   0.030964   0.375618   0.665869   0.736942   0.496471   0.909043   0.456198   0.691867   0.033528   0.379284   0.664805   0.742175   0.504037   0.908924   0.463927   0.695768   0.034867   0.370395   0.666043   0.745181   0.508414   0.908462   0.468404   0.698301   0.034280   0.352456   0.669139   0.745242   0.508489   0.907581   0.468479   0.700247   0.031716   0.330963   0.673185   0.742653   0.504684   0.906861   0.464580   0.703350   0.027050   0.312896   0.677334   0.737013   0.496461   0.906708   0.456167   0.708339   0.023272   0.304579   0.679918   0.731124   0.487941   0.906900   0.447461   0.709522   0.023331   0.303473   0.680468   0.728125   0.483651   0.907383   0.443087   0.706478   0.024499   0.303520   0.680434   0.726493   0.481340   0.907865   0.440735   0.703800   0.024819   0.303565   0.680371   0.725072   0.479341   0.908024   0.438704   0.701320   0.024895   0.303609   0.680308   0.723763   0.477513   0.908016   0.436848   0.698956   0.025226   0.303662   0.680244   0.722550   0.475827   0.907929   0.435138   0.696562   0.025860   0.303711   0.680146   0.721530   0.474416   0.907965   0.433708   0.694412   0.026215   0.303778   0.679998   0.720780   0.473380   0.908294   0.432659   0.692643   0.026416 507453
 16   0.120053   0.679049   0.721113   0.474157   0.931200   0.433506   0.679591   0.023921   0.301389   0.686223   0.732555   0.489959   0.930315   0.449514   0.683713   0.021909   0.301706   0.685158   0.734230   0.492311   0.930965   0.451904   0.684023   0.021648   0.302002   0.684149   0.735814   0.494558   0.932809   0.454191   0.685763   0.020887   0.302234   0.683393   0.736430   0.495435   0.933898   0.455084   0.687122   0.020389   0.302850   0.682733   0.736466   0.495477   0.933969   0.455125   0.687381   0.020129   0.310098   0.680493   0.738687   0.498667   0.933598   0.458381   0.685714   0.019852   0.329559   0.675133   0.744713   0.507424   0.932790   0.467335   0.686879   0.019352   0.355499   0.668305   0.753845   0.520915   0.932290   0.481171   0.694177   0.020031   0.379951   0.662314   0.765172   0.538007   0.932694   0.498770   0.702704   0.022396   0.397415   0.658262   0.776334   0.555232   0.932884   0.516579   0.709111   0.024835   0.402346   0.656913   0.785332   0.569409   0.932633   0.531294   0.713509   0.026353   0.392063   0.658551   0.790969   0.578422   0.932053   0.540674   0.716879   0.026811   0.369596   0.662610   0.792558   0.580987   0.931053   0.543348   0.720396   0.025947   0.341488   0.667706   0.790484   0.577652   0.930323   0.539874   0.727540   0.022725   0.317086   0.673256   0.782474   0.564905   0.930227   0.526619   0.739643   0.019968   0.305597   0.677430   0.772301   0.548871   0.930455   0.509976   0.745938   0.022034   0.303818   0.678806   0.766528   0.539916   0.930995   0.500708   0.743823   0.025384   0.303705   0.679064   0.763248   0.534912   0.931549   0.495546   0.741268   0.026524   0.303613   0.679263   0.760315   0.530474   0.931772   0.490974   0.739334   0.026795   0.303531   0.679432   0.757603   0.526397   0.931801   0.486780   0.737685   0.026832   0.303461   0.679577   0.755104   0.522668   0.931780   0.482948   0.736025   0.026847   0.303432   0.679659   0.752947   0.519465   0.931904   0.479660   0.734504   0.026728   0.303434   0.679673   0.751131   0.516781   0.932316   0.476907   0.733241   0.026647 744492
 17   0.117867   0.679388   0.738506   0.498810   0.934399   0.458602   0.703661   0.021994   0.300920   0.686840   0.748863   0.513641   0.933625   0.473727   0.710794   0.021012   0.301289   0.685667   0.750466   0.515964   0.934408   0.476100   0.713767   0.021205   0.301633   0.684573   0.752010   0.518222   0.936445   0.478412   0.717618   0.020884   0.301922   0.683749   0.752571   0.519038   0.937692   0.479247   0.720282   0.020934   0.303396   0.682757   0.753099   0.519798   0.937859   0.480022   0.720939   0.020960   0.315753   0.679164   0.757370   0.526173   0.937539   0.486574   0.720599   0.020553   0.344604   0.671791   0.766656   0.540274   0.936717   0.501109   0.725666   0.019823   0.380901   0.663302   0.779586   0.560403   0.936063   0.521956   0.736559   0.020646   0.415112   0.656186   0.794894   0.584923   0.936353   0.547485   0.746430   0.023593   0.438828   0.651711   0.809252   0.608595   0.936482   0.572265   0.753150   0.026794   0.444810   0.650604   0.820335   0.627341   0.936133   0.591982   0.757785   0.029265   0.431086   0.652854   0.827156   0.639090   0.935423   0.604380   0.761096   0.030625   0.400602   0.657872   0.829147   0.642551   0.934276   0.608040   0.764247   0.030331   0.361060   0.664070   0.826822   0.638511   0.933487   0.603769   0.771854   0.027023   0.325364   0.670798   0.817286   0.622185   0.933373   0.586558   0.785404   0.022916   0.307318   0.676498   0.803347   0.598689   0.933562   0.561862   0.793311   0.024631   0.303988   0.678871   0.794265   0.583681   0.934091   0.546145   0.792056   0.028829   0.303659   0.679357   0.789492   0.575971   0.934694   0.538106   0.789851   0.029953   0.303404   0.679707   0.785360   0.569369   0.934990   0.531236   0.788326   0.029938   0.303213   0.679962   0.781661   0.563515   0.935015   0.525155   0.787006   0.029461   0.303088   0.680127   0.778420   0.558426   0.935010   0.519876   0.785711   0.028887   0.303029   0.680191   0.775716   0.554204   0.935212   0.515501   0.784362   0.028382   0.302969   0.680213   0.773424   0.550649   0.935686   0.511822   0.782900   0.027863 789121
 18   0.115442   0.680660   0.741813   0.503791   0.934314   0.463727   0.675332   0.025770   0.298190   0.689210   0.752143   0.518661   0.933576   0.478909   0.682779   0.025281   0.298764   0.687809   0.753574   0.520738   0.934462   0.481031   0.684089   0.025088   0.299102   0.686682   0.754658   0.522330   0.936556   0.482662   0.686538   0.024629   0.299366   0.685845   0.754738   0.522439   0.937791   0.482772   0.688115   0.024474   0.304021   0.684094   0.756265   0.524678   0.937896   0.485065   0.687966   0.023956   0.328756   0.678059   0.763677   0.535885   0.937445   0.496610   0.689381   0.022824   0.381458   0.666778   0.777604   0.557517   0.936520   0.519006   0.698346   0.022827   0.450216   0.653887   0.796960   0.588731   0.935790   0.551549   0.711082   0.026483   0.519661   0.642673   0.819744   0.627058   0.935859   0.591827   0.720313   0.032444   0.570844   0.635481   0.840867   0.664116   0.935749   0.631081   0.725553   0.038081   0.583642   0.634368   0.856745   0.692994   0.935201   0.661878   0.728567   0.042605   0.551645   0.639457   0.865787   0.709850   0.934323   0.679938   0.731222   0.045514   0.487135   0.648883   0.867525   0.713132   0.933103   0.683463   0.735626   0.046010   0.410223   0.659812   0.862302   0.703330   0.932313   0.672949   0.745058   0.042351   0.343740   0.670387   0.847646   0.676365   0.932227   0.644131   0.759920   0.035467   0.308540   0.679041   0.826801   0.639083   0.932496   0.604495   0.766849   0.034647   0.300372   0.682909   0.812280   0.613901   0.933127   0.577881   0.764181   0.038301   0.300004   0.683394   0.805032   0.601760   0.933811   0.565134   0.762448   0.038835   0.299892   0.683616   0.799068   0.591914   0.934155   0.554824   0.761623   0.038079   0.299888   0.683702   0.793911   0.583509   0.934232   0.546043   0.761099   0.036895   0.299924   0.683693   0.789455   0.576319   0.934279   0.538546   0.760619   0.035736   0.299915   0.683672   0.785580   0.570131   0.934521   0.532106   0.759717   0.034695   0.299893   0.683617   0.782234   0.564841   0.935033   0.526612   0.758451   0.033728 333298
 19   0.117264   0.682658   0.711008   0.461575   0.905034   0.421006   0.522359   0.033292   0.295192   0.692990   0.725960   0.482359   0.903864   0.442091   0.525905   0.033088   0.295903   0.691417   0.728166   0.485637   0.904537   0.445455   0.522059   0.031746   0.296347   0.690215   0.729433   0.487491   0.906480   0.447352   0.521836   0.030558   0.296754   0.689140   0.730166   0.488588   0.907624   0.448479   0.522742   0.030172   0.302573   0.686068   0.734546   0.494700   0.907719   0.454691   0.523976   0.028772   0.333496   0.676820   0.748112   0.514358   0.907267   0.474804   0.530830   0.024267   0.403178   0.660939   0.769593   0.546769   0.906249   0.508202   0.547098   0.021982   0.496848   0.643409   0.796977   0.590251   0.905489   0.553431   0.563504   0.027269   0.593146   0.628479   0.827264   0.641266   0.905417   0.607079   0.572587   0.036387   0.666090   0.619117   0.853876   0.688657   0.905045   0.657435   0.576546   0.046363   0.683569   0.618486   0.872682   0.723704   0.904306   0.694993   0.579124   0.055698   0.637985   0.626356   0.882223   0.742021   0.903318   0.714733   0.583039   0.062411   0.547884   0.639991   0.882080   0.741788   0.902057   0.714491   0.590214   0.064611   0.442688   0.655283   0.873221   0.724806   0.901308   0.696196   0.605430   0.059445   0.354259   0.669557   0.852290   0.685842   0.901408   0.654451   0.630288   0.047022   0.307657   0.681933   0.822362   0.632381   0.901918   0.597612   0.644399   0.040800   0.297243   0.687655   0.802234   0.597830   0.902777   0.561154   0.642692   0.041522   0.297330   0.687876   0.793813   0.583983   0.903640   0.546661   0.640095   0.040400   0.297578   0.687819   0.787123   0.573177   0.904088   0.535390   0.638265   0.039295   0.297889   0.687615   0.781613   0.564420   0.904261   0.526283   0.636758   0.038517   0.298174   0.687350   0.776893   0.557030   0.904314   0.518619   0.635222   0.037664   0.298388   0.687045   0.772786   0.550665   0.904490   0.512030   0.633754   0.036705   0.298653   0.686586   0.769540   0.545667   0.904964   0.506862   0.632300   0.035791 112208
 20   0.119678   0.677320   0.729754   0.486009   0.936385   0.445496   0.733044   0.020863   0.302582   0.683000   0.738166   0.497845   0.935697   0.457528   0.737796   0.019248   0.302865   0.682365   0.739031   0.499064   0.936441   0.458767   0.740066   0.019626   0.303121   0.681717   0.739871   0.500263   0.938364   0.459989   0.743036   0.019864   0.303314   0.681289   0.739743   0.500075   0.939585   0.459796   0.744969   0.020265   0.303536   0.681061   0.738775   0.498675   0.939793   0.458365   0.745422   0.020695   0.307401   0.679950   0.738878   0.498820   0.939513   0.458513   0.743564   0.021916   0.319328   0.676850   0.741501   0.502625   0.938783   0.462402   0.743028   0.023354   0.336540   0.672684   0.746207   0.509509   0.938212   0.469450   0.747234   0.024848   0.353356   0.668924   0.752535   0.518877   0.938625   0.479061   0.753105   0.027413   0.364980   0.666489   0.758811   0.528290   0.939013   0.488741   0.757621   0.030106   0.366990   0.665927   0.763428   0.535300   0.938972   0.495967   0.760390   0.031541   0.358492   0.667271   0.765561   0.538566   0.938533   0.499340   0.761788   0.031411   0.342926   0.670006   0.764883   0.537542   0.937633   0.498284   0.762656   0.029678   0.325064   0.673254   0.761985   0.533133   0.936996   0.493738   0.766197   0.025551   0.310531   0.676635   0.756042   0.524155   0.936889   0.484493   0.771941   0.022177   0.304466   0.678818   0.749961   0.515041   0.937024   0.475121   0.771971   0.023061   0.303940   0.679347   0.746713   0.510240   0.937461   0.470196   0.767638   0.024809   0.303917   0.679475   0.744489   0.506978   0.937959   0.466855   0.764678   0.024938   0.303901   0.679535   0.742540   0.504135   0.938157   0.463946   0.762140   0.024485   0.303907   0.679575   0.740764   0.501558   0.938033   0.461311   0.759404   0.024395   0.303912   0.679598   0.739192   0.499287   0.937861   0.458992   0.756638   0.024644   0.303918   0.679560   0.737939   0.497484   0.937939   0.457153   0.754382   0.024628   0.303948   0.679462   0.736988   0.496120   0.938300   0.455761   0.752650   0.024548 809106
 21   0.118537   0.677944   0.738273   0.498139   0.939855   0.457854   0.746892   0.018678   0.302035   0.684099   0.747303   0.511122   0.939147   0.471103   0.752265   0.017374   0.302386   0.683194   0.748822   0.513335   0.939933   0.473367   0.755212   0.018237   0.302738   0.682320   0.750240   0.515413   0.941965   0.475495   0.758920   0.018828   0.303024   0.681687   0.750645   0.516006   0.943251   0.476101   0.761602   0.019336   0.303508   0.681178   0.750366   0.515581   0.943500   0.475664   0.763018   0.019529   0.309403   0.679294   0.751915   0.517861   0.943240   0.478000   0.762421   0.020122   0.325484   0.674891   0.756704   0.525001   0.942464   0.485335   0.764484   0.020560   0.347433   0.669410   0.764032   0.536094   0.941810   0.496762   0.772122   0.021388   0.368571   0.664609   0.773345   0.550444   0.942165   0.511595   0.780337   0.023737   0.382986   0.661491   0.782426   0.564694   0.942470   0.526374   0.786274   0.026006   0.385457   0.660691   0.789405   0.575833   0.942304   0.537962   0.790060   0.027062   0.375131   0.662235   0.793482   0.582411   0.941762   0.544821   0.792235   0.027090   0.355623   0.665571   0.794159   0.583514   0.940755   0.545972   0.794132   0.026130   0.332347   0.669620   0.791804   0.579711   0.940077   0.542007   0.800622   0.022841   0.313209   0.674054   0.784444   0.567930   0.939996   0.529743   0.811911   0.020411   0.305142   0.677218   0.776039   0.554595   0.940144   0.515885   0.815166   0.022581   0.304243   0.678128   0.771599   0.547663   0.940603   0.508702   0.810882   0.025149   0.304108   0.678372   0.768721   0.543223   0.941136   0.504113   0.808071   0.025569   0.304003   0.678546   0.766165   0.539306   0.941359   0.500068   0.805692   0.025398   0.303921   0.678693   0.763772   0.535661   0.941263   0.496309   0.803390   0.025161   0.303868   0.678795   0.761634   0.532421   0.941149   0.492971   0.801180   0.024960   0.303848   0.678827   0.759878   0.529774   0.941295   0.490246   0.799255   0.024672   0.303853   0.678802   0.758452   0.527631   0.941733   0.488041   0.797539   0.024481 1282375
 22   0.116553   0.678459   0.753780   0.520850   0.942604   0.481111   0.769959   0.018925   0.301723   0.685054   0.762780   0.534236   0.942022   0.494856   0.776835   0.017777   0.302065   0.684030   0.764227   0.536420   0.942900   0.497105   0.780821   0.018482   0.302402   0.683078   0.765518   0.538377   0.945028   0.499121   0.785426   0.019043   0.302684   0.682369   0.765819   0.538832   0.946400   0.499589   0.788553   0.019633   0.303689   0.681591   0.765835   0.538843   0.946720   0.499598   0.789923   0.019993   0.312381   0.678895   0.768526   0.542960   0.946458   0.503849   0.789604   0.020498   0.333671   0.673296   0.775023   0.553034   0.945648   0.514273   0.792820   0.020763   0.361136   0.666800   0.784205   0.567531   0.944902   0.529325   0.801195   0.021946   0.386883   0.661304   0.795341   0.585485   0.945153   0.548039   0.809344   0.024686   0.403792   0.657862   0.805927   0.602909   0.945396   0.566272   0.815080   0.027149   0.406103   0.657139   0.813940   0.616353   0.945143   0.580389   0.818610   0.028490   0.393546   0.659052   0.818627   0.624319   0.944514   0.588776   0.820596   0.028715   0.369891   0.663032   0.819549   0.625902   0.943433   0.590445   0.822543   0.027753   0.340776   0.667886   0.817048   0.621642   0.942739   0.585959   0.829597   0.023988   0.316187   0.673205   0.808548   0.607327   0.942658   0.570915   0.843076   0.020429   0.305617   0.677058   0.798456   0.590505   0.942815   0.553271   0.848916   0.021992   0.304353   0.678225   0.793000   0.581567   0.943319   0.543927   0.845616   0.024834   0.304162   0.678536   0.789551   0.576000   0.943904   0.538123   0.843015   0.025694   0.303998   0.678772   0.786427   0.570998   0.944147   0.532916   0.840779   0.025799   0.303855   0.678958   0.783505   0.566354   0.944006   0.528088   0.838759   0.025420   0.303761   0.679059   0.780982   0.562364   0.943885   0.523945   0.837047   0.024880   0.303716   0.679076   0.778913   0.559113   0.944077   0.520572   0.835467   0.024487   0.303713   0.679040   0.777177   0.556398   0.944550   0.517759   0.833937   0.024342 1042635
 23   0.114756   0.679525   0.762958   0.534774   0.938671   0.495461   0.756001   0.021627   0.300338   0.687075   0.770852   0.546714   0.938126   0.507761   0.765160   0.021516   0.300801   0.685867   0.771989   0.548450   0.939144   0.509553   0.769569   0.022124   0.301195   0.684793   0.773009   0.550017   0.941410   0.511171   0.774464   0.022489   0.301526   0.683981   0.773040   0.550053   0.942799   0.511205   0.777912   0.022944   0.305277   0.682316   0.774341   0.552045   0.943052   0.513263   0.778677   0.023013   0.325319   0.676863   0.781160   0.562756   0.942707   0.524373   0.780416   0.022638   0.365738   0.667569   0.793500   0.582589   0.941840   0.545036   0.789619   0.022633   0.413889   0.658044   0.809179   0.608571   0.940997   0.572259   0.802020   0.025128   0.456614   0.650634   0.826473   0.638157   0.941076   0.603446   0.811408   0.029402   0.483412   0.646375   0.841990   0.665536   0.941165   0.632474   0.817643   0.032955   0.486316   0.646035   0.853420   0.686242   0.940748   0.654536   0.821541   0.035450   0.464057   0.649538   0.859793   0.697992   0.939911   0.667097   0.824133   0.036856   0.423357   0.655775   0.860761   0.699797   0.938633   0.669031   0.826941   0.036624   0.373048   0.663019   0.856758   0.692384   0.937864   0.661100   0.835437   0.032806   0.328520   0.670829   0.844253   0.669657   0.937818   0.636868   0.849801   0.027868   0.307252   0.677179   0.827922   0.640556   0.938054   0.605957   0.855289   0.029094   0.303771   0.679647   0.817929   0.623205   0.938647   0.587618   0.851734   0.032770   0.303382   0.680165   0.812389   0.613816   0.939308   0.577738   0.849406   0.033313   0.303079   0.680535   0.807610   0.605813   0.939626   0.569337   0.847763   0.032850   0.302871   0.680765   0.803417   0.598855   0.939543   0.562044   0.846500   0.031852   0.302725   0.680883   0.799824   0.592936   0.939471   0.555849   0.845291   0.030784   0.302632   0.680918   0.796801   0.587994   0.939735   0.550685   0.843871   0.030134   0.302539   0.680932   0.794134   0.583669   0.940293   0.546171   0.842316   0.029779 667717
 24   0.112867   0.681092   0.764148   0.536641   0.935873   0.497397   0.723175   0.024351   0.297718   0.689970   0.769873   0.545301   0.935434   0.506318   0.733297   0.026185   0.298496   0.688469   0.770613   0.546424   0.936642   0.507475   0.736655   0.027056   0.299035   0.687256   0.771183   0.547292   0.938918   0.508372   0.740539   0.027016   0.299433   0.686330   0.770898   0.546836   0.940358   0.507896   0.743609   0.026721   0.308805   0.683144   0.774525   0.552441   0.940545   0.513693   0.744956   0.025689   0.348640   0.673390   0.787365   0.572824   0.940063   0.534881   0.751653   0.024055   0.426379   0.657843   0.808638   0.607968   0.939105   0.571686   0.768263   0.025003   0.525519   0.641596   0.835891   0.655315   0.938100   0.621747   0.783857   0.030534   0.619003   0.628717   0.864313   0.707352   0.937877   0.677317   0.791983   0.037360   0.673691   0.622365   0.887788   0.752464   0.937638   0.725936   0.794256   0.042464   0.664415   0.624656   0.903266   0.783376   0.936941   0.759497   0.793021   0.046256   0.601020   0.633776   0.910033   0.797262   0.935894   0.774651   0.792417   0.049082   0.512542   0.646059   0.908286   0.793834   0.934488   0.770941   0.796113   0.050082   0.420408   0.658748   0.898697   0.774589   0.933691   0.750026   0.807701   0.047427   0.345484   0.670498   0.878586   0.735033   0.933680   0.707204   0.826242   0.041435   0.307945   0.679980   0.853475   0.687203   0.933972   0.655738   0.832421   0.040706   0.300455   0.684239   0.836939   0.656906   0.934618   0.623380   0.827453   0.043252   0.299985   0.684872   0.828240   0.641537   0.935341   0.607081   0.826628   0.042416   0.299715   0.685245   0.821023   0.629013   0.935765   0.593841   0.826797   0.040991   0.299547   0.685468   0.814747   0.618271   0.935769   0.582517   0.826891   0.039223   0.299496   0.685521   0.809421   0.609264   0.935736   0.573041   0.826602   0.037583   0.299462   0.685468   0.804959   0.601805   0.936052   0.565213   0.825755   0.036349   0.299361   0.685403   0.801010   0.595286   0.936684   0.558385   0.824512   0.035399 294578
