timestamp=                2021-11-15T22:28:28.159141
shape=                    (5, 5)
sigma=                    2.5
nepochs=                  2
thresh=                   None
rate=                     0.008
neighborhood function=    gaussian
init weights=             pca
topology=                 hexagonal
activation distance=      euclidean
output type=              labels
mapfile_prefix=           full2018_5x5_2_008_3_08
apply classification=     False
seed=                     None
random order=             True
custom init file=         None
order labels by size=     False
decay_function=           3

Quantization Error=       0.34749848
Topographic Error=        0.09581189

############ NEURONS #############
 25 192
  0   0.112901   0.681057   0.764192   0.536708   0.935836   0.497467   0.723337   0.024208   0.297761   0.689909   0.769952   0.545423   0.935390   0.506445   0.733341   0.026157   0.298555   0.688395   0.770739   0.546616   0.936592   0.507674   0.736648   0.027048   0.299111   0.687173   0.771342   0.547535   0.938861   0.508622   0.740578   0.026957   0.299488   0.686277   0.771021   0.547024   0.940299   0.508091   0.743595   0.026683   0.308789   0.683131   0.774595   0.552551   0.940486   0.513808   0.744843   0.025747   0.348614   0.673397   0.787437   0.572949   0.940003   0.535013   0.751519   0.024187   0.426641   0.657818   0.808788   0.608235   0.939049   0.571969   0.768192   0.025104   0.524977   0.641713   0.836005   0.655530   0.938048   0.621978   0.783890   0.030525   0.617776   0.628960   0.864330   0.707401   0.937825   0.677374   0.792099   0.037169   0.672594   0.622509   0.887814   0.752517   0.937585   0.725995   0.794447   0.042144   0.664594   0.624600   0.903346   0.783538   0.936889   0.759674   0.793293   0.045900   0.601912   0.633674   0.910179   0.797561   0.935840   0.774977   0.792677   0.048640   0.513144   0.645939   0.908573   0.794412   0.934431   0.771570   0.796210   0.049670   0.421142   0.658579   0.899102   0.775372   0.933631   0.750872   0.807617   0.047221   0.345694   0.670419   0.878934   0.735671   0.933619   0.707884   0.826181   0.041452   0.307980   0.679942   0.853704   0.687609   0.933910   0.656168   0.832303   0.040854   0.300436   0.684247   0.837054   0.657110   0.934556   0.623597   0.827285   0.043405   0.299935   0.684911   0.828288   0.641626   0.935282   0.607176   0.826406   0.042491   0.299679   0.685269   0.821112   0.629168   0.935704   0.594006   0.826313   0.041041   0.299551   0.685450   0.814928   0.618578   0.935704   0.582840   0.826374   0.039334   0.299507   0.685507   0.809618   0.609593   0.935665   0.573386   0.826268   0.037669   0.299467   0.685458   0.805170   0.602145   0.935976   0.565567   0.825579   0.036439   0.299398   0.685353   0.801282   0.595717   0.936608   0.558834   0.824480   0.035492 292208
  1   0.117320   0.682582   0.711570   0.462294   0.904926   0.421724   0.521973   0.033283   0.295416   0.692818   0.726493   0.483048   0.903842   0.442782   0.525594   0.032997   0.296136   0.691212   0.728815   0.486475   0.904512   0.446294   0.521868   0.031672   0.296556   0.690013   0.730139   0.488406   0.906457   0.448269   0.521570   0.030495   0.296924   0.688979   0.730838   0.489460   0.907606   0.449353   0.522326   0.030086   0.302650   0.685958   0.735147   0.495496   0.907699   0.455492   0.523648   0.028664   0.333297   0.676789   0.748632   0.515087   0.907241   0.475545   0.530479   0.024192   0.402201   0.661056   0.770019   0.547418   0.906223   0.508872   0.546701   0.021865   0.495065   0.643645   0.797292   0.590767   0.905468   0.553971   0.563169   0.027102   0.591364   0.628691   0.827465   0.641609   0.905397   0.607440   0.572369   0.036194   0.663806   0.619323   0.853963   0.688798   0.905026   0.657583   0.576625   0.046109   0.681461   0.618594   0.872693   0.723711   0.904293   0.694999   0.579590   0.055403   0.636203   0.626423   0.882215   0.741994   0.903305   0.714702   0.583742   0.062128   0.546112   0.640073   0.882080   0.741773   0.902044   0.714472   0.591065   0.064404   0.441560   0.655285   0.873220   0.724797   0.901296   0.696185   0.606302   0.059282   0.353582   0.669554   0.852294   0.685856   0.901396   0.654467   0.630990   0.046857   0.307591   0.681850   0.822500   0.632613   0.901906   0.597856   0.645118   0.040714   0.297373   0.687495   0.802457   0.598183   0.902760   0.561521   0.643693   0.041449   0.297432   0.687742   0.793980   0.584237   0.903618   0.546923   0.641308   0.040284   0.297699   0.687685   0.787320   0.573470   0.904063   0.535690   0.639503   0.039153   0.298014   0.687488   0.781841   0.564755   0.904235   0.526626   0.638001   0.038275   0.298257   0.687274   0.777049   0.557243   0.904287   0.518834   0.636608   0.037431   0.298452   0.686990   0.772922   0.550841   0.904462   0.512205   0.635226   0.036510   0.298693   0.686566   0.769642   0.545795   0.904935   0.506990   0.633776   0.035548 112740
  2   0.137417   0.690575   0.519287   0.251375   0.468861   0.216185   0.297307   0.066016   0.285275   0.709018   0.543813   0.272521   0.468376   0.235906   0.298743   0.073010   0.284591   0.707434   0.544956   0.273566   0.468639   0.236890   0.293662   0.074551   0.284532   0.705775   0.545300   0.273904   0.469984   0.237212   0.290335   0.076704   0.284378   0.704512   0.544671   0.273349   0.470774   0.236692   0.287440   0.079652   0.294690   0.693673   0.551502   0.279595   0.470666   0.242575   0.287385   0.082045   0.347228   0.659085   0.571157   0.298508   0.469971   0.260550   0.290876   0.089183   0.449767   0.610183   0.594708   0.322628   0.468849   0.283725   0.294570   0.112094   0.567601   0.567764   0.617669   0.347564   0.468306   0.307936   0.297567   0.141534   0.667854   0.541747   0.638547   0.371325   0.468410   0.331201   0.301105   0.162955   0.729752   0.535479   0.653965   0.389659   0.468236   0.349295   0.306658   0.178269   0.737004   0.549653   0.662321   0.399976   0.467906   0.359546   0.314669   0.189286   0.687394   0.580737   0.662218   0.400054   0.467527   0.359660   0.324544   0.194978   0.595955   0.621449   0.653332   0.389445   0.467017   0.349183   0.334481   0.193060   0.484807   0.664612   0.637357   0.370607   0.466548   0.330616   0.342217   0.181243   0.380386   0.702501   0.617227   0.347532   0.466575   0.307990   0.346055   0.156738   0.305865   0.729469   0.594035   0.322178   0.467024   0.283337   0.344057   0.123143   0.276883   0.737845   0.576688   0.304028   0.467629   0.265829   0.336440   0.102917   0.275660   0.733191   0.568993   0.296372   0.468062   0.258510   0.328050   0.099173   0.275511   0.728744   0.563917   0.291426   0.468099   0.253799   0.320904   0.098650   0.275188   0.725186   0.559821   0.287503   0.468174   0.250073   0.314141   0.099666   0.275094   0.722250   0.555983   0.283871   0.468234   0.246632   0.308243   0.099856   0.275104   0.719893   0.552163   0.280296   0.468264   0.243251   0.302997   0.099439   0.275149   0.717750   0.548834   0.277219   0.468547   0.240348   0.298155   0.099541 137552
  3   0.144623   0.684801   0.426304   0.179120   0.274565   0.149930   0.222453   0.205329   0.270291   0.696741   0.413348   0.170226   0.276257   0.141949   0.213560   0.336081   0.269548   0.693889   0.415144   0.171478   0.276524   0.143076   0.214355   0.356760   0.269246   0.691555   0.416232   0.172253   0.277682   0.143777   0.215216   0.369254   0.268613   0.689936   0.416350   0.172374   0.278333   0.143892   0.215901   0.383212   0.283043   0.683889   0.418480   0.173848   0.278227   0.145217   0.216307   0.393713   0.348466   0.661945   0.427826   0.180380   0.277661   0.151099   0.218555   0.389960   0.464254   0.627394   0.443170   0.191499   0.276795   0.161175   0.221655   0.390782   0.586514   0.595257   0.459756   0.204052   0.276617   0.172636   0.224122   0.400981   0.685845   0.571861   0.475174   0.216166   0.277121   0.183768   0.226495   0.398511   0.748995   0.560254   0.487114   0.225868   0.277335   0.192736   0.228476   0.391263   0.764036   0.563535   0.494160   0.231736   0.277321   0.198184   0.230313   0.385397   0.727819   0.581716   0.495480   0.232855   0.277114   0.199225   0.231905   0.381082   0.648756   0.610956   0.490717   0.228870   0.276636   0.195524   0.232707   0.375279   0.538003   0.648182   0.480132   0.220171   0.276063   0.187467   0.232156   0.370255   0.414964   0.689002   0.463856   0.207249   0.275797   0.175570   0.230191   0.372017   0.307456   0.725038   0.443485   0.191742   0.275844   0.161397   0.226471   0.382234   0.256882   0.739001   0.429202   0.181262   0.276135   0.151880   0.221905   0.397027   0.252690   0.733809   0.423821   0.177526   0.276399   0.148519   0.218306   0.408024   0.252747   0.727369   0.420296   0.175132   0.276376   0.146373   0.215666   0.417576   0.252974   0.721736   0.417313   0.173129   0.276425   0.144582   0.213540   0.425474   0.253078   0.717035   0.414665   0.171364   0.276476   0.143005   0.211563   0.426512   0.253095   0.713063   0.412435   0.169885   0.276494   0.141685   0.209580   0.424704   0.253002   0.709586   0.410661   0.168726   0.276722   0.140654   0.207864   0.424798 107135
  4   0.155390   0.686051   0.369856   0.141664   0.198573   0.116506   0.197486   0.106914   0.285799   0.699118   0.350530   0.129647   0.198129   0.105902   0.189050   0.150031   0.286836   0.696477   0.352131   0.130516   0.198535   0.106650   0.190398   0.157855   0.287426   0.694687   0.352793   0.130882   0.199749   0.106967   0.191580   0.164625   0.287809   0.693404   0.352680   0.130808   0.200478   0.106902   0.192360   0.171866   0.297677   0.685162   0.356034   0.132724   0.200461   0.108567   0.193571   0.177668   0.342271   0.659149   0.365931   0.138619   0.199971   0.113730   0.195697   0.188068   0.425722   0.621554   0.378792   0.146599   0.199166   0.120766   0.198172   0.206474   0.520462   0.586996   0.392022   0.155083   0.198954   0.128288   0.201116   0.220867   0.603067   0.561969   0.404683   0.163444   0.199400   0.135739   0.204247   0.224341   0.655544   0.551996   0.414849   0.170340   0.199603   0.141913   0.207290   0.224898   0.663434   0.560355   0.420926   0.174552   0.199576   0.145697   0.210397   0.225544   0.625696   0.584600   0.422106   0.175386   0.199349   0.146449   0.213100   0.224646   0.554626   0.618450   0.418247   0.172701   0.198837   0.144036   0.214579   0.218993   0.464832   0.657095   0.409900   0.166950   0.198286   0.138874   0.214374   0.210640   0.374726   0.695106   0.397385   0.158548   0.198107   0.131365   0.212757   0.203354   0.307064   0.723617   0.382142   0.148680   0.198222   0.122600   0.209917   0.193981   0.279269   0.733243   0.370533   0.141424   0.198527   0.116194   0.206282   0.188126   0.277050   0.729763   0.364532   0.137813   0.198793   0.113026   0.202768   0.188141   0.276859   0.725631   0.360066   0.135177   0.198789   0.110722   0.199843   0.191287   0.277157   0.721798   0.356113   0.132884   0.198814   0.108722   0.197536   0.194375   0.277137   0.718675   0.352565   0.130846   0.198807   0.106949   0.195256   0.192726   0.276568   0.716351   0.349440   0.129069   0.198786   0.105404   0.192698   0.189973   0.276013   0.714286   0.346896   0.127637   0.198988   0.104162   0.190327   0.189781 193359
  5   0.114764   0.679507   0.762921   0.534717   0.938644   0.495402   0.755518   0.021673   0.300343   0.687040   0.770812   0.546652   0.938104   0.507697   0.764641   0.021562   0.300792   0.685839   0.771942   0.548377   0.939118   0.509477   0.769013   0.022218   0.301183   0.684763   0.772970   0.549956   0.941388   0.511107   0.773941   0.022599   0.301505   0.683959   0.772991   0.549976   0.942778   0.511126   0.777332   0.023053   0.305304   0.682293   0.774284   0.551958   0.943034   0.513173   0.778182   0.023160   0.325439   0.676827   0.781108   0.562674   0.942691   0.524288   0.780071   0.022794   0.366055   0.667516   0.793429   0.582474   0.941820   0.544915   0.789233   0.022807   0.414228   0.657992   0.809116   0.608464   0.940975   0.572147   0.801629   0.025335   0.457162   0.650563   0.826431   0.638088   0.941055   0.603373   0.811104   0.029590   0.483858   0.646327   0.841951   0.665467   0.941140   0.632401   0.817435   0.033121   0.486524   0.646012   0.853398   0.686203   0.940721   0.654494   0.821420   0.035543   0.464406   0.649470   0.859841   0.698082   0.939884   0.667194   0.824169   0.036835   0.423463   0.655725   0.860869   0.700003   0.938603   0.669253   0.827128   0.036612   0.373146   0.662997   0.856876   0.692619   0.937832   0.661353   0.835651   0.032877   0.328660   0.670800   0.844401   0.669940   0.937786   0.637174   0.850078   0.027931   0.307285   0.677129   0.828123   0.640914   0.938022   0.606337   0.855610   0.029112   0.303824   0.679577   0.818187   0.623648   0.938616   0.588084   0.851955   0.032746   0.303440   0.680080   0.812693   0.614328   0.939280   0.578277   0.849599   0.033237   0.303140   0.680435   0.807944   0.606367   0.939599   0.569917   0.847995   0.032795   0.302936   0.680668   0.803728   0.599365   0.939518   0.562577   0.846721   0.031847   0.302770   0.680816   0.800066   0.593328   0.939448   0.556259   0.845536   0.030773   0.302655   0.680871   0.797008   0.588326   0.939711   0.551030   0.844115   0.030091   0.302559   0.680871   0.794371   0.584044   0.940269   0.546561   0.842537   0.029726 669055
  6   0.115423   0.680676   0.741773   0.503736   0.934317   0.463672   0.676294   0.025786   0.298168   0.689232   0.752163   0.518689   0.933546   0.478936   0.683761   0.025169   0.298738   0.687822   0.753600   0.520772   0.934437   0.481066   0.685051   0.024950   0.299091   0.686689   0.754680   0.522353   0.936538   0.482685   0.687419   0.024572   0.299361   0.685853   0.754763   0.522464   0.937773   0.482796   0.688889   0.024470   0.304043   0.684092   0.756302   0.524726   0.937877   0.485114   0.688518   0.023994   0.328988   0.677996   0.763761   0.536014   0.937426   0.496744   0.689788   0.022922   0.382213   0.666613   0.777760   0.557769   0.936496   0.519269   0.698765   0.022984   0.452104   0.653571   0.797249   0.589224   0.935762   0.552068   0.711387   0.026665   0.522508   0.642230   0.820138   0.627763   0.935823   0.592576   0.720339   0.032702   0.574047   0.634976   0.841329   0.664971   0.935700   0.631995   0.725430   0.038500   0.586958   0.633875   0.857242   0.693931   0.935146   0.662883   0.728517   0.043120   0.555061   0.639019   0.866301   0.710827   0.934266   0.680989   0.731272   0.046098   0.490222   0.648512   0.868050   0.714132   0.933046   0.684540   0.735568   0.046691   0.412068   0.659633   0.862758   0.704193   0.932257   0.673877   0.744908   0.043075   0.344363   0.670429   0.847960   0.676950   0.932174   0.644757   0.759809   0.036062   0.308566   0.679176   0.826955   0.639370   0.932448   0.604803   0.766601   0.035027   0.300297   0.683040   0.812383   0.614096   0.933078   0.578090   0.763710   0.038492   0.299890   0.683567   0.805031   0.601778   0.933761   0.565156   0.761724   0.038934   0.299706   0.683862   0.798871   0.591617   0.934105   0.554518   0.760636   0.038202   0.299694   0.683958   0.793625   0.583071   0.934183   0.545591   0.759953   0.037048   0.299743   0.683945   0.789099   0.575767   0.934228   0.537975   0.759434   0.035850   0.299736   0.683923   0.785173   0.569501   0.934468   0.531455   0.758426   0.034799   0.299661   0.683896   0.781734   0.564081   0.934981   0.525828   0.756926   0.033912 328053
  7   0.126342   0.678492   0.646683   0.380774   0.746521   0.340468   0.445169   0.041044   0.297990   0.685081   0.670943   0.408790   0.744526   0.367966   0.451948   0.040303   0.298643   0.684054   0.674353   0.412983   0.744982   0.372125   0.449310   0.036150   0.299276   0.683051   0.677656   0.417045   0.746695   0.376155   0.448679   0.033694   0.299835   0.682164   0.680016   0.419953   0.747754   0.379041   0.447887   0.032601   0.301436   0.680503   0.683160   0.423881   0.747835   0.382950   0.447280   0.031523   0.313152   0.674865   0.692847   0.436466   0.747462   0.395560   0.447615   0.027584   0.341704   0.665714   0.705789   0.453647   0.746657   0.412845   0.453348   0.024180   0.380041   0.656681   0.717523   0.469715   0.746312   0.429102   0.463789   0.026844   0.418824   0.649173   0.730014   0.487355   0.746630   0.447053   0.473542   0.033527   0.447273   0.644598   0.741318   0.503824   0.746579   0.463910   0.482577   0.040887   0.453592   0.644427   0.749316   0.515790   0.746223   0.476219   0.491512   0.047249   0.435165   0.648715   0.752498   0.520647   0.745679   0.481233   0.500793   0.051360   0.400202   0.656075   0.749974   0.516887   0.744803   0.477368   0.510441   0.051812   0.359176   0.664879   0.742172   0.505288   0.744009   0.465450   0.520717   0.047635   0.323329   0.673742   0.728713   0.485736   0.743873   0.445448   0.532581   0.039269   0.304461   0.680313   0.713128   0.463669   0.744186   0.422981   0.538519   0.034662   0.300474   0.682656   0.703981   0.451022   0.744746   0.410163   0.536251   0.034616   0.300549   0.682679   0.700572   0.446448   0.745278   0.405553   0.533015   0.033616   0.300661   0.682605   0.697829   0.442812   0.745514   0.401896   0.530394   0.032808   0.300773   0.682500   0.695426   0.439660   0.745701   0.398732   0.528173   0.032507   0.300836   0.682425   0.693174   0.436728   0.745743   0.395793   0.525968   0.032514   0.300875   0.682328   0.691270   0.434265   0.745760   0.393326   0.523729   0.032502   0.300942   0.682140   0.689812   0.432384   0.746097   0.391444   0.521742   0.032356 231413
  8   0.144595   0.688068   0.453486   0.197824   0.346088   0.166719   0.248421   0.076330   0.283331   0.704354   0.459421   0.201761   0.345879   0.170223   0.241110   0.091052   0.282569   0.703293   0.459741   0.202009   0.346251   0.170450   0.238173   0.093861   0.282384   0.701862   0.459957   0.202180   0.347552   0.170606   0.236056   0.097459   0.282010   0.700617   0.459631   0.201971   0.348312   0.170422   0.234150   0.103133   0.294010   0.689203   0.467502   0.207840   0.348227   0.175759   0.235529   0.108014   0.350663   0.656224   0.487631   0.223634   0.347611   0.190251   0.240039   0.118150   0.457055   0.613146   0.510234   0.242613   0.346633   0.207865   0.243316   0.145136   0.576278   0.576629   0.531077   0.261106   0.346254   0.225194   0.245825   0.173767   0.677361   0.551619   0.549217   0.277856   0.346536   0.241000   0.249182   0.185991   0.741267   0.541769   0.562730   0.290786   0.346548   0.253277   0.253832   0.190475   0.749963   0.551076   0.570209   0.298198   0.346359   0.260360   0.259934   0.193463   0.701185   0.577358   0.570551   0.298677   0.346038   0.260840   0.266934   0.193779   0.610223   0.614020   0.563440   0.291803   0.345514   0.254302   0.273338   0.189038   0.497852   0.654760   0.550270   0.279148   0.345001   0.242275   0.277284   0.179168   0.388314   0.693111   0.532482   0.262529   0.344928   0.226559   0.278035   0.161193   0.305547   0.724086   0.508790   0.241513   0.345220   0.206864   0.275087   0.134204   0.271334   0.736783   0.489705   0.225342   0.345683   0.191830   0.267874   0.119100   0.269286   0.733876   0.481398   0.218672   0.346036   0.185686   0.260219   0.118985   0.269300   0.729688   0.476094   0.214503   0.346051   0.181861   0.254548   0.121484   0.269414   0.725865   0.471666   0.211090   0.346102   0.178740   0.249976   0.124803   0.269726   0.722536   0.467545   0.207956   0.346131   0.175880   0.246102   0.125284   0.269864   0.719820   0.463639   0.205017   0.346137   0.173203   0.242275   0.124499   0.269941   0.717327   0.460368   0.202597   0.346380   0.171005   0.238559   0.124838 199214
  9   0.154598   0.680157   0.406592   0.164317   0.254196   0.136462   0.230536   0.054271   0.295701   0.688063   0.399186   0.159003   0.253639   0.131663   0.224485   0.065274   0.296540   0.686783   0.400090   0.159544   0.254065   0.132137   0.226039   0.068102   0.296872   0.686107   0.400091   0.159532   0.255375   0.132124   0.227184   0.070417   0.296980   0.685658   0.399673   0.159258   0.256198   0.131880   0.227779   0.072771   0.301433   0.681107   0.401642   0.160528   0.256198   0.133007   0.228748   0.074952   0.327393   0.663951   0.408933   0.165372   0.255692   0.137326   0.230954   0.078847   0.380806   0.637729   0.418775   0.172086   0.254853   0.143339   0.235039   0.089781   0.442396   0.614521   0.428962   0.179207   0.254553   0.149743   0.240856   0.103804   0.494107   0.599521   0.439085   0.186437   0.254937   0.156269   0.247204   0.113196   0.522871   0.595853   0.447012   0.192220   0.255116   0.161507   0.253336   0.119723   0.521599   0.604046   0.451236   0.195362   0.255046   0.164363   0.258631   0.124042   0.492877   0.620972   0.451404   0.195495   0.254778   0.164486   0.262304   0.124723   0.446124   0.642305   0.447685   0.192719   0.254232   0.161961   0.263810   0.119805   0.391504   0.665155   0.440873   0.187686   0.253666   0.157392   0.263095   0.110466   0.340134   0.686678   0.431807   0.181128   0.253528   0.151460   0.260559   0.099653   0.306437   0.701236   0.422115   0.174292   0.253721   0.145304   0.256600   0.089792   0.294887   0.705470   0.415414   0.169682   0.254091   0.141169   0.252212   0.085138   0.294048   0.703935   0.412049   0.167427   0.254406   0.139155   0.248499   0.084544   0.293819   0.702274   0.409253   0.165572   0.254438   0.137502   0.245520   0.086274   0.293677   0.700811   0.406545   0.163796   0.254476   0.135922   0.243007   0.088296   0.293337   0.699589   0.404053   0.162182   0.254468   0.134489   0.240492   0.087719   0.292824   0.698642   0.401837   0.160765   0.254458   0.133233   0.237725   0.086671   0.292409   0.697757   0.399957   0.159574   0.254685   0.132180   0.235085   0.086898 343093
 10   0.116519   0.678442   0.753839   0.520941   0.942467   0.481204   0.769528   0.018976   0.301714   0.685027   0.762816   0.534292   0.941881   0.494913   0.776437   0.017839   0.302056   0.684016   0.764235   0.536431   0.942758   0.497116   0.780383   0.018545   0.302398   0.683073   0.765506   0.538357   0.944891   0.499101   0.784906   0.019106   0.302685   0.682372   0.765795   0.538793   0.946271   0.499549   0.787920   0.019734   0.303658   0.681615   0.765765   0.538735   0.946589   0.499486   0.789335   0.020061   0.312286   0.678968   0.768379   0.542734   0.946328   0.503615   0.789122   0.020586   0.333522   0.673422   0.774826   0.552727   0.945519   0.513954   0.792290   0.020855   0.360922   0.666960   0.783973   0.567161   0.944773   0.528939   0.800543   0.021918   0.386529   0.661502   0.795056   0.585021   0.945022   0.547555   0.808657   0.024612   0.403518   0.658048   0.805615   0.602394   0.945262   0.565732   0.814399   0.027039   0.406197   0.657236   0.813692   0.615937   0.945008   0.579953   0.817930   0.028318   0.393736   0.659107   0.818445   0.624009   0.944380   0.588449   0.820005   0.028568   0.369947   0.663071   0.819399   0.625642   0.943301   0.590171   0.822041   0.027594   0.340888   0.667869   0.816941   0.621458   0.942605   0.585764   0.829068   0.023826   0.316301   0.673154   0.808467   0.607190   0.942521   0.570772   0.842529   0.020369   0.305627   0.677020   0.798336   0.590307   0.942675   0.553065   0.848391   0.022008   0.304350   0.678196   0.792861   0.581341   0.943175   0.543692   0.845126   0.024818   0.304164   0.678490   0.789451   0.575838   0.943754   0.537954   0.842573   0.025616   0.304001   0.678722   0.786354   0.570879   0.943991   0.532792   0.840314   0.025661   0.303860   0.678906   0.783474   0.566301   0.943851   0.528033   0.838242   0.025245   0.303766   0.679003   0.780974   0.562349   0.943728   0.523929   0.836560   0.024722   0.303727   0.679019   0.778916   0.559113   0.943918   0.520572   0.835057   0.024354   0.303721   0.678985   0.777194   0.556421   0.944392   0.517781   0.833578   0.024235 1055457
 11   0.117892   0.679384   0.738610   0.498964   0.934315   0.458760   0.703273   0.022084   0.300957   0.686826   0.748981   0.513817   0.933552   0.473908   0.710353   0.021074   0.301325   0.685652   0.750606   0.516171   0.934338   0.476313   0.713157   0.021286   0.301668   0.684567   0.752141   0.518417   0.936380   0.478613   0.716860   0.021011   0.301964   0.683745   0.752695   0.519224   0.937625   0.479438   0.719439   0.021063   0.303423   0.682753   0.753214   0.519972   0.937794   0.480202   0.720070   0.021067   0.315693   0.679166   0.757468   0.526326   0.937473   0.486732   0.719743   0.020689   0.344551   0.671782   0.766723   0.540385   0.936645   0.501225   0.724848   0.020006   0.380983   0.663266   0.779626   0.560471   0.935987   0.522028   0.735800   0.020777   0.415505   0.656081   0.794962   0.585039   0.936277   0.547608   0.745779   0.023687   0.439674   0.651521   0.809390   0.608834   0.936408   0.572517   0.752611   0.026858   0.445930   0.650371   0.820540   0.627701   0.936059   0.592363   0.757291   0.029303   0.432228   0.652641   0.827419   0.639556   0.935345   0.604874   0.760763   0.030732   0.401468   0.657739   0.829440   0.643069   0.934194   0.608589   0.764062   0.030483   0.361560   0.664023   0.827106   0.639011   0.933404   0.604299   0.771626   0.027222   0.325607   0.670783   0.817573   0.622676   0.933291   0.587076   0.785081   0.023084   0.307392   0.676504   0.803594   0.599101   0.933482   0.562294   0.793007   0.024678   0.304017   0.678898   0.794446   0.583979   0.934014   0.546457   0.791827   0.028812   0.303703   0.679379   0.789650   0.576230   0.934620   0.538377   0.789603   0.029943   0.303453   0.679718   0.785521   0.569631   0.934917   0.531509   0.787986   0.029980   0.303251   0.679975   0.781832   0.563791   0.934940   0.525443   0.786578   0.029537   0.303098   0.680157   0.778580   0.558683   0.934931   0.520144   0.785207   0.029000   0.303029   0.680227   0.775870   0.554452   0.935134   0.515760   0.783770   0.028498   0.302995   0.680224   0.773600   0.550927   0.935610   0.512111   0.782384   0.027866 788079
 12   0.125186   0.677714   0.670725   0.408925   0.770793   0.368166   0.573453   0.030564   0.300942   0.683904   0.686107   0.427442   0.769706   0.386470   0.581961   0.031793   0.301435   0.683443   0.685912   0.427226   0.770300   0.386260   0.581511   0.029640   0.301869   0.682862   0.686181   0.427594   0.772055   0.386632   0.582680   0.028745   0.302189   0.682411   0.685855   0.427192   0.773161   0.386233   0.583043   0.028461   0.303124   0.681729   0.685382   0.426600   0.773185   0.385644   0.582644   0.027992   0.312361   0.678371   0.687786   0.429783   0.772602   0.388845   0.582580   0.026602   0.337068   0.671413   0.692997   0.436646   0.771572   0.395738   0.587749   0.026039   0.370819   0.663834   0.699014   0.444602   0.771122   0.403736   0.598731   0.029500   0.402227   0.658032   0.705447   0.453211   0.771486   0.412410   0.610356   0.035498   0.422784   0.654844   0.711106   0.460882   0.771570   0.420156   0.620314   0.040921   0.425798   0.654924   0.715003   0.466217   0.771341   0.425553   0.627866   0.044533   0.409792   0.658337   0.716106   0.467734   0.770905   0.427090   0.632746   0.045198   0.380646   0.664223   0.713890   0.464678   0.770179   0.423995   0.635014   0.042309   0.347173   0.671254   0.709012   0.457992   0.769476   0.417229   0.635336   0.036361   0.318997   0.677914   0.702246   0.448788   0.769349   0.407929   0.635651   0.029854   0.304847   0.681997   0.695672   0.439922   0.769661   0.398984   0.633943   0.026916   0.302164   0.682873   0.692391   0.435536   0.770183   0.394567   0.629344   0.026554   0.302233   0.682556   0.691361   0.434182   0.770625   0.393208   0.624817   0.026194   0.302327   0.682252   0.690380   0.432908   0.770708   0.391930   0.620916   0.026116   0.302420   0.681988   0.689320   0.431536   0.770779   0.390558   0.617520   0.026385   0.302511   0.681783   0.688168   0.430058   0.770803   0.389080   0.614142   0.026916   0.302578   0.681594   0.687110   0.428707   0.770835   0.387730   0.610823   0.027270   0.302639   0.681370   0.686294   0.427666   0.771158   0.386691   0.607785   0.027534 326313
 13   0.142729   0.679073   0.519026   0.250385   0.460166   0.215140   0.333430   0.038704   0.298199   0.686389   0.531248   0.260194   0.459234   0.224162   0.335293   0.043429   0.298758   0.685682   0.531336   0.260231   0.459702   0.224190   0.335283   0.041594   0.299004   0.685044   0.531270   0.260153   0.461155   0.224113   0.335374   0.041101   0.299151   0.684528   0.531053   0.259951   0.462067   0.223923   0.335196   0.041577   0.301924   0.681626   0.532938   0.261621   0.462058   0.225487   0.335820   0.042174   0.322035   0.670530   0.539981   0.268077   0.461498   0.231567   0.338520   0.041996   0.367474   0.652565   0.548547   0.276118   0.460561   0.239172   0.345316   0.046196   0.421426   0.636095   0.556498   0.283756   0.460185   0.246425   0.355729   0.056587   0.463613   0.626115   0.564265   0.291349   0.460529   0.253658   0.366462   0.067477   0.482646   0.624095   0.569953   0.297006   0.460644   0.259064   0.376075   0.076134   0.475453   0.629879   0.572488   0.299572   0.460509   0.261523   0.383885   0.081695   0.447433   0.641215   0.571463   0.298556   0.460184   0.260554   0.389435   0.082725   0.407885   0.655082   0.567103   0.294187   0.459597   0.256374   0.392160   0.078267   0.365086   0.669528   0.560349   0.287492   0.458994   0.249981   0.391929   0.069060   0.327951   0.682407   0.552541   0.279893   0.458862   0.242747   0.389205   0.057829   0.305813   0.690573   0.545344   0.273026   0.459114   0.236234   0.384252   0.049571   0.299134   0.692715   0.541201   0.269142   0.459549   0.232562   0.378231   0.046636   0.298591   0.692012   0.539462   0.267558   0.459913   0.231072   0.372815   0.046423   0.298152   0.691415   0.537829   0.266089   0.459962   0.229692   0.368107   0.047219   0.297742   0.690916   0.536318   0.264738   0.460017   0.228425   0.363774   0.048406   0.297468   0.690380   0.534940   0.263509   0.460030   0.227273   0.359864   0.048956   0.297254   0.689891   0.533604   0.262319   0.460038   0.226157   0.356220   0.049217   0.297035   0.689473   0.532431   0.261285   0.460304   0.225190   0.352748   0.049612 353250
 14   0.148910   0.679039   0.464387   0.205405   0.361266   0.173531   0.281900   0.047212   0.297898   0.686256   0.470916   0.209806   0.360738   0.177457   0.280663   0.053771   0.298368   0.685445   0.471289   0.210050   0.361161   0.177672   0.281051   0.054286   0.298662   0.684672   0.471732   0.210374   0.362535   0.177965   0.281546   0.055240   0.298887   0.684012   0.471919   0.210513   0.363403   0.178092   0.281819   0.056993   0.301866   0.681039   0.473663   0.211869   0.363387   0.179334   0.282538   0.058462   0.322242   0.669276   0.479968   0.216905   0.362853   0.183965   0.285012   0.059695   0.367162   0.649966   0.488736   0.224075   0.361973   0.190587   0.290346   0.066640   0.420895   0.631952   0.498169   0.231975   0.361627   0.197913   0.297787   0.079420   0.465197   0.620382   0.507586   0.239999   0.361968   0.205377   0.305682   0.091148   0.487964   0.617475   0.514742   0.246207   0.362102   0.211170   0.313028   0.100220   0.485040   0.623095   0.518613   0.249643   0.361985   0.214389   0.318881   0.106394   0.460257   0.635007   0.518694   0.249752   0.361667   0.214498   0.322798   0.108331   0.420975   0.650377   0.514922   0.246434   0.361094   0.211395   0.324430   0.104108   0.375160   0.667057   0.508114   0.240477   0.360512   0.205828   0.323686   0.094373   0.332823   0.682724   0.499351   0.232952   0.360383   0.198817   0.320966   0.081859   0.306043   0.693289   0.490380   0.225417   0.360620   0.191826   0.316542   0.071596   0.297576   0.696300   0.484658   0.220700   0.361042   0.187464   0.311540   0.067482   0.297065   0.695351   0.482108   0.218641   0.361400   0.185566   0.307319   0.066998   0.296777   0.694425   0.479889   0.216878   0.361457   0.183945   0.303803   0.068199   0.296489   0.693622   0.477846   0.215273   0.361510   0.182474   0.300657   0.069650   0.296284   0.692805   0.476144   0.213941   0.361519   0.181252   0.297744   0.069742   0.296070   0.692070   0.474619   0.212751   0.361528   0.180162   0.294977   0.069363   0.295803   0.691441   0.473285   0.211726   0.361782   0.179225   0.292308   0.069578 391142
 15   0.118531   0.677976   0.738180   0.498008   0.940044   0.457721   0.746491   0.018789   0.302022   0.684158   0.747280   0.511089   0.939347   0.471069   0.751931   0.017550   0.302383   0.683246   0.748813   0.513323   0.940135   0.473354   0.754843   0.018436   0.302740   0.682368   0.750236   0.515409   0.942162   0.475491   0.758563   0.018993   0.303020   0.681731   0.750638   0.515996   0.943446   0.476091   0.761257   0.019444   0.303507   0.681219   0.750352   0.515560   0.943695   0.475642   0.762607   0.019629   0.309397   0.679331   0.751916   0.517864   0.943436   0.478004   0.761968   0.020198   0.325545   0.674902   0.756737   0.525056   0.942664   0.485393   0.764044   0.020618   0.347441   0.669413   0.764079   0.536170   0.942015   0.496842   0.771715   0.021434   0.368351   0.664636   0.773337   0.550434   0.942372   0.511585   0.779966   0.023803   0.382785   0.661515   0.782349   0.564575   0.942675   0.526251   0.785951   0.026092   0.385333   0.660711   0.789311   0.575686   0.942509   0.537810   0.789786   0.027173   0.374997   0.662266   0.793398   0.582279   0.941968   0.544683   0.791991   0.027199   0.355528   0.665613   0.794064   0.583363   0.940965   0.545814   0.793908   0.026214   0.332328   0.669677   0.791671   0.579501   0.940287   0.541789   0.800283   0.022965   0.313247   0.674117   0.784305   0.567712   0.940203   0.529517   0.811469   0.020564   0.305155   0.677261   0.775930   0.554426   0.940350   0.515710   0.814807   0.022652   0.304242   0.678152   0.771528   0.547555   0.940812   0.508591   0.810549   0.025129   0.304108   0.678387   0.768665   0.543139   0.941349   0.504026   0.807693   0.025581   0.303997   0.678568   0.766083   0.539183   0.941577   0.499941   0.805283   0.025477   0.303911   0.678721   0.763680   0.535524   0.941486   0.496169   0.802900   0.025292   0.303865   0.678823   0.761550   0.532297   0.941375   0.492843   0.800650   0.025083   0.303852   0.678855   0.759785   0.529635   0.941522   0.490103   0.798734   0.024785   0.303865   0.678825   0.758363   0.527499   0.941961   0.487906   0.797007   0.024599 1293468
 16   0.120044   0.679072   0.721074   0.474104   0.931391   0.433452   0.679542   0.023936   0.301373   0.686261   0.732511   0.489894   0.930483   0.449447   0.683671   0.021910   0.301684   0.685180   0.734227   0.492303   0.931133   0.451895   0.683895   0.021616   0.301985   0.684158   0.735849   0.494602   0.932986   0.454235   0.685486   0.020878   0.302216   0.683400   0.736487   0.495510   0.934084   0.455159   0.686792   0.020429   0.302830   0.682746   0.736500   0.495520   0.934163   0.455168   0.687015   0.020155   0.310082   0.680532   0.738667   0.498633   0.933800   0.458344   0.685204   0.019945   0.329602   0.675189   0.744630   0.507298   0.932996   0.467204   0.686210   0.019425   0.355520   0.668360   0.753712   0.520712   0.932495   0.480961   0.693340   0.020091   0.380185   0.662332   0.765054   0.537821   0.932898   0.498577   0.701683   0.022587   0.397708   0.658261   0.776245   0.555087   0.933084   0.516428   0.707947   0.025086   0.402465   0.656930   0.785260   0.569290   0.932829   0.531170   0.712299   0.026541   0.392146   0.658573   0.790930   0.578357   0.932246   0.540606   0.715700   0.026901   0.369662   0.662621   0.792543   0.580960   0.931242   0.543320   0.719284   0.025961   0.341570   0.667724   0.790456   0.577608   0.930511   0.539828   0.726403   0.022710   0.317068   0.673290   0.782430   0.564839   0.930415   0.526551   0.738525   0.019876   0.305568   0.677450   0.772253   0.548800   0.930638   0.509904   0.744908   0.021918   0.303806   0.678829   0.766473   0.539832   0.931172   0.500622   0.742848   0.025343   0.303687   0.679089   0.763195   0.534831   0.931725   0.495462   0.740309   0.026463   0.303590   0.679285   0.760272   0.530405   0.931950   0.490902   0.738298   0.026729   0.303515   0.679441   0.757589   0.526372   0.931980   0.486753   0.736668   0.026770   0.303455   0.679572   0.755129   0.522700   0.931956   0.482979   0.735158   0.026739   0.303422   0.679658   0.752973   0.519499   0.932079   0.479694   0.733774   0.026670   0.303424   0.679670   0.751143   0.516794   0.932494   0.476920   0.732601   0.026650 743245
 17   0.122007   0.679412   0.698609   0.443935   0.926553   0.403040   0.580191   0.024672   0.300619   0.687019   0.710858   0.459984   0.925486   0.419145   0.583421   0.023799   0.300912   0.686091   0.712060   0.461576   0.926003   0.420745   0.581365   0.023472   0.301202   0.685175   0.713281   0.463219   0.927674   0.422402   0.581760   0.022557   0.301467   0.684462   0.713692   0.463773   0.928700   0.422960   0.582543   0.022214   0.302067   0.683885   0.713482   0.463482   0.928838   0.422665   0.582845   0.022163   0.309064   0.681967   0.715659   0.466477   0.928566   0.425698   0.582058   0.021625   0.327822   0.677122   0.721994   0.475260   0.927881   0.434601   0.583972   0.020310   0.352744   0.670662   0.731232   0.488270   0.927529   0.447828   0.592306   0.020203   0.376165   0.664773   0.742424   0.504395   0.927973   0.464292   0.603433   0.021851   0.393117   0.660598   0.753729   0.521083   0.928162   0.481407   0.612863   0.023676   0.398701   0.658932   0.763092   0.535226   0.927938   0.495973   0.619931   0.025024   0.390107   0.660127   0.768977   0.544273   0.927347   0.505322   0.626088   0.025513   0.368983   0.663716   0.770554   0.546746   0.926288   0.507888   0.632785   0.024534   0.341276   0.668429   0.768228   0.543190   0.925485   0.504217   0.642169   0.021425   0.316751   0.673960   0.759376   0.529708   0.925305   0.490309   0.653787   0.019445   0.304880   0.678460   0.748116   0.512724   0.925468   0.472820   0.659068   0.022168   0.302935   0.680020   0.741871   0.503467   0.926010   0.463320   0.657466   0.025567   0.302834   0.680268   0.738537   0.498629   0.926609   0.458374   0.655526   0.026602   0.302767   0.680446   0.735668   0.494508   0.926908   0.454169   0.653765   0.026824   0.302766   0.680558   0.733101   0.490852   0.927013   0.450444   0.652199   0.027107   0.302842   0.680606   0.730811   0.487605   0.927013   0.447139   0.650537   0.027662   0.302948   0.680596   0.728834   0.484820   0.927113   0.444307   0.649154   0.028181   0.303058   0.680531   0.727178   0.482496   0.927470   0.441946   0.648373   0.028453 334168
 18   0.131426   0.677612   0.622634   0.352809   0.671182   0.312986   0.475253   0.034139   0.300383   0.683574   0.636247   0.366962   0.669733   0.326614   0.481181   0.036561   0.300951   0.682848   0.637218   0.368020   0.670263   0.327641   0.480112   0.033492   0.301445   0.682047   0.638540   0.369517   0.671916   0.329103   0.480603   0.031838   0.301744   0.681505   0.638864   0.369877   0.672946   0.329454   0.480981   0.031243   0.302961   0.680398   0.639353   0.370433   0.672957   0.329997   0.481120   0.030944   0.314424   0.675389   0.643829   0.375703   0.672407   0.335185   0.482269   0.029530   0.343682   0.666200   0.650823   0.384014   0.671434   0.343379   0.488716   0.029689   0.382143   0.657017   0.657593   0.392184   0.671031   0.351457   0.500387   0.034677   0.415899   0.650603   0.664314   0.400427   0.671407   0.359631   0.512626   0.042300   0.435594   0.647886   0.669527   0.406908   0.671508   0.366074   0.523460   0.049045   0.435407   0.649261   0.672406   0.410526   0.671318   0.369678   0.532001   0.053148   0.416149   0.654288   0.672337   0.410454   0.670931   0.369608   0.537900   0.053877   0.384987   0.661665   0.669045   0.406344   0.670258   0.365520   0.540909   0.050698   0.350219   0.670016   0.663330   0.399254   0.669576   0.358475   0.541288   0.044139   0.320872   0.677815   0.656159   0.390449   0.669425   0.349741   0.540627   0.036888   0.305271   0.682765   0.649335   0.382163   0.669702   0.341540   0.537928   0.033420   0.301839   0.683979   0.645795   0.377910   0.670189   0.337339   0.533109   0.033151   0.301874   0.683620   0.644654   0.376565   0.670606   0.336015   0.528667   0.032919   0.301922   0.683277   0.643562   0.375289   0.670687   0.334759   0.524999   0.032893   0.301990   0.682963   0.642502   0.374057   0.670768   0.333551   0.521856   0.033199   0.302050   0.682682   0.641479   0.372877   0.670796   0.332393   0.518817   0.033573   0.302083   0.682414   0.640561   0.371822   0.670815   0.331359   0.515795   0.033770   0.302105   0.682127   0.639871   0.371034   0.671115   0.330588   0.513116   0.033807 381706
 19   0.136342   0.678237   0.575014   0.303065   0.573274   0.265019   0.393735   0.037631   0.298746   0.684779   0.589583   0.316313   0.572088   0.277471   0.398257   0.040386   0.299387   0.684067   0.590311   0.317015   0.572602   0.278138   0.397677   0.036500   0.299789   0.683368   0.590795   0.317496   0.574165   0.278597   0.398223   0.035572   0.300032   0.682856   0.590668   0.317354   0.575148   0.278459   0.398863   0.035439   0.302005   0.680854   0.591906   0.318608   0.575163   0.279661   0.399742   0.035348   0.318051   0.673032   0.598083   0.325117   0.574613   0.285942   0.402382   0.034335   0.356116   0.660162   0.605936   0.333539   0.573661   0.294096   0.410130   0.036294   0.403448   0.648169   0.612866   0.341125   0.573281   0.301467   0.422229   0.043756   0.442108   0.640557   0.619691   0.348724   0.573643   0.308874   0.434483   0.052878   0.461316   0.638446   0.624669   0.354355   0.573754   0.314378   0.445461   0.060668   0.457228   0.641738   0.626898   0.356910   0.573598   0.316883   0.454338   0.065417   0.433026   0.649241   0.625946   0.355844   0.573240   0.315842   0.460626   0.065901   0.396935   0.659129   0.621844   0.351206   0.572603   0.311309   0.463958   0.061554   0.357584   0.669761   0.615479   0.344075   0.571965   0.304350   0.464247   0.053386   0.324174   0.679470   0.608035   0.335849   0.571827   0.296344   0.462524   0.044319   0.305349   0.685703   0.601116   0.328318   0.572085   0.289033   0.458881   0.038795   0.300413   0.687299   0.597464   0.324395   0.572540   0.285234   0.453745   0.037417   0.300237   0.686807   0.596334   0.323213   0.572929   0.284094   0.448886   0.037345   0.300107   0.686371   0.595199   0.322040   0.572995   0.282967   0.444619   0.037835   0.299948   0.686046   0.594024   0.320832   0.573057   0.281806   0.440633   0.038576   0.299854   0.685724   0.592904   0.319684   0.573069   0.280703   0.436909   0.039062   0.299791   0.685391   0.591875   0.318631   0.573080   0.279692   0.433444   0.039390   0.299695   0.685081   0.591005   0.317751   0.573364   0.278849   0.430264   0.039624 355925
 20   0.119700   0.677301   0.729707   0.485941   0.936279   0.445428   0.733019   0.020808   0.302603   0.682973   0.738066   0.497703   0.935591   0.457383   0.737737   0.019262   0.302884   0.682353   0.738900   0.498877   0.936333   0.458577   0.740012   0.019648   0.303134   0.681718   0.739705   0.500029   0.938262   0.459750   0.742909   0.019929   0.303325   0.681306   0.739538   0.499784   0.939491   0.459500   0.744820   0.020408   0.303551   0.681084   0.738546   0.498349   0.939698   0.458034   0.745295   0.020805   0.307408   0.679979   0.738637   0.498479   0.939416   0.458167   0.743405   0.021980   0.319293   0.676904   0.741240   0.502255   0.938688   0.462026   0.742856   0.023470   0.336401   0.672793   0.745924   0.509105   0.938120   0.469037   0.747026   0.025051   0.353075   0.669101   0.752172   0.518347   0.938544   0.478519   0.752815   0.027626   0.364833   0.666664   0.758334   0.527581   0.938942   0.488014   0.757281   0.030268   0.366934   0.666067   0.762889   0.534490   0.938903   0.495134   0.760042   0.031614   0.358473   0.667383   0.765047   0.537789   0.938464   0.498539   0.761431   0.031477   0.342949   0.670103   0.764413   0.536829   0.937561   0.497550   0.762193   0.029827   0.325031   0.673333   0.761536   0.532458   0.936918   0.493043   0.765504   0.025701   0.310537   0.676676   0.755624   0.523534   0.936808   0.483855   0.771107   0.022270   0.304475   0.678845   0.749559   0.514449   0.936941   0.474514   0.771159   0.023144   0.303950   0.679367   0.746329   0.509676   0.937377   0.469618   0.766865   0.024877   0.303925   0.679486   0.744124   0.506444   0.937874   0.466308   0.763868   0.024945   0.303913   0.679544   0.742184   0.503615   0.938070   0.463414   0.761288   0.024524   0.303918   0.679587   0.740407   0.501040   0.937943   0.460782   0.758540   0.024466   0.303929   0.679607   0.738851   0.498793   0.937768   0.458488   0.755769   0.024711   0.303937   0.679562   0.737617   0.497019   0.937844   0.456678   0.753550   0.024649   0.303961   0.679460   0.736673   0.495668   0.938205   0.455300   0.751897   0.024514 806017
 21   0.121507   0.677914   0.709454   0.458194   0.905770   0.417358   0.677538   0.025330   0.302321   0.684309   0.719786   0.472016   0.905006   0.431280   0.681167   0.024593   0.302613   0.683886   0.719758   0.471979   0.905629   0.431242   0.680409   0.024533   0.302869   0.683388   0.719909   0.472208   0.907419   0.431478   0.680530   0.024192   0.303083   0.683081   0.719204   0.471262   0.908569   0.430525   0.679955   0.024559   0.303383   0.682946   0.717663   0.469164   0.908684   0.428404   0.678495   0.025075   0.307824   0.681778   0.717330   0.468746   0.908264   0.427990   0.675930   0.025786   0.321651   0.678235   0.719656   0.472014   0.907439   0.431310   0.675311   0.026521   0.341830   0.673340   0.724275   0.478479   0.907016   0.437876   0.679541   0.028099   0.361632   0.668836   0.730562   0.487358   0.907473   0.446908   0.685899   0.030850   0.376115   0.665661   0.737047   0.496628   0.907733   0.456358   0.691451   0.033367   0.379933   0.664576   0.742334   0.504275   0.907612   0.464172   0.695525   0.034557   0.371091   0.665833   0.745348   0.508665   0.907151   0.468662   0.698209   0.033998   0.352856   0.669010   0.745373   0.508689   0.906274   0.468685   0.700139   0.031550   0.331073   0.673141   0.742751   0.504839   0.905554   0.464740   0.703148   0.026935   0.312907   0.677344   0.737113   0.496617   0.905402   0.456327   0.708187   0.023212   0.304564   0.679966   0.731174   0.488021   0.905598   0.447544   0.709394   0.023344   0.303466   0.680529   0.728132   0.483669   0.906083   0.443107   0.706201   0.024549   0.303518   0.680491   0.726501   0.481359   0.906565   0.440756   0.703434   0.024872   0.303564   0.680418   0.725091   0.479376   0.906723   0.438741   0.700988   0.024933   0.303608   0.680342   0.723803   0.477578   0.906721   0.436916   0.698673   0.025219   0.303655   0.680275   0.722584   0.475884   0.906641   0.435197   0.696299   0.025870   0.303706   0.680175   0.721564   0.474470   0.906682   0.433764   0.694239   0.026224   0.303775   0.680021   0.720802   0.473415   0.907014   0.432696   0.692581   0.026389 503589
 22   0.119151   0.680917   0.718540   0.471006   0.930117   0.430386   0.605122   0.026621   0.299585   0.689789   0.731312   0.488535   0.929064   0.448127   0.610467   0.025152   0.300034   0.688410   0.733009   0.490920   0.929717   0.450551   0.609331   0.024915   0.300408   0.687157   0.734575   0.493141   0.931600   0.452813   0.609937   0.024148   0.300701   0.686190   0.735209   0.494049   0.932683   0.453739   0.610682   0.023738   0.302597   0.685074   0.735956   0.495109   0.932740   0.454818   0.610441   0.023337   0.317375   0.681075   0.740812   0.502150   0.932299   0.462017   0.610968   0.021746   0.352173   0.672342   0.751291   0.517570   0.931332   0.477823   0.617563   0.020052   0.397427   0.661692   0.766200   0.540064   0.930736   0.500986   0.630474   0.021521   0.441920   0.652346   0.784446   0.568547   0.931021   0.530504   0.642237   0.025345   0.476323   0.645850   0.802317   0.597477   0.931026   0.560688   0.649959   0.029153   0.488210   0.643734   0.816602   0.621373   0.930591   0.585772   0.655795   0.031982   0.470263   0.646758   0.825446   0.636514   0.929807   0.601735   0.660854   0.033516   0.428739   0.653738   0.828044   0.641015   0.928612   0.606491   0.666602   0.033358   0.376424   0.662081   0.825286   0.636231   0.927781   0.601435   0.676101   0.029892   0.330436   0.670914   0.813638   0.616348   0.927671   0.580485   0.690013   0.025003   0.307050   0.678355   0.796375   0.587478   0.927924   0.550182   0.697879   0.026270   0.302306   0.681317   0.785205   0.569278   0.928530   0.531171   0.696850   0.030643   0.302125   0.681679   0.779695   0.560541   0.929151   0.522092   0.694637   0.032024   0.302041   0.681890   0.775030   0.553234   0.929421   0.514516   0.692996   0.032356   0.302024   0.682018   0.770906   0.546838   0.929520   0.507897   0.691750   0.032266   0.302019   0.682110   0.767188   0.541127   0.929576   0.501996   0.690707   0.032033   0.302000   0.682168   0.763898   0.536116   0.929758   0.496828   0.689724   0.031795   0.301969   0.682176   0.761054   0.531826   0.930223   0.492411   0.688923   0.031362 370317
 23   0.121694   0.678652   0.695889   0.441369   0.826109   0.400644   0.518527   0.039413   0.299123   0.685144   0.721325   0.474715   0.824816   0.434121   0.518638   0.040083   0.299881   0.683820   0.725965   0.481189   0.825332   0.440692   0.513741   0.036424   0.300521   0.682832   0.728834   0.485192   0.827187   0.444756   0.512960   0.034687   0.301017   0.682040   0.730557   0.487599   0.828358   0.447199   0.512633   0.034403   0.302577   0.680634   0.732913   0.490908   0.828479   0.450563   0.512413   0.033303   0.313990   0.675975   0.741408   0.503211   0.828151   0.463138   0.514064   0.028643   0.341445   0.668038   0.753423   0.520925   0.827367   0.481302   0.523148   0.023346   0.378000   0.659778   0.764527   0.537742   0.826970   0.498634   0.537808   0.023598   0.414687   0.652783   0.776203   0.555906   0.827284   0.517448   0.551423   0.028636   0.441752   0.648429   0.786435   0.572221   0.827262   0.534425   0.563689   0.035076   0.448732   0.648015   0.793236   0.583286   0.826903   0.545983   0.575396   0.040999   0.432442   0.651579   0.795537   0.587073   0.826314   0.549947   0.586661   0.044743   0.399272   0.658005   0.792714   0.582458   0.825355   0.545123   0.597506   0.044687   0.358924   0.665809   0.785234   0.570338   0.824575   0.532472   0.609309   0.040267   0.323151   0.673900   0.771758   0.549008   0.824509   0.510308   0.623535   0.032819   0.304823   0.679990   0.756116   0.524830   0.824840   0.485295   0.631112   0.029331   0.301380   0.682110   0.747261   0.511463   0.825410   0.471528   0.628955   0.029762   0.301455   0.682117   0.744035   0.506731   0.825966   0.466681   0.624866   0.029451   0.301582   0.682027   0.741548   0.503130   0.826221   0.463001   0.620948   0.029445   0.301726   0.681915   0.739324   0.499941   0.826366   0.459748   0.617580   0.030016   0.301830   0.681821   0.737308   0.497067   0.826351   0.456818   0.614292   0.030918   0.301919   0.681687   0.735676   0.494748   0.826374   0.454457   0.611139   0.031367   0.302018   0.681474   0.734437   0.493000   0.826745   0.452679   0.608481   0.031383 248156
 24   0.128680   0.687332   0.594167   0.323450   0.631096   0.284743   0.364397   0.056718   0.288822   0.701959   0.626146   0.356602   0.626827   0.316670   0.367709   0.055670   0.289394   0.699566   0.629403   0.360189   0.627119   0.320160   0.361191   0.053645   0.289961   0.697729   0.631085   0.362049   0.628629   0.321970   0.358948   0.052625   0.290455   0.696324   0.631286   0.362254   0.629563   0.322167   0.357642   0.052366   0.297206   0.689359   0.637947   0.369678   0.629541   0.329407   0.358201   0.051821   0.333850   0.668728   0.656382   0.391334   0.628912   0.350727   0.361655   0.054677   0.411039   0.639743   0.678300   0.418630   0.627815   0.377884   0.366926   0.069979   0.506166   0.614323   0.700041   0.447338   0.627252   0.406753   0.372109   0.094734   0.591867   0.598551   0.720708   0.475832   0.627308   0.435636   0.377198   0.118153   0.645336   0.594306   0.735858   0.497488   0.627054   0.457736   0.384775   0.136553   0.648395   0.601851   0.743425   0.508601   0.626657   0.469133   0.395399   0.149011   0.599927   0.619820   0.741989   0.506643   0.626262   0.467153   0.408413   0.154090   0.519414   0.643677   0.731844   0.492154   0.625734   0.452369   0.421906   0.150203   0.429889   0.668624   0.715205   0.468837   0.625217   0.428658   0.433497   0.136200   0.352696   0.690152   0.695513   0.441941   0.625230   0.401435   0.441670   0.111474   0.305120   0.704689   0.674985   0.414869   0.625684   0.374211   0.443570   0.083901   0.289651   0.709129   0.660936   0.396945   0.626286   0.356297   0.439003   0.067913   0.289288   0.707161   0.655167   0.389921   0.626731   0.349337   0.432569   0.062590   0.289120   0.705217   0.651349   0.385378   0.626809   0.344855   0.426405   0.060408   0.288817   0.703579   0.648436   0.381963   0.626933   0.341493   0.420341   0.060202   0.288676   0.702207   0.645615   0.378698   0.627004   0.338289   0.414583   0.060294   0.288662   0.701068   0.642597   0.375217   0.627038   0.334873   0.409284   0.060016   0.288743   0.699980   0.639846   0.372056   0.627380   0.331773   0.404693   0.059663 108311
