timestamp=                2021-11-18T09:47:33.114509
shape=                    (5, 5)
sigma=                    2.5
nepochs=                  3
thresh=                   None
rate=                     0.00725
neighborhood function=    gaussian
init weights=             pca
topology=                 hexagonal
activation distance=      euclidean
output type=              labels
mapfile_prefix=           full2017_5x5_3_00725_3_09
apply classification=     False
seed=                     None
random order=             True
custom init file=         None
order labels by size=     False
decay_function=           3

Quantization Error=       0.34748370
Topographic Error=        0.15709627

############ NEURONS #############
 25 192
  0   0.127598   0.669999   0.700877   0.445319   0.925101   0.404413   0.524894   0.027756   0.304169   0.678864   0.714748   0.463490   0.924054   0.422638   0.528759   0.027686   0.304558   0.677747   0.715951   0.465031   0.924813   0.424176   0.525711   0.027744   0.304917   0.676712   0.716997   0.466404   0.926610   0.425554   0.525752   0.026733   0.305208   0.675873   0.717419   0.466965   0.927682   0.426117   0.526894   0.026141   0.306331   0.675057   0.717659   0.467282   0.927759   0.426436   0.527545   0.025946   0.317528   0.671943   0.722017   0.473376   0.927272   0.432621   0.529113   0.024713   0.345692   0.664610   0.732650   0.488407   0.926452   0.447906   0.536650   0.022185   0.382918   0.655410   0.747097   0.509294   0.925985   0.469232   0.550305   0.022236   0.419583   0.647143   0.763862   0.534415   0.926274   0.495051   0.565085   0.025444   0.447960   0.641204   0.780542   0.560383   0.926417   0.521929   0.577160   0.029173   0.457750   0.639007   0.794121   0.582249   0.926116   0.544703   0.586140   0.031876   0.443905   0.641053   0.802410   0.595943   0.925401   0.559033   0.594300   0.032845   0.410576   0.646358   0.804718   0.599836   0.924357   0.563123   0.603653   0.031508   0.367172   0.653332   0.801133   0.593884   0.923674   0.556887   0.616181   0.027870   0.329253   0.661364   0.788161   0.572669   0.923600   0.534728   0.630518   0.025480   0.310501   0.668210   0.771162   0.545421   0.923837   0.506374   0.636932   0.028425   0.306883   0.670858   0.761414   0.530199   0.924390   0.490611   0.634737   0.032329   0.306834   0.671048   0.757026   0.523539   0.924982   0.483750   0.631780   0.033524   0.306864   0.671124   0.753436   0.518154   0.925288   0.478216   0.629364   0.034063   0.306933   0.671149   0.750313   0.513528   0.925354   0.473473   0.627424   0.034390   0.307002   0.671153   0.747548   0.509463   0.925303   0.469310   0.625825   0.034363   0.307094   0.671108   0.745147   0.505952   0.925449   0.465719   0.624860   0.034096   0.307189   0.671059   0.742938   0.502752   0.925892   0.462452   0.624578   0.034102 244273
  1   0.144561   0.666095   0.575184   0.301022   0.573102   0.262906   0.400942   0.041181   0.305423   0.671426   0.597029   0.321236   0.572094   0.281960   0.405671   0.045942   0.305939   0.670910   0.598366   0.322594   0.572693   0.283261   0.404981   0.040574   0.306281   0.670335   0.598982   0.323231   0.574343   0.283873   0.405832   0.038630   0.306474   0.669940   0.598812   0.323052   0.575292   0.283700   0.406632   0.037768   0.308000   0.668295   0.599811   0.324081   0.575245   0.284689   0.407607   0.037461   0.322437   0.660653   0.606727   0.331505   0.574617   0.291872   0.410184   0.035775   0.358062   0.647653   0.615747   0.341347   0.573609   0.301421   0.417950   0.036441   0.403173   0.635531   0.622936   0.349378   0.573252   0.309247   0.430255   0.043110   0.441470   0.627503   0.629979   0.357409   0.573693   0.317100   0.442722   0.052230   0.462314   0.624825   0.635292   0.363583   0.573868   0.323159   0.453988   0.060258   0.459974   0.627764   0.637873   0.366632   0.573735   0.326162   0.463325   0.065286   0.436568   0.635323   0.637078   0.365722   0.573367   0.325271   0.470384   0.066063   0.400684   0.645593   0.632880   0.360847   0.572714   0.320487   0.474761   0.061820   0.361623   0.656749   0.626236   0.353216   0.572067   0.313014   0.476239   0.053597   0.328755   0.666900   0.618378   0.344314   0.571923   0.304318   0.475707   0.044371   0.310750   0.673281   0.611154   0.336252   0.572216   0.296463   0.472937   0.038886   0.306319   0.674849   0.607432   0.332153   0.572694   0.292480   0.468131   0.037600   0.306249   0.674341   0.606364   0.331004   0.573055   0.291368   0.463305   0.037374   0.306200   0.673893   0.605368   0.329947   0.573075   0.290346   0.459030   0.037679   0.306131   0.673545   0.604300   0.328823   0.573126   0.289264   0.455159   0.038420   0.306082   0.673242   0.603171   0.327642   0.573156   0.288126   0.451626   0.039092   0.306038   0.672945   0.602177   0.326608   0.573182   0.287131   0.448265   0.039510   0.305976   0.672653   0.601419   0.325826   0.573483   0.286380   0.445095   0.039894 350311
  2   0.156763   0.666766   0.465392   0.203991   0.364338   0.172044   0.291839   0.046901   0.304799   0.672513   0.478397   0.213147   0.363637   0.180276   0.291702   0.055063   0.305165   0.671673   0.479949   0.214302   0.364137   0.181325   0.291927   0.054167   0.305405   0.670909   0.481407   0.215428   0.365590   0.182354   0.292504   0.054806   0.305568   0.670317   0.482224   0.216071   0.366428   0.182943   0.292826   0.056192   0.308094   0.667694   0.484276   0.217700   0.366358   0.184438   0.293642   0.057185   0.327027   0.655993   0.491623   0.223692   0.365753   0.189965   0.296017   0.057350   0.370124   0.635972   0.501601   0.232009   0.364804   0.197664   0.301478   0.062169   0.422918   0.617058   0.511376   0.240380   0.364468   0.205450   0.309456   0.073655   0.467833   0.604498   0.521071   0.248857   0.364884   0.213364   0.317769   0.085207   0.491874   0.600895   0.528474   0.255472   0.365074   0.219562   0.325465   0.094207   0.489762   0.606391   0.532492   0.259153   0.364985   0.223026   0.331857   0.100082   0.465284   0.618699   0.532677   0.259373   0.364667   0.223243   0.336474   0.101601   0.425469   0.635139   0.528889   0.255964   0.364076   0.220045   0.338973   0.097472   0.379106   0.653090   0.521825   0.249620   0.363478   0.214094   0.339276   0.088250   0.337328   0.669592   0.512822   0.241671   0.363337   0.206660   0.337593   0.076217   0.311558   0.680433   0.503813   0.233887   0.363594   0.199408   0.334000   0.066243   0.303658   0.683453   0.498117   0.229052   0.364035   0.194918   0.329337   0.062290   0.303267   0.682537   0.495592   0.226951   0.364374   0.192973   0.325017   0.061919   0.303030   0.681621   0.493611   0.225332   0.364383   0.191479   0.321195   0.063487   0.302801   0.680815   0.491866   0.223927   0.364418   0.190187   0.317691   0.065699   0.302623   0.680039   0.490233   0.222616   0.364438   0.188981   0.314593   0.066356   0.302425   0.679370   0.488645   0.221346   0.364460   0.187813   0.311783   0.066055   0.302132   0.678848   0.487247   0.220242   0.364730   0.186800   0.309092   0.066221 409645
  3   0.162304   0.673910   0.368851   0.138922   0.201329   0.113875   0.205035   0.095347   0.290596   0.685818   0.356159   0.130971   0.200862   0.106857   0.197221   0.135107   0.291426   0.683517   0.358371   0.132204   0.201388   0.107924   0.198680   0.143504   0.291894   0.682012   0.359182   0.132668   0.202683   0.108327   0.200018   0.149651   0.292142   0.680941   0.359178   0.132666   0.203407   0.108326   0.200839   0.155478   0.301837   0.672105   0.363705   0.135268   0.203362   0.110590   0.202505   0.160620   0.346646   0.643885   0.376077   0.142716   0.202820   0.117119   0.205326   0.170493   0.429983   0.604115   0.390772   0.151999   0.201975   0.125323   0.208282   0.189221   0.522364   0.569339   0.404491   0.160992   0.201750   0.133320   0.211899   0.205369   0.599783   0.546081   0.416968   0.169422   0.202225   0.140856   0.215923   0.210286   0.646637   0.538061   0.426754   0.176216   0.202483   0.146957   0.219738   0.210801   0.650343   0.547718   0.432516   0.180307   0.202466   0.150646   0.223424   0.210540   0.611237   0.572502   0.433347   0.180914   0.202213   0.151196   0.226691   0.208282   0.542236   0.606028   0.429071   0.177867   0.201689   0.148448   0.228707   0.201184   0.457537   0.643760   0.420492   0.171834   0.201129   0.143018   0.228840   0.192379   0.373943   0.680452   0.408029   0.163313   0.200931   0.135385   0.227342   0.184482   0.311146   0.708411   0.392553   0.153112   0.201065   0.126305   0.224519   0.174076   0.285349   0.718479   0.380457   0.145417   0.201389   0.119494   0.220628   0.167460   0.283288   0.715672   0.374311   0.141669   0.201640   0.116201   0.216738   0.166773   0.283072   0.712007   0.370011   0.139094   0.201614   0.113946   0.213676   0.169727   0.283260   0.708539   0.366342   0.136924   0.201628   0.112050   0.211301   0.173198   0.283185   0.705701   0.362989   0.134967   0.201624   0.110343   0.209009   0.172420   0.282712   0.703625   0.360030   0.133257   0.201622   0.108855   0.206560   0.170338   0.282326   0.701768   0.357683   0.131913   0.201846   0.107686   0.204260   0.170267 215603
  4   0.153266   0.672752   0.420921   0.173199   0.261675   0.144400   0.228223   0.203141   0.278438   0.683308   0.410037   0.165816   0.263181   0.137791   0.219448   0.336612   0.278311   0.680336   0.412405   0.167410   0.263609   0.139217   0.220502   0.358160   0.278302   0.678131   0.413794   0.168383   0.264887   0.140093   0.221611   0.371526   0.277835   0.676748   0.414021   0.168582   0.265551   0.140278   0.222427   0.385981   0.291900   0.670744   0.416151   0.170034   0.265430   0.141579   0.223063   0.396560   0.354226   0.648794   0.425353   0.176391   0.264785   0.147288   0.225416   0.392690   0.464222   0.614126   0.440472   0.187224   0.263873   0.157079   0.228702   0.391314   0.580585   0.581835   0.456623   0.199298   0.263681   0.168071   0.231656   0.398685   0.674090   0.558770   0.471228   0.210613   0.264203   0.178436   0.234745   0.393979   0.730931   0.548091   0.482327   0.219476   0.264504   0.186598   0.237482   0.383819   0.740029   0.552822   0.488594   0.224589   0.264537   0.191324   0.240000   0.375056   0.700128   0.572532   0.489249   0.225129   0.264309   0.191825   0.242160   0.368416   0.621359   0.602997   0.484171   0.220960   0.263816   0.187967   0.243273   0.361378   0.516399   0.640616   0.473632   0.212474   0.263245   0.180142   0.242800   0.357373   0.404053   0.680381   0.457848   0.200200   0.262978   0.168891   0.240647   0.362501   0.309513   0.713736   0.438713   0.185918   0.263057   0.155891   0.236771   0.376722   0.267066   0.725628   0.425542   0.176431   0.263357   0.147309   0.232285   0.392641   0.264162   0.720303   0.420557   0.173021   0.263583   0.144252   0.228651   0.402814   0.263950   0.714325   0.417201   0.170771   0.263511   0.142241   0.225943   0.413191   0.263911   0.709041   0.414416   0.168926   0.263515   0.140596   0.223982   0.422141   0.264080   0.704436   0.412109   0.167409   0.263545   0.139245   0.222272   0.423904   0.264003   0.700625   0.410147   0.166120   0.263581   0.138097   0.220467   0.422341   0.263663   0.697335   0.408660   0.165150   0.263835   0.137235   0.218659   0.422128 112712
  5   0.128160   0.667484   0.709814   0.456337   0.889455   0.415333   0.673526   0.029820   0.307719   0.674338   0.721852   0.472345   0.888531   0.431428   0.677910   0.029235   0.308047   0.674058   0.720889   0.471022   0.889280   0.430090   0.675954   0.029087   0.308329   0.673660   0.720181   0.470062   0.891209   0.429122   0.675466   0.028902   0.308534   0.673411   0.718809   0.468186   0.892329   0.427226   0.674374   0.029105   0.308819   0.673274   0.716907   0.465573   0.892354   0.424585   0.672472   0.029459   0.313771   0.671841   0.716402   0.464892   0.891796   0.423899   0.670071   0.030000   0.329400   0.667477   0.718845   0.468283   0.890832   0.427333   0.670475   0.030435   0.352573   0.661514   0.723740   0.475091   0.890430   0.434234   0.676282   0.032214   0.375142   0.656262   0.730124   0.484079   0.890968   0.443364   0.684752   0.035570   0.390966   0.652774   0.736539   0.493233   0.891293   0.452684   0.692648   0.038547   0.394874   0.651742   0.741664   0.500636   0.891191   0.460240   0.698756   0.039805   0.385074   0.653410   0.744477   0.504750   0.890714   0.464449   0.702833   0.038992   0.364924   0.657282   0.744413   0.504678   0.889856   0.464378   0.705085   0.036216   0.340542   0.662290   0.741771   0.500817   0.889127   0.460429   0.706988   0.031235   0.319887   0.667195   0.736475   0.493088   0.888950   0.452528   0.710006   0.026643   0.310184   0.670078   0.730982   0.485124   0.889180   0.444394   0.710319   0.025773   0.308789   0.670596   0.728226   0.481167   0.889674   0.440360   0.707159   0.026550   0.308865   0.670406   0.727021   0.479455   0.890110   0.438618   0.704193   0.026643   0.308934   0.670188   0.726031   0.478063   0.890177   0.437205   0.701614   0.026524   0.308993   0.669996   0.725098   0.476766   0.890142   0.435891   0.699243   0.026737   0.309039   0.669865   0.724095   0.475383   0.890070   0.434491   0.696765   0.027402   0.309098   0.669734   0.723169   0.474112   0.890122   0.433206   0.694343   0.028079   0.309178   0.669548   0.722496   0.473199   0.890491   0.432284   0.692276   0.028643 334814
  6   0.139670   0.665440   0.624801   0.352729   0.665286   0.312717   0.497075   0.035698   0.307320   0.670173   0.641840   0.370538   0.663952   0.329869   0.501905   0.040550   0.307717   0.669687   0.642865   0.371706   0.664573   0.331011   0.500268   0.036725   0.308134   0.669065   0.643812   0.372807   0.666319   0.332092   0.501176   0.034639   0.308367   0.668671   0.643662   0.372639   0.667315   0.331928   0.501932   0.033734   0.309228   0.667885   0.643733   0.372713   0.667244   0.331999   0.501927   0.033270   0.319598   0.663143   0.648199   0.378019   0.666591   0.337225   0.502554   0.031718   0.347416   0.653813   0.655350   0.386586   0.665524   0.345677   0.509027   0.031128   0.384848   0.644322   0.661932   0.394581   0.665130   0.353585   0.521397   0.035329   0.418487   0.637598   0.668365   0.402523   0.665604   0.361462   0.534431   0.042772   0.438461   0.634713   0.673213   0.408597   0.665795   0.367504   0.546002   0.049505   0.438509   0.636090   0.675749   0.411811   0.665650   0.370707   0.555126   0.053549   0.419350   0.641307   0.675373   0.411352   0.665267   0.370253   0.561392   0.053965   0.388364   0.648998   0.672023   0.407141   0.664585   0.366062   0.564494   0.050359   0.354238   0.657670   0.666502   0.400245   0.663892   0.359208   0.564809   0.043587   0.325834   0.665711   0.659726   0.391865   0.663725   0.350892   0.563849   0.036552   0.311119   0.670655   0.653610   0.384378   0.664027   0.343477   0.560815   0.033250   0.308015   0.671770   0.650722   0.380877   0.664526   0.340016   0.555862   0.032877   0.308089   0.671377   0.649978   0.379990   0.664904   0.339142   0.551244   0.032807   0.308158   0.671028   0.649163   0.379024   0.664923   0.338191   0.547236   0.033035   0.308211   0.670744   0.648231   0.377926   0.664986   0.337110   0.543788   0.033534   0.308271   0.670491   0.647259   0.376788   0.665040   0.335993   0.540558   0.033998   0.308340   0.670216   0.646457   0.375854   0.665077   0.335076   0.537507   0.034296   0.308402   0.669890   0.646026   0.375359   0.665395   0.334591   0.534711   0.034576 312458
  7   0.150851   0.667371   0.517961   0.247366   0.463002   0.212158   0.337897   0.042217   0.304487   0.673826   0.538557   0.264128   0.462142   0.227612   0.340633   0.047820   0.304911   0.673090   0.539772   0.265199   0.462675   0.228613   0.340267   0.044668   0.305129   0.672411   0.540470   0.265826   0.464197   0.229201   0.340413   0.044012   0.305224   0.671958   0.540584   0.265932   0.465072   0.229301   0.340186   0.044171   0.307699   0.669205   0.542605   0.267753   0.465006   0.231010   0.340976   0.044435   0.327070   0.657442   0.551025   0.275643   0.464370   0.238464   0.343928   0.043555   0.371862   0.637890   0.561313   0.285518   0.463368   0.247831   0.351034   0.046518   0.426619   0.619624   0.570011   0.294106   0.463007   0.256019   0.361767   0.056242   0.472057   0.607815   0.578555   0.302723   0.463416   0.264267   0.372783   0.067391   0.495525   0.604709   0.584878   0.309242   0.463578   0.270531   0.382918   0.076818   0.490475   0.610617   0.587887   0.312419   0.463460   0.273597   0.391452   0.082956   0.461382   0.623220   0.587103   0.311635   0.463123   0.272848   0.397910   0.084349   0.419154   0.639109   0.582544   0.306907   0.462519   0.268300   0.401913   0.080259   0.373504   0.655595   0.575209   0.299377   0.461907   0.261070   0.403153   0.071009   0.334379   0.670046   0.566679   0.290782   0.461764   0.252845   0.401796   0.058959   0.311239   0.679139   0.558769   0.282978   0.462045   0.245406   0.397799   0.049809   0.304444   0.681472   0.554180   0.278527   0.462507   0.241175   0.392126   0.046480   0.304062   0.680638   0.552361   0.276807   0.462848   0.239548   0.386639   0.045867   0.303736   0.679910   0.550803   0.275365   0.462847   0.238189   0.381672   0.046558   0.303428   0.679326   0.549302   0.273992   0.462887   0.236897   0.377113   0.047943   0.303201   0.678809   0.547774   0.272595   0.462916   0.235583   0.373010   0.048719   0.303027   0.678333   0.546277   0.271229   0.462939   0.234298   0.369329   0.049120   0.302848   0.677885   0.545011   0.270086   0.463221   0.233226   0.365985   0.049630 381455
  8   0.162154   0.667222   0.410930   0.164961   0.262284   0.136811   0.243365   0.054407   0.302763   0.673073   0.411652   0.164971   0.261769   0.136748   0.239486   0.067624   0.303405   0.671886   0.413581   0.166200   0.262290   0.137836   0.241042   0.069371   0.303755   0.671189   0.414191   0.166604   0.263684   0.138195   0.242316   0.071182   0.303939   0.670709   0.414261   0.166660   0.264486   0.138247   0.243017   0.073084   0.307552   0.666991   0.416417   0.168101   0.264435   0.139532   0.243967   0.074686   0.330992   0.651183   0.424254   0.173483   0.263873   0.144353   0.246191   0.077187   0.381010   0.625852   0.434787   0.180897   0.262984   0.151023   0.250422   0.086449   0.439985   0.603109   0.445071   0.188338   0.262692   0.157748   0.256356   0.100085   0.490764   0.587951   0.455234   0.195872   0.263138   0.164586   0.262648   0.109813   0.520519   0.583176   0.463179   0.201887   0.263366   0.170065   0.268676   0.116277   0.521399   0.589859   0.467517   0.205237   0.263314   0.173127   0.274037   0.120239   0.494414   0.605903   0.467776   0.205452   0.263036   0.173327   0.278047   0.120417   0.448912   0.626981   0.464130   0.202631   0.262473   0.170748   0.280061   0.115076   0.395195   0.650124   0.457323   0.197415   0.261895   0.165987   0.279945   0.106189   0.344611   0.672160   0.448015   0.190434   0.261745   0.159638   0.278049   0.095989   0.311805   0.687048   0.438012   0.183122   0.261955   0.153018   0.274614   0.086231   0.300790   0.691447   0.431231   0.178280   0.262344   0.148651   0.270412   0.081493   0.300118   0.690063   0.427955   0.176007   0.262645   0.146611   0.266532   0.080917   0.299879   0.688563   0.425364   0.174233   0.262648   0.145023   0.263357   0.083128   0.299695   0.687223   0.422908   0.172566   0.262675   0.143532   0.260734   0.085902   0.299413   0.686088   0.420558   0.170988   0.262680   0.142124   0.258164   0.085989   0.299052   0.685125   0.418473   0.169603   0.262688   0.140890   0.255653   0.085004   0.298625   0.684349   0.416651   0.168411   0.262935   0.139831   0.253279   0.085460 359748
  9   0.150763   0.677508   0.456481   0.198463   0.369804   0.167188   0.253138   0.080290   0.286833   0.694172   0.470095   0.208072   0.369621   0.175841   0.246509   0.096737   0.286007   0.693085   0.471908   0.209461   0.370042   0.177110   0.242587   0.098509   0.285996   0.691442   0.473323   0.210559   0.371359   0.178115   0.240169   0.101872   0.285750   0.689994   0.473847   0.211011   0.372062   0.178537   0.238138   0.107567   0.297822   0.677742   0.483275   0.218219   0.371929   0.185117   0.240357   0.112381   0.355483   0.641928   0.507187   0.237629   0.371254   0.203021   0.246275   0.119739   0.462917   0.595751   0.532952   0.260142   0.370249   0.224048   0.250915   0.143223   0.581187   0.558423   0.554638   0.280393   0.369875   0.243182   0.254977   0.171983   0.679008   0.534588   0.573037   0.298354   0.370180   0.260284   0.260025   0.186907   0.739056   0.526612   0.586391   0.311893   0.370240   0.273263   0.266361   0.193550   0.745289   0.537352   0.593612   0.319489   0.370055   0.280592   0.273711   0.197424   0.695806   0.564650   0.593679   0.319727   0.369694   0.280850   0.281358   0.198717   0.606423   0.601594   0.586328   0.312235   0.369161   0.273661   0.288104   0.194957   0.497270   0.642077   0.572768   0.298506   0.368635   0.260502   0.292504   0.185181   0.390887   0.680217   0.554466   0.280516   0.368530   0.243348   0.293873   0.166302   0.310174   0.711414   0.529799   0.257627   0.368842   0.221741   0.291134   0.138693   0.277071   0.724297   0.509713   0.239873   0.369327   0.205123   0.283372   0.123933   0.275332   0.721442   0.500947   0.232545   0.369660   0.198329   0.275008   0.123849   0.275325   0.717444   0.495531   0.228095   0.369657   0.194216   0.268981   0.126020   0.275449   0.713759   0.491148   0.224554   0.369712   0.190954   0.264171   0.129478   0.275812   0.710504   0.487074   0.221321   0.369761   0.187983   0.260205   0.130598   0.276152   0.707729   0.483346   0.218394   0.369790   0.185299   0.256563   0.130295   0.276280   0.705256   0.480317   0.216041   0.370048   0.183144   0.253003   0.130757 200574
 10   0.125139   0.667010   0.740188   0.498502   0.931105   0.458061   0.755891   0.027249   0.308169   0.673235   0.749685   0.512141   0.930321   0.471966   0.761753   0.023881   0.308437   0.672701   0.749983   0.512561   0.931117   0.472392   0.762363   0.024545   0.308681   0.672152   0.750234   0.512928   0.933120   0.472767   0.763524   0.025268   0.308848   0.671862   0.749400   0.511695   0.934338   0.471504   0.763400   0.026196   0.309050   0.671828   0.747529   0.508940   0.934455   0.468683   0.761684   0.027398   0.313039   0.671011   0.746422   0.507326   0.934011   0.467033   0.758325   0.029647   0.325684   0.668087   0.747697   0.509230   0.933175   0.468987   0.756511   0.031879   0.344264   0.663843   0.751320   0.514622   0.932690   0.474520   0.759262   0.033921   0.362414   0.659894   0.756752   0.522768   0.933273   0.482891   0.764424   0.036550   0.375377   0.657124   0.762354   0.531256   0.933759   0.491630   0.769036   0.038509   0.378646   0.656167   0.766715   0.537932   0.933706   0.498516   0.772246   0.038985   0.370656   0.657196   0.769067   0.541553   0.933193   0.502254   0.774023   0.037682   0.354043   0.659894   0.768873   0.541252   0.932228   0.501943   0.774590   0.034681   0.333840   0.663437   0.766376   0.537408   0.931519   0.497974   0.776667   0.029470   0.317102   0.666950   0.761156   0.529404   0.931376   0.489716   0.781973   0.024639   0.309899   0.669057   0.755706   0.521096   0.931528   0.481153   0.783572   0.024295   0.309185   0.669501   0.752783   0.516685   0.931971   0.476615   0.780382   0.025666   0.309193   0.669496   0.751004   0.514021   0.932429   0.473879   0.777702   0.025773   0.309209   0.669430   0.749445   0.511699   0.932556   0.471496   0.775459   0.025456   0.309241   0.669346   0.748044   0.509624   0.932424   0.469369   0.773262   0.025370   0.309283   0.669258   0.746824   0.507828   0.932270   0.467529   0.771062   0.025684   0.309337   0.669104   0.745918   0.506498   0.932371   0.466168   0.769301   0.025707   0.309410   0.668883   0.745316   0.505619   0.932785   0.465269   0.768033   0.025545 698267
 11   0.127042   0.668748   0.719239   0.469184   0.933286   0.428309   0.661587   0.027877   0.306762   0.676442   0.732318   0.487098   0.932290   0.446416   0.665469   0.024565   0.307033   0.675388   0.733746   0.489070   0.933083   0.448412   0.664590   0.024366   0.307342   0.674348   0.735188   0.491098   0.934986   0.450471   0.665189   0.023888   0.307604   0.673545   0.735743   0.491871   0.936027   0.451255   0.665589   0.023517   0.308410   0.672881   0.735648   0.491715   0.935968   0.451092   0.665193   0.023302   0.317163   0.670468   0.737949   0.495022   0.935361   0.454464   0.663851   0.023032   0.339282   0.664556   0.744668   0.504802   0.934391   0.464459   0.665557   0.022401   0.367829   0.656961   0.754762   0.519769   0.933826   0.479806   0.673383   0.022983   0.394485   0.650264   0.767289   0.538814   0.934208   0.499427   0.682805   0.025417   0.413047   0.645781   0.779803   0.558345   0.934400   0.519645   0.689921   0.028018   0.417138   0.644435   0.789852   0.574406   0.934116   0.536346   0.695125   0.029568   0.404896   0.646400   0.796069   0.584513   0.933448   0.546889   0.699415   0.029770   0.380027   0.650871   0.797839   0.587425   0.932428   0.549933   0.704311   0.028376   0.349233   0.656484   0.795439   0.583510   0.931725   0.545846   0.712566   0.024642   0.323143   0.662614   0.786572   0.569187   0.931641   0.530923   0.724044   0.022187   0.311021   0.667072   0.775836   0.552016   0.931897   0.513068   0.729470   0.024728   0.309031   0.668496   0.769844   0.542597   0.932446   0.503304   0.727479   0.027980   0.308867   0.668830   0.766235   0.537031   0.932973   0.497555   0.725121   0.029078   0.308752   0.669063   0.763068   0.532189   0.933156   0.492562   0.723152   0.029415   0.308679   0.669234   0.760213   0.527859   0.933151   0.488102   0.721466   0.029609   0.308638   0.669368   0.757607   0.523932   0.933101   0.484064   0.719992   0.029864   0.308620   0.669431   0.755397   0.520618   0.933230   0.480658   0.718807   0.029744   0.308620   0.669415   0.753629   0.517981   0.933651   0.477952   0.717861   0.029268 644820
 12   0.134036   0.665614   0.664615   0.399258   0.757376   0.358451   0.559733   0.035249   0.307139   0.670405   0.686686   0.425435   0.756100   0.384242   0.565664   0.037866   0.307597   0.669804   0.688165   0.427341   0.756757   0.386147   0.563976   0.034335   0.308035   0.669196   0.689385   0.428929   0.758604   0.387737   0.565318   0.032658   0.308332   0.668780   0.689669   0.429315   0.759657   0.388127   0.565650   0.032013   0.308974   0.668257   0.689711   0.429377   0.759615   0.388190   0.564974   0.031596   0.317069   0.664941   0.693721   0.434706   0.759015   0.393547   0.564207   0.029487   0.339966   0.657831   0.700918   0.444309   0.757971   0.403207   0.569061   0.026871   0.372043   0.650086   0.707806   0.453607   0.757561   0.412581   0.580802   0.028569   0.402875   0.643996   0.714905   0.463352   0.758038   0.422435   0.593266   0.034075   0.423908   0.640572   0.721194   0.472124   0.758201   0.431333   0.603980   0.039747   0.427856   0.640541   0.725496   0.478204   0.757990   0.437514   0.612674   0.043819   0.413033   0.643975   0.726706   0.479949   0.757532   0.439295   0.619420   0.045001   0.384877   0.650021   0.724333   0.476615   0.756753   0.435909   0.624117   0.042666   0.352114   0.657303   0.718954   0.469053   0.756014   0.428228   0.627474   0.037162   0.324455   0.664362   0.710858   0.457755   0.755869   0.416768   0.631365   0.031137   0.310629   0.668879   0.702741   0.446558   0.756206   0.405436   0.631935   0.029043   0.308067   0.670025   0.698646   0.440986   0.756754   0.399811   0.627940   0.029234   0.308156   0.669841   0.697208   0.439060   0.757193   0.397873   0.623850   0.028747   0.308250   0.669659   0.695902   0.437333   0.757282   0.396138   0.620225   0.028606   0.308335   0.669501   0.694677   0.435727   0.757381   0.394528   0.616858   0.028952   0.308415   0.669353   0.693564   0.434280   0.757436   0.393080   0.613507   0.029434   0.308479   0.669173   0.692676   0.433131   0.757479   0.391930   0.610153   0.029686   0.308551   0.668944   0.692083   0.432372   0.757821   0.391173   0.607064   0.029903 367696
 13   0.136825   0.668374   0.616256   0.344481   0.685404   0.304889   0.401124   0.048787   0.301962   0.675608   0.646642   0.376915   0.682368   0.336266   0.405632   0.049594   0.302673   0.674545   0.650399   0.381221   0.682922   0.340480   0.401990   0.043113   0.303207   0.673595   0.653309   0.384580   0.684645   0.343773   0.401143   0.039604   0.303660   0.672784   0.655005   0.386539   0.685641   0.345692   0.400927   0.038195   0.305832   0.670264   0.658696   0.390851   0.685637   0.349929   0.401617   0.036991   0.322572   0.660967   0.671440   0.406495   0.685086   0.365434   0.403607   0.033426   0.363387   0.646413   0.687852   0.427317   0.684139   0.386193   0.409644   0.033393   0.416222   0.633207   0.702287   0.446472   0.683744   0.405448   0.418849   0.041846   0.465428   0.623707   0.717123   0.466855   0.684025   0.426069   0.427306   0.053448   0.497444   0.619447   0.729739   0.484726   0.683975   0.444251   0.435567   0.064362   0.500030   0.621591   0.737804   0.496440   0.683633   0.456224   0.444398   0.072834   0.473155   0.629415   0.739905   0.499575   0.683102   0.459445   0.454009   0.077433   0.427852   0.640687   0.735599   0.493377   0.682328   0.453119   0.463881   0.076722   0.376726   0.653207   0.725749   0.479290   0.681646   0.438760   0.473670   0.070118   0.332977   0.665021   0.710602   0.458130   0.681575   0.417284   0.484201   0.058225   0.309169   0.673348   0.693363   0.434737   0.681978   0.393671   0.489379   0.049577   0.303491   0.676064   0.683008   0.421049   0.682552   0.379921   0.487076   0.046992   0.303671   0.675630   0.679495   0.416545   0.683012   0.375421   0.483699   0.044749   0.303912   0.675119   0.676995   0.413361   0.683168   0.372245   0.480804   0.043230   0.304109   0.674648   0.674941   0.410771   0.683339   0.369666   0.478086   0.042674   0.304271   0.674226   0.673048   0.408406   0.683418   0.367315   0.475412   0.042397   0.304364   0.673891   0.671176   0.406087   0.683461   0.365012   0.472813   0.042028   0.304371   0.673618   0.669530   0.404073   0.683798   0.363018   0.470242   0.041549 195339
 14   0.139965   0.679898   0.548688   0.276460   0.544531   0.239721   0.315340   0.074294   0.288472   0.698298   0.580325   0.305792   0.542614   0.267415   0.314434   0.078622   0.288036   0.696267   0.583367   0.308858   0.542874   0.270352   0.307562   0.079118   0.288337   0.694169   0.584712   0.310290   0.544271   0.271736   0.304376   0.080942   0.288677   0.692513   0.584582   0.310213   0.545048   0.271671   0.302355   0.083184   0.298348   0.681700   0.593062   0.318712   0.544893   0.279802   0.304042   0.084915   0.349893   0.648242   0.617840   0.345168   0.544122   0.305402   0.309563   0.092434   0.452033   0.603519   0.645879   0.377251   0.542963   0.336828   0.314827   0.117885   0.567456   0.567737   0.669802   0.406633   0.542444   0.365978   0.318876   0.149850   0.664300   0.547100   0.690861   0.433732   0.542596   0.393092   0.323227   0.172778   0.723858   0.543043   0.705909   0.453888   0.542480   0.413406   0.330055   0.188906   0.728485   0.555821   0.713496   0.464428   0.542180   0.424098   0.339578   0.199410   0.676859   0.582197   0.712532   0.463357   0.541789   0.423061   0.350933   0.203212   0.586646   0.616087   0.702983   0.450620   0.541285   0.410233   0.362698   0.198817   0.479676   0.652206   0.686469   0.428865   0.540795   0.388369   0.372869   0.185624   0.380366   0.684655   0.665732   0.402281   0.540784   0.361782   0.379409   0.161035   0.310819   0.708777   0.641170   0.372201   0.541263   0.331947   0.379969   0.125710   0.284752   0.716872   0.622859   0.350664   0.541876   0.310740   0.374052   0.102737   0.283945   0.713342   0.615342   0.342293   0.542255   0.302580   0.366076   0.097688   0.283819   0.709863   0.610433   0.336976   0.542257   0.297423   0.358832   0.096584   0.283530   0.707052   0.606415   0.332693   0.542336   0.293282   0.352102   0.097586   0.283337   0.704777   0.602511   0.328580   0.542410   0.289312   0.346202   0.098160   0.283304   0.702893   0.598511   0.324406   0.542456   0.285291   0.340916   0.098240   0.283319   0.701229   0.594891   0.320676   0.542765   0.281705   0.336003   0.098468 95043
 15   0.123929   0.666534   0.754961   0.520171   0.938972   0.480238   0.786014   0.022134   0.308531   0.672103   0.765573   0.535979   0.938359   0.496463   0.795751   0.018484   0.308834   0.671262   0.766964   0.538085   0.939242   0.498630   0.799433   0.019364   0.309118   0.670481   0.768120   0.539848   0.941343   0.500447   0.803582   0.020350   0.309318   0.669977   0.768140   0.539871   0.942596   0.500469   0.806304   0.021299   0.309591   0.669705   0.767230   0.538465   0.942721   0.499017   0.807218   0.022269   0.314414   0.668365   0.767694   0.539187   0.942246   0.499764   0.805774   0.023699   0.328849   0.664597   0.771238   0.544692   0.941333   0.505457   0.806481   0.024834   0.349162   0.659597   0.777233   0.554084   0.940695   0.515185   0.812733   0.025840   0.368508   0.655208   0.785015   0.566451   0.941170   0.528031   0.820211   0.028051   0.381621   0.652393   0.792598   0.578685   0.941602   0.540773   0.825728   0.030291   0.384034   0.651659   0.798285   0.587989   0.941487   0.550489   0.829075   0.031186   0.374555   0.653068   0.801369   0.593079   0.940944   0.555812   0.830736   0.030656   0.356234   0.656211   0.801324   0.593016   0.939966   0.555748   0.831995   0.028869   0.334695   0.660028   0.798491   0.588352   0.939343   0.550873   0.837502   0.024644   0.317659   0.663954   0.791704   0.577262   0.939289   0.539294   0.846869   0.021738   0.310795   0.666553   0.784510   0.565605   0.939466   0.527143   0.849087   0.023543   0.310086   0.667257   0.780716   0.559551   0.939955   0.520850   0.844885   0.025608   0.310009   0.667461   0.778164   0.555519   0.940504   0.516668   0.841626   0.025892   0.309948   0.667601   0.775866   0.551909   0.940722   0.512926   0.838748   0.025574   0.309896   0.667712   0.773733   0.548573   0.940598   0.509471   0.835850   0.025335   0.309865   0.667786   0.771839   0.545624   0.940479   0.506420   0.833067   0.025474   0.309854   0.667793   0.770282   0.543212   0.940669   0.503927   0.830762   0.025464   0.309859   0.667741   0.769029   0.541279   0.941160   0.501930   0.828832   0.025363 1077017
 16   0.125710   0.667830   0.736999   0.494097   0.930952   0.453603   0.714604   0.024699   0.307648   0.674543   0.750238   0.513002   0.930127   0.472856   0.722008   0.021856   0.307935   0.673425   0.752295   0.516002   0.930950   0.475923   0.723999   0.021560   0.308223   0.672404   0.754057   0.518597   0.932998   0.478580   0.727146   0.021126   0.308463   0.671670   0.754681   0.519509   0.934154   0.479513   0.729407   0.021102   0.309084   0.671087   0.754607   0.519383   0.934195   0.479380   0.730271   0.021218   0.316667   0.668922   0.756828   0.522715   0.933732   0.482805   0.729016   0.021342   0.336363   0.663635   0.763094   0.532217   0.932807   0.492588   0.730950   0.020620   0.362169   0.656906   0.772488   0.546704   0.932181   0.507552   0.739718   0.020614   0.386351   0.651036   0.784136   0.565071   0.932568   0.526600   0.749543   0.022739   0.402701   0.647229   0.795472   0.583362   0.932791   0.545652   0.756783   0.025049   0.405698   0.646188   0.804256   0.597836   0.932536   0.560787   0.761942   0.026382   0.394153   0.647963   0.809442   0.606504   0.931934   0.569875   0.765899   0.026643   0.371676   0.651874   0.810575   0.608412   0.930916   0.571879   0.770044   0.025465   0.344303   0.656662   0.808081   0.604231   0.930228   0.567492   0.778406   0.022079   0.321427   0.661927   0.799562   0.590101   0.930152   0.552699   0.791805   0.020181   0.311356   0.665786   0.789485   0.573552   0.930353   0.535406   0.798516   0.023161   0.309985   0.666984   0.784159   0.564948   0.930866   0.526442   0.796575   0.026315   0.309838   0.667271   0.781002   0.559921   0.931415   0.521219   0.794381   0.027040   0.309722   0.667486   0.778182   0.555468   0.931641   0.516599   0.792466   0.027269   0.309632   0.667662   0.775586   0.551395   0.931634   0.512380   0.790685   0.027392   0.309564   0.667802   0.773247   0.547749   0.931591   0.508606   0.788826   0.027458   0.309529   0.667883   0.771242   0.544642   0.931754   0.505394   0.786961   0.027453   0.309527   0.667885   0.769620   0.542142   0.932218   0.502813   0.785485   0.027273 950915
 17   0.124895   0.669379   0.735549   0.492536   0.932310   0.452107   0.643374   0.026196   0.305899   0.677481   0.749674   0.512500   0.931449   0.472404   0.651132   0.025079   0.306321   0.676090   0.751745   0.515487   0.932341   0.475452   0.652164   0.025225   0.306660   0.674881   0.753433   0.517956   0.934399   0.477977   0.654287   0.024700   0.306891   0.674001   0.753992   0.518769   0.935546   0.478807   0.655686   0.024146   0.309016   0.673071   0.754452   0.519440   0.935569   0.479494   0.655313   0.023776   0.325023   0.669205   0.759280   0.526737   0.935090   0.487004   0.654784   0.022442   0.361523   0.660531   0.770260   0.543592   0.934203   0.504400   0.660930   0.020225   0.408184   0.649989   0.786073   0.568576   0.933576   0.530325   0.673829   0.020732   0.454231   0.640720   0.805426   0.600302   0.933821   0.563474   0.685138   0.024352   0.489166   0.634462   0.824070   0.632041   0.933882   0.596870   0.692203   0.028462   0.500090   0.632721   0.838466   0.657385   0.933446   0.623706   0.697281   0.032133   0.480955   0.635949   0.846929   0.672641   0.932660   0.639932   0.701919   0.034852   0.437678   0.642880   0.848912   0.676268   0.931531   0.643800   0.708024   0.035267   0.383688   0.650984   0.845199   0.669521   0.930804   0.636614   0.718998   0.031579   0.336909   0.659492   0.832332   0.646583   0.930715   0.612268   0.734255   0.027224   0.313074   0.666763   0.814261   0.615006   0.930942   0.578880   0.742512   0.029320   0.308115   0.669776   0.802794   0.595474   0.931493   0.558327   0.741605   0.033576   0.307843   0.670226   0.797124   0.586110   0.932089   0.548530   0.739470   0.034544   0.307630   0.670552   0.792319   0.578279   0.932398   0.540358   0.737605   0.034523   0.307495   0.670761   0.788043   0.571386   0.932453   0.533180   0.736120   0.034250   0.307414   0.670878   0.784289   0.565396   0.932451   0.526953   0.734753   0.033956   0.307384   0.670900   0.781136   0.560405   0.932651   0.521772   0.733361   0.033694   0.307438   0.670829   0.778449   0.556180   0.933137   0.517393   0.732302   0.033339 503202
 18   0.129696   0.666266   0.705211   0.451148   0.838510   0.410284   0.592920   0.038422   0.307055   0.671191   0.733898   0.489547   0.837494   0.448947   0.588088   0.041824   0.307722   0.669868   0.739468   0.497532   0.838147   0.457086   0.580385   0.037789   0.308299   0.668897   0.743029   0.502689   0.840097   0.462351   0.578156   0.036018   0.308701   0.668222   0.744820   0.505298   0.841213   0.465018   0.577086   0.035972   0.309553   0.667482   0.746097   0.507171   0.841232   0.466935   0.576365   0.035482   0.318248   0.664221   0.752644   0.516963   0.840793   0.476994   0.576750   0.031502   0.340665   0.657692   0.762980   0.532598   0.839887   0.493087   0.585226   0.024971   0.370577   0.650588   0.772255   0.546943   0.839452   0.507915   0.601237   0.022762   0.400188   0.644590   0.781738   0.561925   0.839857   0.523461   0.616428   0.025976   0.422019   0.640813   0.790017   0.575247   0.839942   0.537334   0.629365   0.031035   0.428429   0.640169   0.795552   0.584282   0.839635   0.546767   0.640670   0.035851   0.416030   0.642906   0.797315   0.587189   0.839068   0.549808   0.650903   0.038776   0.388348   0.648360   0.794635   0.582798   0.838145   0.545220   0.660687   0.038342   0.354122   0.655132   0.787833   0.571733   0.837424   0.533674   0.671971   0.034297   0.324733   0.662201   0.775568   0.552178   0.837407   0.513347   0.685807   0.029593   0.310726   0.667158   0.762685   0.532016   0.837809   0.492462   0.692922   0.029034   0.308485   0.668662   0.756187   0.522055   0.838416   0.482183   0.690933   0.030127   0.308543   0.668719   0.753583   0.518143   0.838951   0.478162   0.687435   0.029882   0.308646   0.668689   0.751565   0.515138   0.839166   0.475078   0.683799   0.030002   0.308765   0.668636   0.749872   0.512637   0.839300   0.472515   0.679997   0.030750   0.308871   0.668573   0.748470   0.510577   0.839304   0.470406   0.675892   0.031773   0.308951   0.668465   0.747409   0.509020   0.839330   0.468813   0.671860   0.032352   0.309041   0.668295   0.746701   0.507988   0.839694   0.467757   0.668224   0.032634 245159
 19   0.129802   0.667775   0.673594   0.411341   0.788415   0.370623   0.442175   0.048055   0.302465   0.674387   0.701866   0.446285   0.786972   0.405323   0.447095   0.048529   0.303213   0.673464   0.705887   0.451699   0.787587   0.410779   0.444745   0.042032   0.303750   0.672777   0.708287   0.454861   0.789422   0.413953   0.445156   0.038623   0.304163   0.672094   0.709865   0.456939   0.790489   0.416039   0.445338   0.037521   0.306125   0.670055   0.713714   0.462045   0.790516   0.421173   0.445660   0.036019   0.320933   0.662822   0.727041   0.480617   0.790013   0.440012   0.447649   0.030419   0.356954   0.651425   0.744978   0.506414   0.789102   0.466329   0.455269   0.025450   0.403972   0.640655   0.760973   0.530366   0.788665   0.490948   0.466484   0.027956   0.449068   0.632196   0.777029   0.555316   0.788873   0.516767   0.476264   0.035066   0.481073   0.627290   0.791118   0.577976   0.788730   0.540369   0.485176   0.043266   0.487504   0.627339   0.801051   0.594425   0.788256   0.557597   0.494598   0.050991   0.465002   0.632428   0.805097   0.601253   0.787566   0.564773   0.505234   0.056790   0.422683   0.641029   0.802315   0.596590   0.786637   0.559879   0.516943   0.058901   0.373196   0.651298   0.792902   0.580988   0.785945   0.543534   0.530544   0.055908   0.330910   0.661782   0.775098   0.552372   0.785961   0.513733   0.546801   0.046602   0.309307   0.669675   0.754247   0.519898   0.786432   0.480113   0.555527   0.039812   0.304991   0.672438   0.742589   0.502276   0.787095   0.461972   0.554190   0.038250   0.305275   0.672335   0.738723   0.496624   0.787660   0.456190   0.551455   0.036377   0.305545   0.672107   0.735875   0.492502   0.787914   0.451981   0.548895   0.035351   0.305820   0.671837   0.733480   0.489069   0.788107   0.448483   0.546744   0.035226   0.306033   0.671592   0.731333   0.486024   0.788148   0.445384   0.544624   0.035499   0.306151   0.671362   0.729536   0.483505   0.788185   0.442828   0.542489   0.035458   0.306202   0.671151   0.728091   0.481507   0.788546   0.440805   0.540334   0.035329 180733
 20   0.123342   0.666624   0.762487   0.531546   0.942840   0.491945   0.797089   0.020884   0.308664   0.672142   0.774653   0.550007   0.942138   0.510956   0.809200   0.016597   0.308925   0.671042   0.776899   0.553494   0.943010   0.514562   0.814672   0.017347   0.309226   0.670046   0.778759   0.556402   0.945175   0.517573   0.820512   0.018543   0.309467   0.669359   0.779379   0.557368   0.946423   0.518573   0.824454   0.019627   0.310351   0.668741   0.779498   0.557552   0.946593   0.518763   0.825858   0.020399   0.319505   0.666018   0.782514   0.562356   0.946197   0.523754   0.825282   0.020694   0.342005   0.659941   0.789868   0.574185   0.945275   0.536068   0.829857   0.020229   0.370374   0.652938   0.800090   0.590940   0.944531   0.553570   0.840988   0.020616   0.396145   0.647229   0.812131   0.611130   0.944852   0.574752   0.851275   0.022758   0.412649   0.643852   0.823244   0.630188   0.945131   0.594830   0.858147   0.024867   0.414215   0.643401   0.831442   0.644532   0.944871   0.610000   0.862175   0.026173   0.400221   0.645729   0.836096   0.652782   0.944238   0.618746   0.864299   0.026439   0.375410   0.650028   0.836931   0.654276   0.943143   0.620332   0.866336   0.025396   0.346356   0.654934   0.834392   0.649774   0.942452   0.615559   0.874343   0.022104   0.322697   0.660156   0.826009   0.635068   0.942347   0.599999   0.888478   0.020173   0.312690   0.663905   0.816249   0.618088   0.942469   0.582062   0.894953   0.023026   0.311416   0.665050   0.811091   0.609250   0.942961   0.572752   0.892406   0.026213   0.311240   0.665384   0.807880   0.603828   0.943564   0.567057   0.889885   0.027168   0.311075   0.665647   0.804981   0.598967   0.943836   0.561958   0.887898   0.027283   0.310910   0.665870   0.802263   0.594442   0.943743   0.557216   0.886314   0.026756   0.310769   0.666045   0.799863   0.590469   0.943684   0.553059   0.884975   0.026022   0.310687   0.666160   0.797836   0.587136   0.943938   0.549575   0.883456   0.025767   0.310652   0.666211   0.796122   0.584334   0.944492   0.546649   0.881904   0.025726 878862
 21   0.124483   0.667792   0.749151   0.511757   0.936115   0.471648   0.734524   0.021927   0.307737   0.674420   0.761623   0.530062   0.935404   0.490384   0.744183   0.019923   0.308071   0.673200   0.763864   0.533418   0.936327   0.493832   0.748558   0.020368   0.308401   0.672093   0.765803   0.536347   0.938462   0.496845   0.753563   0.020538   0.308661   0.671303   0.766508   0.537404   0.939666   0.497931   0.757399   0.020908   0.309805   0.670572   0.766709   0.537694   0.939753   0.498227   0.759344   0.021285   0.320468   0.667635   0.770115   0.542953   0.939358   0.503660   0.759761   0.021479   0.345905   0.661066   0.778268   0.555708   0.938483   0.516869   0.765344   0.020656   0.377683   0.653310   0.789912   0.574323   0.937747   0.536225   0.777331   0.020826   0.407100   0.646796   0.804001   0.597453   0.938012   0.560394   0.788340   0.023170   0.427204   0.642683   0.817294   0.619877   0.938171   0.583946   0.795664   0.025541   0.430633   0.641826   0.827358   0.637267   0.937839   0.602293   0.800328   0.027179   0.415690   0.644230   0.833207   0.647537   0.937171   0.613160   0.803522   0.027998   0.387562   0.648940   0.834556   0.649924   0.936100   0.615690   0.806923   0.027509   0.353789   0.654301   0.832072   0.645539   0.935448   0.611044   0.815851   0.024174   0.325454   0.660095   0.822719   0.629257   0.935398   0.593844   0.830511   0.021634   0.312748   0.664558   0.811035   0.609145   0.935584   0.572640   0.838071   0.024758   0.310896   0.666045   0.804623   0.598304   0.936109   0.561250   0.836724   0.028588   0.310680   0.666424   0.800915   0.592142   0.936714   0.554796   0.834943   0.029546   0.310489   0.666719   0.797624   0.586718   0.937009   0.549124   0.833676   0.029670   0.310317   0.666951   0.794622   0.581806   0.936977   0.543995   0.832788   0.029201   0.310175   0.667119   0.791999   0.577541   0.936918   0.539547   0.831920   0.028577   0.310087   0.667218   0.789792   0.573975   0.937130   0.535831   0.830818   0.028277   0.310038   0.667260   0.787902   0.570941   0.937639   0.532675   0.829754   0.028004 1092438
 22   0.122435   0.668165   0.756297   0.522520   0.938975   0.482717   0.718841   0.022958   0.306026   0.675144   0.768075   0.540051   0.938244   0.500708   0.730766   0.021608   0.306386   0.673915   0.770023   0.543008   0.939154   0.503754   0.736112   0.022243   0.306673   0.672843   0.771634   0.545473   0.941309   0.506297   0.741621   0.022831   0.306896   0.672086   0.772009   0.546036   0.942541   0.506875   0.745515   0.023600   0.311017   0.670828   0.773019   0.547583   0.942659   0.508471   0.746615   0.024459   0.333406   0.665784   0.779287   0.557442   0.942270   0.518691   0.749206   0.024524   0.380682   0.655816   0.792136   0.578105   0.941381   0.540202   0.760490   0.024079   0.440241   0.644642   0.810059   0.607957   0.940570   0.571484   0.776004   0.026492   0.497924   0.635325   0.830796   0.643867   0.940693   0.609391   0.788018   0.031683   0.538655   0.629578   0.849687   0.677846   0.940655   0.645516   0.795627   0.036348   0.544467   0.629063   0.863747   0.703969   0.940136   0.673461   0.799776   0.039486   0.511152   0.633908   0.871581   0.718822   0.939355   0.689410   0.801933   0.041500   0.453850   0.642021   0.872793   0.721103   0.938232   0.691856   0.805453   0.042214   0.390920   0.650203   0.868419   0.712677   0.937619   0.682781   0.817018   0.037957   0.339793   0.658009   0.855283   0.688011   0.937664   0.656344   0.834658   0.031876   0.314988   0.664144   0.838842   0.657794   0.937914   0.624087   0.842447   0.033366   0.310017   0.666507   0.829174   0.640507   0.938497   0.605731   0.840335   0.037390   0.309636   0.667092   0.823689   0.630927   0.939177   0.595603   0.838877   0.037630   0.309370   0.667522   0.818938   0.622729   0.939533   0.586956   0.838459   0.036684   0.309150   0.667838   0.814720   0.615522   0.939508   0.579369   0.838575   0.035155   0.308929   0.668093   0.810996   0.609213   0.939468   0.572737   0.838536   0.033632   0.308730   0.668279   0.807789   0.603821   0.939740   0.567077   0.837939   0.032759   0.308595   0.668369   0.805028   0.599213   0.940313   0.562247   0.837341   0.032113 435844
 23   0.122094   0.669845   0.744047   0.504391   0.939660   0.464130   0.659191   0.022296   0.302811   0.678400   0.754256   0.519245   0.938914   0.479311   0.668810   0.023450   0.303339   0.677023   0.755807   0.521551   0.939834   0.481677   0.671726   0.024689   0.303688   0.675908   0.756804   0.523041   0.941848   0.483208   0.674992   0.025264   0.303871   0.675159   0.756576   0.522689   0.942978   0.482844   0.677216   0.025725   0.312037   0.673055   0.758607   0.525714   0.943023   0.485949   0.676843   0.025792   0.351518   0.664739   0.768613   0.541056   0.942583   0.501781   0.680557   0.024465   0.434420   0.648888   0.789366   0.574201   0.941721   0.536247   0.695295   0.024038   0.541348   0.631267   0.819282   0.624690   0.940823   0.589299   0.710981   0.028511   0.643604   0.616901   0.852001   0.683313   0.940696   0.651599   0.718750   0.034955   0.710425   0.608835   0.880010   0.736390   0.940436   0.708607   0.718847   0.039760   0.712309   0.609665   0.899648   0.775316   0.939690   0.750771   0.713094   0.043564   0.648660   0.618658   0.909848   0.796086   0.938714   0.773385   0.706806   0.046981   0.547914   0.632051   0.910792   0.797965   0.937501   0.775420   0.706440   0.048808   0.442226   0.645204   0.903533   0.782968   0.936852   0.759049   0.719861   0.046077   0.358655   0.657068   0.883524   0.742918   0.936827   0.715592   0.745222   0.040627   0.315771   0.667141   0.856731   0.691195   0.937042   0.659849   0.757891   0.042351   0.305529   0.671827   0.839320   0.659013   0.937614   0.625454   0.755766   0.046820   0.304913   0.672717   0.830086   0.642622   0.938302   0.608070   0.755154   0.046482   0.304625   0.673272   0.822410   0.629249   0.938743   0.593937   0.755743   0.044912   0.304554   0.673502   0.816015   0.618279   0.938790   0.582377   0.756846   0.042683   0.304617   0.673447   0.810780   0.609409   0.938747   0.573050   0.758318   0.040629   0.304701   0.673253   0.806553   0.602337   0.939006   0.565632   0.759512   0.039029   0.304828   0.672986   0.803061   0.596562   0.939579   0.559588   0.760275   0.037565 194321
 24   0.124903   0.671176   0.714124   0.462976   0.916899   0.422178   0.520996   0.031716   0.301779   0.680860   0.729838   0.484420   0.915978   0.443848   0.526333   0.032251   0.302436   0.679359   0.732217   0.487799   0.916712   0.447285   0.523390   0.031727   0.302628   0.678423   0.733106   0.489035   0.918466   0.448539   0.523043   0.030386   0.302684   0.677736   0.732988   0.488877   0.919479   0.448378   0.523479   0.029946   0.307013   0.675594   0.735817   0.492928   0.919463   0.452509   0.524240   0.028884   0.334646   0.667755   0.747889   0.510737   0.918886   0.470763   0.529830   0.024015   0.397854   0.653022   0.768767   0.542563   0.917955   0.503584   0.545702   0.020034   0.482730   0.636179   0.796132   0.586427   0.917320   0.549247   0.565110   0.023509   0.572714   0.621328   0.827334   0.639425   0.917377   0.605017   0.578030   0.031766   0.646312   0.611235   0.855386   0.689820   0.917139   0.658608   0.584820   0.041150   0.670851   0.609197   0.875676   0.727997   0.916427   0.699560   0.589299   0.049590   0.633162   0.615777   0.886528   0.749035   0.915429   0.722254   0.593886   0.055805   0.551617   0.628076   0.887932   0.751752   0.914207   0.725185   0.600979   0.058706   0.453022   0.642342   0.880747   0.737605   0.913384   0.709879   0.614632   0.056465   0.365269   0.656247   0.861115   0.700129   0.913291   0.669573   0.638153   0.047648   0.315626   0.669008   0.830455   0.644143   0.913651   0.609860   0.651228   0.044219   0.303079   0.675261   0.809209   0.606839   0.914355   0.570370   0.647548   0.046336   0.303226   0.675400   0.801424   0.593799   0.915092   0.556688   0.643703   0.044724   0.303657   0.675150   0.795737   0.584409   0.915561   0.546864   0.641841   0.042702   0.304183   0.674732   0.791230   0.577032   0.915790   0.539158   0.641128   0.040930   0.304580   0.674333   0.787320   0.570690   0.915848   0.532545   0.640732   0.039756   0.304767   0.674052   0.783717   0.564910   0.916047   0.526530   0.640373   0.039232   0.304815   0.673877   0.780360   0.559597   0.916558   0.521015   0.640146   0.038767 191716
