timestamp=                2021-11-14T10:38:31.662462
shape=                    (5, 5)
sigma=                    2.5
nepochs=                  2
thresh=                   None
rate=                     0.0075
neighborhood function=    gaussian
init weights=             pca
topology=                 hexagonal
activation distance=      euclidean
output type=              labels
mapfile_prefix=           full2020_5x5_2_0075_3_10
apply classification=     False
seed=                     None
random order=             True
custom init file=         None
order labels by size=     False
decay_function=           3

Quantization Error=       0.35667800
Topographic Error=        0.14251137

############ NEURONS #############
 25 192
  0   0.160677   0.707900   0.364691   0.143365   0.196975   0.118530   0.206564   0.087255   0.287017   0.724111   0.341521   0.129056   0.196109   0.105893   0.194453   0.120968   0.287365   0.722052   0.342335   0.129491   0.196704   0.106268   0.194910   0.131006   0.287284   0.720516   0.342566   0.129616   0.198464   0.106376   0.194859   0.141676   0.287274   0.719388   0.341915   0.129242   0.199430   0.106050   0.194582   0.151249   0.301313   0.706924   0.347806   0.132619   0.199322   0.108994   0.196015   0.158506   0.358176   0.671658   0.362464   0.141388   0.198649   0.116696   0.199096   0.170644   0.456467   0.626128   0.378172   0.151278   0.197523   0.125454   0.202223   0.190745   0.563106   0.586964   0.393204   0.161077   0.197191   0.134184   0.206239   0.205567   0.652500   0.560692   0.407062   0.170394   0.197739   0.142530   0.210768   0.208485   0.707444   0.551932   0.418020   0.177982   0.198016   0.149361   0.215307   0.209175   0.713766   0.563264   0.424692   0.182723   0.198074   0.153647   0.219858   0.211316   0.669124   0.591995   0.425935   0.183641   0.197816   0.154484   0.223759   0.211361   0.588383   0.630313   0.421718   0.180650   0.197149   0.151781   0.225911   0.204895   0.488873   0.672800   0.413059   0.174559   0.196523   0.146282   0.225847   0.195512   0.389595   0.714459   0.400003   0.165608   0.196389   0.138239   0.223899   0.188005   0.314302   0.746459   0.383165   0.154443   0.196579   0.128261   0.220209   0.176695   0.282755   0.758063   0.369489   0.145669   0.196992   0.120464   0.215178   0.167563   0.279851   0.754904   0.361947   0.141030   0.197253   0.116372   0.210066   0.166653   0.279529   0.750681   0.356373   0.137691   0.197105   0.113440   0.205806   0.171391   0.279739   0.746691   0.351464   0.134804   0.197011   0.110912   0.202407   0.175639   0.279785   0.743424   0.346892   0.132144   0.196887   0.108587   0.199212   0.173272   0.279513   0.740793   0.342954   0.129874   0.196820   0.106606   0.196098   0.169823   0.279095   0.738526   0.339888   0.128122   0.197101   0.105080   0.193447   0.170193 202286
  1   0.160138   0.700783   0.406250   0.169446   0.253469   0.141623   0.244107   0.051931   0.298726   0.710282   0.395054   0.161517   0.252550   0.134461   0.235118   0.064789   0.299262   0.709028   0.395856   0.162007   0.253194   0.134893   0.236074   0.068609   0.299337   0.708246   0.396025   0.162124   0.255065   0.134997   0.236498   0.073222   0.299413   0.707695   0.395339   0.161685   0.256134   0.134608   0.236500   0.077493   0.306219   0.700985   0.398820   0.163929   0.256053   0.136603   0.237946   0.080693   0.340782   0.678992   0.409167   0.170871   0.255357   0.142815   0.241402   0.085253   0.407285   0.648381   0.421104   0.179198   0.254185   0.150316   0.246178   0.097183   0.482090   0.622319   0.432938   0.187684   0.253773   0.157997   0.252676   0.111909   0.542968   0.606827   0.444020   0.195823   0.254255   0.165392   0.259951   0.121528   0.576044   0.604475   0.452160   0.201939   0.254510   0.170973   0.267049   0.129106   0.573601   0.614861   0.456371   0.205167   0.254547   0.173928   0.273005   0.135129   0.537940   0.634646   0.456222   0.205071   0.254254   0.173843   0.276697   0.136647   0.482725   0.658130   0.452131   0.201937   0.253545   0.170975   0.277522   0.131286   0.418660   0.682654   0.445069   0.196573   0.252913   0.166072   0.275867   0.121232   0.356622   0.706274   0.435390   0.189380   0.252849   0.159522   0.272338   0.109382   0.313713   0.723541   0.423946   0.181109   0.253142   0.152026   0.267065   0.096938   0.297673   0.729675   0.415094   0.174882   0.253638   0.146409   0.260889   0.089864   0.295590   0.728972   0.409977   0.171402   0.253958   0.143287   0.255164   0.088885   0.294694   0.727672   0.405913   0.168680   0.253848   0.140852   0.250467   0.091859   0.294371   0.726082   0.402307   0.166294   0.253760   0.138722   0.246643   0.094891   0.293932   0.724779   0.398718   0.163945   0.253617   0.136629   0.243020   0.093721   0.293389   0.723744   0.395419   0.161810   0.253549   0.134730   0.239492   0.091725   0.293003   0.722642   0.392770   0.160114   0.253866   0.133224   0.236456   0.092141 325799
  2   0.155591   0.698467   0.460712   0.208458   0.346954   0.176933   0.294126   0.043809   0.302457   0.706070   0.460162   0.207460   0.346149   0.175929   0.289122   0.052902   0.302751   0.705301   0.460583   0.207747   0.346821   0.176186   0.289827   0.054840   0.302900   0.704572   0.461094   0.208132   0.348778   0.176537   0.290214   0.057773   0.303113   0.703976   0.460791   0.207902   0.349905   0.176327   0.290150   0.060878   0.307526   0.699945   0.463246   0.209755   0.349824   0.178019   0.291318   0.063347   0.334020   0.685491   0.471392   0.216131   0.349100   0.183876   0.295278   0.064751   0.389540   0.663564   0.481284   0.224125   0.347869   0.191258   0.301931   0.071808   0.453546   0.644276   0.491440   0.232529   0.347399   0.199051   0.310657   0.085030   0.503472   0.633226   0.500985   0.240553   0.347854   0.206512   0.319943   0.096881   0.526624   0.632196   0.507703   0.246293   0.348097   0.211864   0.328262   0.106520   0.520503   0.639870   0.511108   0.249252   0.348116   0.214632   0.334347   0.113487   0.490649   0.653126   0.510761   0.248961   0.347794   0.214362   0.337506   0.115502   0.446552   0.668780   0.506851   0.245557   0.347059   0.211177   0.337453   0.110831   0.395717   0.685253   0.500240   0.239850   0.346414   0.205846   0.334708   0.100474   0.346948   0.701147   0.491666   0.232586   0.346363   0.199083   0.330041   0.087199   0.314026   0.712935   0.482065   0.224652   0.346694   0.191727   0.323769   0.075633   0.302345   0.717282   0.475105   0.219031   0.347241   0.186537   0.317015   0.070470   0.300914   0.717003   0.471507   0.216209   0.347596   0.183944   0.311113   0.069876   0.300108   0.716393   0.468608   0.213961   0.347496   0.181883   0.306151   0.071809   0.299553   0.715716   0.465952   0.211921   0.347414   0.180015   0.301860   0.074032   0.299181   0.714995   0.463455   0.210017   0.347283   0.178274   0.297983   0.073941   0.298869   0.714328   0.461146   0.208266   0.347239   0.176674   0.294352   0.073246   0.298502   0.713764   0.459050   0.206697   0.347591   0.175244   0.291026   0.073437 327845
  3   0.144398   0.697733   0.557677   0.292146   0.534153   0.255160   0.397814   0.036355   0.303967   0.704740   0.570733   0.304068   0.532366   0.266403   0.397867   0.039909   0.304513   0.704133   0.570886   0.304194   0.533153   0.266520   0.397255   0.038412   0.304716   0.703678   0.570372   0.303683   0.535349   0.266030   0.397624   0.038960   0.304788   0.703385   0.569301   0.302631   0.536599   0.265026   0.397285   0.039879   0.307928   0.700396   0.571324   0.304587   0.536530   0.266889   0.398130   0.040454   0.330692   0.689971   0.579144   0.312440   0.535759   0.274420   0.402793   0.039529   0.380209   0.674575   0.587306   0.320844   0.534424   0.282515   0.412726   0.042324   0.438607   0.660987   0.594199   0.328090   0.533932   0.289521   0.426405   0.051988   0.484936   0.652888   0.601016   0.335341   0.534426   0.296545   0.440050   0.063117   0.505244   0.651676   0.605522   0.340175   0.534661   0.301237   0.451766   0.072492   0.496825   0.656718   0.607114   0.341882   0.534665   0.302893   0.460190   0.078023   0.465981   0.665927   0.605677   0.340308   0.534305   0.301360   0.464473   0.078072   0.423533   0.676832   0.601519   0.335798   0.533487   0.296976   0.464582   0.072428   0.378537   0.687990   0.595719   0.329584   0.532759   0.290947   0.461091   0.062489   0.338563   0.698405   0.589069   0.322574   0.532679   0.284167   0.455246   0.051424   0.313674   0.705949   0.582170   0.315414   0.533023   0.277260   0.447742   0.044274   0.305813   0.708605   0.577929   0.311076   0.533603   0.273087   0.439725   0.042274   0.305012   0.708475   0.576251   0.309414   0.533976   0.271498   0.432708   0.042163   0.304460   0.708259   0.574602   0.307793   0.533870   0.269949   0.426718   0.042601   0.304064   0.707968   0.573128   0.306354   0.533804   0.268576   0.421500   0.043263   0.303797   0.707650   0.571562   0.304826   0.533693   0.267118   0.416757   0.043607   0.303567   0.707350   0.570032   0.303342   0.533671   0.265703   0.412261   0.043824   0.303351   0.707063   0.568777   0.302137   0.534081   0.264557   0.408061   0.044053 276757
  4   0.139828   0.697892   0.597672   0.332556   0.620329   0.293972   0.451425   0.037276   0.304485   0.705027   0.615526   0.350793   0.618677   0.311517   0.454128   0.041302   0.305019   0.704323   0.616521   0.351852   0.619499   0.312543   0.451748   0.038644   0.305352   0.703694   0.616891   0.352241   0.621818   0.312920   0.451830   0.037926   0.305530   0.703246   0.616485   0.351786   0.623134   0.312475   0.451327   0.037991   0.308406   0.700670   0.618381   0.353844   0.623071   0.314475   0.451250   0.038207   0.329905   0.691512   0.626271   0.362700   0.622282   0.323137   0.455124   0.036785   0.378347   0.677412   0.635579   0.373364   0.620923   0.333607   0.465177   0.038372   0.438023   0.664412   0.643902   0.383138   0.620422   0.343244   0.479000   0.046858   0.490567   0.655665   0.652294   0.393191   0.620895   0.353195   0.492696   0.057840   0.520106   0.652879   0.658449   0.400702   0.621078   0.360654   0.504746   0.067548   0.517149   0.656572   0.661228   0.404141   0.621029   0.364077   0.514107   0.073889   0.485002   0.665270   0.659973   0.402608   0.620623   0.362555   0.520008   0.075145   0.436665   0.676359   0.654990   0.396513   0.619757   0.356500   0.521995   0.070346   0.385170   0.687746   0.647845   0.387873   0.618997   0.347933   0.520437   0.060747   0.340470   0.698120   0.639767   0.378256   0.618921   0.338426   0.516490   0.049863   0.313657   0.705535   0.631230   0.368272   0.619292   0.328588   0.509970   0.043337   0.305838   0.708040   0.625940   0.362177   0.619903   0.322599   0.501731   0.041933   0.305424   0.707717   0.624069   0.360084   0.620302   0.320553   0.494304   0.041634   0.305139   0.707367   0.622351   0.358177   0.620215   0.318692   0.488115   0.041479   0.304926   0.706973   0.620863   0.356540   0.620166   0.317096   0.482743   0.041652   0.304791   0.706595   0.619372   0.354905   0.620059   0.315504   0.477758   0.041835   0.304672   0.706285   0.617926   0.353323   0.620040   0.313964   0.472981   0.041936   0.304540   0.705981   0.616753   0.352057   0.620472   0.312733   0.468520   0.042218 340116
  5   0.153206   0.702621   0.427910   0.185648   0.269935   0.156389   0.245590   0.165714   0.280831   0.713326   0.408925   0.172350   0.271258   0.144392   0.232672   0.268419   0.280216   0.710761   0.410410   0.173381   0.271781   0.145321   0.231996   0.295706   0.279085   0.708729   0.411530   0.174176   0.273493   0.146040   0.231994   0.320033   0.278236   0.707230   0.411567   0.174232   0.274341   0.146095   0.232128   0.342121   0.295060   0.700445   0.414060   0.175945   0.274096   0.147635   0.232555   0.357550   0.361636   0.677668   0.424231   0.183099   0.273328   0.154096   0.235217   0.358815   0.472655   0.643677   0.439555   0.194257   0.272141   0.164234   0.239137   0.360322   0.588982   0.612058   0.455871   0.206614   0.271856   0.175537   0.242969   0.365833   0.683538   0.588689   0.471046   0.218494   0.272489   0.186466   0.246865   0.359382   0.741977   0.577489   0.482529   0.227751   0.272814   0.195026   0.250427   0.349563   0.753791   0.581334   0.489182   0.233235   0.272901   0.200116   0.253601   0.342906   0.716078   0.600084   0.490112   0.234011   0.272678   0.200839   0.256038   0.338050   0.637252   0.629721   0.485197   0.229930   0.272056   0.197045   0.257030   0.330113   0.531103   0.666590   0.475223   0.221796   0.271422   0.189510   0.255887   0.324516   0.416170   0.706412   0.460272   0.209979   0.271201   0.178620   0.252547   0.330554   0.317207   0.741205   0.441130   0.195364   0.271292   0.165233   0.247223   0.343932   0.270832   0.754959   0.427077   0.184961   0.271644   0.155756   0.241408   0.359035   0.266253   0.750533   0.421339   0.180923   0.271848   0.152108   0.236692   0.371529   0.265744   0.744678   0.417504   0.178291   0.271633   0.149742   0.233143   0.384246   0.265912   0.739405   0.414153   0.176017   0.271545   0.147701   0.230436   0.393894   0.266437   0.734801   0.411218   0.174032   0.271495   0.145920   0.227982   0.392529   0.266660   0.730922   0.408760   0.172377   0.271484   0.144437   0.225665   0.387772   0.266170   0.727708   0.406780   0.171062   0.271805   0.143261   0.223635   0.387202 110181
  6   0.149753   0.709521   0.452010   0.202776   0.365541   0.171880   0.267858   0.063849   0.287023   0.727740   0.460829   0.208989   0.364732   0.177485   0.262070   0.071397   0.286593   0.726286   0.461709   0.209669   0.365332   0.178108   0.258459   0.073892   0.285746   0.725241   0.462038   0.209952   0.367218   0.178373   0.255091   0.079135   0.284865   0.724406   0.461257   0.209403   0.368210   0.177877   0.251742   0.085536   0.300089   0.709452   0.471535   0.217254   0.368027   0.185063   0.253534   0.090134   0.365047   0.669354   0.495816   0.236784   0.367229   0.203099   0.259623   0.099076   0.478778   0.621196   0.520233   0.257904   0.365891   0.222844   0.264129   0.122923   0.601543   0.582354   0.542171   0.277978   0.365369   0.241798   0.268190   0.148768   0.702748   0.557948   0.561321   0.296257   0.365748   0.259184   0.273221   0.162023   0.764160   0.550698   0.575338   0.310166   0.365815   0.272506   0.279587   0.169208   0.770736   0.562496   0.583078   0.318125   0.365692   0.280177   0.287255   0.175065   0.720600   0.591124   0.583446   0.318648   0.365323   0.280706   0.295196   0.177953   0.627391   0.630051   0.576272   0.311454   0.364610   0.273802   0.301616   0.174475   0.512691   0.672621   0.563192   0.298412   0.363995   0.261300   0.305050   0.164567   0.400809   0.712353   0.545796   0.281541   0.363955   0.245206   0.304794   0.147271   0.314423   0.744755   0.522065   0.259735   0.364331   0.224599   0.300465   0.119621   0.277486   0.758553   0.501555   0.241736   0.364932   0.207725   0.291715   0.101627   0.274605   0.756165   0.491464   0.233301   0.365295   0.199884   0.282466   0.099649   0.274467   0.752204   0.485028   0.228039   0.365174   0.195012   0.275419   0.101287   0.274275   0.748712   0.479710   0.223777   0.365133   0.191079   0.269449   0.103912   0.274648   0.745442   0.474885   0.219966   0.365083   0.187571   0.264409   0.103689   0.275249   0.742532   0.470342   0.216415   0.365072   0.184308   0.259901   0.102246   0.275422   0.740187   0.466301   0.213296   0.365423   0.181449   0.255702   0.101960 248888
  7   0.149725   0.699573   0.508202   0.247104   0.437247   0.212678   0.337690   0.039955   0.302087   0.708218   0.517407   0.254388   0.436092   0.219378   0.336076   0.044721   0.302545   0.707376   0.517474   0.254418   0.436804   0.219402   0.335619   0.044801   0.302673   0.706800   0.517241   0.254213   0.438864   0.219210   0.335276   0.046074   0.302654   0.706494   0.516267   0.253374   0.440039   0.218426   0.334344   0.047860   0.307211   0.702086   0.519312   0.256000   0.439945   0.220879   0.335504   0.049083   0.335414   0.686706   0.529160   0.264806   0.439172   0.229155   0.340347   0.049271   0.395086   0.663808   0.539729   0.274587   0.437862   0.238402   0.348563   0.054861   0.464468   0.643310   0.549642   0.284004   0.437370   0.247347   0.359559   0.067426   0.518777   0.631092   0.559145   0.293212   0.437815   0.256123   0.371043   0.080194   0.543436   0.629466   0.565872   0.299885   0.438004   0.262511   0.381390   0.091086   0.534082   0.637711   0.568975   0.303041   0.437981   0.265546   0.389340   0.098883   0.497342   0.652628   0.567902   0.301995   0.437637   0.264549   0.394090   0.101202   0.446774   0.670120   0.562986   0.297073   0.436882   0.259830   0.395202   0.096718   0.393176   0.687413   0.555604   0.289754   0.436205   0.252825   0.392877   0.086158   0.345235   0.702749   0.546997   0.281393   0.436149   0.244851   0.387971   0.072099   0.313989   0.713520   0.537982   0.272850   0.436513   0.236740   0.380771   0.060285   0.303028   0.717290   0.531677   0.267007   0.437091   0.231214   0.372544   0.055030   0.301644   0.716917   0.528402   0.264062   0.437450   0.228444   0.365300   0.054024   0.300824   0.716305   0.525723   0.261687   0.437337   0.226215   0.359121   0.054699   0.300204   0.715644   0.523428   0.259672   0.437277   0.224327   0.353704   0.055918   0.299761   0.715038   0.521051   0.257597   0.437181   0.222385   0.348880   0.056101   0.299411   0.714508   0.518666   0.255526   0.437151   0.220449   0.344415   0.055857   0.299068   0.714007   0.516634   0.253775   0.437528   0.218814   0.340333   0.056134 351297
  8   0.136069   0.696484   0.634598   0.372803   0.698854   0.333150   0.520431   0.031912   0.306648   0.702360   0.652051   0.392405   0.697075   0.352327   0.527531   0.036504   0.307147   0.701775   0.653102   0.393636   0.697915   0.353541   0.525333   0.034696   0.307579   0.701077   0.654170   0.394890   0.700320   0.354777   0.525365   0.033519   0.307812   0.700629   0.654234   0.394953   0.701713   0.354836   0.524864   0.033240   0.309059   0.699609   0.654457   0.395207   0.701679   0.355086   0.524009   0.033045   0.322252   0.694634   0.659175   0.400965   0.700898   0.360802   0.525074   0.031204   0.355386   0.685629   0.666336   0.409752   0.699535   0.369534   0.532624   0.030741   0.398916   0.676656   0.673270   0.418366   0.699043   0.378115   0.545461   0.035914   0.438820   0.670115   0.680659   0.427704   0.699573   0.387444   0.558098   0.044104   0.463742   0.667123   0.686540   0.435257   0.699812   0.395013   0.568642   0.051568   0.465704   0.668226   0.689974   0.439717   0.699782   0.399492   0.576409   0.056519   0.445288   0.672860   0.690269   0.440109   0.699351   0.399887   0.581047   0.057602   0.410668   0.679656   0.687370   0.436356   0.698409   0.396120   0.582270   0.053985   0.370432   0.687512   0.682117   0.429600   0.697578   0.389349   0.580556   0.046619   0.334032   0.695253   0.675262   0.420866   0.697481   0.380609   0.577717   0.038246   0.312875   0.700950   0.667426   0.410981   0.697853   0.370736   0.572975   0.034495   0.307444   0.702938   0.662705   0.405083   0.698487   0.364856   0.566053   0.034882   0.307339   0.702769   0.661339   0.403421   0.698921   0.363206   0.559713   0.034993   0.307356   0.702519   0.660012   0.401815   0.698864   0.361615   0.554606   0.034924   0.307412   0.702261   0.658717   0.400259   0.698837   0.360074   0.550266   0.035011   0.307452   0.702051   0.657345   0.398617   0.698737   0.358451   0.546163   0.035101   0.307464   0.701841   0.656140   0.397183   0.698722   0.357033   0.542202   0.035190   0.307454   0.701598   0.655355   0.396263   0.699173   0.356126   0.538575   0.035337 320536
  9   0.131821   0.696951   0.667566   0.411965   0.773140   0.371857   0.575210   0.033579   0.306638   0.703145   0.686891   0.435473   0.771415   0.395188   0.582326   0.036941   0.307221   0.702344   0.689248   0.438536   0.772284   0.398264   0.578425   0.034125   0.307717   0.701553   0.691023   0.440844   0.774788   0.400581   0.577621   0.032810   0.308037   0.701028   0.691334   0.441245   0.776256   0.400984   0.576640   0.032773   0.309118   0.700161   0.691446   0.441394   0.776276   0.401134   0.575285   0.032385   0.320547   0.696029   0.696174   0.447703   0.775534   0.407500   0.575599   0.029730   0.350234   0.688229   0.703699   0.457746   0.774183   0.417634   0.583267   0.027369   0.390541   0.680025   0.711151   0.467771   0.773674   0.427766   0.596958   0.030271   0.430109   0.673365   0.719827   0.479666   0.774196   0.439829   0.609642   0.036628   0.458868   0.669304   0.727883   0.490936   0.774415   0.451301   0.619882   0.042964   0.466109   0.668921   0.733681   0.499182   0.774345   0.459721   0.627814   0.047788   0.449280   0.672363   0.735769   0.502195   0.773835   0.462805   0.633269   0.049593   0.415340   0.678533   0.733845   0.499455   0.772789   0.460007   0.636009   0.047323   0.373443   0.686103   0.728813   0.492293   0.771908   0.452693   0.636738   0.041076   0.334764   0.693689   0.720884   0.481105   0.771813   0.441288   0.638135   0.033134   0.312690   0.699581   0.710615   0.466805   0.772191   0.426744   0.636745   0.030070   0.307534   0.701819   0.704138   0.457893   0.772847   0.417701   0.630400   0.030913   0.307524   0.701722   0.702220   0.455327   0.773324   0.415111   0.623820   0.030714   0.307587   0.701559   0.700481   0.453023   0.773315   0.412790   0.618337   0.030349   0.307679   0.701391   0.698832   0.450849   0.773297   0.410601   0.613619   0.030422   0.307737   0.701292   0.697095   0.448574   0.773182   0.408314   0.609133   0.030791   0.307750   0.701214   0.695465   0.446453   0.773180   0.406183   0.604758   0.031113   0.307785   0.701044   0.694302   0.444956   0.773667   0.404682   0.600791   0.031428 349177
 10   0.140213   0.710325   0.542407   0.279052   0.529941   0.242950   0.348459   0.059662   0.289267   0.729624   0.571626   0.306128   0.528150   0.268573   0.348662   0.062816   0.288781   0.728009   0.573294   0.307832   0.528683   0.270215   0.339572   0.064732   0.288532   0.726527   0.573866   0.308453   0.530727   0.270818   0.333793   0.068102   0.287930   0.725884   0.572463   0.307107   0.531798   0.269536   0.329272   0.072041   0.301688   0.712424   0.580954   0.315585   0.531572   0.277664   0.329631   0.074171   0.363827   0.673766   0.604114   0.339827   0.530650   0.301103   0.335860   0.079902   0.475471   0.625088   0.628910   0.367429   0.529133   0.328082   0.342653   0.100355   0.597231   0.586137   0.651661   0.394212   0.528502   0.354527   0.348205   0.127563   0.697826   0.564072   0.671751   0.418886   0.528778   0.379081   0.354245   0.149355   0.757695   0.560922   0.685558   0.436503   0.528721   0.396732   0.362687   0.166494   0.762490   0.575579   0.692149   0.445196   0.528519   0.405494   0.373358   0.178278   0.710326   0.604387   0.690792   0.443610   0.528136   0.403932   0.384355   0.182901   0.614978   0.642158   0.681227   0.431478   0.527464   0.391789   0.393769   0.178533   0.499590   0.682894   0.664934   0.411086   0.526906   0.371425   0.400454   0.163949   0.392310   0.718930   0.645257   0.387057   0.526973   0.347537   0.402787   0.138218   0.315507   0.745099   0.623277   0.361291   0.527492   0.322111   0.398624   0.105970   0.284446   0.754183   0.606270   0.342093   0.528198   0.303295   0.388736   0.086112   0.282117   0.750796   0.597827   0.332964   0.528562   0.294418   0.378135   0.081315   0.281346   0.747264   0.592208   0.327022   0.528381   0.288664   0.368917   0.080337   0.280525   0.744385   0.587818   0.322486   0.528320   0.284289   0.360134   0.081602   0.280192   0.741896   0.583587   0.318180   0.528274   0.280147   0.352342   0.082490   0.280320   0.739681   0.579294   0.313845   0.528275   0.275983   0.345647   0.082703   0.280400   0.737791   0.575320   0.309883   0.528684   0.272185   0.339590   0.083109 126074
 11   0.133544   0.700354   0.626013   0.364092   0.715581   0.324787   0.473106   0.044488   0.300603   0.709609   0.654890   0.396444   0.712235   0.356437   0.475714   0.047163   0.300998   0.708456   0.659609   0.402175   0.713003   0.362122   0.467403   0.043910   0.301215   0.707619   0.662829   0.406104   0.715413   0.366024   0.462471   0.043018   0.301449   0.706924   0.664400   0.408015   0.716767   0.367921   0.458672   0.043077   0.307215   0.701923   0.671339   0.416489   0.716740   0.376338   0.457996   0.041843   0.341060   0.687996   0.688454   0.438190   0.715982   0.398041   0.465231   0.037500   0.412531   0.669279   0.706851   0.462445   0.714648   0.422469   0.480236   0.038185   0.501896   0.652174   0.723885   0.485860   0.714118   0.446233   0.495341   0.048852   0.588120   0.639740   0.741580   0.511016   0.714428   0.471923   0.506643   0.062318   0.648496   0.634017   0.756597   0.533090   0.714289   0.494604   0.516156   0.074090   0.657277   0.636923   0.766463   0.548002   0.713903   0.510006   0.525453   0.082720   0.610894   0.647867   0.768916   0.551852   0.713253   0.514011   0.535118   0.086959   0.531247   0.663251   0.763406   0.543613   0.712218   0.505517   0.544617   0.084964   0.441262   0.679898   0.751693   0.526171   0.711403   0.487551   0.553457   0.076187   0.362513   0.694899   0.735300   0.502229   0.711376   0.462976   0.561304   0.060948   0.315560   0.706607   0.714423   0.472765   0.711819   0.432927   0.560938   0.049892   0.301653   0.711817   0.699601   0.452458   0.712490   0.412330   0.551138   0.047097   0.301104   0.711796   0.694022   0.445126   0.712951   0.404950   0.541022   0.044980   0.300999   0.711385   0.689959   0.439856   0.712954   0.399659   0.533162   0.043284   0.301023   0.710800   0.686848   0.435857   0.712982   0.395650   0.526461   0.042591   0.300968   0.710350   0.683870   0.432058   0.712883   0.391847   0.519949   0.042148   0.300778   0.710097   0.680870   0.428271   0.712855   0.388063   0.513358   0.041816   0.300637   0.709805   0.678265   0.425019   0.713332   0.384820   0.507201   0.041668 159088
 12   0.128672   0.697966   0.687648   0.437778   0.821447   0.397737   0.569884   0.046623   0.304279   0.704550   0.715699   0.474196   0.819757   0.434318   0.566523   0.050514   0.305214   0.702949   0.723433   0.484916   0.820601   0.445212   0.556124   0.045435   0.305940   0.701849   0.728391   0.491819   0.823143   0.452232   0.551163   0.043193   0.306466   0.701028   0.731112   0.495637   0.824636   0.456121   0.547267   0.043076   0.309871   0.698531   0.735659   0.502030   0.824745   0.462635   0.545150   0.041912   0.331566   0.691242   0.748601   0.520834   0.824142   0.481911   0.551214   0.035663   0.379242   0.680497   0.764145   0.543960   0.822929   0.505722   0.569751   0.029171   0.440625   0.669978   0.777670   0.564724   0.822395   0.527227   0.590773   0.030601   0.503369   0.661205   0.792182   0.587647   0.822773   0.551093   0.605828   0.037557   0.553180   0.655437   0.805335   0.608994   0.822782   0.573431   0.617174   0.045436   0.569350   0.654762   0.814632   0.624430   0.822459   0.589652   0.627263   0.052292   0.543733   0.659676   0.818222   0.630490   0.821710   0.596039   0.636716   0.056547   0.488187   0.668281   0.815513   0.625949   0.820445   0.591258   0.645561   0.056164   0.418766   0.678522   0.807522   0.612615   0.819511   0.577234   0.655105   0.050729   0.353702   0.688745   0.793202   0.589207   0.819466   0.552708   0.667054   0.040620   0.315515   0.698166   0.771977   0.555632   0.819862   0.517745   0.670894   0.035777   0.305879   0.702900   0.757288   0.532984   0.820546   0.494274   0.662525   0.037412   0.305762   0.703089   0.752915   0.526485   0.821117   0.487586   0.652814   0.037375   0.305867   0.702997   0.749747   0.521826   0.821258   0.482800   0.645240   0.036914   0.305994   0.702876   0.746881   0.517639   0.821289   0.478504   0.638791   0.037194   0.306000   0.702845   0.744079   0.513588   0.821149   0.474357   0.632547   0.037737   0.305892   0.702870   0.741599   0.510030   0.821173   0.470718   0.626456   0.037943   0.305869   0.702763   0.739727   0.507361   0.821724   0.467991   0.620877   0.038102 217047
 13   0.126325   0.701742   0.703677   0.457943   0.948303   0.417875   0.605398   0.029997   0.303351   0.712483   0.709381   0.465346   0.946778   0.425307   0.604801   0.029816   0.303842   0.711168   0.708696   0.464323   0.947773   0.424254   0.600843   0.029069   0.304306   0.709835   0.708966   0.464612   0.950231   0.424532   0.599209   0.027817   0.304666   0.708798   0.708393   0.463787   0.951495   0.423689   0.597711   0.027170   0.307503   0.707035   0.708573   0.463927   0.951347   0.423811   0.595957   0.026579   0.327204   0.700805   0.713973   0.471162   0.950387   0.431117   0.596197   0.026290   0.373766   0.688918   0.726312   0.488269   0.948710   0.448499   0.601058   0.028480   0.440783   0.674559   0.745465   0.515843   0.947969   0.476715   0.609363   0.034972   0.513272   0.661095   0.769496   0.552006   0.948313   0.514026   0.617433   0.042639   0.569404   0.651500   0.793873   0.590479   0.948160   0.554074   0.622811   0.047849   0.591249   0.648100   0.815197   0.625664   0.947576   0.591007   0.625630   0.050848   0.568327   0.652198   0.830590   0.652016   0.946618   0.618860   0.626902   0.052285   0.506663   0.662745   0.837900   0.664860   0.945309   0.632502   0.627637   0.052357   0.427100   0.676635   0.836629   0.662643   0.944335   0.630152   0.629974   0.049632   0.355441   0.690119   0.825487   0.643273   0.944107   0.609619   0.637514   0.042906   0.315017   0.700976   0.804060   0.607173   0.944456   0.571576   0.642761   0.038693   0.304515   0.705999   0.785778   0.577227   0.945302   0.540186   0.640702   0.039277   0.304302   0.706562   0.775595   0.561189   0.945975   0.523499   0.638106   0.039630   0.304156   0.707147   0.765857   0.546190   0.946044   0.507957   0.635814   0.038861   0.304014   0.707628   0.757100   0.532952   0.946124   0.494289   0.633178   0.037605   0.303993   0.707842   0.749622   0.521829   0.946261   0.482837   0.630629   0.036141   0.304072   0.707846   0.743371   0.512670   0.946519   0.473435   0.628290   0.034576   0.304214   0.707667   0.738330   0.505386   0.947142   0.465976   0.626219   0.033573 196339
 14   0.127876   0.697810   0.705727   0.460342   0.878595   0.420231   0.654755   0.030914   0.306836   0.705026   0.716145   0.474068   0.877377   0.434050   0.658884   0.033121   0.307329   0.704508   0.716315   0.474333   0.878356   0.434325   0.655313   0.032255   0.307734   0.703863   0.716787   0.475008   0.880981   0.435015   0.653679   0.031715   0.308034   0.703422   0.716089   0.474078   0.882537   0.434076   0.651665   0.032113   0.308741   0.703013   0.714551   0.472002   0.882628   0.431976   0.649152   0.032383   0.317526   0.700374   0.716017   0.474119   0.881914   0.434144   0.647042   0.032007   0.341130   0.694389   0.720892   0.480947   0.880487   0.441094   0.649871   0.031781   0.373819   0.687263   0.727694   0.490460   0.879910   0.450776   0.658874   0.034356   0.406351   0.681038   0.736406   0.502817   0.880505   0.463385   0.668606   0.039137   0.430600   0.676751   0.745088   0.515357   0.880849   0.476224   0.676168   0.043362   0.438540   0.675296   0.752221   0.525832   0.880819   0.486982   0.681296   0.045958   0.426439   0.677171   0.756483   0.532169   0.880239   0.493505   0.683976   0.046016   0.398098   0.681946   0.757069   0.533060   0.879063   0.494425   0.684541   0.043221   0.361991   0.688330   0.754334   0.528993   0.878155   0.490240   0.684731   0.037248   0.328878   0.694978   0.747420   0.518737   0.878039   0.479688   0.687827   0.030181   0.311043   0.700075   0.737703   0.504454   0.878339   0.465018   0.687679   0.028400   0.307483   0.701911   0.731398   0.495307   0.878974   0.455646   0.682042   0.030256   0.307471   0.701904   0.728775   0.491589   0.879470   0.451853   0.676916   0.030731   0.307531   0.701813   0.726537   0.488447   0.879462   0.448654   0.672470   0.030531   0.307653   0.701688   0.724514   0.485633   0.879365   0.445793   0.668488   0.030540   0.307763   0.701629   0.722455   0.482788   0.879224   0.442904   0.664528   0.031118   0.307867   0.701545   0.720606   0.480253   0.879287   0.440333   0.660906   0.031676   0.307999   0.701368   0.719243   0.478407   0.879816   0.438466   0.657897   0.031992 352528
 15   0.125162   0.699591   0.720180   0.480009   0.923852   0.440152   0.643167   0.025916   0.302879   0.708171   0.726511   0.488712   0.922708   0.448982   0.647567   0.027974   0.303393   0.707032   0.727879   0.490646   0.923809   0.450954   0.647235   0.028571   0.303819   0.706028   0.729311   0.492674   0.926432   0.453023   0.648020   0.029094   0.304206   0.705221   0.729725   0.493263   0.927898   0.453624   0.648059   0.029484   0.308735   0.702692   0.733084   0.497936   0.928046   0.458375   0.647890   0.028486   0.334346   0.694819   0.745571   0.515897   0.927502   0.476752   0.651077   0.024768   0.388691   0.682298   0.765216   0.545158   0.926258   0.506881   0.663341   0.022295   0.457575   0.669459   0.788535   0.581511   0.925508   0.544632   0.679858   0.025403   0.526756   0.658809   0.813745   0.622722   0.925812   0.587808   0.691443   0.031475   0.579625   0.651875   0.836512   0.661654   0.925862   0.628942   0.697564   0.037302   0.594013   0.650659   0.853774   0.692319   0.925432   0.661573   0.700351   0.041719   0.562057   0.655602   0.863682   0.710402   0.924478   0.680913   0.701799   0.044627   0.499487   0.664393   0.865856   0.714458   0.922976   0.685270   0.704366   0.044920   0.425562   0.674580   0.861042   0.705623   0.922029   0.675811   0.710826   0.041656   0.356908   0.685408   0.845694   0.677989   0.921906   0.646331   0.722860   0.036234   0.316165   0.696708   0.819530   0.632409   0.922090   0.598005   0.727165   0.036060   0.305495   0.702893   0.799764   0.599047   0.922721   0.562843   0.721115   0.039492   0.304946   0.703594   0.791086   0.585048   0.923371   0.548216   0.716353   0.039974   0.304618   0.704040   0.783928   0.573705   0.923578   0.536402   0.712664   0.039377   0.304472   0.704246   0.777883   0.564260   0.923466   0.526591   0.709515   0.038473   0.304438   0.704309   0.772767   0.556359   0.923300   0.518400   0.706486   0.037731   0.304429   0.704316   0.768403   0.549685   0.923478   0.511496   0.703468   0.037174   0.304531   0.704144   0.764908   0.544387   0.924107   0.506023   0.701148   0.036431 451887
 16   0.123251   0.699058   0.740222   0.507843   0.932477   0.468443   0.703334   0.023285   0.303342   0.707136   0.744700   0.514267   0.931450   0.475011   0.709428   0.025049   0.303868   0.706036   0.745546   0.515486   0.932748   0.476257   0.711446   0.026097   0.304200   0.705141   0.746371   0.516686   0.935532   0.477487   0.713725   0.027114   0.304436   0.704512   0.746024   0.516185   0.937060   0.476974   0.714561   0.027971   0.309723   0.701867   0.749111   0.520651   0.937215   0.481547   0.715296   0.027010   0.337848   0.693560   0.761265   0.538740   0.936601   0.500169   0.719647   0.023839   0.396820   0.680555   0.780702   0.568712   0.935268   0.531226   0.732544   0.022485   0.473697   0.667091   0.804715   0.607489   0.934349   0.571755   0.749135   0.026000   0.553906   0.655499   0.831063   0.652133   0.934560   0.618843   0.761357   0.031624   0.612502   0.648215   0.854777   0.694207   0.934660   0.663603   0.768085   0.036533   0.620153   0.648131   0.872090   0.726125   0.934234   0.697807   0.770103   0.040355   0.575561   0.654709   0.881143   0.743256   0.933174   0.716255   0.770205   0.043043   0.501763   0.664867   0.881863   0.744676   0.931557   0.717795   0.771844   0.043831   0.422692   0.675794   0.875332   0.732328   0.930654   0.704501   0.777905   0.042040   0.354728   0.686522   0.859068   0.702216   0.930614   0.672207   0.789344   0.037768   0.315816   0.696783   0.834251   0.657667   0.930852   0.624708   0.792442   0.037894   0.306218   0.702097   0.815938   0.625788   0.931584   0.590914   0.786467   0.040943   0.305674   0.702723   0.807380   0.611494   0.932387   0.575881   0.783414   0.040691   0.305471   0.702974   0.800529   0.600235   0.932718   0.564075   0.781603   0.039587   0.305413   0.703070   0.794679   0.590752   0.932561   0.554158   0.780061   0.038092   0.305417   0.703093   0.789641   0.582677   0.932372   0.545729   0.778754   0.036483   0.305483   0.702991   0.785533   0.576152   0.932625   0.538931   0.777410   0.035394   0.305484   0.702885   0.781934   0.570490   0.933320   0.533042   0.775759   0.034842 611976
 17   0.124271   0.698257   0.736590   0.502547   0.931211   0.463011   0.710785   0.022399   0.304540   0.705628   0.741556   0.509597   0.930183   0.470205   0.716553   0.023341   0.305043   0.704635   0.742480   0.510913   0.931419   0.471549   0.718403   0.024274   0.305471   0.703718   0.743622   0.512554   0.934149   0.473226   0.720723   0.025395   0.305813   0.703040   0.743736   0.512711   0.935668   0.473387   0.721559   0.026296   0.308478   0.701408   0.745302   0.514957   0.935868   0.475682   0.721697   0.026041   0.325901   0.695706   0.753482   0.526986   0.935333   0.488037   0.723067   0.023920   0.363865   0.686154   0.767452   0.548013   0.934064   0.509726   0.731301   0.022151   0.411529   0.676424   0.784462   0.574484   0.933252   0.537201   0.744814   0.024322   0.456890   0.668554   0.803371   0.604952   0.933622   0.569030   0.756017   0.028757   0.489525   0.663500   0.820661   0.633784   0.933895   0.599344   0.763400   0.032730   0.497819   0.662398   0.833937   0.656581   0.933668   0.623446   0.767771   0.035471   0.477171   0.665621   0.841796   0.670353   0.932803   0.638061   0.770108   0.036948   0.436321   0.671926   0.843767   0.673858   0.931341   0.641791   0.772087   0.036918   0.385850   0.679484   0.840636   0.668348   0.930473   0.635939   0.777859   0.033691   0.338508   0.687857   0.828628   0.647518   0.930401   0.613876   0.789943   0.028578   0.312880   0.696045   0.809198   0.614543   0.930606   0.579091   0.793361   0.029904   0.307625   0.700055   0.795380   0.591672   0.931269   0.555078   0.787056   0.034515   0.307157   0.700597   0.788660   0.580900   0.931980   0.543836   0.783268   0.035474   0.306852   0.700943   0.783059   0.572043   0.932240   0.534616   0.780422   0.035161   0.306712   0.701117   0.778282   0.564566   0.932075   0.526848   0.778188   0.034097   0.306680   0.701153   0.774267   0.558337   0.931870   0.520387   0.776314   0.032909   0.306652   0.701134   0.770916   0.553184   0.932076   0.515051   0.774421   0.032040   0.306617   0.701091   0.768037   0.548794   0.932732   0.510511   0.772430   0.031439 992665
 18   0.126113   0.698286   0.718021   0.476693   0.918571   0.436722   0.672801   0.024953   0.304704   0.705711   0.724616   0.485693   0.917387   0.445841   0.676596   0.025949   0.305222   0.704761   0.725765   0.487281   0.918512   0.447453   0.676330   0.026230   0.305671   0.703830   0.727255   0.489353   0.921206   0.449559   0.677282   0.026747   0.306092   0.703082   0.727810   0.490120   0.922727   0.450338   0.677339   0.027339   0.307811   0.701853   0.728872   0.491588   0.922863   0.451828   0.676624   0.027256   0.320840   0.697373   0.735309   0.500734   0.922281   0.461162   0.676025   0.025395   0.350626   0.689309   0.746710   0.517207   0.920999   0.478027   0.681339   0.023351   0.388164   0.680741   0.760440   0.537571   0.920355   0.498977   0.693558   0.024865   0.424149   0.673579   0.776112   0.561504   0.920845   0.523731   0.705196   0.028888   0.449759   0.668910   0.790808   0.584616   0.921128   0.547767   0.713307   0.032668   0.456614   0.667567   0.802251   0.603070   0.920984   0.567049   0.718888   0.035068   0.442017   0.669854   0.809155   0.614399   0.920258   0.578924   0.722573   0.035977   0.410478   0.675120   0.810957   0.617386   0.918926   0.582061   0.725325   0.034979   0.369965   0.681861   0.808264   0.612932   0.918012   0.577385   0.730869   0.030741   0.331977   0.689515   0.797801   0.595877   0.917887   0.559530   0.742435   0.025632   0.311658   0.696697   0.781318   0.569503   0.918090   0.532014   0.746350   0.027003   0.307586   0.699993   0.769982   0.551754   0.918694   0.513571   0.740794   0.031081   0.307284   0.700377   0.764571   0.543508   0.919259   0.505047   0.737175   0.031702   0.307136   0.700585   0.760122   0.536802   0.919362   0.498128   0.734292   0.031187   0.307076   0.700674   0.756332   0.531141   0.919243   0.492297   0.731633   0.030770   0.307027   0.700729   0.752998   0.526200   0.919064   0.487215   0.728772   0.030890   0.306986   0.700735   0.750201   0.522082   0.919176   0.482985   0.725948   0.031067   0.306982   0.700678   0.747944   0.518783   0.919751   0.479600   0.723345   0.031076 656561
 19   0.125482   0.697242   0.730484   0.493818   0.927278   0.454093   0.719388   0.022979   0.306047   0.703791   0.734831   0.499906   0.926298   0.460289   0.723762   0.023550   0.306570   0.703100   0.735139   0.500331   0.927532   0.460721   0.724811   0.024313   0.306978   0.702366   0.735823   0.501296   0.930348   0.461704   0.726715   0.025182   0.307319   0.701839   0.735528   0.500864   0.932006   0.461260   0.727219   0.025901   0.308150   0.701279   0.734813   0.499830   0.932267   0.460202   0.726651   0.026267   0.316246   0.698738   0.737018   0.502978   0.931757   0.463418   0.726594   0.026869   0.336135   0.693706   0.742483   0.510853   0.930491   0.471476   0.730646   0.027487   0.361363   0.688389   0.749668   0.521359   0.929798   0.482254   0.738766   0.029727   0.384840   0.684130   0.758027   0.533771   0.930375   0.495025   0.746929   0.033585   0.401525   0.681384   0.765546   0.545109   0.930919   0.506723   0.753212   0.036818   0.406309   0.680507   0.771313   0.553914   0.930998   0.515829   0.757221   0.038362   0.396909   0.681780   0.774556   0.558902   0.930375   0.520995   0.758713   0.038268   0.375845   0.684972   0.774700   0.559120   0.929084   0.521220   0.758209   0.036323   0.348301   0.689330   0.772259   0.555355   0.928272   0.517319   0.758272   0.031512   0.322580   0.694378   0.765262   0.544668   0.928201   0.506265   0.761827   0.025973   0.309647   0.698489   0.755562   0.530018   0.928372   0.491146   0.759613   0.026339   0.307633   0.700018   0.749396   0.520844   0.928939   0.481703   0.752235   0.029417   0.307483   0.700164   0.746291   0.516297   0.929503   0.477037   0.748023   0.029674   0.307426   0.700216   0.743638   0.512440   0.929583   0.473084   0.744220   0.028995   0.307445   0.700204   0.741283   0.509039   0.929266   0.469602   0.740455   0.028741   0.307491   0.700162   0.739219   0.506074   0.928884   0.466571   0.736820   0.029003   0.307516   0.700102   0.737509   0.503633   0.928893   0.464077   0.733623   0.029063   0.307559   0.699998   0.736171   0.501737   0.929379   0.462144   0.730892   0.029120 661145
 20   0.122357   0.701393   0.732746   0.497984   0.928447   0.458522   0.634947   0.028182   0.300430   0.711668   0.736054   0.502690   0.927400   0.463327   0.640011   0.031727   0.300900   0.710450   0.736470   0.503355   0.928587   0.464018   0.639726   0.032513   0.301067   0.709613   0.736674   0.503721   0.931301   0.464406   0.639607   0.033276   0.301203   0.708988   0.735820   0.502556   0.932841   0.463225   0.638565   0.034123   0.310690   0.704320   0.742220   0.511522   0.933121   0.472354   0.641733   0.032328   0.353354   0.692148   0.762077   0.540741   0.932669   0.502382   0.651670   0.028476   0.438756   0.675237   0.790038   0.584420   0.931362   0.547766   0.667528   0.028839   0.549360   0.658055   0.822300   0.638018   0.930384   0.604103   0.682074   0.036438   0.658882   0.644175   0.855298   0.696222   0.930382   0.665975   0.685837   0.046752   0.729698   0.636832   0.882689   0.747196   0.930220   0.720710   0.680251   0.055134   0.736114   0.637743   0.901194   0.783154   0.929677   0.759637   0.672037   0.060493   0.683235   0.645399   0.910543   0.801848   0.928636   0.779983   0.666847   0.062709   0.595516   0.656742   0.911617   0.804077   0.927090   0.782426   0.666358   0.062133   0.493062   0.669848   0.904787   0.790440   0.926193   0.767588   0.671824   0.059284   0.392201   0.683406   0.886710   0.755143   0.926087   0.729342   0.686750   0.052351   0.323796   0.698470   0.852112   0.690644   0.926236   0.660059   0.696686   0.048739   0.301089   0.707878   0.822347   0.637312   0.926887   0.603201   0.692310   0.050858   0.300032   0.709080   0.809108   0.615125   0.927634   0.579845   0.686879   0.051190   0.299854   0.709506   0.798778   0.598256   0.927976   0.562173   0.684123   0.049718   0.300043   0.709572   0.790258   0.584594   0.927894   0.547908   0.681963   0.047623   0.300428   0.709365   0.783530   0.573969   0.927733   0.536846   0.680080   0.045447   0.300876   0.708987   0.778318   0.565834   0.927974   0.528393   0.678717   0.043248   0.301328   0.708480   0.774028   0.559204   0.928669   0.521518   0.677993   0.041558 255585
 21   0.121061   0.699633   0.758251   0.534421   0.935143   0.495753   0.715335   0.025300   0.303146   0.708157   0.762235   0.540358   0.934281   0.501867   0.723270   0.027316   0.303791   0.706839   0.763160   0.541737   0.935822   0.503287   0.726378   0.028225   0.304136   0.705820   0.763870   0.542810   0.938822   0.504394   0.729528   0.029236   0.304222   0.705234   0.763102   0.541664   0.940523   0.503214   0.730937   0.030012   0.312175   0.701992   0.766866   0.547304   0.940803   0.509027   0.732435   0.029150   0.350395   0.691989   0.781517   0.569981   0.940191   0.532542   0.738838   0.026936   0.429162   0.676591   0.804805   0.607640   0.938788   0.571915   0.753799   0.027524   0.531583   0.660616   0.833190   0.656037   0.937746   0.623023   0.770641   0.033296   0.633600   0.647418   0.862850   0.709421   0.937757   0.679976   0.781429   0.040409   0.698638   0.640291   0.888318   0.757601   0.937651   0.731864   0.785244   0.045569   0.693059   0.642206   0.905796   0.792021   0.937072   0.769216   0.784126   0.049021   0.628600   0.651052   0.913962   0.808552   0.935903   0.787249   0.782692   0.051182   0.538799   0.662625   0.913476   0.807646   0.934228   0.786278   0.784603   0.051282   0.445731   0.674915   0.904863   0.790374   0.933360   0.767469   0.791954   0.049637   0.365616   0.686707   0.886027   0.753432   0.933376   0.727410   0.805477   0.045359   0.318743   0.697193   0.859115   0.702494   0.933681   0.672545   0.811458   0.044152   0.306367   0.702509   0.839346   0.666342   0.934484   0.633862   0.807323   0.046478   0.305823   0.703180   0.829846   0.649691   0.935357   0.616189   0.804940   0.046142   0.305632   0.703542   0.822054   0.636264   0.935782   0.601984   0.803951   0.044683   0.305592   0.703707   0.815344   0.624873   0.935632   0.589966   0.803351   0.042742   0.305507   0.703818   0.809465   0.615028   0.935409   0.579607   0.802579   0.040884   0.305308   0.703926   0.804343   0.606561   0.935700   0.570719   0.801220   0.039574   0.305121   0.703980   0.799844   0.599215   0.936456   0.563025   0.799446   0.038693 392418
 22   0.121638   0.698393   0.760796   0.537988   0.938856   0.499385   0.754160   0.022583   0.304627   0.705903   0.765365   0.544812   0.938021   0.506413   0.761638   0.023425   0.305079   0.704877   0.765961   0.545695   0.939342   0.507321   0.764459   0.024584   0.305501   0.703908   0.766803   0.546960   0.942155   0.508624   0.767506   0.025865   0.305807   0.703219   0.766568   0.546592   0.943789   0.508243   0.768855   0.026881   0.309177   0.701437   0.768165   0.549005   0.944037   0.510734   0.768705   0.027008   0.329749   0.695223   0.776816   0.562373   0.943485   0.524589   0.770313   0.025456   0.374411   0.684764   0.791590   0.585761   0.942211   0.548942   0.779867   0.024022   0.429617   0.674214   0.809709   0.615467   0.941294   0.580076   0.793503   0.026184   0.481169   0.665862   0.829608   0.649296   0.941564   0.615775   0.804145   0.030457   0.517063   0.660736   0.847570   0.680928   0.941858   0.649377   0.811309   0.034138   0.526301   0.659790   0.861289   0.705836   0.941585   0.675990   0.815143   0.036625   0.504721   0.663274   0.869433   0.720935   0.940622   0.692185   0.816637   0.038270   0.458560   0.670256   0.871361   0.724557   0.939084   0.696081   0.817864   0.039024   0.400199   0.678759   0.867573   0.717494   0.938227   0.688496   0.823260   0.037083   0.345173   0.687764   0.854834   0.694151   0.938168   0.663512   0.835268   0.032026   0.314414   0.696324   0.834383   0.657590   0.938372   0.624563   0.839716   0.032071   0.307595   0.700576   0.819490   0.631629   0.939060   0.597039   0.834386   0.035978   0.307167   0.701067   0.812383   0.619636   0.939847   0.584402   0.830810   0.036649   0.306926   0.701321   0.806499   0.609842   0.940215   0.574109   0.828408   0.036211   0.306808   0.701426   0.801388   0.601436   0.940020   0.565294   0.826509   0.035114   0.306768   0.701427   0.797054   0.594377   0.939830   0.557905   0.824860   0.033725   0.306778   0.701350   0.793511   0.588655   0.940159   0.551925   0.823201   0.032738   0.306766   0.701270   0.790411   0.583692   0.940891   0.546746   0.821289   0.032270 671047
 23   0.122324   0.697644   0.756396   0.531280   0.939785   0.492448   0.768591   0.021341   0.305327   0.704493   0.760715   0.537686   0.938954   0.499038   0.774332   0.021875   0.305801   0.703625   0.761178   0.538363   0.940344   0.499732   0.776512   0.023130   0.306239   0.702759   0.761979   0.539551   0.943207   0.500954   0.778997   0.024508   0.306567   0.702131   0.761788   0.539252   0.944877   0.500644   0.779626   0.025677   0.308024   0.701149   0.761893   0.539391   0.945165   0.500783   0.779163   0.026128   0.320417   0.697085   0.766908   0.546994   0.944650   0.508636   0.779518   0.025441   0.349281   0.689636   0.776703   0.562072   0.943389   0.524253   0.785633   0.024222   0.385876   0.681933   0.788861   0.581258   0.942559   0.544216   0.796314   0.025626   0.420101   0.675748   0.802790   0.603809   0.942997   0.567795   0.805618   0.029257   0.443185   0.671880   0.815598   0.625080   0.943474   0.590141   0.812207   0.032273   0.447384   0.671056   0.825309   0.641567   0.943420   0.607533   0.816202   0.033933   0.431593   0.673428   0.830884   0.651175   0.942679   0.617698   0.818012   0.034755   0.401288   0.678274   0.831930   0.652998   0.941335   0.619630   0.818790   0.034764   0.363525   0.684194   0.829125   0.648157   0.940577   0.614508   0.822968   0.031354   0.329029   0.690816   0.819257   0.631365   0.940535   0.596786   0.833708   0.025918   0.311274   0.696860   0.804570   0.606752   0.940719   0.570884   0.835423   0.026706   0.308038   0.699488   0.794754   0.590619   0.941341   0.553969   0.827887   0.030616   0.307744   0.699811   0.789649   0.582419   0.942014   0.545409   0.823881   0.031274   0.307558   0.700006   0.785247   0.575420   0.942249   0.538116   0.820614   0.030725   0.307420   0.700143   0.781254   0.569132   0.941951   0.531575   0.817452   0.029863   0.307330   0.700212   0.777763   0.563676   0.941647   0.525908   0.814395   0.029282   0.307319   0.700181   0.774939   0.559293   0.941853   0.521363   0.811625   0.028906   0.307348   0.700099   0.772578   0.555656   0.942478   0.517594   0.809024   0.028595 871579
 24   0.124245   0.697417   0.740697   0.508325   0.935456   0.468897   0.738405   0.021013   0.305512   0.704062   0.745107   0.514653   0.934529   0.475368   0.743807   0.021531   0.306015   0.703234   0.745734   0.515551   0.935873   0.476284   0.745659   0.022845   0.306457   0.702404   0.746700   0.516946   0.938744   0.477712   0.748156   0.024215   0.306820   0.701792   0.746673   0.516895   0.940416   0.477658   0.749134   0.025182   0.308087   0.700905   0.746710   0.516928   0.940724   0.477688   0.749105   0.025475   0.318715   0.697332   0.750893   0.523062   0.940233   0.483984   0.749924   0.025036   0.343344   0.690852   0.759205   0.535414   0.938970   0.496694   0.756036   0.024374   0.373751   0.684317   0.769509   0.551056   0.938177   0.512854   0.766631   0.026066   0.402124   0.679050   0.781366   0.569457   0.938655   0.531943   0.776403   0.029373   0.421650   0.675699   0.792282   0.586777   0.939145   0.549983   0.783594   0.031998   0.425507   0.674907   0.800608   0.600237   0.939157   0.564052   0.788134   0.033549   0.412139   0.676833   0.805290   0.607900   0.938467   0.572081   0.790220   0.033997   0.386299   0.680917   0.805883   0.608883   0.937114   0.573113   0.790836   0.033261   0.354171   0.686054   0.803130   0.604374   0.936329   0.568388   0.793790   0.029531   0.324735   0.692076   0.794025   0.589633   0.936280   0.552975   0.802106   0.024795   0.310262   0.697268   0.781253   0.569236   0.936450   0.531704   0.801684   0.026254   0.308008   0.699300   0.773164   0.556557   0.937061   0.518528   0.793500   0.030219   0.307762   0.699561   0.768885   0.549975   0.937698   0.511712   0.789519   0.030847   0.307616   0.699717   0.765238   0.544418   0.937861   0.505966   0.786074   0.030132   0.307513   0.699833   0.761912   0.539392   0.937525   0.500779   0.782480   0.029515   0.307440   0.699899   0.758947   0.534949   0.937136   0.496200   0.778828   0.029459   0.307406   0.699895   0.756506   0.531318   0.937229   0.492463   0.775541   0.029254   0.307425   0.699826   0.754565   0.528448   0.937800   0.489512   0.772700   0.028817 1233385
