timestamp=                2021-11-20T12:41:50.795688
shape=                    (5, 5)
sigma=                    2.5
nepochs=                  2
thresh=                   None
rate=                     0.00725
neighborhood function=    gaussian
init weights=             pca
topology=                 hexagonal
activation distance=      euclidean
output type=              labels
mapfile_prefix=           full2020_5x5_2_00725_3_02
apply classification=     False
seed=                     None
random order=             True
custom init file=         None
order labels by size=     False
decay_function=           3

Quantization Error=       0.35666428
Topographic Error=        0.14095739

############ NEURONS #############
 25 192
  0   0.160637   0.707885   0.364705   0.143364   0.196635   0.118527   0.206698   0.087162   0.287120   0.723950   0.341425   0.128989   0.195758   0.105834   0.194598   0.120862   0.287506   0.721807   0.342310   0.129462   0.196357   0.106241   0.195042   0.131259   0.287253   0.720402   0.342456   0.129541   0.198119   0.106309   0.195001   0.142079   0.287268   0.719250   0.341777   0.129156   0.199088   0.105974   0.194817   0.151315   0.301401   0.706762   0.347579   0.132483   0.198980   0.108875   0.196285   0.158475   0.358218   0.671566   0.362121   0.141180   0.198305   0.116512   0.199304   0.170838   0.456661   0.625941   0.377878   0.151092   0.197180   0.125290   0.202353   0.190945   0.563280   0.586729   0.392894   0.160876   0.196851   0.134006   0.206319   0.205693   0.652892   0.560428   0.406708   0.170158   0.197399   0.142318   0.210773   0.208829   0.707548   0.551898   0.417634   0.177720   0.197675   0.149125   0.215251   0.209697   0.712952   0.563586   0.424211   0.182389   0.197729   0.153346   0.219838   0.211756   0.668533   0.592219   0.425390   0.183259   0.197471   0.154138   0.223787   0.211775   0.588020   0.630439   0.421184   0.180279   0.196804   0.151446   0.225909   0.205353   0.488442   0.672966   0.412546   0.174211   0.196178   0.145970   0.225766   0.195627   0.389452   0.714540   0.399575   0.165328   0.196046   0.137988   0.223726   0.187858   0.314428   0.746389   0.382872   0.154261   0.196238   0.128100   0.220044   0.176565   0.282791   0.758010   0.369227   0.145514   0.196649   0.120329   0.215068   0.167615   0.279828   0.754840   0.361721   0.140899   0.196909   0.116258   0.209972   0.166969   0.279538   0.750564   0.356191   0.137584   0.196761   0.113346   0.205813   0.171709   0.279620   0.746629   0.351236   0.134667   0.196668   0.110792   0.202502   0.175871   0.279787   0.743224   0.346702   0.132032   0.196545   0.108489   0.199370   0.173439   0.279551   0.740577   0.342783   0.129776   0.196478   0.106520   0.196321   0.169896   0.279008   0.738417   0.339643   0.127983   0.196759   0.104958   0.193647   0.170081 201959
  1   0.160206   0.700693   0.406193   0.169398   0.253147   0.141578   0.244092   0.051848   0.298896   0.710091   0.394948   0.161444   0.252191   0.134395   0.235147   0.064773   0.299501   0.708792   0.395866   0.162010   0.252838   0.134894   0.236151   0.068387   0.299562   0.708064   0.396025   0.162119   0.254707   0.134993   0.236582   0.072794   0.299594   0.707571   0.395295   0.161649   0.255773   0.134575   0.236556   0.077091   0.306326   0.700888   0.398743   0.163872   0.255694   0.136551   0.237926   0.080481   0.340818   0.678920   0.408999   0.170754   0.255004   0.142710   0.241300   0.085201   0.407352   0.648221   0.420887   0.179044   0.253831   0.150177   0.246065   0.097166   0.481687   0.622249   0.432597   0.187432   0.253414   0.157767   0.252653   0.111735   0.542627   0.606732   0.443572   0.195477   0.253891   0.165076   0.260023   0.121323   0.575510   0.604497   0.451707   0.201578   0.254144   0.170640   0.267113   0.129008   0.572279   0.615251   0.455875   0.204765   0.254181   0.173557   0.273009   0.135027   0.536219   0.635227   0.455666   0.204621   0.253889   0.173428   0.276713   0.136472   0.480905   0.658760   0.451507   0.201434   0.253185   0.170511   0.277615   0.131135   0.417271   0.683148   0.444398   0.196042   0.252558   0.165584   0.275965   0.121121   0.355833   0.706521   0.434766   0.188904   0.252499   0.159086   0.272348   0.109098   0.313569   0.723503   0.423473   0.180756   0.252794   0.151704   0.266974   0.096724   0.297687   0.729581   0.414733   0.174619   0.253291   0.146170   0.260765   0.089844   0.295700   0.728762   0.409798   0.171269   0.253614   0.143167   0.255111   0.088864   0.294850   0.727394   0.405847   0.168628   0.253506   0.140805   0.250499   0.091549   0.294489   0.725836   0.402214   0.166222   0.253417   0.138656   0.246733   0.094376   0.294129   0.724481   0.398672   0.163905   0.253274   0.136592   0.243137   0.093173   0.293621   0.723409   0.395490   0.161851   0.253205   0.134766   0.239646   0.091304   0.293150   0.722391   0.392862   0.160170   0.253523   0.133273   0.236582   0.091870 325851
  2   0.155569   0.698492   0.460921   0.208616   0.347185   0.177078   0.294444   0.043630   0.302528   0.706068   0.460488   0.207707   0.346308   0.176155   0.289549   0.052665   0.302891   0.705232   0.460932   0.208011   0.346985   0.176428   0.290240   0.054533   0.303022   0.704541   0.461385   0.208354   0.348943   0.176740   0.290561   0.057441   0.303194   0.703995   0.461067   0.208109   0.350069   0.176516   0.290498   0.060287   0.307592   0.699929   0.463593   0.210013   0.349987   0.178254   0.291725   0.062459   0.334083   0.685372   0.471747   0.216398   0.349258   0.184119   0.295673   0.063935   0.389883   0.663223   0.481620   0.224387   0.348025   0.191498   0.302276   0.070996   0.454121   0.643761   0.491731   0.232761   0.347559   0.199265   0.310928   0.084093   0.503620   0.632772   0.501248   0.240766   0.348018   0.206709   0.320160   0.096041   0.526012   0.631964   0.507969   0.246514   0.348262   0.212070   0.328508   0.105863   0.519179   0.639993   0.511300   0.249411   0.348281   0.214780   0.334670   0.112907   0.489065   0.653449   0.510948   0.249110   0.347959   0.214499   0.337875   0.115016   0.445267   0.669044   0.507017   0.245684   0.347223   0.211294   0.337938   0.110288   0.394796   0.685466   0.500364   0.239940   0.346577   0.205928   0.335236   0.099816   0.346483   0.701294   0.491838   0.232718   0.346527   0.199204   0.330502   0.086454   0.313983   0.712998   0.482320   0.224851   0.346858   0.191910   0.324176   0.074665   0.302365   0.717338   0.475393   0.219258   0.347405   0.186746   0.317415   0.069388   0.300887   0.717088   0.471781   0.216424   0.347759   0.184142   0.311538   0.068882   0.300047   0.716525   0.468845   0.214151   0.347658   0.182058   0.306522   0.070745   0.299500   0.715840   0.466239   0.212153   0.347576   0.180229   0.302171   0.072848   0.299186   0.715085   0.463812   0.210298   0.347443   0.178532   0.298279   0.072831   0.298815   0.714481   0.461403   0.208471   0.347398   0.176863   0.294605   0.072176   0.298365   0.713961   0.459227   0.206842   0.347749   0.175378   0.291194   0.072421 329094
  3   0.144385   0.697708   0.557678   0.292148   0.534227   0.255163   0.397594   0.036354   0.303993   0.704683   0.570993   0.304313   0.532541   0.266636   0.397803   0.039851   0.304545   0.704068   0.571161   0.304453   0.533332   0.266765   0.397128   0.038574   0.304724   0.703656   0.570550   0.303850   0.535531   0.266189   0.397545   0.038903   0.304751   0.703432   0.569367   0.302695   0.536782   0.265086   0.397267   0.039682   0.307888   0.700438   0.571409   0.304671   0.536708   0.266969   0.398139   0.040315   0.330715   0.689945   0.579401   0.312702   0.535930   0.274672   0.402708   0.039250   0.380627   0.674392   0.587784   0.321342   0.534592   0.282996   0.412590   0.041968   0.439280   0.660769   0.594714   0.328633   0.534098   0.290046   0.426419   0.051765   0.485316   0.652793   0.601457   0.335812   0.534589   0.297002   0.440233   0.063155   0.505705   0.651600   0.605978   0.340674   0.534825   0.301723   0.451988   0.072628   0.497345   0.656616   0.607546   0.342364   0.534830   0.303363   0.460481   0.078146   0.466512   0.665826   0.606042   0.340707   0.534468   0.301749   0.464875   0.078156   0.423829   0.676845   0.601820   0.336122   0.533650   0.297290   0.465005   0.072456   0.378325   0.688081   0.595938   0.329818   0.532924   0.291174   0.461547   0.062494   0.338392   0.698443   0.589256   0.322769   0.532849   0.284356   0.455706   0.051349   0.313610   0.705967   0.582361   0.315610   0.533194   0.277450   0.448140   0.044102   0.305777   0.708620   0.578113   0.311264   0.533771   0.273269   0.440071   0.042006   0.304971   0.708488   0.576408   0.309573   0.534143   0.271651   0.433077   0.041807   0.304418   0.708263   0.574781   0.307972   0.534039   0.270121   0.427112   0.042253   0.304004   0.707987   0.573325   0.306548   0.533975   0.268761   0.421812   0.042963   0.303753   0.707673   0.571797   0.305055   0.533864   0.267337   0.416989   0.043286   0.303502   0.707431   0.570219   0.303520   0.533840   0.265873   0.412417   0.043327   0.303263   0.707176   0.568922   0.302273   0.534246   0.264685   0.408158   0.043568 276199
  4   0.139793   0.697884   0.598018   0.332915   0.620526   0.294319   0.451503   0.037421   0.304433   0.705049   0.615667   0.350958   0.618776   0.311680   0.453995   0.041661   0.304962   0.704351   0.616631   0.351986   0.619597   0.312676   0.451709   0.039093   0.305362   0.703654   0.617096   0.352480   0.621920   0.313154   0.451815   0.038431   0.305557   0.703197   0.616661   0.351996   0.623239   0.312681   0.451434   0.038632   0.308399   0.700660   0.618459   0.353940   0.623178   0.314571   0.451534   0.038771   0.329605   0.691600   0.626278   0.362708   0.622391   0.323146   0.455429   0.037143   0.377248   0.677684   0.635437   0.373203   0.621034   0.333449   0.465385   0.038466   0.436355   0.664761   0.643708   0.382917   0.620532   0.343027   0.479085   0.046742   0.488645   0.656062   0.652098   0.392963   0.621007   0.352970   0.492626   0.057614   0.518479   0.653173   0.658235   0.400452   0.621194   0.360407   0.504625   0.067089   0.516514   0.656615   0.661136   0.404044   0.621143   0.363984   0.513998   0.073430   0.484979   0.665212   0.660014   0.402669   0.620737   0.362618   0.519926   0.075009   0.436869   0.676192   0.655167   0.396726   0.619870   0.356710   0.521931   0.070397   0.385344   0.687564   0.648150   0.388224   0.619105   0.348278   0.520358   0.060950   0.340510   0.698007   0.640073   0.378600   0.619025   0.338763   0.516479   0.050180   0.313684   0.705429   0.631542   0.368621   0.619388   0.328930   0.509972   0.043756   0.305845   0.707947   0.626273   0.362549   0.619990   0.322962   0.501733   0.042383   0.305400   0.707644   0.624378   0.360427   0.620384   0.320888   0.494295   0.041930   0.305153   0.707263   0.622675   0.358535   0.620299   0.319041   0.488139   0.041819   0.304953   0.706878   0.621193   0.356901   0.620252   0.317448   0.482862   0.042062   0.304839   0.706518   0.619701   0.355267   0.620148   0.315856   0.477974   0.042110   0.304745   0.706188   0.618266   0.353699   0.620130   0.314331   0.473287   0.042173   0.304611   0.705876   0.617121   0.352458   0.620563   0.313124   0.468886   0.042593 339413
  5   0.153157   0.702698   0.427658   0.185472   0.269663   0.156230   0.245313   0.165793   0.280784   0.713417   0.408681   0.172193   0.271012   0.144251   0.232342   0.268383   0.280326   0.710775   0.410170   0.173237   0.271530   0.145194   0.231658   0.295532   0.279293   0.708690   0.411380   0.174099   0.273242   0.145974   0.231589   0.320225   0.278334   0.707169   0.411550   0.174251   0.274090   0.146116   0.231669   0.342974   0.295041   0.700392   0.414067   0.175974   0.273849   0.147665   0.232122   0.358567   0.361588   0.677617   0.424207   0.183097   0.273090   0.154096   0.234871   0.359432   0.472759   0.643504   0.439599   0.194304   0.271907   0.164279   0.238857   0.360336   0.589404   0.611762   0.455926   0.206671   0.271620   0.175591   0.242760   0.365524   0.684613   0.588250   0.471073   0.218535   0.272249   0.186507   0.246679   0.359004   0.743557   0.576884   0.482583   0.227812   0.272570   0.195085   0.250229   0.348953   0.754983   0.580763   0.489164   0.233219   0.272661   0.200100   0.253517   0.341761   0.716382   0.599768   0.489985   0.233895   0.272442   0.200728   0.256123   0.336641   0.637163   0.629645   0.484979   0.229743   0.271820   0.196871   0.257262   0.328816   0.531331   0.666533   0.474965   0.221583   0.271182   0.189311   0.256220   0.323453   0.416558   0.706367   0.460080   0.209828   0.270962   0.178481   0.252851   0.329732   0.317359   0.741259   0.441010   0.195280   0.271050   0.165157   0.247430   0.343537   0.270559   0.755187   0.426963   0.184890   0.271398   0.155692   0.241491   0.359134   0.266070   0.750707   0.421284   0.180896   0.271601   0.152086   0.236721   0.371777   0.265703   0.744750   0.417476   0.178287   0.271388   0.149741   0.233180   0.384200   0.265657   0.739505   0.414121   0.176016   0.271305   0.147703   0.230482   0.393837   0.266038   0.734949   0.411168   0.174021   0.271256   0.145914   0.228071   0.392763   0.266314   0.731110   0.408673   0.172341   0.271244   0.144407   0.225759   0.388078   0.266020   0.727814   0.406730   0.171050   0.271562   0.143253   0.223713   0.387679 110336
  6   0.149755   0.709491   0.451942   0.202688   0.365453   0.171793   0.267770   0.063750   0.287029   0.727670   0.460818   0.208945   0.364654   0.177439   0.262081   0.071316   0.286635   0.726247   0.461630   0.209577   0.365260   0.178020   0.258425   0.073712   0.285820   0.725197   0.461893   0.209818   0.367151   0.178246   0.255041   0.078904   0.284872   0.724391   0.461079   0.209245   0.368144   0.177730   0.251727   0.085445   0.300154   0.709416   0.471386   0.217121   0.367957   0.184939   0.253435   0.090135   0.365235   0.669189   0.495734   0.236710   0.367156   0.203028   0.259430   0.098849   0.478970   0.620774   0.520135   0.257810   0.365822   0.222755   0.263915   0.122212   0.601396   0.581964   0.542055   0.277871   0.365303   0.241696   0.267926   0.147780   0.702467   0.557730   0.561173   0.296130   0.365680   0.259066   0.272826   0.161231   0.764014   0.550371   0.575145   0.310005   0.365743   0.272357   0.279111   0.168643   0.769915   0.562379   0.582828   0.317919   0.365620   0.279987   0.286835   0.174382   0.719327   0.591352   0.583137   0.318385   0.365248   0.280461   0.294825   0.177372   0.626347   0.630312   0.575922   0.311147   0.364533   0.273515   0.301221   0.173962   0.511991   0.672652   0.562896   0.298157   0.363918   0.261062   0.304590   0.164038   0.400618   0.712270   0.545589   0.281367   0.363880   0.245043   0.304245   0.147038   0.314315   0.744793   0.521811   0.259516   0.364255   0.224394   0.299831   0.119168   0.277357   0.758571   0.501326   0.241524   0.364856   0.207524   0.291049   0.100867   0.274614   0.756125   0.491270   0.233115   0.365222   0.199708   0.281849   0.099084   0.274232   0.752349   0.484693   0.227746   0.365102   0.194738   0.274755   0.100712   0.273990   0.748887   0.479282   0.223413   0.365057   0.190741   0.268634   0.103212   0.274366   0.745683   0.474368   0.219542   0.365004   0.187178   0.263513   0.102984   0.274805   0.742990   0.469645   0.215864   0.364993   0.183801   0.258989   0.101668   0.275028   0.740629   0.465568   0.212730   0.365346   0.180929   0.254774   0.101640 249418
  7   0.149699   0.699603   0.508619   0.247475   0.437934   0.213026   0.338290   0.039937   0.302117   0.708321   0.517838   0.254770   0.436826   0.219736   0.336715   0.044975   0.302571   0.707507   0.517896   0.254794   0.437542   0.219754   0.336140   0.045113   0.302769   0.706835   0.517786   0.254693   0.439608   0.219659   0.335864   0.046192   0.302807   0.706455   0.516950   0.253969   0.440782   0.218982   0.335003   0.047976   0.307274   0.702153   0.519868   0.256489   0.440689   0.221337   0.336063   0.049272   0.335604   0.686765   0.529593   0.265196   0.439918   0.229522   0.340805   0.049388   0.395612   0.663687   0.540269   0.275082   0.438609   0.238869   0.348924   0.054807   0.465540   0.643037   0.550320   0.284643   0.438115   0.247952   0.359832   0.067325   0.519917   0.630850   0.559956   0.293996   0.438558   0.256870   0.371212   0.080221   0.544163   0.629159   0.566779   0.300777   0.438742   0.263364   0.381366   0.091015   0.534948   0.637211   0.569945   0.304005   0.438714   0.266469   0.389215   0.098637   0.498494   0.652173   0.568944   0.303035   0.438368   0.265545   0.393998   0.101101   0.447860   0.669870   0.564022   0.298099   0.437611   0.260811   0.395181   0.096876   0.393652   0.687457   0.556536   0.290658   0.436934   0.253686   0.392934   0.086497   0.345234   0.703003   0.547809   0.282159   0.436881   0.245578   0.388038   0.072470   0.313934   0.713824   0.538658   0.273471   0.437249   0.237326   0.380850   0.060623   0.302920   0.717589   0.532234   0.267512   0.437830   0.231690   0.372648   0.055546   0.301522   0.717191   0.528951   0.264557   0.438191   0.228909   0.365398   0.054602   0.300663   0.716584   0.526263   0.262171   0.438075   0.226670   0.359231   0.055283   0.300056   0.715881   0.523971   0.260158   0.438013   0.224785   0.353829   0.056553   0.299678   0.715170   0.521714   0.258185   0.437911   0.222938   0.349057   0.056720   0.299375   0.714594   0.519358   0.256134   0.437877   0.221019   0.344616   0.056335   0.299047   0.714095   0.517187   0.254270   0.438256   0.219279   0.340448   0.056454 350816
  8   0.136059   0.696485   0.634587   0.372779   0.698357   0.333124   0.520410   0.032023   0.306639   0.702380   0.652037   0.392383   0.696544   0.352304   0.527572   0.036635   0.307131   0.701815   0.653023   0.393539   0.697395   0.353444   0.525288   0.034795   0.307580   0.701100   0.654110   0.394813   0.699803   0.354699   0.525310   0.033488   0.307813   0.700640   0.654189   0.394892   0.701193   0.354775   0.524726   0.033172   0.309077   0.699606   0.654439   0.395181   0.701157   0.355059   0.523730   0.033039   0.322364   0.694607   0.659213   0.401010   0.700379   0.360846   0.524738   0.031120   0.355568   0.685634   0.666334   0.409749   0.699018   0.369531   0.532267   0.030607   0.398809   0.676760   0.673152   0.418216   0.698525   0.377964   0.545126   0.035837   0.438985   0.670219   0.680509   0.427507   0.699051   0.387247   0.557853   0.044124   0.464206   0.667168   0.686444   0.435120   0.699285   0.394874   0.568523   0.051616   0.465917   0.668252   0.689925   0.439640   0.699253   0.399412   0.576333   0.056512   0.445508   0.672829   0.690259   0.440087   0.698816   0.399864   0.580882   0.057464   0.410853   0.679597   0.687360   0.436334   0.697873   0.396098   0.582090   0.053657   0.370721   0.687420   0.682161   0.429645   0.697043   0.389392   0.580512   0.046238   0.334299   0.695145   0.675377   0.420999   0.696949   0.380741   0.577814   0.037890   0.312933   0.700904   0.667501   0.411064   0.697322   0.370817   0.573192   0.034040   0.307467   0.702914   0.662743   0.405119   0.697954   0.364890   0.566348   0.034355   0.307360   0.702748   0.661341   0.403415   0.698389   0.363200   0.559989   0.034555   0.307346   0.702525   0.659963   0.401752   0.698336   0.361552   0.554815   0.034541   0.307385   0.702266   0.658709   0.400245   0.698307   0.360060   0.550370   0.034747   0.307401   0.702062   0.657328   0.398592   0.698203   0.358425   0.546190   0.034921   0.307415   0.701868   0.656078   0.397106   0.698189   0.356956   0.542161   0.035001   0.307420   0.701642   0.655255   0.396141   0.698641   0.356005   0.538462   0.035201 318874
  9   0.131859   0.696930   0.667366   0.411712   0.772787   0.371604   0.574987   0.033438   0.306650   0.703127   0.686550   0.435034   0.771057   0.394747   0.582106   0.036679   0.307213   0.702363   0.688770   0.437913   0.771927   0.397638   0.578354   0.034029   0.307704   0.701570   0.690538   0.440211   0.774432   0.399946   0.577541   0.032826   0.308009   0.701044   0.690863   0.440635   0.775901   0.400372   0.576576   0.032676   0.309087   0.700180   0.690963   0.440772   0.775916   0.400511   0.575364   0.032239   0.320554   0.696066   0.695664   0.447039   0.775168   0.406833   0.575654   0.029613   0.350103   0.688314   0.703149   0.457021   0.773811   0.416904   0.583166   0.027367   0.390288   0.680108   0.710658   0.467114   0.773300   0.427102   0.596844   0.030334   0.429791   0.673429   0.719395   0.479070   0.773820   0.439224   0.609499   0.036647   0.458543   0.669343   0.727473   0.490361   0.774032   0.450716   0.619606   0.042796   0.466364   0.668868   0.733410   0.498802   0.773954   0.459333   0.627409   0.047448   0.449650   0.672282   0.735633   0.502005   0.773441   0.462612   0.632871   0.049446   0.415435   0.678475   0.733701   0.499259   0.772395   0.459809   0.635740   0.047443   0.373501   0.686050   0.728595   0.491995   0.771513   0.452391   0.636602   0.041244   0.334717   0.693653   0.720639   0.480773   0.771421   0.440952   0.637997   0.033239   0.312684   0.699535   0.710407   0.466528   0.771801   0.426466   0.636529   0.030063   0.307538   0.701791   0.703898   0.457576   0.772457   0.417382   0.630112   0.030918   0.307524   0.701709   0.701937   0.454953   0.772937   0.414734   0.623445   0.030806   0.307583   0.701544   0.700196   0.452647   0.772927   0.412411   0.617968   0.030502   0.307673   0.701377   0.698513   0.450433   0.772908   0.410183   0.613312   0.030538   0.307735   0.701261   0.696798   0.448188   0.772796   0.407926   0.608779   0.030846   0.307748   0.701174   0.695205   0.446118   0.772792   0.405847   0.604305   0.031122   0.307777   0.701020   0.694058   0.444642   0.773276   0.404368   0.600305   0.031384 349075
 10   0.140137   0.710444   0.541811   0.278490   0.529237   0.242416   0.347803   0.059645   0.289108   0.729818   0.570919   0.305453   0.527322   0.267933   0.347817   0.062554   0.288578   0.728294   0.572468   0.307038   0.527858   0.269459   0.338616   0.064281   0.288318   0.726841   0.572991   0.307605   0.529901   0.270010   0.332837   0.067538   0.287811   0.726078   0.571693   0.306357   0.530964   0.268822   0.328339   0.071449   0.301689   0.712479   0.580358   0.314998   0.530734   0.277103   0.328709   0.073623   0.364275   0.673605   0.603785   0.339482   0.529812   0.300769   0.335071   0.079491   0.476906   0.624594   0.628761   0.367261   0.528293   0.327918   0.341925   0.100148   0.598973   0.585561   0.651491   0.393999   0.527657   0.354316   0.347473   0.127250   0.698630   0.563697   0.671397   0.418427   0.527934   0.378620   0.353618   0.148776   0.758613   0.560564   0.685134   0.435948   0.527874   0.396174   0.362231   0.166096   0.763894   0.575289   0.691737   0.444672   0.527667   0.404970   0.373032   0.177984   0.711469   0.604195   0.690424   0.443171   0.527283   0.403499   0.384117   0.182424   0.615877   0.642050   0.680894   0.431100   0.526611   0.391419   0.393675   0.178154   0.499937   0.682938   0.664632   0.410756   0.526052   0.371107   0.400401   0.163797   0.392073   0.719093   0.645008   0.386798   0.526119   0.347289   0.402643   0.138013   0.315300   0.745190   0.622983   0.360987   0.526639   0.321818   0.398429   0.105616   0.284488   0.754185   0.605980   0.341798   0.527345   0.303012   0.388479   0.085811   0.282127   0.750831   0.597634   0.332775   0.527708   0.294238   0.377644   0.081121   0.281295   0.747355   0.592011   0.326836   0.527527   0.288487   0.368143   0.080328   0.280415   0.744532   0.587492   0.322170   0.527466   0.283988   0.359324   0.081829   0.280089   0.742063   0.583221   0.317824   0.527421   0.279807   0.351636   0.082591   0.280229   0.739841   0.578893   0.313465   0.527423   0.275622   0.344954   0.082549   0.280337   0.737916   0.574795   0.309386   0.527833   0.271714   0.338858   0.082845 125937
 11   0.133580   0.700359   0.626003   0.364066   0.715685   0.324760   0.472850   0.044429   0.300589   0.709667   0.654587   0.396082   0.712459   0.356078   0.475516   0.046918   0.301032   0.708510   0.659262   0.401755   0.713230   0.361706   0.467274   0.043545   0.301294   0.707629   0.662516   0.405722   0.715638   0.365645   0.462457   0.042657   0.301470   0.706956   0.664075   0.407629   0.716988   0.367539   0.458572   0.042896   0.307188   0.702000   0.670924   0.415986   0.716958   0.375839   0.457847   0.041834   0.340888   0.688149   0.687956   0.437552   0.716198   0.397402   0.465195   0.037437   0.412631   0.669396   0.706488   0.461967   0.714865   0.421987   0.480282   0.038268   0.502346   0.652273   0.723622   0.485508   0.714339   0.445878   0.495431   0.049138   0.587418   0.639933   0.741277   0.510603   0.714653   0.471505   0.506664   0.062381   0.647424   0.634098   0.756323   0.532699   0.714515   0.494204   0.516102   0.073957   0.657485   0.636830   0.766281   0.547725   0.714130   0.509720   0.525442   0.082666   0.610954   0.647804   0.768824   0.551707   0.713479   0.513859   0.535103   0.086997   0.530035   0.663440   0.763245   0.543369   0.712445   0.505266   0.544566   0.084947   0.440218   0.680113   0.751403   0.525756   0.711632   0.487126   0.553354   0.076054   0.362300   0.694944   0.735013   0.501835   0.711608   0.462576   0.561159   0.060814   0.315523   0.706600   0.714229   0.472509   0.712051   0.432669   0.560784   0.049732   0.301688   0.711776   0.699452   0.452275   0.712719   0.412148   0.551013   0.047004   0.301095   0.711789   0.693841   0.444907   0.713176   0.404733   0.541012   0.045015   0.301009   0.711371   0.689809   0.439680   0.713174   0.399485   0.533182   0.043297   0.301041   0.710791   0.686661   0.435633   0.713203   0.395428   0.526356   0.042552   0.300962   0.710369   0.683639   0.431786   0.713110   0.391579   0.519706   0.042093   0.300786   0.710112   0.680673   0.428047   0.713085   0.387844   0.513097   0.041708   0.300670   0.709802   0.678131   0.424869   0.713564   0.384674   0.506912   0.041475 159118
 12   0.128652   0.697963   0.687537   0.437643   0.821052   0.397603   0.568960   0.046767   0.304183   0.704573   0.715398   0.473795   0.819356   0.433913   0.565535   0.050789   0.305089   0.703014   0.723075   0.484431   0.820199   0.444721   0.555156   0.045609   0.305843   0.701900   0.728167   0.491521   0.822737   0.451931   0.549966   0.043306   0.306376   0.701075   0.730934   0.495404   0.824226   0.455887   0.545930   0.043144   0.309800   0.698552   0.735483   0.501797   0.824335   0.462400   0.543908   0.041884   0.331617   0.691218   0.748519   0.520725   0.823730   0.481801   0.550030   0.035673   0.379931   0.680393   0.764154   0.543984   0.822515   0.505749   0.568608   0.029252   0.442007   0.669789   0.777821   0.564966   0.821982   0.527480   0.589777   0.030761   0.505738   0.660935   0.792376   0.587963   0.822362   0.551424   0.605029   0.037968   0.555490   0.655220   0.805437   0.609172   0.822370   0.573619   0.616597   0.046069   0.569947   0.654755   0.814664   0.624489   0.822038   0.589714   0.626802   0.052822   0.542982   0.659800   0.818209   0.630464   0.821284   0.596010   0.636180   0.056798   0.487574   0.668379   0.815495   0.625914   0.820019   0.591220   0.645033   0.056296   0.418933   0.678513   0.807568   0.612690   0.819086   0.577312   0.654586   0.050848   0.353915   0.688719   0.793248   0.589276   0.819042   0.552779   0.666492   0.040826   0.315571   0.698167   0.771971   0.555618   0.819437   0.517729   0.670205   0.036193   0.305827   0.702913   0.757279   0.532974   0.820118   0.494265   0.661695   0.037895   0.305706   0.703112   0.752882   0.526440   0.820685   0.487539   0.652035   0.037743   0.305820   0.703019   0.749697   0.521752   0.820821   0.482723   0.644466   0.037093   0.305962   0.702879   0.746846   0.517586   0.820853   0.478450   0.638071   0.037350   0.305967   0.702830   0.744053   0.513549   0.820717   0.474316   0.631917   0.038008   0.305875   0.702826   0.741611   0.510045   0.820741   0.470733   0.625912   0.038159   0.305869   0.702723   0.739729   0.507361   0.821294   0.467991   0.620496   0.038159 215808
 13   0.126381   0.701798   0.703171   0.457267   0.948160   0.417192   0.605666   0.029969   0.303390   0.712582   0.708952   0.464758   0.946618   0.424710   0.605053   0.029748   0.303875   0.711259   0.708270   0.463738   0.947617   0.423661   0.600975   0.028923   0.304333   0.709918   0.708571   0.464070   0.950081   0.423982   0.599259   0.027627   0.304707   0.708868   0.708027   0.463281   0.951347   0.423174   0.597688   0.027079   0.307515   0.707131   0.708127   0.463318   0.951197   0.423193   0.595883   0.026566   0.327109   0.700951   0.713339   0.470297   0.950227   0.430241   0.596061   0.026305   0.373628   0.689040   0.725475   0.487097   0.948541   0.447306   0.600807   0.028573   0.440391   0.674645   0.744466   0.514384   0.947799   0.475218   0.609035   0.035143   0.512965   0.661101   0.768418   0.550337   0.948143   0.512295   0.617108   0.042928   0.569429   0.651366   0.792800   0.588726   0.947989   0.552238   0.622523   0.048151   0.590651   0.648028   0.814145   0.623872   0.947406   0.589115   0.625401   0.051059   0.567273   0.652302   0.829506   0.650113   0.946449   0.616839   0.626675   0.052493   0.505786   0.662895   0.836822   0.662954   0.945143   0.630476   0.627259   0.052564   0.426398   0.676762   0.835633   0.660898   0.944172   0.628300   0.629591   0.049777   0.355114   0.690266   0.824613   0.641783   0.943947   0.608045   0.637140   0.043013   0.314997   0.701083   0.803392   0.606082   0.944299   0.570434   0.642153   0.038794   0.304526   0.706075   0.785182   0.576289   0.945149   0.539209   0.639963   0.039333   0.304340   0.706632   0.774981   0.560236   0.945825   0.522509   0.637545   0.039589   0.304255   0.707165   0.765330   0.545382   0.945890   0.507120   0.635361   0.038733   0.304106   0.707633   0.756611   0.532216   0.945969   0.493529   0.632688   0.037441   0.304064   0.707870   0.749118   0.521086   0.946107   0.482075   0.630021   0.035956   0.304146   0.707876   0.742899   0.511986   0.946368   0.472735   0.627620   0.034398   0.304285   0.707674   0.737909   0.504781   0.946990   0.465357   0.625642   0.033442 193924
 14   0.127860   0.697842   0.705393   0.459906   0.877774   0.419793   0.654014   0.031032   0.306812   0.705075   0.716203   0.474149   0.876528   0.434132   0.658258   0.033148   0.307332   0.704516   0.716541   0.474642   0.877512   0.434638   0.654597   0.032215   0.307747   0.703849   0.717085   0.475417   0.880138   0.435429   0.652972   0.031687   0.308054   0.703402   0.716442   0.474562   0.881693   0.434567   0.650975   0.032072   0.308778   0.702967   0.715028   0.472658   0.881788   0.432642   0.648494   0.032256   0.317571   0.700302   0.716620   0.474961   0.881072   0.435000   0.646455   0.031649   0.341283   0.694285   0.721570   0.481906   0.879645   0.442072   0.649491   0.031271   0.374015   0.687144   0.728373   0.491434   0.879068   0.451772   0.658758   0.033785   0.406391   0.680936   0.737018   0.503711   0.879661   0.464302   0.668655   0.038527   0.430155   0.676735   0.745553   0.516051   0.880008   0.476939   0.676357   0.042833   0.438007   0.675331   0.752515   0.526280   0.879979   0.487445   0.681719   0.045560   0.426171   0.677201   0.756689   0.532482   0.879397   0.493829   0.684629   0.045776   0.397991   0.681957   0.757260   0.533342   0.878222   0.494716   0.685312   0.043105   0.361928   0.688343   0.754497   0.529225   0.877315   0.490477   0.685516   0.037129   0.328746   0.695009   0.747551   0.518915   0.877204   0.479868   0.688684   0.029926   0.311040   0.700085   0.737798   0.504580   0.877511   0.465144   0.688626   0.028170   0.307523   0.701926   0.731474   0.495405   0.878151   0.455744   0.682979   0.030116   0.307513   0.701910   0.728877   0.491725   0.878651   0.451989   0.677818   0.030589   0.307575   0.701814   0.726663   0.488618   0.878647   0.448826   0.673296   0.030408   0.307686   0.701694   0.724645   0.485812   0.878548   0.445974   0.669239   0.030499   0.307789   0.701622   0.722636   0.483036   0.878403   0.443156   0.665324   0.031087   0.307887   0.701532   0.720845   0.480580   0.878464   0.440665   0.661753   0.031529   0.308024   0.701352   0.719538   0.478809   0.878989   0.438873   0.658618   0.031816 354599
 15   0.125207   0.699596   0.719731   0.479390   0.923839   0.439524   0.642061   0.025930   0.302904   0.708177   0.726118   0.488161   0.922662   0.448421   0.646601   0.027918   0.303402   0.707055   0.727442   0.490032   0.923760   0.450328   0.646307   0.028402   0.303819   0.706055   0.728843   0.492014   0.926374   0.452350   0.647106   0.028909   0.304221   0.705230   0.729285   0.492641   0.927843   0.452991   0.647179   0.029439   0.308740   0.702700   0.732636   0.497301   0.927995   0.457728   0.647056   0.028555   0.334467   0.694804   0.745142   0.515273   0.927446   0.476111   0.650282   0.024835   0.389610   0.682139   0.764957   0.544773   0.926196   0.506485   0.662532   0.022361   0.459006   0.669199   0.788477   0.581435   0.925440   0.544556   0.679071   0.025508   0.527640   0.658624   0.813740   0.622725   0.925740   0.587814   0.690639   0.031640   0.580271   0.651719   0.836553   0.661733   0.925792   0.629028   0.696658   0.037574   0.594969   0.650498   0.853800   0.692368   0.925365   0.661626   0.699394   0.042123   0.563174   0.655461   0.863591   0.710233   0.924411   0.680732   0.701002   0.044923   0.501206   0.664182   0.865757   0.714273   0.922909   0.685071   0.703780   0.045139   0.427283   0.674423   0.860922   0.705406   0.921959   0.675579   0.710160   0.041975   0.357511   0.685401   0.845553   0.677735   0.921829   0.646059   0.722182   0.036409   0.316193   0.696748   0.819407   0.632206   0.922010   0.597791   0.726658   0.036051   0.305470   0.702948   0.799586   0.598765   0.922639   0.562549   0.720686   0.039475   0.304887   0.703678   0.790776   0.584560   0.923287   0.547708   0.715819   0.039963   0.304550   0.704127   0.783572   0.573152   0.923498   0.535827   0.712156   0.039285   0.304402   0.704343   0.777468   0.563625   0.923388   0.525933   0.709110   0.038350   0.304358   0.704408   0.772310   0.555662   0.923224   0.517680   0.706097   0.037633   0.304404   0.704341   0.768053   0.549149   0.923407   0.510941   0.703324   0.037068   0.304484   0.704176   0.764536   0.543824   0.924035   0.505441   0.701011   0.036410 451903
 16   0.123275   0.699033   0.739904   0.507374   0.932404   0.467961   0.704428   0.023289   0.303330   0.707088   0.744371   0.513783   0.931366   0.474513   0.710390   0.025054   0.303846   0.706001   0.745177   0.514942   0.932664   0.475699   0.712395   0.026064   0.304176   0.705116   0.745987   0.516118   0.935447   0.476904   0.714642   0.027047   0.304425   0.704481   0.745673   0.515663   0.936973   0.476437   0.715415   0.027874   0.309694   0.701829   0.748808   0.520199   0.937121   0.481082   0.716055   0.026932   0.337705   0.693528   0.760958   0.538272   0.936498   0.499685   0.720433   0.023859   0.396743   0.680512   0.780406   0.568244   0.935158   0.530738   0.733414   0.022575   0.473299   0.667061   0.804464   0.607069   0.934236   0.571315   0.749886   0.026180   0.553272   0.655534   0.830761   0.651606   0.934442   0.618284   0.761965   0.031907   0.613262   0.648145   0.854441   0.693601   0.934544   0.662957   0.768760   0.036884   0.621546   0.647998   0.871766   0.725520   0.934121   0.697157   0.770784   0.040680   0.576133   0.654712   0.880773   0.742551   0.933059   0.715494   0.770742   0.043319   0.502199   0.664870   0.881462   0.743906   0.931442   0.716963   0.772299   0.044203   0.422820   0.675826   0.874860   0.731430   0.930541   0.703532   0.778471   0.042484   0.354325   0.686670   0.858337   0.700864   0.930508   0.670757   0.790166   0.038050   0.315570   0.696874   0.833492   0.656319   0.930752   0.623272   0.793142   0.038006   0.306239   0.702055   0.815487   0.625024   0.931486   0.590109   0.786971   0.041001   0.305766   0.702616   0.807178   0.611156   0.932287   0.575524   0.783994   0.040667   0.305545   0.702893   0.800379   0.599990   0.932611   0.563818   0.782296   0.039537   0.305459   0.703024   0.794473   0.590417   0.932448   0.553806   0.780861   0.038060   0.305466   0.703044   0.789455   0.582377   0.932253   0.545416   0.779469   0.036446   0.305486   0.702988   0.785276   0.575747   0.932502   0.538510   0.777819   0.035370   0.305470   0.702913   0.781622   0.570001   0.933196   0.532534   0.775979   0.034765 610846
 17   0.124276   0.698235   0.736643   0.502613   0.931362   0.463078   0.711151   0.022447   0.304548   0.705582   0.741586   0.509635   0.930342   0.470243   0.716877   0.023385   0.305046   0.704595   0.742501   0.510941   0.931577   0.471576   0.718683   0.024314   0.305484   0.703668   0.743667   0.512616   0.934302   0.473290   0.720990   0.025445   0.305832   0.702984   0.743792   0.512787   0.935821   0.473463   0.721908   0.026361   0.308480   0.701356   0.745362   0.515040   0.936023   0.475767   0.722100   0.026093   0.325823   0.695675   0.753575   0.527124   0.935487   0.488178   0.723386   0.024002   0.363650   0.686190   0.767507   0.548097   0.934215   0.509813   0.731506   0.022301   0.411473   0.676481   0.784475   0.574510   0.933397   0.537229   0.745045   0.024490   0.457681   0.668495   0.803440   0.605073   0.933764   0.569159   0.756300   0.028955   0.490146   0.663450   0.820782   0.633992   0.934034   0.599565   0.763676   0.032976   0.497551   0.662452   0.834018   0.656720   0.933806   0.623593   0.768074   0.035670   0.477810   0.665546   0.841912   0.670557   0.932945   0.638278   0.770437   0.037010   0.437538   0.671761   0.843972   0.674220   0.931483   0.642175   0.772349   0.036840   0.386289   0.679389   0.840846   0.668718   0.930616   0.636332   0.778138   0.033552   0.338561   0.687805   0.828817   0.647849   0.930547   0.614227   0.790262   0.028498   0.312884   0.696019   0.809332   0.614772   0.930749   0.579333   0.793721   0.029842   0.307634   0.700022   0.795548   0.591944   0.931409   0.555362   0.787503   0.034434   0.307202   0.700537   0.788912   0.581300   0.932122   0.544252   0.783732   0.035379   0.306925   0.700868   0.783342   0.572483   0.932384   0.535074   0.780940   0.035017   0.306778   0.701036   0.778569   0.565009   0.932221   0.527307   0.778750   0.034000   0.306724   0.701098   0.774481   0.558663   0.932017   0.520724   0.776841   0.032848   0.306692   0.701101   0.771056   0.553394   0.932224   0.515267   0.774937   0.031952   0.306672   0.701047   0.768208   0.549050   0.932882   0.510775   0.773013   0.031311 989624
 18   0.126126   0.698331   0.717996   0.476660   0.919044   0.436689   0.672346   0.025068   0.304679   0.705774   0.724684   0.485799   0.917820   0.445950   0.676124   0.025999   0.305217   0.704796   0.725915   0.487502   0.918954   0.447679   0.675854   0.026286   0.305670   0.703866   0.727392   0.489560   0.921657   0.449772   0.676723   0.026855   0.306091   0.703122   0.727924   0.490295   0.923181   0.450518   0.676763   0.027445   0.307848   0.701874   0.729007   0.491788   0.923320   0.452034   0.676174   0.027297   0.320978   0.697349   0.735518   0.501038   0.922747   0.461474   0.675683   0.025413   0.350945   0.689252   0.746979   0.517603   0.921474   0.478434   0.681109   0.023356   0.388442   0.680694   0.760769   0.538071   0.920834   0.499493   0.693401   0.024848   0.424231   0.673551   0.776533   0.562163   0.921326   0.524416   0.705115   0.028788   0.449878   0.668899   0.791229   0.585293   0.921610   0.548474   0.713379   0.032499   0.456462   0.667610   0.802609   0.603662   0.921465   0.567670   0.718980   0.034841   0.441784   0.669911   0.809508   0.614992   0.920736   0.579549   0.722641   0.035720   0.410361   0.675161   0.811329   0.618016   0.919395   0.582726   0.725443   0.034799   0.369784   0.681854   0.808674   0.613623   0.918482   0.578114   0.731085   0.030591   0.331947   0.689476   0.798206   0.596547   0.918356   0.560234   0.742666   0.025564   0.311711   0.696670   0.781673   0.570067   0.918553   0.532601   0.746506   0.026988   0.307627   0.699986   0.770260   0.552183   0.919153   0.514016   0.740949   0.030967   0.307291   0.700404   0.764768   0.543809   0.919717   0.505358   0.737307   0.031586   0.307148   0.700610   0.760301   0.537074   0.919827   0.498409   0.734431   0.031071   0.307093   0.700699   0.756525   0.531431   0.919712   0.492596   0.731752   0.030636   0.307036   0.700747   0.753224   0.526537   0.919533   0.487562   0.728885   0.030756   0.307000   0.700743   0.750449   0.522453   0.919647   0.483367   0.726131   0.030989   0.307009   0.700672   0.748212   0.519178   0.920226   0.480006   0.723649   0.031133 657404
 19   0.125426   0.697263   0.730574   0.493951   0.927199   0.454229   0.719284   0.022838   0.306009   0.703838   0.734942   0.500068   0.926201   0.460456   0.723651   0.023456   0.306546   0.703153   0.735220   0.500449   0.927442   0.460842   0.724590   0.024359   0.306965   0.702417   0.735879   0.501379   0.930265   0.461789   0.726480   0.025062   0.307310   0.701882   0.735573   0.500933   0.931918   0.461331   0.726987   0.025694   0.308132   0.701326   0.734870   0.499917   0.932175   0.460293   0.726329   0.026204   0.316210   0.698809   0.737037   0.503013   0.931663   0.463455   0.726194   0.026878   0.335972   0.693810   0.742437   0.510793   0.930391   0.471415   0.730233   0.027452   0.361306   0.688473   0.749588   0.521245   0.929697   0.482138   0.738420   0.029751   0.384969   0.684158   0.757958   0.533666   0.930277   0.494916   0.746709   0.033591   0.401682   0.681391   0.765524   0.545067   0.930820   0.506679   0.753029   0.036804   0.406395   0.680529   0.771310   0.553901   0.930901   0.515814   0.756969   0.038405   0.396772   0.681818   0.774517   0.558836   0.930282   0.520926   0.758377   0.038279   0.375669   0.685008   0.774648   0.559036   0.928994   0.521132   0.757856   0.036390   0.348258   0.689356   0.772251   0.555340   0.928182   0.517303   0.758003   0.031656   0.322604   0.694393   0.765279   0.544689   0.928112   0.506287   0.761714   0.026080   0.309635   0.698509   0.755548   0.529996   0.928282   0.491123   0.759533   0.026371   0.307611   0.700042   0.749365   0.520798   0.928849   0.481656   0.752033   0.029334   0.307465   0.700181   0.746273   0.516271   0.929414   0.477010   0.747747   0.029497   0.307398   0.700240   0.743608   0.512398   0.929495   0.473042   0.743892   0.028904   0.307414   0.700243   0.741233   0.508968   0.929184   0.469531   0.740076   0.028698   0.307462   0.700203   0.739153   0.505981   0.928807   0.466476   0.736459   0.028889   0.307492   0.700136   0.737446   0.503543   0.928816   0.463986   0.733321   0.028947   0.307535   0.700020   0.736130   0.501677   0.929302   0.462082   0.730692   0.029031 665859
 20   0.122368   0.701392   0.732647   0.497857   0.928548   0.458395   0.634924   0.028159   0.300427   0.711674   0.735988   0.502606   0.927510   0.463242   0.640072   0.031631   0.300884   0.710458   0.736403   0.503267   0.928693   0.463930   0.639808   0.032394   0.301082   0.709594   0.736665   0.503707   0.931406   0.464391   0.639666   0.033185   0.301223   0.708961   0.735812   0.502544   0.932947   0.463212   0.638650   0.033984   0.310644   0.704322   0.742085   0.511323   0.933226   0.472150   0.641861   0.032218   0.353041   0.692227   0.761849   0.540396   0.932777   0.502025   0.651750   0.028361   0.438813   0.675224   0.789806   0.584058   0.931470   0.547388   0.667608   0.028742   0.549013   0.657967   0.822049   0.637596   0.930490   0.603658   0.682038   0.036326   0.657435   0.644201   0.854950   0.695597   0.930484   0.665309   0.685625   0.046563   0.728185   0.636917   0.882347   0.746560   0.930317   0.720027   0.679848   0.055103   0.735247   0.637757   0.900987   0.782766   0.929770   0.759219   0.671412   0.060544   0.683581   0.645247   0.910476   0.801729   0.928730   0.779856   0.666124   0.062689   0.596339   0.656557   0.911539   0.803936   0.927183   0.782276   0.665835   0.062108   0.493640   0.669773   0.904580   0.790050   0.926280   0.767168   0.671552   0.059265   0.392654   0.683400   0.886577   0.754901   0.926169   0.729084   0.686208   0.052535   0.323971   0.698503   0.852071   0.690589   0.926320   0.660005   0.695872   0.049009   0.300961   0.707978   0.822168   0.637020   0.926973   0.602895   0.691425   0.051082   0.299867   0.709219   0.808823   0.614659   0.927724   0.579357   0.685807   0.051314   0.299771   0.709591   0.798626   0.598009   0.928068   0.561915   0.683008   0.049708   0.300039   0.709602   0.790210   0.584511   0.927991   0.547821   0.680902   0.047570   0.300435   0.709379   0.783517   0.573938   0.927830   0.536812   0.679042   0.045245   0.300831   0.709018   0.778253   0.565727   0.928067   0.528282   0.677584   0.043089   0.301223   0.708548   0.773869   0.558958   0.928758   0.521263   0.676578   0.041525 255036
 21   0.121082   0.699661   0.757966   0.533999   0.935002   0.495320   0.714624   0.025296   0.303119   0.708197   0.761968   0.539959   0.934126   0.501456   0.722595   0.027213   0.303753   0.706872   0.762892   0.541339   0.935658   0.502877   0.725775   0.028099   0.304112   0.705854   0.763614   0.542430   0.938651   0.504003   0.728930   0.029190   0.304238   0.705238   0.762902   0.541364   0.940345   0.502905   0.730522   0.029953   0.312069   0.702000   0.766672   0.547009   0.940626   0.508722   0.732074   0.029037   0.350180   0.691988   0.781258   0.569573   0.940022   0.532118   0.738271   0.026839   0.428953   0.676496   0.804518   0.607158   0.938619   0.571408   0.753144   0.027413   0.530920   0.660540   0.832938   0.655580   0.937578   0.622534   0.770002   0.033196   0.632520   0.647368   0.862704   0.709136   0.937593   0.679668   0.780700   0.040392   0.698829   0.640107   0.888233   0.757428   0.937491   0.731675   0.784477   0.045652   0.693932   0.641980   0.905689   0.791803   0.936912   0.768978   0.783475   0.049138   0.627509   0.651092   0.913766   0.808140   0.935746   0.786797   0.782195   0.051176   0.537534   0.662762   0.913242   0.807159   0.934077   0.785743   0.784149   0.051257   0.445976   0.674852   0.904766   0.790177   0.933209   0.767254   0.791328   0.049633   0.365831   0.686630   0.885995   0.753370   0.933220   0.727342   0.804804   0.045248   0.318700   0.697164   0.859069   0.702403   0.933520   0.672446   0.810997   0.044059   0.306421   0.702439   0.839396   0.666425   0.934321   0.633948   0.806991   0.046462   0.305873   0.703112   0.829911   0.649803   0.935193   0.616307   0.804450   0.046154   0.305642   0.703535   0.821994   0.636163   0.935618   0.601878   0.803454   0.044643   0.305566   0.703744   0.815184   0.624604   0.935471   0.589683   0.803036   0.042690   0.305461   0.703888   0.809221   0.614627   0.935254   0.579186   0.802134   0.040875   0.305299   0.703967   0.804144   0.606242   0.935551   0.570385   0.800638   0.039560   0.305123   0.704002   0.799659   0.598923   0.936311   0.562721   0.798809   0.038751 397214
 22   0.121597   0.698424   0.760975   0.538263   0.939007   0.499669   0.753800   0.022586   0.304621   0.705958   0.765513   0.545040   0.938181   0.506649   0.761277   0.023416   0.305066   0.704937   0.766078   0.545875   0.939508   0.507506   0.764096   0.024580   0.305480   0.703976   0.766893   0.547098   0.942321   0.508768   0.767122   0.025914   0.305795   0.703267   0.766693   0.546782   0.943950   0.508439   0.768425   0.026930   0.309191   0.701466   0.768324   0.549249   0.944191   0.510985   0.768278   0.027029   0.329656   0.695265   0.776961   0.562599   0.943633   0.524825   0.769855   0.025523   0.374040   0.684822   0.791706   0.585944   0.942355   0.549132   0.779348   0.024142   0.429250   0.674215   0.809814   0.615636   0.941441   0.580252   0.793007   0.026388   0.480656   0.665828   0.829717   0.649479   0.941715   0.615968   0.803681   0.030573   0.516243   0.660717   0.847718   0.681196   0.942005   0.649663   0.810856   0.034175   0.525558   0.659763   0.861441   0.706120   0.941725   0.676294   0.814769   0.036638   0.504629   0.663208   0.869591   0.721234   0.940760   0.692508   0.816425   0.038188   0.458815   0.670193   0.871559   0.724932   0.939219   0.696485   0.817731   0.038988   0.400309   0.678734   0.867776   0.717878   0.938360   0.688909   0.823090   0.037023   0.345217   0.687753   0.855047   0.694544   0.938299   0.663934   0.835205   0.031925   0.314352   0.696350   0.834561   0.657907   0.938499   0.624900   0.839695   0.032051   0.307571   0.700617   0.819623   0.631857   0.939184   0.597280   0.834368   0.035966   0.307137   0.701101   0.812511   0.619850   0.939968   0.584627   0.830876   0.036598   0.306883   0.701369   0.806604   0.610016   0.940331   0.574291   0.828406   0.036158   0.306769   0.701483   0.801466   0.601562   0.940136   0.565425   0.826493   0.035036   0.306732   0.701491   0.797105   0.594455   0.939947   0.557985   0.824919   0.033657   0.306730   0.701412   0.793545   0.588705   0.940278   0.551977   0.823327   0.032763   0.306720   0.701320   0.790442   0.583734   0.941011   0.546790   0.821463   0.032345 668695
 23   0.122360   0.697621   0.756398   0.531283   0.939842   0.492452   0.768993   0.021403   0.305376   0.704447   0.760686   0.537644   0.939019   0.498994   0.774685   0.021852   0.305852   0.703583   0.761142   0.538309   0.940410   0.499676   0.776868   0.023086   0.306276   0.702731   0.761925   0.539469   0.943270   0.500869   0.779345   0.024489   0.306594   0.702115   0.761715   0.539141   0.944933   0.500529   0.779960   0.025611   0.308046   0.701137   0.761811   0.539265   0.945223   0.500653   0.779449   0.026079   0.320339   0.697081   0.766814   0.546850   0.944713   0.508487   0.779694   0.025411   0.349112   0.689643   0.776600   0.561914   0.943453   0.524089   0.785707   0.024141   0.385458   0.681976   0.788736   0.581060   0.942622   0.544011   0.796284   0.025539   0.419488   0.675810   0.802596   0.603491   0.943053   0.567462   0.805564   0.029161   0.442824   0.671942   0.815351   0.624665   0.943526   0.589705   0.812201   0.032305   0.447224   0.671115   0.825053   0.641129   0.943471   0.607071   0.816184   0.034130   0.431467   0.673449   0.830647   0.650766   0.942734   0.617265   0.817921   0.034964   0.401324   0.678258   0.831743   0.652675   0.941393   0.619288   0.818616   0.034874   0.363657   0.684149   0.829032   0.647998   0.940635   0.614340   0.822767   0.031286   0.329082   0.690763   0.819235   0.631331   0.940596   0.596750   0.833559   0.025837   0.311299   0.696812   0.804550   0.606722   0.940783   0.570854   0.835255   0.026659   0.308076   0.699448   0.794729   0.590581   0.941403   0.553930   0.827677   0.030531   0.307771   0.699780   0.789612   0.582362   0.942074   0.545349   0.823770   0.031222   0.307575   0.699980   0.785213   0.575367   0.942308   0.538061   0.820604   0.030723   0.307447   0.700107   0.781262   0.569143   0.942013   0.531586   0.817483   0.029956   0.307361   0.700173   0.777788   0.563714   0.941711   0.525948   0.814398   0.029419   0.307341   0.700156   0.774928   0.559277   0.941917   0.521346   0.811537   0.029032   0.307374   0.700075   0.772558   0.555625   0.942539   0.517563   0.808888   0.028761 868554
 24   0.124220   0.697424   0.740745   0.508390   0.935278   0.468963   0.738337   0.021076   0.305484   0.704076   0.745175   0.514749   0.934355   0.475465   0.743777   0.021566   0.305988   0.703247   0.745803   0.515648   0.935697   0.476383   0.745576   0.022902   0.306437   0.702408   0.746786   0.517068   0.938572   0.477838   0.748023   0.024203   0.306797   0.701796   0.746753   0.517010   0.940260   0.477775   0.749062   0.025096   0.308076   0.700909   0.746791   0.517045   0.940570   0.477807   0.749062   0.025434   0.318754   0.697327   0.751015   0.523241   0.940078   0.484168   0.749829   0.024999   0.343588   0.690824   0.759391   0.535694   0.938814   0.496984   0.755885   0.024399   0.374211   0.684266   0.769753   0.551433   0.938014   0.513245   0.766459   0.026186   0.402634   0.679024   0.781598   0.569824   0.938491   0.532324   0.776233   0.029494   0.422386   0.675657   0.792487   0.587107   0.938985   0.550328   0.783517   0.032135   0.426460   0.674811   0.800843   0.600624   0.938997   0.564458   0.788170   0.033668   0.412711   0.676769   0.805523   0.608286   0.938307   0.572486   0.790280   0.034097   0.386330   0.680935   0.806017   0.609105   0.936959   0.573346   0.790866   0.033376   0.354187   0.686087   0.803207   0.604502   0.936175   0.568522   0.793810   0.029607   0.324820   0.692087   0.794098   0.589751   0.936129   0.553099   0.802170   0.024827   0.310273   0.697282   0.781308   0.569322   0.936306   0.531794   0.801774   0.026266   0.308016   0.699314   0.773233   0.556663   0.936919   0.518638   0.793612   0.030223   0.307757   0.699575   0.768969   0.550103   0.937556   0.511844   0.789618   0.030849   0.307607   0.699729   0.765325   0.544548   0.937719   0.506100   0.786207   0.030102   0.307512   0.699833   0.762015   0.539545   0.937381   0.500936   0.782715   0.029514   0.307432   0.699897   0.759036   0.535078   0.936992   0.496332   0.779095   0.029486   0.307394   0.699898   0.756569   0.531407   0.937086   0.492554   0.775825   0.029230   0.307412   0.699826   0.754607   0.528508   0.937658   0.489573   0.772954   0.028769 1236650
