timestamp=                2021-11-16T10:10:06.284211
shape=                    (5, 5)
sigma=                    2.5
nepochs=                  3
thresh=                   None
rate=                     0.008
neighborhood function=    gaussian
init weights=             pca
topology=                 hexagonal
activation distance=      euclidean
output type=              labels
mapfile_prefix=           full2018_5x5_3_008_3_04
apply classification=     False
seed=                     None
random order=             True
custom init file=         None
order labels by size=     False
decay_function=           3

Quantization Error=       0.34779928
Topographic Error=        0.10668488

############ NEURONS #############
 25 192
  0   0.112951   0.681031   0.764058   0.536507   0.935727   0.497259   0.722538   0.024357   0.297806   0.689875   0.769884   0.545316   0.935290   0.506334   0.732540   0.026219   0.298581   0.688376   0.770653   0.546484   0.936490   0.507538   0.735914   0.027053   0.299114   0.687164   0.771249   0.547393   0.938763   0.508475   0.739833   0.026944   0.299495   0.686255   0.770943   0.546903   0.940199   0.507966   0.742844   0.026663   0.308800   0.683101   0.774560   0.552496   0.940383   0.513751   0.744039   0.025661   0.348803   0.673340   0.787415   0.572908   0.939900   0.534969   0.750649   0.023988   0.426635   0.657798   0.808686   0.608042   0.938948   0.571763   0.767332   0.024946   0.525015   0.641697   0.835789   0.655118   0.937950   0.621535   0.782972   0.030428   0.617856   0.628912   0.864043   0.706832   0.937730   0.676757   0.791213   0.037095   0.671914   0.622613   0.887474   0.751833   0.937489   0.725251   0.793511   0.042160   0.663264   0.624781   0.902983   0.782802   0.936790   0.758872   0.792240   0.045971   0.601039   0.633719   0.909816   0.796825   0.935744   0.774175   0.791629   0.048731   0.512797   0.645975   0.908174   0.793614   0.934340   0.770703   0.795195   0.049679   0.420710   0.658665   0.898751   0.774681   0.933540   0.750123   0.806682   0.047038   0.345536   0.670442   0.878706   0.735253   0.933532   0.707439   0.825412   0.041211   0.307980   0.679955   0.853461   0.687183   0.933828   0.655718   0.831771   0.040741   0.300483   0.684232   0.836850   0.656744   0.934473   0.623208   0.826848   0.043325   0.300040   0.684841   0.828222   0.641505   0.935199   0.607046   0.826149   0.042434   0.299793   0.685198   0.821056   0.629067   0.935622   0.593898   0.826358   0.040945   0.299616   0.685427   0.814786   0.618336   0.935622   0.582585   0.826324   0.039112   0.299519   0.685513   0.809430   0.609278   0.935587   0.573056   0.825837   0.037508   0.299476   0.685471   0.804955   0.601794   0.935898   0.565200   0.824953   0.036386   0.299410   0.685366   0.801077   0.595394   0.936530   0.558498   0.823898   0.035424 299150
  1   0.117418   0.682517   0.710204   0.460471   0.901266   0.419888   0.516074   0.033803   0.295310   0.692693   0.725698   0.481943   0.900118   0.441661   0.519546   0.033758   0.296035   0.691116   0.728141   0.485550   0.900776   0.445358   0.515632   0.032274   0.296464   0.689947   0.729440   0.487455   0.902711   0.447308   0.515448   0.031022   0.296862   0.688899   0.730155   0.488523   0.903858   0.448405   0.516420   0.030625   0.302469   0.685863   0.734544   0.494658   0.903959   0.454642   0.517887   0.029159   0.332644   0.676733   0.748057   0.514263   0.903518   0.474705   0.524930   0.024473   0.400531   0.661204   0.769305   0.546312   0.902516   0.507727   0.541234   0.021947   0.492156   0.644042   0.796255   0.589037   0.901772   0.552155   0.557630   0.027146   0.586994   0.629280   0.826046   0.639102   0.901706   0.604781   0.566884   0.036333   0.658712   0.620009   0.852203   0.685550   0.901335   0.654109   0.571398   0.046420   0.675576   0.619436   0.870594   0.719718   0.900601   0.690703   0.574778   0.055829   0.630450   0.627302   0.879769   0.737277   0.899624   0.709614   0.579477   0.062640   0.542215   0.640710   0.879419   0.736645   0.898374   0.708943   0.587244   0.064951   0.439315   0.655649   0.870435   0.719515   0.897632   0.690506   0.602838   0.059721   0.352729   0.669689   0.849467   0.680693   0.897739   0.648955   0.627679   0.047088   0.307433   0.681829   0.819857   0.628043   0.898252   0.593028   0.641675   0.040565   0.297423   0.687402   0.800056   0.594204   0.899104   0.557351   0.639990   0.040989   0.297477   0.687671   0.791741   0.580596   0.899957   0.543121   0.637304   0.039818   0.297739   0.687589   0.785301   0.570234   0.900399   0.532320   0.635342   0.038742   0.298034   0.687388   0.779935   0.561742   0.900569   0.523496   0.633764   0.037965   0.298256   0.687188   0.775216   0.554377   0.900615   0.515863   0.632210   0.037230   0.298476   0.686882   0.771263   0.548266   0.900781   0.509540   0.630674   0.036383   0.298755   0.686422   0.768164   0.543513   0.901247   0.504629   0.629009   0.035553 115387
  2   0.139870   0.689620   0.501474   0.235950   0.434248   0.201786   0.285198   0.062072   0.286195   0.707201   0.521118   0.251967   0.433931   0.216578   0.284802   0.068068   0.285712   0.705804   0.521817   0.252583   0.434248   0.217155   0.280510   0.068345   0.285663   0.704258   0.522123   0.252869   0.435596   0.217425   0.277427   0.069879   0.285501   0.703061   0.521736   0.252553   0.436392   0.217133   0.274575   0.072817   0.295710   0.692242   0.528866   0.258725   0.436299   0.222891   0.274780   0.075424   0.347541   0.658165   0.548297   0.276407   0.435622   0.239532   0.278641   0.081800   0.448287   0.610475   0.570942   0.298348   0.434538   0.260407   0.282754   0.102098   0.563782   0.569024   0.592863   0.320824   0.434036   0.282007   0.286564   0.128577   0.661941   0.542779   0.612685   0.342090   0.434183   0.302610   0.291142   0.147433   0.721808   0.535758   0.627387   0.358570   0.434053   0.318701   0.297455   0.160510   0.726459   0.549650   0.635471   0.367996   0.433749   0.327970   0.305641   0.170326   0.674424   0.580818   0.635344   0.368075   0.433374   0.328088   0.315299   0.175468   0.583173   0.621474   0.626815   0.358509   0.432852   0.318745   0.324541   0.173469   0.475806   0.663771   0.611689   0.341664   0.432369   0.302312   0.331169   0.162311   0.376378   0.700499   0.592691   0.321063   0.432378   0.282312   0.333902   0.139884   0.305809   0.726789   0.570739   0.298395   0.432793   0.260495   0.331031   0.110823   0.278403   0.735360   0.554208   0.282073   0.433363   0.244911   0.322885   0.094193   0.277056   0.731321   0.546758   0.275061   0.433778   0.238274   0.314381   0.091341   0.276837   0.727223   0.541813   0.270488   0.433812   0.233957   0.307424   0.091243   0.276553   0.723832   0.537817   0.266849   0.433883   0.230533   0.301060   0.092366   0.276416   0.721059   0.533986   0.263414   0.433933   0.227308   0.295531   0.092597   0.276408   0.718773   0.530207   0.260065   0.433952   0.224171   0.290564   0.092028   0.276499   0.716615   0.526984   0.257240   0.434222   0.221530   0.285913   0.091913 180131
  3   0.143345   0.684318   0.434423   0.184766   0.286287   0.155010   0.226254   0.214337   0.268869   0.695822   0.422807   0.176669   0.288383   0.147727   0.217401   0.354262   0.267981   0.692983   0.424731   0.178050   0.288627   0.148977   0.218063   0.377222   0.267642   0.690633   0.425994   0.178979   0.289783   0.149821   0.218767   0.390160   0.266795   0.689123   0.426114   0.179107   0.290431   0.149943   0.219400   0.404340   0.281417   0.683417   0.428113   0.180520   0.290319   0.151218   0.219734   0.415058   0.348147   0.662180   0.437371   0.187126   0.289750   0.157187   0.222075   0.408512   0.465373   0.628631   0.452779   0.198544   0.288880   0.167575   0.225395   0.405997   0.588260   0.597525   0.469563   0.211555   0.288708   0.179502   0.227905   0.415648   0.687548   0.574912   0.485184   0.224118   0.289217   0.191093   0.230280   0.412930   0.750999   0.563508   0.497344   0.234221   0.289425   0.200467   0.232274   0.405482   0.766875   0.566320   0.504540   0.240354   0.289402   0.206183   0.234070   0.399519   0.731187   0.583557   0.505867   0.241512   0.289194   0.207267   0.235637   0.394944   0.652376   0.611661   0.501022   0.237363   0.288721   0.203396   0.236475   0.388916   0.541285   0.647832   0.490233   0.228291   0.288145   0.194962   0.235963   0.384007   0.417021   0.687791   0.473697   0.214854   0.287872   0.182542   0.233964   0.386545   0.307585   0.723376   0.453083   0.198796   0.287917   0.167808   0.230136   0.399939   0.255641   0.737342   0.438748   0.188036   0.288205   0.157998   0.225477   0.418352   0.251120   0.732255   0.433531   0.184333   0.288465   0.154655   0.221805   0.430770   0.251043   0.725887   0.430156   0.181989   0.288440   0.152546   0.219147   0.440937   0.251171   0.720323   0.427272   0.180006   0.288496   0.150765   0.217080   0.449110   0.251306   0.715626   0.424717   0.178257   0.288555   0.149196   0.215136   0.450372   0.251390   0.711643   0.422572   0.176798   0.288580   0.147888   0.213140   0.448871   0.251412   0.708127   0.420907   0.175684   0.288812   0.146892   0.211398   0.448885 88896
  4   0.155234   0.686236   0.369016   0.141265   0.195939   0.116171   0.196415   0.123025   0.284254   0.699447   0.348191   0.128340   0.195538   0.104769   0.188184   0.178487   0.285183   0.696678   0.349805   0.129215   0.195935   0.105523   0.189711   0.187656   0.285785   0.694729   0.350561   0.129636   0.197135   0.105888   0.191075   0.195382   0.286170   0.693365   0.350456   0.129572   0.197852   0.105831   0.191934   0.203540   0.296518   0.685538   0.353330   0.131187   0.197828   0.107231   0.193014   0.209916   0.343378   0.659968   0.362650   0.136665   0.197339   0.112019   0.194991   0.219653   0.430570   0.622283   0.375416   0.144486   0.196540   0.118900   0.197344   0.236590   0.528704   0.587406   0.388714   0.152918   0.196343   0.126361   0.200015   0.249739   0.614402   0.561651   0.401473   0.161259   0.196803   0.133782   0.202743   0.251969   0.669920   0.550566   0.411711   0.168140   0.197018   0.139931   0.205247   0.251149   0.679881   0.557914   0.417892   0.172386   0.197004   0.143740   0.207706   0.250660   0.642695   0.581623   0.419234   0.173328   0.196789   0.144589   0.209789   0.249236   0.569976   0.615785   0.415480   0.170740   0.196282   0.142266   0.210847   0.243542   0.476504   0.655529   0.407090   0.165019   0.195729   0.137140   0.210415   0.235935   0.381122   0.695349   0.394211   0.156470   0.195535   0.129515   0.208706   0.230652   0.307417   0.726010   0.378401   0.146354   0.195630   0.120549   0.205820   0.223898   0.276447   0.736460   0.366526   0.139020   0.195924   0.114087   0.202241   0.219835   0.274129   0.732397   0.360539   0.135468   0.196184   0.110978   0.198915   0.220539   0.274134   0.727583   0.356140   0.132910   0.196177   0.108747   0.196190   0.224300   0.274525   0.723255   0.352310   0.130713   0.196201   0.106835   0.194071   0.227937   0.274557   0.719746   0.348903   0.128783   0.196195   0.105159   0.191944   0.226452   0.273916   0.717105   0.345913   0.127104   0.196174   0.103702   0.189534   0.223737   0.273448   0.714730   0.343507   0.125760   0.196375   0.102538   0.187331   0.223717 161723
  5   0.114775   0.679495   0.762629   0.534276   0.938451   0.494948   0.755874   0.021628   0.300305   0.687016   0.770521   0.546207   0.937911   0.507237   0.765062   0.021511   0.300761   0.685816   0.771650   0.547929   0.938921   0.509014   0.769434   0.022130   0.301149   0.684745   0.772681   0.549512   0.941187   0.510649   0.774242   0.022544   0.301469   0.683938   0.772720   0.549561   0.942575   0.510697   0.777672   0.022999   0.305191   0.682284   0.773991   0.551506   0.942832   0.512705   0.778610   0.023020   0.325100   0.676873   0.780769   0.562139   0.942492   0.523733   0.780415   0.022577   0.365357   0.667661   0.793029   0.581822   0.941626   0.544234   0.789514   0.022569   0.413215   0.658218   0.808588   0.607575   0.940786   0.571213   0.801902   0.025077   0.455631   0.650886   0.825779   0.636950   0.940871   0.602170   0.811316   0.029344   0.482367   0.646675   0.841219   0.664158   0.940959   0.631009   0.817570   0.032962   0.485351   0.646310   0.852622   0.684787   0.940540   0.652984   0.821492   0.035458   0.463412   0.649733   0.858990   0.696510   0.939703   0.665512   0.824103   0.036793   0.422890   0.655905   0.859931   0.698261   0.938426   0.667388   0.826953   0.036475   0.372618   0.663102   0.856002   0.690995   0.937655   0.659616   0.835377   0.032577   0.328283   0.670855   0.843583   0.668453   0.937607   0.635588   0.849875   0.027709   0.307177   0.677146   0.827342   0.639543   0.937843   0.604885   0.855422   0.029036   0.303763   0.679589   0.817453   0.622393   0.938433   0.586762   0.851653   0.032738   0.303362   0.680115   0.811910   0.613008   0.939092   0.576889   0.849287   0.033305   0.303055   0.680475   0.807146   0.605032   0.939409   0.568516   0.847687   0.032825   0.302849   0.680693   0.802979   0.598120   0.939327   0.561272   0.846394   0.031763   0.302710   0.680808   0.799397   0.592225   0.939256   0.555105   0.845199   0.030667   0.302610   0.680859   0.796359   0.587265   0.939517   0.549921   0.843748   0.030037   0.302518   0.680872   0.793713   0.582976   0.940074   0.545446   0.842191   0.029673 696690
  6   0.115474   0.680720   0.741254   0.503006   0.934611   0.462930   0.674381   0.025832   0.298140   0.689336   0.751608   0.517884   0.933866   0.478114   0.681767   0.025218   0.298695   0.687937   0.752970   0.519854   0.934751   0.480126   0.682996   0.025042   0.299040   0.686785   0.754069   0.521462   0.936844   0.481772   0.685376   0.024528   0.299309   0.685934   0.754187   0.521627   0.938078   0.481940   0.686786   0.024382   0.304006   0.684175   0.755687   0.523825   0.938179   0.484191   0.686477   0.023896   0.328943   0.678113   0.763059   0.534958   0.937720   0.495657   0.687808   0.022822   0.381904   0.666739   0.776958   0.556516   0.936790   0.517970   0.696773   0.022952   0.451463   0.653676   0.796423   0.587871   0.936058   0.550654   0.709489   0.026656   0.522093   0.642261   0.819397   0.626489   0.936117   0.591232   0.718599   0.032721   0.573675   0.634967   0.840668   0.663789   0.935998   0.630739   0.723840   0.038522   0.585776   0.633907   0.856615   0.692788   0.935448   0.661664   0.726908   0.043032   0.553280   0.639086   0.865704   0.709729   0.934568   0.679815   0.729552   0.045713   0.488563   0.648600   0.867512   0.713141   0.933348   0.683480   0.733954   0.046024   0.410844   0.659677   0.862326   0.703405   0.932556   0.673035   0.743432   0.042343   0.343773   0.670423   0.847644   0.676385   0.932467   0.644155   0.758345   0.035489   0.308459   0.679178   0.826706   0.638933   0.932736   0.604340   0.765208   0.034706   0.300279   0.683059   0.812146   0.613687   0.933366   0.577659   0.762364   0.038333   0.299906   0.683547   0.804859   0.601489   0.934047   0.564852   0.760509   0.038821   0.299746   0.683811   0.798750   0.591417   0.934391   0.554308   0.759626   0.038063   0.299720   0.683917   0.793492   0.582853   0.934472   0.545363   0.759008   0.036837   0.299782   0.683899   0.788996   0.575603   0.934520   0.537805   0.758435   0.035568   0.299799   0.683854   0.785128   0.569425   0.934764   0.531376   0.757504   0.034527   0.299753   0.683790   0.781773   0.564128   0.935278   0.525874   0.756225   0.033710 335935
  7   0.126771   0.678698   0.640747   0.373920   0.734998   0.333739   0.434646   0.041442   0.297561   0.685530   0.665222   0.401783   0.732848   0.361018   0.441804   0.040447   0.298183   0.684532   0.668532   0.405793   0.733306   0.364986   0.438765   0.036190   0.298823   0.683502   0.671865   0.409830   0.735012   0.368980   0.437816   0.033618   0.299393   0.682594   0.674228   0.412699   0.736062   0.371820   0.436957   0.032389   0.301241   0.680684   0.677732   0.417017   0.736134   0.376106   0.436402   0.031243   0.314158   0.674375   0.688122   0.430346   0.735750   0.389432   0.436923   0.027440   0.345372   0.664350   0.701632   0.448112   0.734933   0.407273   0.442763   0.024787   0.387114   0.654584   0.713911   0.464812   0.734577   0.424150   0.453043   0.028647   0.428773   0.646668   0.727012   0.483212   0.734876   0.442855   0.462599   0.036316   0.458794   0.642044   0.738731   0.500189   0.734807   0.460215   0.471507   0.044316   0.464404   0.642259   0.746848   0.512259   0.734445   0.472618   0.480467   0.051025   0.443576   0.647221   0.749867   0.516830   0.733908   0.477330   0.490061   0.055362   0.405790   0.655298   0.746885   0.512398   0.733049   0.472776   0.500170   0.055883   0.362043   0.664776   0.738541   0.500079   0.732269   0.460134   0.510623   0.051228   0.324266   0.674128   0.724762   0.480218   0.732140   0.439844   0.522358   0.041769   0.304349   0.680954   0.708911   0.457985   0.732457   0.417247   0.528293   0.036201   0.300036   0.683374   0.699495   0.445099   0.733017   0.404211   0.526101   0.035858   0.300115   0.683354   0.696012   0.440469   0.733546   0.399551   0.522729   0.034786   0.300221   0.683230   0.693268   0.436862   0.733774   0.395929   0.519868   0.033954   0.300325   0.683098   0.690819   0.433676   0.733958   0.392736   0.517571   0.033690   0.300388   0.682994   0.688504   0.430688   0.734005   0.389746   0.515383   0.033457   0.300411   0.682872   0.686518   0.428138   0.734026   0.387196   0.513079   0.033129   0.300473   0.682663   0.685029   0.426237   0.734364   0.385297   0.510895   0.032828 222529
  8   0.145640   0.687728   0.440999   0.188587   0.322581   0.158328   0.239232   0.083083   0.282263   0.703676   0.443124   0.189638   0.322407   0.159203   0.230711   0.103075   0.281549   0.702530   0.443501   0.189913   0.322779   0.159452   0.228382   0.107181   0.281323   0.701084   0.443730   0.190094   0.324061   0.159618   0.226743   0.111935   0.280906   0.699802   0.443364   0.189863   0.324807   0.159413   0.225404   0.118779   0.293460   0.688344   0.451014   0.195316   0.324724   0.164335   0.227030   0.124721   0.351000   0.656153   0.470470   0.209954   0.324126   0.177669   0.231352   0.136305   0.458011   0.614554   0.492225   0.227491   0.323178   0.193832   0.234398   0.164706   0.577579   0.579010   0.512148   0.244431   0.322829   0.209588   0.236787   0.193022   0.678502   0.554257   0.529554   0.259803   0.323143   0.223982   0.239893   0.203416   0.742502   0.543792   0.542835   0.271946   0.323196   0.235421   0.243748   0.205855   0.752397   0.551632   0.550470   0.279161   0.323042   0.242257   0.248662   0.207006   0.705209   0.576532   0.551192   0.279962   0.322741   0.243037   0.254476   0.206049   0.615294   0.612212   0.544709   0.273970   0.322220   0.237381   0.259826   0.200560   0.502440   0.652726   0.532188   0.262456   0.321703   0.226523   0.263005   0.190930   0.390922   0.691707   0.514697   0.246804   0.321611   0.211831   0.263402   0.174783   0.305470   0.723690   0.491085   0.226672   0.321864   0.193094   0.260836   0.148763   0.269745   0.737002   0.472044   0.211138   0.322291   0.178747   0.254688   0.133458   0.267622   0.734176   0.463778   0.204768   0.322625   0.172922   0.247932   0.133743   0.267763   0.729879   0.458589   0.200865   0.322636   0.169367   0.242897   0.136939   0.268117   0.725818   0.454233   0.197648   0.322679   0.166446   0.238885   0.140766   0.268474   0.722342   0.450148   0.194671   0.322699   0.163750   0.235398   0.141556   0.268531   0.719511   0.446380   0.191958   0.322701   0.161297   0.231912   0.141052   0.268472   0.716922   0.443249   0.189744   0.322937   0.159302   0.228536   0.141777 173005
  9   0.155236   0.680596   0.399142   0.159484   0.242284   0.132168   0.224543   0.056198   0.295240   0.688833   0.390017   0.153172   0.241699   0.126501   0.218185   0.068245   0.296174   0.687426   0.391025   0.153760   0.242128   0.127014   0.219813   0.071296   0.296517   0.686721   0.391033   0.153745   0.243428   0.126998   0.221045   0.073853   0.296719   0.686166   0.390662   0.153502   0.244246   0.126783   0.221773   0.076338   0.301493   0.681263   0.392735   0.154799   0.244249   0.127927   0.222761   0.078611   0.328321   0.663243   0.400039   0.159531   0.243746   0.132129   0.224908   0.083150   0.383288   0.635736   0.410018   0.166182   0.242913   0.138062   0.228819   0.094853   0.446585   0.611438   0.420408   0.173285   0.242618   0.144425   0.234390   0.108979   0.499777   0.595753   0.430659   0.180444   0.243008   0.150862   0.240591   0.117954   0.529115   0.592083   0.438659   0.186140   0.243199   0.156001   0.246661   0.124217   0.527439   0.600939   0.442892   0.189204   0.243139   0.158773   0.251953   0.128497   0.498099   0.618687   0.443021   0.189294   0.242878   0.158854   0.255615   0.129061   0.450203   0.641066   0.439275   0.186554   0.242337   0.156371   0.257008   0.123910   0.394185   0.665048   0.432493   0.181658   0.241773   0.151944   0.256184   0.114445   0.341509   0.687566   0.423413   0.175242   0.241632   0.146163   0.253611   0.103748   0.306662   0.702799   0.413632   0.168509   0.241821   0.140125   0.249770   0.093704   0.294624   0.707161   0.406814   0.163937   0.242186   0.136042   0.245649   0.088527   0.293645   0.705570   0.403241   0.161610   0.242496   0.133974   0.242032   0.087601   0.293346   0.703829   0.400318   0.159727   0.242525   0.132304   0.239039   0.089331   0.293242   0.702232   0.397522   0.157943   0.242559   0.130724   0.236532   0.091393   0.292812   0.701059   0.394771   0.156209   0.242548   0.129191   0.233908   0.090727   0.292218   0.700137   0.392364   0.154708   0.242534   0.127867   0.231076   0.089464   0.291803   0.699186   0.390441   0.153518   0.242756   0.126818   0.228448   0.089657 333017
 10   0.116657   0.678397   0.753031   0.519740   0.942550   0.479971   0.769069   0.018911   0.301765   0.684939   0.762088   0.533187   0.941964   0.493775   0.775893   0.017603   0.302107   0.683933   0.763523   0.535349   0.942838   0.496000   0.779882   0.018307   0.302442   0.682997   0.764810   0.537297   0.944968   0.498006   0.784380   0.018953   0.302726   0.682301   0.765106   0.537743   0.946345   0.498466   0.787392   0.019637   0.303653   0.681569   0.765043   0.537635   0.946661   0.498352   0.788824   0.020045   0.312030   0.678979   0.767578   0.541508   0.946395   0.502349   0.788494   0.020506   0.332800   0.673515   0.773876   0.551251   0.945584   0.512427   0.791544   0.020681   0.359691   0.667143   0.782824   0.565342   0.944842   0.527050   0.799784   0.021750   0.384922   0.661742   0.793736   0.582879   0.945101   0.545319   0.807932   0.024407   0.401784   0.658303   0.804181   0.600013   0.945349   0.563237   0.813722   0.026779   0.404361   0.657501   0.812174   0.613373   0.945102   0.577257   0.817272   0.028019   0.392029   0.659341   0.816878   0.621337   0.944481   0.585635   0.819276   0.028242   0.368676   0.663237   0.817837   0.622976   0.943408   0.587362   0.821231   0.027291   0.339995   0.667999   0.815399   0.618837   0.942712   0.583006   0.828264   0.023580   0.315881   0.673246   0.806985   0.604714   0.942629   0.568174   0.841637   0.020226   0.305569   0.677042   0.797012   0.588144   0.942786   0.550804   0.847343   0.021959   0.304361   0.678175   0.791667   0.579415   0.943287   0.541683   0.843991   0.024773   0.304173   0.678468   0.788290   0.573978   0.943868   0.536018   0.841376   0.025555   0.304006   0.678700   0.785223   0.569080   0.944111   0.530922   0.839140   0.025588   0.303876   0.678875   0.782370   0.564555   0.943977   0.526219   0.837195   0.025181   0.303792   0.678975   0.779884   0.560634   0.943857   0.522149   0.835568   0.024679   0.303742   0.679010   0.777823   0.557404   0.944047   0.518800   0.833989   0.024311   0.303726   0.678988   0.776106   0.554726   0.944520   0.516026   0.832475   0.024115 1113759
 11   0.117977   0.679349   0.738036   0.498126   0.934493   0.457902   0.705163   0.022000   0.300985   0.686765   0.748333   0.512857   0.933717   0.472923   0.712118   0.020984   0.301343   0.685600   0.749951   0.515199   0.934496   0.475315   0.714936   0.021162   0.301675   0.684513   0.751497   0.517460   0.936531   0.477630   0.718647   0.020846   0.301956   0.683695   0.752056   0.518273   0.937772   0.478461   0.721241   0.020884   0.303385   0.682722   0.752560   0.518998   0.937939   0.479200   0.721876   0.020946   0.315527   0.679171   0.756743   0.525231   0.937620   0.485604   0.721516   0.020654   0.344139   0.671837   0.765883   0.539090   0.936791   0.499886   0.726481   0.020023   0.380341   0.663363   0.778687   0.558987   0.936134   0.520486   0.737219   0.020888   0.414390   0.656238   0.793892   0.583294   0.936431   0.545784   0.747018   0.023764   0.438193   0.651687   0.808173   0.606791   0.936567   0.570371   0.753763   0.026825   0.444335   0.650515   0.819250   0.625491   0.936223   0.590032   0.758304   0.029168   0.430583   0.652775   0.826116   0.637293   0.935515   0.602483   0.761561   0.030470   0.400099   0.657839   0.828145   0.640813   0.934370   0.606203   0.764676   0.030180   0.360549   0.664109   0.825823   0.636786   0.933584   0.601947   0.772181   0.026919   0.325086   0.670856   0.816309   0.620530   0.933475   0.584817   0.785668   0.022894   0.307290   0.676528   0.802465   0.597235   0.933667   0.560339   0.793459   0.024644   0.304001   0.678890   0.793460   0.582380   0.934195   0.544788   0.792139   0.028812   0.303694   0.679360   0.788748   0.574781   0.934798   0.536867   0.789929   0.029890   0.303457   0.679689   0.784668   0.568271   0.935091   0.530095   0.788369   0.029815   0.303263   0.679944   0.781015   0.562499   0.935113   0.524100   0.786944   0.029357   0.303128   0.680113   0.777832   0.557506   0.935104   0.518922   0.785532   0.028830   0.303060   0.680179   0.775164   0.553345   0.935305   0.514612   0.784047   0.028315   0.303011   0.680199   0.772877   0.549799   0.935779   0.510943   0.782618   0.027810 823396
 12   0.126126   0.677559   0.664663   0.401500   0.757394   0.360802   0.561584   0.031034   0.301062   0.683589   0.679894   0.419545   0.756270   0.378589   0.569716   0.032284   0.301544   0.683091   0.679968   0.419663   0.756861   0.378712   0.569120   0.030044   0.301981   0.682471   0.680464   0.420310   0.758612   0.379361   0.570241   0.029032   0.302287   0.682015   0.680289   0.420102   0.759709   0.379155   0.570586   0.028737   0.303224   0.681292   0.680054   0.419816   0.759734   0.378872   0.570194   0.028355   0.312598   0.677789   0.682842   0.423451   0.759172   0.382516   0.570173   0.026913   0.337626   0.670655   0.688296   0.430549   0.758164   0.389631   0.575399   0.026247   0.371492   0.663002   0.694293   0.438404   0.757723   0.397513   0.586481   0.029707   0.402623   0.657274   0.700599   0.446761   0.758095   0.405918   0.598276   0.035855   0.422782   0.654229   0.706049   0.454073   0.758185   0.413288   0.608427   0.041336   0.425212   0.654469   0.709725   0.459053   0.757963   0.418317   0.616093   0.044871   0.408663   0.658072   0.710609   0.460251   0.757538   0.419527   0.621091   0.045498   0.379534   0.664056   0.708252   0.457038   0.756819   0.416279   0.623466   0.042558   0.346525   0.671097   0.703306   0.450341   0.756116   0.409518   0.623922   0.036659   0.318796   0.677780   0.696471   0.441159   0.755986   0.400261   0.624243   0.030322   0.304861   0.681886   0.689898   0.432407   0.756292   0.391451   0.622334   0.027490   0.302248   0.682785   0.686625   0.428090   0.756805   0.387115   0.617582   0.027216   0.302325   0.682473   0.685591   0.426750   0.757243   0.385772   0.612989   0.026907   0.302421   0.682175   0.684625   0.425511   0.757329   0.384535   0.608928   0.026909   0.302513   0.681921   0.683591   0.424192   0.757403   0.383217   0.605360   0.027239   0.302589   0.681713   0.682459   0.422755   0.757426   0.381783   0.602028   0.027748   0.302656   0.681504   0.681413   0.421432   0.757456   0.380464   0.598874   0.028016   0.302734   0.681255   0.680669   0.420494   0.757774   0.379530   0.596015   0.028221 337288
 13   0.143403   0.678619   0.515044   0.246874   0.453058   0.211853   0.329549   0.038956   0.298594   0.685514   0.526774   0.256191   0.452141   0.220407   0.331459   0.043900   0.299101   0.684882   0.526802   0.256175   0.452611   0.220387   0.331682   0.042173   0.299346   0.684273   0.526792   0.256147   0.454062   0.220357   0.331904   0.042008   0.299528   0.683749   0.526642   0.256003   0.454977   0.220220   0.331931   0.042647   0.302028   0.681161   0.528247   0.257414   0.454973   0.221540   0.332639   0.043319   0.320716   0.670896   0.534651   0.263232   0.454425   0.227011   0.335229   0.043194   0.363349   0.653961   0.542689   0.270688   0.453504   0.234047   0.341817   0.047131   0.414029   0.638369   0.550294   0.277887   0.453139   0.240867   0.351938   0.057020   0.453637   0.628880   0.557755   0.285057   0.453490   0.247677   0.362355   0.067551   0.471909   0.626861   0.563195   0.290368   0.453615   0.252735   0.371682   0.076122   0.465811   0.632189   0.565715   0.292868   0.453484   0.255124   0.379153   0.081651   0.440213   0.642664   0.564964   0.292143   0.453157   0.254435   0.384228   0.082719   0.403574   0.655541   0.561031   0.288274   0.452562   0.250745   0.386538   0.078427   0.363164   0.669183   0.554677   0.282072   0.451951   0.244838   0.386138   0.069640   0.327382   0.681644   0.547142   0.274836   0.451813   0.237966   0.383405   0.058718   0.305795   0.689675   0.540171   0.268267   0.452057   0.231750   0.378541   0.050647   0.299402   0.691753   0.536250   0.264630   0.452488   0.228316   0.372867   0.047867   0.298942   0.691070   0.534635   0.263169   0.452852   0.226943   0.367883   0.047648   0.298570   0.690498   0.533031   0.261738   0.452907   0.225603   0.363580   0.048651   0.298180   0.690054   0.531473   0.260357   0.452965   0.224309   0.359658   0.049925   0.297911   0.689577   0.530086   0.259127   0.452977   0.223157   0.356050   0.050395   0.297735   0.689092   0.528823   0.258012   0.452986   0.222114   0.352666   0.050525   0.297530   0.688679   0.527698   0.257030   0.453252   0.221196   0.349459   0.050787 342775
 14   0.149402   0.679163   0.459487   0.201662   0.351455   0.170113   0.277262   0.048500   0.297644   0.686528   0.464730   0.205046   0.350848   0.173106   0.275349   0.055509   0.298097   0.685738   0.465109   0.205292   0.351268   0.173324   0.275735   0.056321   0.298427   0.684920   0.465585   0.205638   0.352636   0.173637   0.276246   0.057589   0.298637   0.684246   0.465729   0.205746   0.353496   0.173735   0.276496   0.059478   0.301784   0.681120   0.467588   0.207173   0.353473   0.175039   0.277263   0.061141   0.322883   0.668883   0.474093   0.212292   0.352937   0.179735   0.279860   0.062547   0.369273   0.648893   0.483048   0.219521   0.352059   0.186396   0.285116   0.069585   0.424294   0.630431   0.492616   0.227427   0.351715   0.193711   0.292366   0.082298   0.469578   0.618579   0.502081   0.235383   0.352063   0.201095   0.300069   0.093645   0.493489   0.615401   0.509346   0.241599   0.352199   0.206881   0.307219   0.102393   0.490463   0.621304   0.513216   0.244979   0.352087   0.210039   0.313065   0.108356   0.464453   0.633877   0.513233   0.245019   0.351777   0.210081   0.317003   0.110129   0.423787   0.649874   0.509412   0.241699   0.351207   0.206983   0.318561   0.105819   0.376649   0.667086   0.502487   0.235722   0.350630   0.201410   0.317813   0.096044   0.333383   0.683167   0.493611   0.228203   0.350505   0.194423   0.315107   0.083629   0.306031   0.694022   0.484532   0.220690   0.350737   0.187468   0.310668   0.073575   0.297292   0.697161   0.478689   0.215945   0.351155   0.183092   0.305612   0.069655   0.296683   0.696246   0.475993   0.213803   0.351511   0.181123   0.301281   0.069406   0.296376   0.695277   0.473717   0.212020   0.351565   0.179489   0.297698   0.070809   0.296107   0.694383   0.471673   0.210437   0.351616   0.178040   0.294543   0.072359   0.295866   0.693535   0.469851   0.209033   0.351623   0.176757   0.291603   0.072388   0.295614   0.692788   0.468181   0.207760   0.351630   0.175595   0.288781   0.071914   0.295301   0.692160   0.466739   0.206674   0.351879   0.174606   0.286035   0.072238 397689
 15   0.118684   0.677837   0.737193   0.496584   0.940007   0.456267   0.745525   0.018735   0.302120   0.683894   0.746182   0.509475   0.939298   0.469416   0.750930   0.017346   0.302472   0.683015   0.747685   0.511660   0.940087   0.471649   0.753878   0.018184   0.302812   0.682175   0.749056   0.513663   0.942097   0.473700   0.757529   0.018829   0.303081   0.681574   0.749400   0.514164   0.943372   0.474212   0.760190   0.019354   0.303513   0.681110   0.749028   0.513605   0.943619   0.473636   0.761540   0.019594   0.309058   0.679346   0.750395   0.515610   0.943358   0.475691   0.760818   0.020267   0.324556   0.675125   0.754923   0.522339   0.942590   0.482599   0.762680   0.020815   0.345718   0.669844   0.761921   0.532889   0.941946   0.493460   0.770061   0.021674   0.366029   0.665217   0.770853   0.546588   0.942305   0.507607   0.778116   0.023971   0.380310   0.662135   0.779628   0.560288   0.942617   0.521801   0.784032   0.026246   0.382740   0.661329   0.786374   0.570993   0.942463   0.532926   0.787821   0.027364   0.372411   0.662865   0.790228   0.577177   0.941935   0.539367   0.789976   0.027415   0.353411   0.666127   0.790711   0.577965   0.940945   0.540190   0.791871   0.026424   0.330991   0.670060   0.788233   0.573995   0.940277   0.536056   0.798119   0.023138   0.312738   0.674339   0.781002   0.562501   0.940194   0.524107   0.808685   0.020704   0.305059   0.677354   0.772913   0.549750   0.940338   0.510872   0.811393   0.022797   0.304237   0.678200   0.768663   0.543156   0.940794   0.504048   0.806961   0.025307   0.304118   0.678430   0.765877   0.538884   0.941326   0.499636   0.804035   0.025725   0.304023   0.678590   0.763390   0.535094   0.941549   0.495727   0.801634   0.025516   0.303942   0.678730   0.761060   0.531565   0.941451   0.492091   0.799230   0.025290   0.303891   0.678833   0.758981   0.528432   0.941333   0.488866   0.796853   0.025134   0.303875   0.678866   0.757270   0.525865   0.941475   0.486226   0.794825   0.024853   0.303889   0.678834   0.755905   0.523824   0.941907   0.484128   0.793062   0.024599 1338744
 16   0.120122   0.679046   0.720527   0.473335   0.931861   0.432670   0.679722   0.023904   0.301406   0.686218   0.731869   0.488974   0.930959   0.448509   0.683684   0.021773   0.301712   0.685153   0.733535   0.491311   0.931605   0.450882   0.683881   0.021514   0.301998   0.684139   0.735136   0.493577   0.933448   0.453189   0.685531   0.020749   0.302235   0.683378   0.735784   0.494498   0.934540   0.454126   0.686831   0.020246   0.302853   0.682735   0.735786   0.494490   0.934617   0.454116   0.686961   0.019946   0.309977   0.680557   0.737869   0.497478   0.934249   0.457164   0.685160   0.019751   0.329214   0.675283   0.743739   0.505990   0.933445   0.465865   0.686101   0.019362   0.355041   0.668488   0.752795   0.519341   0.932952   0.479552   0.693070   0.020076   0.379664   0.662469   0.764143   0.536430   0.933359   0.497141   0.701286   0.022506   0.397244   0.658396   0.775342   0.553677   0.933543   0.514966   0.707499   0.024936   0.401957   0.657052   0.784377   0.567882   0.933288   0.529704   0.711921   0.026389   0.391872   0.658618   0.790100   0.577017   0.932703   0.539209   0.715415   0.026765   0.369780   0.662592   0.791807   0.579771   0.931699   0.542080   0.719005   0.025828   0.341607   0.667689   0.789837   0.576612   0.930967   0.538791   0.726119   0.022583   0.317109   0.673229   0.781904   0.564010   0.930868   0.525691   0.738221   0.019762   0.305615   0.677383   0.771765   0.548050   0.931094   0.509129   0.744548   0.021807   0.303837   0.678755   0.766016   0.539140   0.931631   0.499909   0.742443   0.025226   0.303723   0.679015   0.762743   0.534152   0.932184   0.494763   0.739939   0.026428   0.303620   0.679222   0.759804   0.529707   0.932410   0.490185   0.738028   0.026702   0.303544   0.679390   0.757117   0.525674   0.932443   0.486037   0.736381   0.026740   0.303487   0.679536   0.754620   0.521951   0.932422   0.482212   0.734789   0.026771   0.303453   0.679633   0.752413   0.518676   0.932545   0.478851   0.733355   0.026734   0.303450   0.679666   0.750563   0.515944   0.932955   0.476048   0.732037   0.026744 735891
 17   0.121972   0.679395   0.699406   0.444956   0.931058   0.404060   0.587523   0.024432   0.300663   0.686971   0.711265   0.460521   0.929938   0.419684   0.590519   0.023259   0.300930   0.686035   0.712489   0.462147   0.930459   0.421320   0.588723   0.023013   0.301196   0.685132   0.713672   0.463741   0.932130   0.422927   0.589204   0.022141   0.301438   0.684436   0.714048   0.464244   0.933149   0.423434   0.589921   0.021698   0.302022   0.683875   0.713836   0.463948   0.933282   0.423133   0.590009   0.021581   0.308980   0.681999   0.715921   0.466811   0.933006   0.426031   0.588868   0.021221   0.327615   0.677204   0.722111   0.475390   0.932324   0.434727   0.590114   0.020249   0.352488   0.670782   0.731305   0.488336   0.931963   0.447889   0.597503   0.020407   0.376165   0.664885   0.742579   0.504578   0.932402   0.464471   0.607683   0.022164   0.393086   0.660728   0.754006   0.521447   0.932595   0.481772   0.616234   0.024032   0.398414   0.659113   0.763438   0.535699   0.932373   0.496451   0.622594   0.025343   0.390029   0.660261   0.769426   0.544911   0.931776   0.505972   0.628150   0.025700   0.369181   0.663776   0.771164   0.547634   0.930710   0.508795   0.634462   0.024623   0.341496   0.668427   0.768984   0.544296   0.929913   0.505349   0.643826   0.021414   0.316881   0.673889   0.760230   0.530952   0.929735   0.491583   0.655621   0.019331   0.304907   0.678361   0.748996   0.513987   0.929897   0.474110   0.661138   0.022054   0.302897   0.679950   0.742691   0.504627   0.930440   0.464500   0.659624   0.025557   0.302780   0.680224   0.739281   0.499673   0.931044   0.459435   0.657619   0.026670   0.302711   0.680407   0.736375   0.495495   0.931348   0.455171   0.655730   0.026905   0.302708   0.680527   0.733760   0.491765   0.931450   0.451369   0.654066   0.027162   0.302757   0.680597   0.731375   0.488382   0.931450   0.447926   0.652485   0.027681   0.302841   0.680616   0.729296   0.485448   0.931558   0.444942   0.651239   0.028156   0.302952   0.680553   0.727596   0.483058   0.931919   0.442512   0.650561   0.028381 352897
 18   0.132099   0.677757   0.616559   0.346183   0.658519   0.306548   0.461735   0.035105   0.300081   0.683831   0.630507   0.360455   0.657218   0.320252   0.467352   0.037594   0.300662   0.683094   0.631515   0.361532   0.657747   0.321293   0.466318   0.034292   0.301148   0.682305   0.632708   0.362858   0.659395   0.322585   0.467035   0.032614   0.301475   0.681729   0.633027   0.363207   0.660424   0.322923   0.467612   0.032025   0.302822   0.680463   0.633735   0.364000   0.660442   0.323697   0.467895   0.031755   0.314876   0.675051   0.638568   0.369621   0.659902   0.329219   0.469221   0.030561   0.345508   0.665263   0.645877   0.378219   0.658938   0.337680   0.475862   0.030954   0.385657   0.655550   0.652899   0.386617   0.658536   0.345970   0.487609   0.036248   0.420749   0.648874   0.659858   0.395086   0.658904   0.354356   0.499809   0.044232   0.440795   0.646213   0.665211   0.401701   0.659000   0.360926   0.510639   0.051363   0.440683   0.647767   0.668146   0.405367   0.658809   0.364574   0.519285   0.055845   0.420956   0.653096   0.668007   0.405204   0.658423   0.364414   0.525339   0.056813   0.388477   0.660927   0.664487   0.400834   0.657748   0.360070   0.528624   0.053662   0.352405   0.669741   0.658539   0.393506   0.657067   0.352797   0.529294   0.046936   0.321744   0.677980   0.651154   0.384515   0.656920   0.343894   0.528712   0.039369   0.305289   0.683219   0.644077   0.376009   0.657196   0.335489   0.526071   0.035390   0.301576   0.684517   0.640373   0.371610   0.657677   0.331153   0.521268   0.034724   0.301596   0.684132   0.639187   0.370231   0.658093   0.329798   0.516742   0.034504   0.301650   0.683750   0.638087   0.368961   0.658179   0.328552   0.512975   0.034639   0.301702   0.683410   0.637022   0.367736   0.658263   0.327352   0.509708   0.035009   0.301758   0.683127   0.635902   0.366457   0.658292   0.326100   0.506548   0.035358   0.301790   0.682851   0.634915   0.365337   0.658311   0.325005   0.503430   0.035441   0.301796   0.682559   0.634208   0.364540   0.658611   0.324226   0.500591   0.035378 387195
 19   0.136836   0.678501   0.569434   0.297498   0.562291   0.259695   0.386084   0.037994   0.298485   0.685292   0.584462   0.311074   0.561142   0.272441   0.390703   0.040834   0.299091   0.684574   0.585201   0.311778   0.561654   0.273109   0.390102   0.036966   0.299488   0.683858   0.585574   0.312138   0.563209   0.273450   0.390527   0.036035   0.299712   0.683362   0.585329   0.311878   0.564182   0.273199   0.390930   0.036027   0.301874   0.681185   0.586703   0.313254   0.564192   0.274515   0.391730   0.035997   0.319076   0.672685   0.593248   0.320066   0.563638   0.281076   0.394510   0.035080   0.359147   0.658892   0.601377   0.328699   0.562688   0.289419   0.402329   0.037434   0.408836   0.646041   0.608659   0.336607   0.562304   0.297092   0.414357   0.045513   0.449679   0.637895   0.615825   0.344529   0.562651   0.304804   0.426543   0.055263   0.469584   0.635796   0.620899   0.350234   0.562754   0.310376   0.437587   0.063352   0.464477   0.639681   0.623028   0.352667   0.562598   0.312758   0.446700   0.068245   0.438435   0.648046   0.621858   0.351355   0.562244   0.311478   0.453203   0.068901   0.400376   0.658705   0.617409   0.346353   0.561614   0.306594   0.456757   0.064441   0.359383   0.669989   0.610695   0.338887   0.560983   0.299318   0.457248   0.055788   0.324861   0.680173   0.603040   0.330508   0.560851   0.291176   0.455440   0.046019   0.305355   0.686671   0.596031   0.322962   0.561111   0.283865   0.451558   0.039892   0.300127   0.688328   0.592295   0.319001   0.561564   0.280037   0.446223   0.038309   0.299888   0.687807   0.591026   0.317693   0.561950   0.278780   0.441076   0.038175   0.299704   0.687339   0.589825   0.316467   0.562012   0.277604   0.436493   0.038553   0.299507   0.686951   0.588686   0.315311   0.562072   0.276495   0.432292   0.039308   0.299384   0.686578   0.587563   0.314172   0.562083   0.275403   0.428457   0.039767   0.299278   0.686251   0.586438   0.313037   0.562093   0.274316   0.424929   0.039977   0.299143   0.685973   0.585478   0.312081   0.562376   0.273402   0.421580   0.040326 345263
 20   0.119998   0.677299   0.727138   0.482337   0.935148   0.441765   0.727259   0.021690   0.302679   0.682988   0.735540   0.494091   0.934457   0.453701   0.731715   0.020003   0.302948   0.682401   0.736280   0.495124   0.935184   0.454749   0.733641   0.020307   0.303189   0.681801   0.736986   0.496127   0.937095   0.455770   0.736143   0.020528   0.303373   0.681429   0.736709   0.495727   0.938311   0.455362   0.737551   0.021002   0.303569   0.681254   0.735580   0.494107   0.938506   0.453710   0.737553   0.021499   0.307262   0.680253   0.735456   0.493932   0.938214   0.453531   0.735348   0.022838   0.318865   0.677311   0.737781   0.497285   0.937490   0.456955   0.734293   0.024510   0.335646   0.673297   0.742185   0.503679   0.936943   0.463491   0.737756   0.026250   0.352080   0.669659   0.748157   0.512442   0.937374   0.472467   0.742863   0.028942   0.363606   0.667263   0.754067   0.521220   0.937771   0.481479   0.746743   0.031656   0.365720   0.666674   0.758425   0.527765   0.937747   0.488212   0.749044   0.033002   0.357590   0.667933   0.760455   0.530836   0.937319   0.491375   0.750094   0.032662   0.342338   0.670573   0.759780   0.529820   0.936422   0.490330   0.750712   0.030667   0.324728   0.673749   0.756903   0.525488   0.935770   0.485871   0.753718   0.026286   0.310475   0.677013   0.751150   0.516885   0.935646   0.477029   0.758991   0.022555   0.304456   0.679087   0.745331   0.508250   0.935777   0.468165   0.759269   0.023067   0.303919   0.679568   0.742245   0.503728   0.936211   0.463535   0.755347   0.024625   0.303913   0.679669   0.740146   0.500677   0.936703   0.460414   0.752522   0.024715   0.303913   0.679711   0.738299   0.498008   0.936896   0.457688   0.750015   0.024329   0.303918   0.679736   0.736618   0.495593   0.936779   0.455224   0.747332   0.024259   0.303930   0.679747   0.735129   0.493463   0.936609   0.453053   0.744686   0.024533   0.303945   0.679701   0.733927   0.491750   0.936678   0.451307   0.742539   0.024663   0.303972   0.679600   0.733007   0.490445   0.937030   0.449979   0.740876   0.024673 757576
 21   0.121765   0.678025   0.705733   0.453280   0.886939   0.412419   0.664099   0.025927   0.302155   0.684563   0.716921   0.468109   0.886136   0.427330   0.668123   0.025857   0.302512   0.684200   0.716574   0.467651   0.886738   0.426871   0.667042   0.025620   0.302813   0.683727   0.716514   0.467604   0.888522   0.426829   0.666882   0.025302   0.303052   0.683417   0.715671   0.466491   0.889681   0.425711   0.666206   0.025675   0.303419   0.683242   0.714042   0.464297   0.889785   0.423499   0.664833   0.026166   0.308413   0.681828   0.713804   0.464039   0.889323   0.423251   0.662811   0.026547   0.323614   0.677806   0.716270   0.467500   0.888435   0.426767   0.663698   0.026836   0.345893   0.672390   0.720968   0.474031   0.888024   0.433392   0.669803   0.028363   0.367943   0.667488   0.727284   0.482882   0.888477   0.442383   0.677842   0.031251   0.383824   0.664107   0.733742   0.492037   0.888689   0.451704   0.684987   0.033994   0.387966   0.663012   0.739002   0.499582   0.888535   0.459401   0.690346   0.035540   0.378493   0.664483   0.741993   0.503902   0.888070   0.463813   0.693879   0.035259   0.358471   0.668115   0.741941   0.503802   0.887221   0.463706   0.696101   0.032838   0.334354   0.672866   0.739082   0.499615   0.886493   0.459419   0.698518   0.028226   0.314189   0.677590   0.733387   0.491356   0.886344   0.450976   0.702387   0.024267   0.304682   0.680456   0.727538   0.482944   0.886575   0.442391   0.702961   0.023864   0.303296   0.681028   0.724602   0.478765   0.887077   0.438134   0.699576   0.024740   0.303373   0.680902   0.723218   0.476818   0.887551   0.436155   0.696540   0.025006   0.303449   0.680757   0.722009   0.475130   0.887678   0.434442   0.693891   0.025109   0.303518   0.680626   0.720889   0.473579   0.887691   0.432869   0.691401   0.025459   0.303594   0.680513   0.719817   0.472104   0.887635   0.431377   0.688804   0.026215   0.303663   0.680381   0.718881   0.470819   0.887663   0.430077   0.686440   0.026730   0.303738   0.680207   0.718184   0.469864   0.887989   0.429111   0.684511   0.026923 393301
 22   0.119177   0.680837   0.718936   0.471562   0.926730   0.430952   0.604932   0.026884   0.299687   0.689608   0.732327   0.489975   0.925619   0.449593   0.609886   0.025632   0.300159   0.688224   0.734195   0.492615   0.926268   0.452280   0.608434   0.025244   0.300545   0.686982   0.735829   0.494944   0.928156   0.454653   0.608961   0.024399   0.300856   0.686003   0.736587   0.496038   0.929252   0.455770   0.609572   0.024022   0.302698   0.684881   0.737425   0.497237   0.929316   0.456994   0.609222   0.023657   0.317213   0.680891   0.742393   0.504475   0.928887   0.464399   0.609882   0.021922   0.351593   0.672236   0.752883   0.519962   0.927939   0.480284   0.616804   0.020063   0.396289   0.661720   0.767536   0.542120   0.927353   0.503111   0.630067   0.021405   0.439872   0.652554   0.785372   0.570005   0.927645   0.532017   0.642132   0.025138   0.473513   0.646217   0.802818   0.598264   0.927655   0.561504   0.650122   0.029073   0.485056   0.644164   0.816694   0.621480   0.927223   0.585876   0.656137   0.032024   0.467005   0.647219   0.825200   0.636048   0.926446   0.601235   0.661288   0.033548   0.426049   0.654153   0.827543   0.640121   0.925260   0.605541   0.667127   0.033274   0.374847   0.662394   0.824586   0.635009   0.924436   0.600142   0.676682   0.029758   0.329849   0.671120   0.812882   0.615073   0.924332   0.579144   0.690587   0.024962   0.306973   0.678456   0.795713   0.586401   0.924588   0.549057   0.698492   0.026205   0.302346   0.681358   0.784696   0.568464   0.925189   0.530324   0.697521   0.030446   0.302180   0.681691   0.779342   0.559981   0.925804   0.521510   0.695270   0.031795   0.302110   0.681887   0.774809   0.552882   0.926073   0.514150   0.693470   0.032153   0.302096   0.681994   0.770813   0.546688   0.926171   0.507740   0.692087   0.032129   0.302089   0.682069   0.767207   0.541148   0.926222   0.502017   0.690964   0.031970   0.302076   0.682121   0.763991   0.536252   0.926400   0.496967   0.689842   0.031737   0.302074   0.682109   0.761238   0.532095   0.926867   0.492686   0.688860   0.031331 379747
 23   0.122139   0.678527   0.691760   0.436009   0.820930   0.395271   0.513174   0.039724   0.299115   0.684948   0.717075   0.468855   0.819661   0.428185   0.514087   0.040641   0.299856   0.683704   0.721371   0.474797   0.820177   0.434207   0.509660   0.036783   0.300504   0.682751   0.724094   0.478557   0.822012   0.438016   0.509212   0.034710   0.301004   0.681957   0.725769   0.480868   0.823168   0.440358   0.508958   0.034341   0.302488   0.680606   0.727975   0.483926   0.823282   0.443458   0.508728   0.033423   0.313503   0.676075   0.736171   0.495682   0.822949   0.455453   0.510082   0.028973   0.340212   0.668278   0.747908   0.512808   0.822169   0.472982   0.518632   0.023780   0.375766   0.660171   0.758716   0.528990   0.821788   0.489623   0.532827   0.023896   0.411210   0.653331   0.770042   0.546392   0.822116   0.507607   0.546110   0.028735   0.437212   0.649083   0.780015   0.562089   0.822106   0.523902   0.558250   0.034933   0.443995   0.648618   0.786790   0.572963   0.821758   0.535231   0.569754   0.040608   0.428200   0.652082   0.789098   0.576708   0.821183   0.539142   0.580649   0.044234   0.396066   0.658387   0.786291   0.572185   0.820237   0.534425   0.591025   0.044209   0.357182   0.666059   0.778960   0.560463   0.819453   0.522221   0.602222   0.039987   0.322609   0.674019   0.765842   0.539953   0.819373   0.500956   0.615733   0.032974   0.304775   0.679964   0.750707   0.516821   0.819697   0.477075   0.622738   0.029854   0.301372   0.682012   0.742195   0.504101   0.820264   0.463999   0.620443   0.030300   0.301476   0.681992   0.739106   0.499612   0.820817   0.459409   0.616584   0.029838   0.301594   0.681931   0.736599   0.496020   0.821072   0.455745   0.612943   0.029724   0.301710   0.681861   0.734302   0.492758   0.821221   0.452423   0.609784   0.030139   0.301815   0.681775   0.732250   0.489861   0.821212   0.449476   0.606696   0.030825   0.301900   0.681646   0.730584   0.487523   0.821234   0.447100   0.603739   0.031247   0.301998   0.681452   0.729308   0.485743   0.821597   0.445294   0.601285   0.031414 266089
 24   0.129183   0.690224   0.582196   0.311343   0.605432   0.273131   0.348361   0.064660   0.285799   0.707618   0.616622   0.346315   0.601581   0.306694   0.350772   0.063847   0.286061   0.704842   0.619802   0.349792   0.601773   0.310073   0.343193   0.064102   0.286591   0.702576   0.621195   0.351339   0.603193   0.311580   0.340261   0.064386   0.286943   0.701032   0.620798   0.350914   0.604061   0.311169   0.338478   0.064772   0.295194   0.692478   0.627857   0.358579   0.604001   0.318609   0.339045   0.064696   0.339259   0.666311   0.648397   0.382177   0.603315   0.341755   0.342678   0.071253   0.429696   0.629815   0.673181   0.412566   0.602149   0.371908   0.346801   0.094954   0.537834   0.598785   0.697651   0.444513   0.601538   0.403972   0.349793   0.127208   0.632831   0.580522   0.720129   0.475270   0.601555   0.435109   0.352930   0.154287   0.691812   0.576453   0.736085   0.497996   0.601273   0.458286   0.359010   0.173958   0.697202   0.586345   0.743755   0.509281   0.600876   0.469864   0.368598   0.186453   0.647578   0.608062   0.742180   0.507185   0.600507   0.467756   0.380823   0.191205   0.559817   0.637071   0.731457   0.491947   0.600036   0.452221   0.393805   0.186702   0.458195   0.668154   0.713631   0.467097   0.599568   0.426973   0.405037   0.171645   0.366827   0.695437   0.692359   0.438277   0.599609   0.397843   0.412345   0.143728   0.305477   0.714921   0.668919   0.407790   0.600112   0.367255   0.413512   0.107414   0.283505   0.721141   0.651910   0.386501   0.600759   0.346045   0.408173   0.084268   0.282750   0.718177   0.644779   0.378028   0.601208   0.337685   0.400651   0.078055   0.282586   0.715199   0.640289   0.372819   0.601257   0.332568   0.393757   0.076055   0.282321   0.712717   0.636795   0.368843   0.601369   0.328676   0.387110   0.076137   0.282168   0.710720   0.633373   0.364999   0.601451   0.324921   0.380905   0.076254   0.282256   0.709023   0.629824   0.361029   0.601487   0.321046   0.375441   0.075860   0.282489   0.707425   0.626594   0.357434   0.601814   0.317539   0.370737   0.075486 94892
