timestamp=                2021-11-21T10:54:22.774373
shape=                    (5, 5)
sigma=                    2.5
nepochs=                  3
thresh=                   None
rate=                     0.0072
neighborhood function=    gaussian
init weights=             pca
topology=                 hexagonal
activation distance=      euclidean
output type=              labels
mapfile_prefix=           full2017_5x5_3_0072_3_09
apply classification=     False
seed=                     None
random order=             True
custom init file=         None
order labels by size=     False
decay_function=           3

Quantization Error=       0.34753079
Topographic Error=        0.14430648

############ NEURONS #############
 25 192
  0   0.129065   0.669225   0.693859   0.435767   0.920933   0.394766   0.552426   0.028477   0.305189   0.677424   0.708244   0.454285   0.919883   0.413278   0.555315   0.028550   0.305556   0.676454   0.709458   0.455831   0.920654   0.414820   0.552644   0.028254   0.305896   0.675517   0.710615   0.457356   0.922463   0.416351   0.552478   0.027305   0.306141   0.674811   0.710943   0.457792   0.923506   0.416788   0.552878   0.026903   0.306958   0.674160   0.710834   0.457625   0.923543   0.416617   0.552783   0.027022   0.316635   0.671460   0.714117   0.462093   0.923047   0.421128   0.553036   0.026655   0.342223   0.664841   0.722981   0.474314   0.922219   0.433496   0.558072   0.025261   0.376891   0.656408   0.735514   0.491977   0.921766   0.451444   0.568641   0.025784   0.410422   0.648956   0.750000   0.513080   0.922125   0.473017   0.580758   0.029040   0.434968   0.643829   0.764106   0.534376   0.922346   0.494930   0.591203   0.032473   0.441872   0.642176   0.775427   0.552018   0.922120   0.513191   0.599060   0.034613   0.427900   0.644275   0.782151   0.562768   0.921483   0.524371   0.605865   0.034934   0.397815   0.649169   0.783718   0.565386   0.920476   0.527116   0.613256   0.032973   0.359699   0.655424   0.780414   0.560192   0.919790   0.521731   0.623336   0.028696   0.326563   0.662445   0.769464   0.542997   0.919706   0.503906   0.635331   0.025494   0.310336   0.668275   0.755343   0.521142   0.919928   0.481312   0.640242   0.027718   0.307353   0.670469   0.747356   0.509053   0.920460   0.468867   0.637408   0.031369   0.307330   0.670618   0.743790   0.503792   0.921024   0.463475   0.634348   0.032509   0.307350   0.670698   0.740734   0.499326   0.921287   0.458907   0.632178   0.032938   0.307352   0.670787   0.737924   0.495264   0.921311   0.454762   0.630473   0.033188   0.307365   0.670843   0.735444   0.491708   0.921223   0.451137   0.628927   0.033237   0.307403   0.670848   0.733322   0.488689   0.921323   0.448065   0.627762   0.033128   0.307473   0.670800   0.731519   0.486150   0.921724   0.445486   0.626868   0.033271 229894
  1   0.143214   0.665997   0.588969   0.314963   0.599274   0.276264   0.418559   0.040600   0.305817   0.671207   0.610383   0.335455   0.598128   0.295696   0.423351   0.045231   0.306291   0.670674   0.611869   0.337017   0.598733   0.297202   0.422410   0.039995   0.306665   0.670089   0.612607   0.337793   0.600422   0.297950   0.423434   0.037975   0.306885   0.669670   0.612508   0.337674   0.601386   0.297832   0.424471   0.037099   0.308223   0.668263   0.613311   0.338524   0.601343   0.298652   0.425389   0.036740   0.321298   0.661400   0.619743   0.345651   0.600727   0.305587   0.427551   0.035061   0.354321   0.649349   0.628630   0.355645   0.599721   0.315336   0.434840   0.035249   0.396801   0.637932   0.635999   0.364124   0.599363   0.323642   0.446801   0.041204   0.433632   0.630190   0.643282   0.372677   0.599808   0.332050   0.459035   0.049877   0.454268   0.627402   0.648843   0.379332   0.599977   0.338616   0.470091   0.057783   0.452878   0.629871   0.651684   0.382791   0.599831   0.342039   0.479318   0.062890   0.431115   0.636751   0.651168   0.382205   0.599452   0.341467   0.486408   0.063940   0.397048   0.646304   0.647173   0.377442   0.598783   0.336771   0.490905   0.060183   0.359671   0.656800   0.640680   0.369750   0.598120   0.329197   0.492599   0.052389   0.327864   0.666530   0.632689   0.360395   0.597974   0.320004   0.492637   0.043621   0.310646   0.672646   0.625226   0.351774   0.598270   0.311553   0.490323   0.038706   0.306612   0.674113   0.621442   0.347459   0.598754   0.307334   0.485707   0.037767   0.306622   0.673613   0.620370   0.346262   0.599123   0.306167   0.481119   0.037574   0.306640   0.673161   0.619398   0.345189   0.599151   0.305124   0.477033   0.037849   0.306636   0.672792   0.618371   0.344069   0.599213   0.304037   0.473406   0.038502   0.306652   0.672463   0.617313   0.342921   0.599251   0.302925   0.470057   0.039080   0.306667   0.672153   0.616360   0.341892   0.599280   0.301928   0.466871   0.039496   0.306645   0.671861   0.615625   0.341106   0.599586   0.301168   0.463917   0.039860 371228
  2   0.155762   0.666952   0.475554   0.212021   0.383582   0.179413   0.300382   0.045097   0.304865   0.672908   0.490471   0.222839   0.383048   0.189190   0.300961   0.051742   0.305248   0.672042   0.492040   0.224036   0.383552   0.190282   0.300973   0.050255   0.305503   0.671224   0.493503   0.225192   0.385013   0.191342   0.301493   0.050671   0.305669   0.670617   0.494293   0.225823   0.385858   0.191922   0.301869   0.051846   0.308192   0.667943   0.496405   0.227539   0.385791   0.193504   0.302816   0.052736   0.327148   0.656212   0.504017   0.233926   0.385179   0.199422   0.305293   0.052795   0.370590   0.636210   0.514139   0.242608   0.384220   0.207499   0.311000   0.057441   0.423917   0.617255   0.523863   0.251171   0.383877   0.215503   0.319489   0.068819   0.469133   0.604681   0.533568   0.259907   0.384285   0.223699   0.328342   0.080731   0.493004   0.601183   0.540949   0.266701   0.384461   0.230098   0.336511   0.090175   0.490105   0.606835   0.544856   0.270392   0.384361   0.233591   0.343250   0.096271   0.464225   0.619332   0.544913   0.270502   0.384033   0.233704   0.348113   0.097872   0.423622   0.635777   0.540990   0.266867   0.383438   0.230277   0.350838   0.093713   0.377632   0.653475   0.533854   0.260273   0.382837   0.224061   0.351321   0.084349   0.336580   0.669609   0.524912   0.252149   0.382695   0.216426   0.349715   0.071952   0.311519   0.680068   0.516082   0.244299   0.382958   0.209077   0.346012   0.061782   0.303890   0.682961   0.510525   0.239449   0.383404   0.204551   0.341053   0.057931   0.303458   0.682134   0.508029   0.237316   0.383744   0.202568   0.336391   0.057547   0.303184   0.681296   0.506092   0.235686   0.383754   0.201057   0.332302   0.058742   0.302930   0.680561   0.504367   0.234255   0.383794   0.199733   0.328607   0.060562   0.302740   0.679860   0.502709   0.232887   0.383817   0.198469   0.325269   0.061159   0.302587   0.679207   0.501139   0.231597   0.383838   0.197277   0.322281   0.060890   0.302337   0.678675   0.499761   0.230476   0.384108   0.196244   0.319505   0.061014 423769
  3   0.163533   0.672059   0.371469   0.140344   0.202494   0.115099   0.209694   0.082915   0.294425   0.682239   0.359885   0.132982   0.202000   0.108587   0.202210   0.115222   0.295341   0.680148   0.362168   0.134260   0.202521   0.109694   0.203806   0.122161   0.295807   0.678909   0.362962   0.134713   0.203829   0.110087   0.205186   0.127165   0.296026   0.678146   0.362897   0.134675   0.204569   0.110054   0.205998   0.131632   0.303865   0.670636   0.366732   0.136875   0.204528   0.111967   0.207511   0.135686   0.342522   0.645085   0.377809   0.143538   0.203986   0.117806   0.210147   0.144043   0.416535   0.608065   0.391368   0.152067   0.203137   0.125337   0.213309   0.160795   0.499319   0.575677   0.404172   0.160413   0.202901   0.132749   0.217389   0.176245   0.569097   0.554104   0.416023   0.168369   0.203376   0.139851   0.221872   0.182290   0.610650   0.547178   0.425301   0.174757   0.203635   0.145577   0.226191   0.184387   0.612829   0.556810   0.430629   0.178497   0.203616   0.148942   0.230273   0.185333   0.577011   0.579983   0.431271   0.178950   0.203366   0.149350   0.233664   0.183797   0.514803   0.610927   0.427178   0.176052   0.202837   0.146739   0.235609   0.177154   0.439304   0.645390   0.419189   0.170481   0.202272   0.141734   0.235605   0.168299   0.365656   0.678532   0.407809   0.162759   0.202082   0.134829   0.233930   0.159835   0.311696   0.703126   0.394113   0.153790   0.202230   0.126857   0.230939   0.149658   0.290071   0.711765   0.383544   0.147105   0.202562   0.120948   0.227089   0.143369   0.288328   0.709402   0.378069   0.143770   0.202819   0.118019   0.223282   0.142393   0.288059   0.706384   0.374114   0.141395   0.202797   0.115938   0.220203   0.145240   0.288026   0.703630   0.370619   0.139318   0.202813   0.114121   0.217755   0.148589   0.287772   0.701412   0.367391   0.137422   0.202811   0.112467   0.215313   0.147712   0.287264   0.699707   0.364547   0.135768   0.202808   0.111025   0.212770   0.145588   0.286830   0.698175   0.362243   0.134439   0.203035   0.109868   0.210476   0.145402 254784
  4   0.153915   0.673520   0.409330   0.165463   0.244141   0.137494   0.219708   0.206654   0.277297   0.684702   0.396292   0.156874   0.245230   0.129843   0.211054   0.341512   0.277281   0.681558   0.398613   0.158379   0.245675   0.131181   0.212407   0.362635   0.277187   0.679326   0.399930   0.159267   0.246945   0.131975   0.213551   0.375775   0.276684   0.677954   0.400044   0.159378   0.247599   0.132080   0.214360   0.389832   0.291371   0.671488   0.402141   0.160746   0.247479   0.133297   0.214963   0.400222   0.355413   0.647977   0.411401   0.166908   0.246841   0.138796   0.217145   0.396784   0.467520   0.611160   0.426527   0.177370   0.245942   0.148196   0.220191   0.395561   0.585680   0.577098   0.442686   0.189049   0.245759   0.158768   0.222929   0.402472   0.680464   0.553005   0.457281   0.199993   0.246285   0.168738   0.225863   0.397652   0.737999   0.542108   0.468352   0.208557   0.246594   0.176582   0.228553   0.387544   0.747379   0.547317   0.474674   0.213557   0.246630   0.181179   0.231016   0.379067   0.707161   0.568184   0.475468   0.214193   0.246400   0.181766   0.233054   0.372801   0.627597   0.600253   0.470578   0.210302   0.245907   0.178185   0.234056   0.365948   0.521106   0.639752   0.460185   0.202190   0.245341   0.170744   0.233473   0.362037   0.406294   0.681632   0.444372   0.190273   0.245074   0.159877   0.231289   0.367180   0.309179   0.716853   0.425068   0.176326   0.245147   0.147252   0.227560   0.380891   0.265411   0.729352   0.411755   0.167057   0.245441   0.138915   0.223198   0.396151   0.262429   0.723606   0.406667   0.163694   0.245664   0.135917   0.219614   0.405523   0.262352   0.717178   0.403221   0.161461   0.245595   0.133933   0.216988   0.415001   0.262493   0.711567   0.400328   0.159606   0.245596   0.132288   0.215087   0.423375   0.262678   0.706781   0.397906   0.158065   0.245622   0.130923   0.213429   0.424737   0.262612   0.702799   0.395912   0.156808   0.245656   0.129811   0.211662   0.422884   0.262395   0.699358   0.394413   0.155869   0.245907   0.128982   0.209914   0.422489 109266
  5   0.127300   0.667557   0.719315   0.469180   0.913026   0.428286   0.694259   0.029693   0.307742   0.674368   0.730403   0.484299   0.912139   0.443554   0.697585   0.027848   0.308029   0.673900   0.730307   0.484158   0.912908   0.443410   0.696092   0.027908   0.308315   0.673380   0.730274   0.484125   0.914840   0.443379   0.695628   0.028073   0.308525   0.673045   0.729391   0.482891   0.915935   0.442128   0.694600   0.028305   0.308806   0.672873   0.727761   0.480599   0.915968   0.439799   0.692985   0.028545   0.313587   0.671644   0.727356   0.480046   0.915460   0.439241   0.690454   0.029398   0.328135   0.667800   0.729892   0.483666   0.914561   0.442928   0.690273   0.029904   0.349208   0.662379   0.735006   0.490992   0.914116   0.450392   0.695547   0.030923   0.369666   0.657451   0.741893   0.500974   0.914632   0.460586   0.703448   0.033394   0.384206   0.654007   0.749012   0.511444   0.914979   0.471307   0.710634   0.035645   0.387943   0.652780   0.754799   0.520080   0.914863   0.480174   0.716252   0.036534   0.378789   0.654081   0.758144   0.525133   0.914342   0.485373   0.720208   0.035726   0.360111   0.657402   0.758518   0.525716   0.913413   0.485976   0.723049   0.033193   0.337636   0.661777   0.756150   0.522142   0.912707   0.482300   0.726917   0.028704   0.318682   0.666261   0.750379   0.513454   0.912576   0.473364   0.732938   0.025111   0.310133   0.669010   0.744240   0.504271   0.912789   0.463933   0.734914   0.025533   0.309037   0.669597   0.741109   0.499642   0.913271   0.459189   0.731992   0.027001   0.309063   0.669565   0.739403   0.497141   0.913735   0.456630   0.729437   0.027290   0.309102   0.669485   0.737930   0.494998   0.913858   0.454440   0.727247   0.027260   0.309140   0.669404   0.736575   0.493041   0.913802   0.452444   0.725148   0.027480   0.309183   0.669334   0.735327   0.491253   0.913694   0.450621   0.722987   0.027999   0.309233   0.669223   0.734312   0.489805   0.913763   0.449146   0.721140   0.028237   0.309300   0.669045   0.733613   0.488812   0.914146   0.448137   0.719721   0.028339 562032
  6   0.138146   0.665535   0.633716   0.362825   0.690200   0.322583   0.507627   0.035997   0.307062   0.670304   0.652969   0.383657   0.688798   0.342774   0.513177   0.040090   0.307510   0.669732   0.654375   0.385299   0.689428   0.344386   0.511384   0.036285   0.307954   0.669062   0.655670   0.386836   0.691209   0.345900   0.512187   0.034066   0.308216   0.668631   0.655914   0.387129   0.692219   0.346189   0.512672   0.033075   0.309044   0.667874   0.656208   0.387479   0.692157   0.346534   0.512472   0.032661   0.318889   0.663441   0.660851   0.393165   0.691520   0.352165   0.512864   0.030896   0.345667   0.654650   0.668342   0.402409   0.690462   0.361334   0.519087   0.029531   0.381952   0.645652   0.675238   0.411049   0.690068   0.369927   0.531351   0.033129   0.415179   0.639104   0.682123   0.419832   0.690536   0.378691   0.544096   0.040256   0.435811   0.636011   0.687664   0.427022   0.690709   0.385887   0.555352   0.046866   0.437072   0.636966   0.690850   0.431212   0.690539   0.390092   0.564430   0.051095   0.418785   0.641725   0.690932   0.431348   0.690130   0.390233   0.570956   0.051858   0.387970   0.649033   0.687725   0.427174   0.689421   0.386053   0.574754   0.048559   0.353809   0.657373   0.682031   0.419799   0.688716   0.378673   0.576121   0.041980   0.325364   0.665183   0.674615   0.410285   0.688560   0.369170   0.576727   0.035048   0.310821   0.670059   0.667599   0.401385   0.688878   0.360299   0.574954   0.032119   0.307875   0.671240   0.664135   0.397042   0.689395   0.355980   0.570302   0.032157   0.307961   0.670935   0.663109   0.395779   0.689793   0.354728   0.565754   0.032036   0.308051   0.670641   0.662126   0.394579   0.689835   0.353540   0.561824   0.032045   0.308126   0.670387   0.661086   0.393315   0.689911   0.352289   0.558456   0.032323   0.308196   0.670161   0.660051   0.392065   0.689962   0.351054   0.555255   0.032647   0.308250   0.669928   0.659211   0.391058   0.689998   0.350061   0.552101   0.032859   0.308309   0.669647   0.658705   0.390460   0.690320   0.349472   0.549222   0.033004 361152
  7   0.149174   0.666469   0.533701   0.261366   0.491586   0.225278   0.355673   0.041389   0.305064   0.672113   0.554663   0.279066   0.490456   0.241699   0.359174   0.046885   0.305522   0.671562   0.555739   0.280049   0.491013   0.242622   0.359158   0.042827   0.305756   0.671039   0.556099   0.280380   0.492574   0.242934   0.359648   0.041759   0.305874   0.670654   0.555955   0.280242   0.493475   0.242804   0.359862   0.041546   0.307865   0.668448   0.557429   0.281629   0.493418   0.244115   0.360764   0.041538   0.324920   0.658736   0.564854   0.288859   0.492791   0.250991   0.363618   0.040167   0.365163   0.642480   0.573994   0.297922   0.491797   0.259638   0.371115   0.042212   0.414594   0.627448   0.581335   0.305378   0.491450   0.266781   0.382543   0.050909   0.455552   0.617865   0.588630   0.312922   0.491884   0.274034   0.394035   0.061337   0.476515   0.615367   0.594011   0.318590   0.492066   0.279501   0.404415   0.070175   0.472063   0.619984   0.596436   0.321190   0.491959   0.282017   0.412975   0.075570   0.446041   0.629905   0.595517   0.320220   0.491622   0.281081   0.419192   0.076259   0.407874   0.642663   0.591225   0.315669   0.491006   0.276687   0.422802   0.071591   0.366605   0.656219   0.584547   0.308681   0.490380   0.269955   0.423594   0.062445   0.331375   0.668380   0.576836   0.300754   0.490231   0.262343   0.421933   0.051708   0.311050   0.676067   0.569751   0.293596   0.490505   0.255491   0.418010   0.044341   0.305420   0.677995   0.565942   0.289801   0.490962   0.251867   0.412629   0.042065   0.305154   0.677332   0.564702   0.288600   0.491305   0.250725   0.407397   0.041876   0.304916   0.676783   0.563546   0.287498   0.491308   0.249682   0.402711   0.042601   0.304663   0.676372   0.562307   0.286332   0.491345   0.248579   0.398485   0.043783   0.304502   0.675985   0.561021   0.285122   0.491370   0.247435   0.394697   0.044457   0.304369   0.675630   0.559788   0.283960   0.491392   0.246337   0.391266   0.044809   0.304205   0.675305   0.558756   0.282998   0.491679   0.245428   0.388027   0.045473 348549
  8   0.161322   0.666546   0.421677   0.172160   0.280660   0.143235   0.253097   0.051431   0.303780   0.671887   0.425471   0.174235   0.280202   0.145014   0.250376   0.062912   0.304296   0.670930   0.427163   0.175348   0.280725   0.146004   0.251921   0.063863   0.304578   0.670326   0.427790   0.175781   0.282140   0.146392   0.253045   0.065199   0.304767   0.669842   0.428005   0.175937   0.282953   0.146533   0.253700   0.066613   0.307798   0.666737   0.429902   0.177252   0.282899   0.147712   0.254539   0.067809   0.328812   0.652849   0.437087   0.182360   0.282332   0.152315   0.256642   0.069162   0.374948   0.629749   0.446970   0.189536   0.281430   0.158804   0.261229   0.076235   0.429998   0.608721   0.456647   0.196750   0.281123   0.165357   0.267790   0.088475   0.477403   0.594762   0.466318   0.204121   0.281567   0.172078   0.274653   0.098466   0.504949   0.590373   0.473866   0.209991   0.281796   0.177448   0.281082   0.105774   0.505220   0.596464   0.477944   0.213230   0.281742   0.180423   0.286596   0.110441   0.480062   0.610848   0.478200   0.213459   0.281459   0.180638   0.290555   0.110965   0.437890   0.629912   0.474728   0.210710   0.280887   0.178115   0.292448   0.105926   0.387953   0.650929   0.468213   0.205584   0.280305   0.173416   0.292217   0.096961   0.341400   0.670808   0.459394   0.198785   0.280156   0.167203   0.290168   0.086630   0.311670   0.684201   0.450054   0.191755   0.280375   0.160807   0.286579   0.077494   0.302031   0.688063   0.443941   0.187251   0.280776   0.156724   0.282290   0.073379   0.301552   0.686809   0.441087   0.185199   0.281090   0.154871   0.278502   0.072961   0.301367   0.685517   0.438743   0.183534   0.281097   0.153372   0.275390   0.075142   0.301225   0.684366   0.436572   0.182006   0.281125   0.151996   0.272713   0.077895   0.301037   0.683312   0.434565   0.180605   0.281131   0.150738   0.270143   0.078129   0.300742   0.682453   0.432722   0.179332   0.281142   0.149596   0.267647   0.077440   0.300311   0.681835   0.431048   0.178194   0.281396   0.148578   0.265258   0.077950 351377
  9   0.152958   0.675385   0.439925   0.185952   0.331487   0.155789   0.245354   0.093635   0.286811   0.689770   0.445775   0.189559   0.331709   0.158956   0.236817   0.124697   0.286248   0.688355   0.447861   0.191077   0.332160   0.160330   0.234180   0.131115   0.286351   0.686508   0.449539   0.192310   0.333475   0.161448   0.233016   0.137022   0.286063   0.685046   0.450176   0.192807   0.334180   0.161904   0.232218   0.144530   0.297769   0.674602   0.458360   0.198653   0.334059   0.167178   0.234670   0.150954   0.353562   0.644205   0.479149   0.214421   0.333409   0.181552   0.239986   0.159690   0.456599   0.604946   0.501976   0.233027   0.332454   0.198720   0.244030   0.183086   0.569688   0.572403   0.521451   0.249878   0.332143   0.214428   0.247624   0.208689   0.663654   0.550143   0.538027   0.264791   0.332522   0.228425   0.252056   0.217890   0.721338   0.541182   0.550245   0.276158   0.332670   0.239156   0.257104   0.218980   0.727693   0.548758   0.556855   0.282497   0.332564   0.245173   0.262741   0.218465   0.681655   0.571578   0.556933   0.282673   0.332248   0.245358   0.268489   0.216761   0.598010   0.603919   0.550359   0.276510   0.331721   0.239531   0.273233   0.211426   0.494216   0.640645   0.538121   0.265123   0.331174   0.228779   0.275789   0.202518   0.390612   0.676656   0.521111   0.249726   0.331017   0.214311   0.275821   0.187941   0.310373   0.707027   0.497874   0.229730   0.331251   0.195686   0.272924   0.166593   0.276924   0.719993   0.479141   0.214332   0.331665   0.181457   0.266370   0.156767   0.274909   0.717622   0.471200   0.208184   0.331962   0.175834   0.259417   0.159325   0.274804   0.713830   0.466293   0.204461   0.331944   0.172441   0.254488   0.163881   0.274957   0.710108   0.462367   0.201536   0.331981   0.169783   0.250714   0.168998   0.275365   0.706722   0.458861   0.198958   0.332014   0.167447   0.247584   0.170340   0.275548   0.703964   0.455564   0.196564   0.332036   0.165281   0.244580   0.169955   0.275434   0.701609   0.452800   0.194586   0.332286   0.163495   0.241603   0.170578 170968
 10   0.124574   0.666721   0.746501   0.507647   0.933777   0.467400   0.771759   0.025319   0.308370   0.672647   0.755929   0.521403   0.933074   0.481463   0.778881   0.021910   0.308648   0.672101   0.756305   0.521946   0.933891   0.482018   0.780505   0.022917   0.308884   0.671549   0.756606   0.522394   0.935916   0.482477   0.782529   0.023945   0.309045   0.671261   0.755816   0.521210   0.937159   0.481261   0.783065   0.025141   0.309244   0.671229   0.754016   0.518523   0.937287   0.478502   0.781802   0.026522   0.313213   0.670416   0.753019   0.517050   0.936842   0.476992   0.778713   0.029010   0.325729   0.667572   0.754371   0.519097   0.936010   0.479100   0.777174   0.031510   0.344081   0.663487   0.757917   0.524452   0.935510   0.484610   0.780152   0.033616   0.362051   0.659718   0.763156   0.532425   0.936116   0.492824   0.785234   0.036373   0.374815   0.657141   0.768487   0.540616   0.936647   0.501279   0.789565   0.038511   0.377942   0.656326   0.772512   0.546855   0.936611   0.507729   0.792312   0.039153   0.369973   0.657406   0.774492   0.549937   0.936100   0.510918   0.793332   0.037937   0.353549   0.660055   0.773984   0.549140   0.935129   0.510092   0.793178   0.034882   0.333552   0.663488   0.771290   0.544942   0.934431   0.505747   0.794847   0.029509   0.316994   0.666890   0.765960   0.536688   0.934297   0.497215   0.799682   0.024559   0.309967   0.668929   0.760457   0.528223   0.934449   0.488477   0.800676   0.024195   0.309297   0.669379   0.757428   0.523614   0.934901   0.483728   0.797107   0.025580   0.309303   0.669403   0.755512   0.520723   0.935375   0.480754   0.794114   0.025640   0.309310   0.669362   0.753842   0.518214   0.935513   0.478175   0.791497   0.025231   0.309336   0.669299   0.752335   0.515962   0.935364   0.475863   0.788888   0.025126   0.309384   0.669209   0.751065   0.514070   0.935212   0.473922   0.786419   0.025401   0.309445   0.669047   0.750132   0.512688   0.935346   0.472504   0.784599   0.025413   0.309518   0.668818   0.749495   0.511747   0.935786   0.471540   0.783358   0.025153 677319
 11   0.127010   0.668768   0.721105   0.472010   0.918992   0.431217   0.639192   0.028688   0.306668   0.676358   0.737220   0.494203   0.918007   0.453673   0.642263   0.026922   0.307013   0.675123   0.739510   0.497453   0.918798   0.456978   0.639796   0.026226   0.307374   0.673985   0.741494   0.500301   0.920748   0.459881   0.639627   0.025425   0.307665   0.673120   0.742444   0.501668   0.921838   0.461275   0.639562   0.025108   0.308602   0.672355   0.742825   0.502213   0.921811   0.461830   0.638679   0.024806   0.318399   0.669547   0.746525   0.507674   0.921265   0.467426   0.637490   0.023403   0.342579   0.663054   0.754969   0.520248   0.920326   0.480331   0.641108   0.021128   0.373607   0.654968   0.766208   0.537294   0.919774   0.497885   0.651865   0.020964   0.402812   0.647861   0.779673   0.558258   0.920129   0.519578   0.663802   0.023343   0.423200   0.643175   0.792900   0.579423   0.920271   0.541591   0.672634   0.026280   0.428143   0.641837   0.803242   0.596383   0.919959   0.559311   0.679254   0.028617   0.415346   0.644025   0.809254   0.606414   0.919290   0.569825   0.685317   0.029705   0.388209   0.648958   0.810417   0.608375   0.918269   0.571885   0.692160   0.028927   0.354166   0.655109   0.807048   0.602734   0.917541   0.565968   0.702218   0.025557   0.324987   0.661888   0.796478   0.585284   0.917450   0.547714   0.715168   0.023069   0.311240   0.667032   0.783626   0.564345   0.917723   0.525863   0.721641   0.025560   0.308969   0.668733   0.776494   0.552956   0.918283   0.514023   0.720086   0.028849   0.308842   0.669023   0.772634   0.546921   0.918824   0.507773   0.717636   0.029876   0.308760   0.669217   0.769305   0.541765   0.919037   0.502444   0.715419   0.030328   0.308725   0.669346   0.766373   0.537260   0.919081   0.497794   0.713335   0.030672   0.308701   0.669462   0.763672   0.533141   0.919059   0.493548   0.711267   0.031152   0.308699   0.669533   0.761315   0.529568   0.919183   0.489869   0.709413   0.031275   0.308747   0.669511   0.759405   0.526695   0.919610   0.486915   0.707982   0.030889 609346
 12   0.133547   0.667146   0.647444   0.379642   0.745106   0.339247   0.441997   0.045797   0.303297   0.673207   0.676231   0.412817   0.743025   0.371778   0.448011   0.046119   0.303974   0.672307   0.679991   0.417494   0.743622   0.376425   0.445125   0.040329   0.304509   0.671540   0.682980   0.421210   0.745423   0.380116   0.444606   0.037026   0.304948   0.670841   0.684999   0.423722   0.746451   0.382610   0.443977   0.035668   0.306602   0.669064   0.688427   0.428039   0.746453   0.386909   0.443498   0.034517   0.319943   0.662327   0.700228   0.443574   0.745943   0.402501   0.444182   0.029942   0.353012   0.651474   0.716089   0.465010   0.745030   0.424120   0.450267   0.026152   0.396528   0.641243   0.730123   0.484720   0.744626   0.444137   0.460394   0.029391   0.438433   0.633163   0.744705   0.505920   0.744900   0.465806   0.469274   0.036683   0.467444   0.628594   0.757748   0.525515   0.744823   0.485959   0.477268   0.044701   0.472369   0.628827   0.766953   0.539736   0.744416   0.500662   0.485471   0.051779   0.451468   0.633732   0.770730   0.545693   0.743798   0.506844   0.494364   0.056564   0.412959   0.641936   0.768255   0.541883   0.742913   0.502907   0.503989   0.057545   0.368095   0.651723   0.759825   0.528902   0.742186   0.489494   0.515146   0.053771   0.329540   0.661673   0.744261   0.505534   0.742131   0.465463   0.528730   0.045120   0.309443   0.669113   0.725996   0.478864   0.742552   0.438179   0.535794   0.040111   0.305245   0.671733   0.715562   0.464029   0.743167   0.423078   0.533967   0.039710   0.305460   0.671681   0.712005   0.459120   0.743686   0.418109   0.531291   0.037877   0.305701   0.671488   0.709407   0.455564   0.743905   0.414515   0.528963   0.036535   0.305929   0.671254   0.707226   0.452603   0.744102   0.411528   0.526818   0.035988   0.306123   0.671057   0.705139   0.449799   0.744172   0.408703   0.524800   0.035848   0.306229   0.670898   0.703259   0.447295   0.744212   0.406185   0.522842   0.035529   0.306283   0.670721   0.701813   0.445389   0.744561   0.404271   0.520820   0.035123 231372
 13   0.137048   0.676278   0.583553   0.310382   0.617744   0.272028   0.345738   0.066620   0.292884   0.690927   0.616271   0.343274   0.614296   0.303520   0.345729   0.066885   0.293143   0.688870   0.620082   0.347424   0.614622   0.307547   0.338993   0.063655   0.293582   0.687134   0.622006   0.349572   0.616121   0.309640   0.336738   0.062786   0.294030   0.685759   0.622282   0.349888   0.616991   0.309950   0.335877   0.062942   0.300724   0.678275   0.629684   0.357927   0.616899   0.317749   0.338105   0.062785   0.340530   0.654583   0.652045   0.383774   0.616190   0.343106   0.343471   0.066091   0.425197   0.621924   0.678044   0.415791   0.615076   0.374874   0.349460   0.083883   0.526331   0.595141   0.700933   0.445995   0.614552   0.405220   0.354817   0.111124   0.614759   0.578918   0.722211   0.475355   0.614670   0.434961   0.359778   0.134506   0.669569   0.574824   0.737969   0.497930   0.614487   0.457987   0.366726   0.152195   0.672225   0.583412   0.746080   0.509930   0.614120   0.470300   0.376627   0.163784   0.622318   0.602425   0.745257   0.508946   0.613690   0.469334   0.389078   0.168444   0.539272   0.627296   0.735736   0.495309   0.613146   0.455424   0.402364   0.165102   0.445393   0.653723   0.719476   0.472311   0.612626   0.432015   0.414289   0.152579   0.362736   0.677180   0.699271   0.444461   0.612628   0.403802   0.423230   0.129090   0.310081   0.694041   0.676172   0.413942   0.613122   0.373124   0.426079   0.099687   0.292622   0.699615   0.659763   0.393067   0.613737   0.352287   0.422183   0.081178   0.292434   0.697454   0.653490   0.385477   0.614147   0.344779   0.416227   0.075136   0.292536   0.695229   0.649576   0.380833   0.614205   0.340202   0.410645   0.072585   0.292474   0.693393   0.646480   0.377212   0.614331   0.336643   0.405312   0.072253   0.292440   0.691897   0.643417   0.373674   0.614419   0.333174   0.400375   0.072208   0.292440   0.690710   0.640087   0.369858   0.614466   0.329435   0.395671   0.071901   0.292442   0.689661   0.636969   0.366325   0.614797   0.325982   0.391103   0.071609 100388
 14   0.147491   0.678486   0.495291   0.229057   0.442000   0.195278   0.281935   0.067854   0.289978   0.695970   0.520313   0.248921   0.441476   0.213535   0.279728   0.075313   0.289256   0.694770   0.522439   0.250777   0.441837   0.215268   0.274795   0.075125   0.289258   0.693262   0.523635   0.251867   0.443189   0.216293   0.271639   0.077059   0.289238   0.691968   0.523852   0.252103   0.443918   0.216521   0.269005   0.080196   0.299814   0.679926   0.532445   0.259549   0.443769   0.223464   0.270417   0.082713   0.352858   0.642888   0.555573   0.280763   0.443052   0.243444   0.276024   0.087507   0.454937   0.592791   0.581045   0.305745   0.441970   0.267247   0.281794   0.106017   0.569758   0.551173   0.602947   0.328666   0.441513   0.289337   0.287343   0.132210   0.665512   0.526025   0.622211   0.349759   0.441737   0.309828   0.293599   0.151521   0.722776   0.520151   0.636266   0.365805   0.441702   0.325534   0.301412   0.164539   0.725047   0.535059   0.643710   0.374641   0.441441   0.334244   0.310694   0.173916   0.671867   0.567006   0.643263   0.374347   0.441047   0.333994   0.320754   0.178848   0.581678   0.607629   0.634839   0.364739   0.440520   0.324590   0.330175   0.176602   0.476912   0.649516   0.620105   0.348031   0.440018   0.308254   0.337160   0.165956   0.379935   0.686066   0.601512   0.327504   0.439971   0.288279   0.340332   0.144391   0.310533   0.712974   0.579255   0.304161   0.440372   0.265770   0.337805   0.115586   0.283453   0.722308   0.562085   0.286957   0.440932   0.249313   0.329441   0.099377   0.281979   0.718843   0.554179   0.279425   0.441301   0.242173   0.320268   0.096740   0.281707   0.715121   0.548930   0.274517   0.441304   0.237536   0.312828   0.096821   0.281498   0.711906   0.544715   0.270648   0.441371   0.233891   0.306324   0.098609   0.281426   0.709288   0.540670   0.266985   0.441437   0.230450   0.300848   0.099316   0.281497   0.707068   0.536800   0.263511   0.441476   0.227190   0.295995   0.099316   0.281581   0.705036   0.533495   0.260568   0.441755   0.224434   0.291436   0.099495 148138
 15   0.123999   0.666578   0.755113   0.520420   0.939262   0.480498   0.784291   0.021782   0.308532   0.672146   0.766106   0.536798   0.938641   0.497307   0.794369   0.018100   0.308825   0.671226   0.767765   0.539313   0.939522   0.499897   0.798313   0.018820   0.309116   0.670382   0.769153   0.541436   0.941643   0.502086   0.802783   0.019684   0.309327   0.669822   0.769374   0.541767   0.942890   0.502426   0.805821   0.020505   0.309642   0.669477   0.768720   0.540750   0.943013   0.501375   0.807102   0.021286   0.314938   0.667934   0.769663   0.542211   0.942550   0.502884   0.805980   0.022511   0.330385   0.663804   0.773931   0.548861   0.941630   0.509766   0.807337   0.023316   0.351664   0.658457   0.780792   0.559674   0.940961   0.520980   0.814531   0.024053   0.371729   0.653821   0.789496   0.573614   0.941394   0.535478   0.822644   0.026220   0.385210   0.650861   0.797897   0.587298   0.941785   0.549756   0.828537   0.028361   0.387367   0.650136   0.804200   0.597721   0.941638   0.560663   0.832126   0.029243   0.377171   0.651693   0.807665   0.603512   0.941082   0.566733   0.834009   0.028868   0.358069   0.655008   0.807825   0.603789   0.940089   0.567026   0.835721   0.027284   0.335756   0.658976   0.805024   0.599121   0.939471   0.562135   0.842237   0.023438   0.318132   0.663129   0.797814   0.587195   0.939428   0.549655   0.853030   0.021098   0.311080   0.665921   0.790120   0.574575   0.939606   0.536470   0.856129   0.023406   0.310344   0.666688   0.786142   0.568150   0.940101   0.529777   0.852172   0.025711   0.310249   0.666925   0.783470   0.563882   0.940663   0.525340   0.849120   0.026074   0.310163   0.667096   0.781057   0.560049   0.940898   0.521360   0.846458   0.025815   0.310086   0.667233   0.778810   0.556500   0.940790   0.517678   0.843884   0.025494   0.310035   0.667335   0.776809   0.553354   0.940689   0.514417   0.841347   0.025478   0.309999   0.667387   0.775115   0.550705   0.940890   0.511674   0.839048   0.025571   0.309989   0.667392   0.773683   0.548477   0.941388   0.509369   0.836995   0.025616 1133748
 16   0.125824   0.667877   0.735230   0.491540   0.932900   0.450992   0.714641   0.024977   0.307593   0.674656   0.748123   0.509887   0.932049   0.469666   0.721613   0.021828   0.307862   0.673573   0.750095   0.512751   0.932866   0.472591   0.723339   0.021597   0.308139   0.672570   0.751800   0.515252   0.934891   0.475150   0.726205   0.021134   0.308373   0.671834   0.752398   0.516122   0.936032   0.476040   0.728291   0.021048   0.308985   0.671255   0.752279   0.515927   0.936062   0.475837   0.728998   0.021255   0.316439   0.669119   0.754317   0.518964   0.935575   0.478953   0.727763   0.021630   0.335930   0.663877   0.760341   0.528047   0.934637   0.488295   0.729512   0.021210   0.361499   0.657181   0.769566   0.542190   0.934009   0.502887   0.737633   0.021456   0.385429   0.651309   0.781077   0.560230   0.934394   0.521576   0.746916   0.023546   0.401665   0.647468   0.792319   0.578251   0.934622   0.540324   0.753843   0.025731   0.404749   0.646388   0.801100   0.592618   0.934367   0.555328   0.758757   0.027075   0.393200   0.648164   0.806339   0.601310   0.933759   0.564428   0.762467   0.027245   0.370745   0.652095   0.807563   0.603354   0.932744   0.566571   0.766413   0.025911   0.343663   0.656880   0.805184   0.599388   0.932058   0.562415   0.774608   0.022355   0.321116   0.662122   0.796869   0.585677   0.931978   0.548075   0.787765   0.020269   0.311237   0.665932   0.787064   0.569663   0.932182   0.531359   0.794219   0.023153   0.309894   0.667094   0.781887   0.561347   0.932702   0.522704   0.792233   0.026262   0.309751   0.667374   0.778781   0.556429   0.933248   0.517599   0.790133   0.026982   0.309636   0.667584   0.776008   0.552070   0.933464   0.513082   0.788252   0.027182   0.309548   0.667748   0.773466   0.548101   0.933450   0.508973   0.786506   0.027219   0.309481   0.667878   0.771176   0.544547   0.933406   0.505298   0.784782   0.027166   0.309440   0.667950   0.769231   0.541545   0.933569   0.502197   0.783105   0.027093   0.309435   0.667943   0.767648   0.539116   0.934030   0.499690   0.781756   0.026925 1021779
 17   0.124391   0.669189   0.743156   0.503377   0.932936   0.463146   0.665530   0.025850   0.306447   0.677076   0.756664   0.522804   0.932146   0.482959   0.674335   0.024657   0.306906   0.675669   0.758761   0.525884   0.933078   0.486112   0.676602   0.024698   0.307260   0.674468   0.760411   0.528331   0.935200   0.488621   0.679915   0.024406   0.307518   0.673593   0.760887   0.529024   0.936400   0.489330   0.682394   0.023995   0.309499   0.672660   0.761303   0.529631   0.936444   0.489951   0.682810   0.023591   0.324698   0.668867   0.766116   0.537004   0.935989   0.497557   0.682580   0.022487   0.359260   0.660479   0.776870   0.553746   0.935110   0.514881   0.689206   0.020521   0.402834   0.650437   0.792169   0.578264   0.934475   0.540387   0.702742   0.020912   0.444795   0.641813   0.810713   0.609038   0.934746   0.572614   0.714342   0.024379   0.475295   0.636237   0.828232   0.639151   0.934833   0.604356   0.721701   0.028364   0.483013   0.634983   0.841447   0.662577   0.934411   0.629193   0.727007   0.031717   0.463386   0.638264   0.848976   0.676200   0.933655   0.643691   0.731502   0.034089   0.423502   0.644709   0.850441   0.678876   0.932540   0.646544   0.737219   0.034399   0.375140   0.651957   0.846768   0.672178   0.931838   0.639406   0.748158   0.030546   0.333422   0.659657   0.834416   0.650090   0.931777   0.615949   0.763480   0.026177   0.312991   0.666185   0.817603   0.620572   0.931992   0.584711   0.771586   0.028572   0.309132   0.668841   0.807232   0.602806   0.932525   0.565997   0.770511   0.032966   0.308813   0.669341   0.801896   0.593910   0.933124   0.556675   0.768434   0.033872   0.308578   0.669677   0.797378   0.586469   0.933440   0.548894   0.766940   0.033746   0.308382   0.669923   0.793323   0.579861   0.933480   0.541998   0.765697   0.033327   0.308270   0.670057   0.789792   0.574157   0.933466   0.536056   0.764462   0.032883   0.308236   0.670096   0.786818   0.569394   0.933675   0.531102   0.763107   0.032531   0.308265   0.670072   0.784242   0.565299   0.934185   0.526848   0.761932   0.032145 463847
 18   0.132207   0.665784   0.680110   0.418397   0.786136   0.377449   0.588913   0.035075   0.307312   0.670708   0.702400   0.446051   0.784801   0.404917   0.593266   0.037750   0.307809   0.670083   0.703839   0.448036   0.785473   0.406926   0.591208   0.034324   0.308252   0.669513   0.704772   0.449326   0.787353   0.408232   0.592623   0.032858   0.308541   0.669118   0.704795   0.449384   0.788431   0.408295   0.593188   0.032257   0.309104   0.668657   0.704599   0.449144   0.788397   0.408058   0.592717   0.031734   0.316620   0.665720   0.708030   0.453900   0.787794   0.412875   0.591851   0.029689   0.338279   0.659110   0.714667   0.463081   0.786741   0.422172   0.596565   0.026924   0.369124   0.651608   0.721363   0.472425   0.786324   0.431650   0.608379   0.027953   0.399205   0.645560   0.728526   0.482577   0.786803   0.441977   0.620714   0.032843   0.420517   0.641972   0.734949   0.491815   0.786963   0.451401   0.631261   0.038119   0.425538   0.641663   0.739372   0.498254   0.786739   0.457985   0.639872   0.041958   0.411685   0.644844   0.740755   0.500286   0.786258   0.460066   0.646538   0.043250   0.384156   0.650653   0.738527   0.497028   0.785454   0.456733   0.651325   0.041203   0.351679   0.657725   0.733245   0.489334   0.784706   0.448865   0.655061   0.036031   0.324203   0.664580   0.725170   0.477670   0.784570   0.436960   0.659644   0.030297   0.310630   0.668896   0.717073   0.466112   0.784920   0.425188   0.660933   0.028154   0.308229   0.669950   0.712975   0.460341   0.785482   0.419325   0.657325   0.028140   0.308315   0.669762   0.711535   0.458344   0.785932   0.417302   0.653260   0.027608   0.308411   0.669572   0.710283   0.456628   0.786024   0.415567   0.649457   0.027572   0.308511   0.669400   0.709120   0.455053   0.786123   0.413979   0.645889   0.028006   0.308599   0.669261   0.708003   0.453556   0.786175   0.412471   0.642375   0.028575   0.308680   0.669095   0.707121   0.452384   0.786223   0.411293   0.638815   0.029024   0.308776   0.668872   0.706543   0.451624   0.786578   0.410530   0.635543   0.029338 364057
 19   0.125953   0.668707   0.709992   0.458063   0.854851   0.417340   0.470108   0.042682   0.303179   0.676044   0.735676   0.492591   0.853705   0.452141   0.470210   0.044017   0.303923   0.674808   0.739906   0.498670   0.854367   0.458340   0.464818   0.039544   0.304445   0.673964   0.741879   0.501486   0.856245   0.461207   0.464626   0.037068   0.304827   0.673197   0.743104   0.503238   0.857366   0.462992   0.465579   0.036549   0.306772   0.671495   0.746059   0.507482   0.857441   0.467320   0.466825   0.035387   0.321206   0.665552   0.757586   0.524739   0.856957   0.485054   0.471130   0.029602   0.355274   0.655484   0.774417   0.550622   0.856074   0.511784   0.483248   0.022880   0.398849   0.645362   0.790178   0.575786   0.855624   0.537953   0.500021   0.022986   0.441444   0.637039   0.806204   0.602318   0.855827   0.565733   0.515303   0.028603   0.473461   0.631732   0.820519   0.626784   0.855732   0.591502   0.528695   0.036112   0.482814   0.630922   0.830699   0.644674   0.855273   0.610445   0.541311   0.043400   0.464205   0.634929   0.835100   0.652578   0.854536   0.618848   0.554098   0.048641   0.423576   0.642551   0.832881   0.648679   0.853549   0.614719   0.567973   0.049890   0.373715   0.652027   0.824021   0.633093   0.852898   0.598212   0.584654   0.046414   0.331027   0.662030   0.805851   0.602018   0.852958   0.565475   0.604015   0.039393   0.309831   0.669562   0.784926   0.567233   0.853410   0.529025   0.614819   0.035733   0.305831   0.672121   0.773623   0.548986   0.854075   0.510011   0.614526   0.035381   0.306057   0.672033   0.769613   0.542703   0.854664   0.503502   0.611623   0.034201   0.306318   0.671809   0.766778   0.538314   0.854932   0.498965   0.608178   0.033748   0.306584   0.671539   0.764448   0.534742   0.855062   0.495278   0.604949   0.034206   0.306786   0.671286   0.762420   0.531654   0.855020   0.492097   0.601735   0.034954   0.306918   0.671058   0.760743   0.529114   0.855051   0.489482   0.598698   0.035167   0.307010   0.670853   0.759324   0.526988   0.855430   0.487296   0.596106   0.035128 200266
 20   0.123257   0.666731   0.763073   0.532440   0.943165   0.492867   0.795758   0.020773   0.308644   0.672331   0.775370   0.551127   0.942465   0.512115   0.808002   0.016501   0.308906   0.671193   0.777705   0.554759   0.943341   0.515872   0.813688   0.017272   0.309210   0.670173   0.779619   0.557756   0.945506   0.518977   0.819646   0.018519   0.309458   0.669465   0.780273   0.558778   0.946755   0.520034   0.823696   0.019628   0.310507   0.668799   0.780483   0.559104   0.946925   0.520372   0.825179   0.020423   0.320470   0.665877   0.783789   0.564382   0.946534   0.525858   0.824804   0.020678   0.344321   0.659462   0.791591   0.576973   0.945608   0.538973   0.830007   0.020101   0.374182   0.652136   0.802363   0.594705   0.944860   0.557512   0.841806   0.020519   0.401240   0.646211   0.814971   0.615964   0.945176   0.579837   0.852437   0.022777   0.418626   0.642724   0.826543   0.635940   0.945439   0.600909   0.859443   0.025020   0.420568   0.642258   0.835082   0.650989   0.945155   0.616846   0.863541   0.026452   0.405941   0.644720   0.839951   0.659690   0.944503   0.626084   0.865699   0.026833   0.379646   0.649274   0.840851   0.661314   0.943396   0.627811   0.867731   0.025936   0.348913   0.654424   0.838273   0.656700   0.942691   0.622911   0.875773   0.022670   0.323806   0.659837   0.829719   0.641573   0.942576   0.606882   0.890115   0.020497   0.312992   0.663763   0.819585   0.623810   0.942696   0.588090   0.897043   0.023213   0.311535   0.665003   0.814118   0.614371   0.943190   0.578134   0.894842   0.026533   0.311343   0.665360   0.810768   0.608680   0.943794   0.572148   0.892493   0.027553   0.311159   0.665646   0.807745   0.603582   0.944068   0.566795   0.890641   0.027642   0.310983   0.665884   0.804924   0.598856   0.943981   0.561838   0.889027   0.027104   0.310836   0.666060   0.802451   0.594740   0.943930   0.557525   0.887730   0.026358   0.310743   0.666172   0.800374   0.591305   0.944190   0.553931   0.886309   0.026021   0.310700   0.666224   0.798622   0.588425   0.944752   0.550922   0.884726   0.025915 769798
 21   0.124391   0.667831   0.749654   0.512494   0.936598   0.472402   0.734994   0.021761   0.307672   0.674488   0.762097   0.530781   0.935886   0.491125   0.744563   0.019759   0.308006   0.673252   0.764385   0.534216   0.936814   0.494654   0.749063   0.020335   0.308337   0.672134   0.766343   0.537178   0.938948   0.497704   0.754188   0.020681   0.308604   0.671332   0.767067   0.538265   0.940154   0.498820   0.758003   0.021145   0.309936   0.670560   0.767360   0.538696   0.940246   0.499262   0.759828   0.021533   0.321318   0.667468   0.770969   0.544285   0.939850   0.505038   0.760431   0.021697   0.347994   0.660633   0.779439   0.557572   0.938972   0.518805   0.766489   0.020905   0.381463   0.652605   0.791516   0.576950   0.938222   0.538969   0.778794   0.021319   0.412622   0.645874   0.806067   0.600943   0.938468   0.564060   0.789943   0.023981   0.433890   0.641662   0.819714   0.624081   0.938608   0.588386   0.797441   0.026660   0.437681   0.640813   0.830032   0.642016   0.938258   0.607329   0.802219   0.028514   0.421830   0.643350   0.836050   0.652651   0.937579   0.618596   0.805424   0.029391   0.391891   0.648297   0.837457   0.655153   0.936502   0.621251   0.808761   0.028819   0.356295   0.653886   0.834945   0.650682   0.935842   0.616507   0.817671   0.025201   0.326476   0.659840   0.825519   0.634168   0.935788   0.599039   0.832401   0.022202   0.312988   0.664413   0.813639   0.613598   0.935971   0.577329   0.840250   0.025076   0.310969   0.665973   0.807000   0.602308   0.936496   0.565454   0.839073   0.029057   0.310742   0.666371   0.803181   0.595926   0.937099   0.558763   0.837170   0.030127   0.310548   0.666668   0.799834   0.590380   0.937394   0.552957   0.835902   0.030225   0.310368   0.666917   0.796750   0.585308   0.937362   0.547656   0.835113   0.029711   0.310205   0.667115   0.793996   0.580810   0.937306   0.542961   0.834429   0.029022   0.310101   0.667224   0.791711   0.577103   0.937526   0.539096   0.833502   0.028621   0.310046   0.667252   0.789812   0.574041   0.938041   0.535907   0.832628   0.028222 1055250
 22   0.121694   0.668291   0.755282   0.521018   0.939474   0.481177   0.709152   0.022643   0.304631   0.675411   0.766729   0.538043   0.938722   0.498646   0.721356   0.022132   0.304976   0.674233   0.768442   0.540637   0.939589   0.501318   0.726554   0.022909   0.305230   0.673231   0.769788   0.542695   0.941681   0.503440   0.731726   0.023592   0.305420   0.672525   0.769930   0.542902   0.942882   0.503652   0.735368   0.024559   0.311409   0.670937   0.771356   0.545073   0.943007   0.505888   0.736202   0.025379   0.340923   0.664729   0.779058   0.557143   0.942643   0.518394   0.739782   0.025091   0.401780   0.652970   0.794430   0.581964   0.941781   0.544253   0.753263   0.024797   0.478846   0.640002   0.815803   0.617977   0.940922   0.582075   0.769890   0.028088   0.552886   0.629347   0.839972   0.660615   0.940958   0.627246   0.781578   0.034000   0.602541   0.623103   0.861548   0.700364   0.940855   0.669704   0.787617   0.039026   0.605479   0.623249   0.877265   0.730375   0.940285   0.701977   0.789130   0.042470   0.559281   0.629652   0.885638   0.746705   0.939470   0.719608   0.788985   0.044887   0.485404   0.639476   0.886419   0.748171   0.938329   0.721179   0.791745   0.046002   0.407462   0.649004   0.880725   0.736863   0.937753   0.708930   0.804453   0.042041   0.345718   0.657731   0.865281   0.707084   0.937836   0.676848   0.824517   0.035976   0.315469   0.664472   0.846586   0.671957   0.938095   0.639191   0.833190   0.037374   0.308899   0.667129   0.835548   0.651891   0.938686   0.617817   0.830987   0.041065   0.308426   0.667809   0.829163   0.640591   0.939390   0.605841   0.830148   0.040713   0.308124   0.668300   0.823673   0.631011   0.939773   0.595714   0.830309   0.039342   0.307887   0.668648   0.818834   0.622662   0.939749   0.586907   0.830857   0.037439   0.307682   0.668890   0.814665   0.615535   0.939709   0.579404   0.831031   0.035657   0.307527   0.669041   0.811120   0.609533   0.939998   0.573094   0.830495   0.034614   0.307426   0.669108   0.808070   0.604412   0.940584   0.567720   0.829854   0.033723 343153
 23   0.125724   0.669969   0.712290   0.460278   0.935191   0.419416   0.589219   0.026101   0.302740   0.678647   0.726962   0.479967   0.934241   0.439247   0.596886   0.025749   0.303181   0.677288   0.729026   0.482811   0.934989   0.442125   0.596616   0.026449   0.303397   0.676196   0.730522   0.484909   0.936790   0.444254   0.597137   0.025851   0.303476   0.675465   0.730798   0.485313   0.937809   0.444667   0.597523   0.025286   0.307380   0.674318   0.731582   0.486399   0.937788   0.445767   0.596931   0.025030   0.332087   0.669051   0.738018   0.495615   0.937199   0.455160   0.598077   0.022945   0.387365   0.657502   0.752527   0.516938   0.936270   0.476994   0.607334   0.020537   0.460365   0.643424   0.774280   0.550305   0.935634   0.511434   0.622438   0.022683   0.538315   0.630422   0.801067   0.593641   0.935795   0.556609   0.633748   0.028598   0.605401   0.620646   0.827293   0.638415   0.935721   0.603754   0.639122   0.034856   0.632829   0.617302   0.848088   0.675601   0.935132   0.643252   0.641899   0.040178   0.605320   0.621725   0.860875   0.699218   0.934207   0.668490   0.643996   0.044193   0.533977   0.631990   0.864829   0.706629   0.932997   0.676431   0.647691   0.045900   0.443127   0.644322   0.860761   0.698905   0.932174   0.668137   0.657275   0.043258   0.362068   0.656291   0.845515   0.670770   0.932032   0.638077   0.674787   0.037169   0.315983   0.667269   0.820386   0.626061   0.932307   0.590636   0.683478   0.037751   0.304007   0.672676   0.802398   0.595151   0.932951   0.558053   0.679417   0.042429   0.303806   0.673077   0.794827   0.582701   0.933640   0.545037   0.676365   0.042664   0.303877   0.673197   0.788818   0.572950   0.934040   0.534869   0.675219   0.041544   0.304034   0.673149   0.783766   0.564836   0.934202   0.526424   0.674992   0.040139   0.304145   0.673042   0.779432   0.557945   0.934280   0.519264   0.674903   0.038866   0.304226   0.672900   0.775726   0.552113   0.934528   0.513218   0.674604   0.038073   0.304262   0.672764   0.772404   0.546941   0.935036   0.507865   0.674341   0.037549 223780
 24   0.122877   0.671476   0.735001   0.491506   0.931926   0.451010   0.592058   0.026337   0.302310   0.681482   0.745420   0.506434   0.931152   0.466225   0.599192   0.027491   0.302988   0.679893   0.747094   0.508913   0.932086   0.468767   0.598917   0.028342   0.303291   0.678806   0.747664   0.509763   0.934069   0.469639   0.600138   0.028260   0.303429   0.678087   0.747014   0.508816   0.935184   0.468671   0.601025   0.028319   0.310743   0.675472   0.750057   0.513247   0.935174   0.473201   0.600716   0.027669   0.348933   0.665826   0.763059   0.532855   0.934660   0.493377   0.605902   0.024228   0.432985   0.647873   0.787424   0.571394   0.933732   0.533386   0.622513   0.022331   0.544912   0.627768   0.821462   0.628634   0.932860   0.593497   0.638921   0.027641   0.655555   0.611241   0.858238   0.694688   0.932719   0.663730   0.645978   0.035956   0.730901   0.601938   0.888699   0.753011   0.932361   0.726492   0.646284   0.043355   0.738883   0.602527   0.909257   0.794433   0.931524   0.771498   0.641968   0.049686   0.677313   0.612078   0.919570   0.815887   0.930444   0.794949   0.637485   0.054782   0.574208   0.626715   0.920322   0.817497   0.929158   0.796719   0.638516   0.057370   0.461597   0.641880   0.912545   0.801285   0.928381   0.778990   0.651907   0.054986   0.367030   0.656152   0.890699   0.757144   0.928292   0.731004   0.679782   0.047096   0.315893   0.669252   0.857926   0.693804   0.928562   0.662721   0.695534   0.045696   0.303483   0.675791   0.835280   0.652000   0.929196   0.618048   0.692699   0.049420   0.303084   0.676528   0.825142   0.634174   0.929922   0.599175   0.690309   0.048557   0.303081   0.676809   0.817229   0.620521   0.930422   0.584771   0.689667   0.046399   0.303392   0.676679   0.810911   0.609772   0.930587   0.573460   0.690317   0.043803   0.303796   0.676286   0.805711   0.601038   0.930593   0.564291   0.691727   0.042022   0.304059   0.675891   0.801187   0.593542   0.930831   0.556442   0.693415   0.041147   0.304205   0.675564   0.797162   0.586969   0.931409   0.549579   0.695116   0.040332 147705
