timestamp=                2021-11-21T09:58:15.782000
shape=                    (5, 5)
sigma=                    2.5
nepochs=                  3
thresh=                   None
rate=                     0.0072
neighborhood function=    gaussian
init weights=             pca
topology=                 hexagonal
activation distance=      euclidean
output type=              labels
mapfile_prefix=           full2017_5x5_3_0072_3_04
apply classification=     False
seed=                     None
random order=             True
custom init file=         None
order labels by size=     False
decay_function=           3

Quantization Error=       0.34745135
Topographic Error=        0.15848464

############ NEURONS #############
 25 192
  0   0.127575   0.669964   0.701611   0.446315   0.924174   0.405418   0.522487   0.027836   0.304248   0.678801   0.715634   0.464723   0.923143   0.423888   0.526315   0.027698   0.304631   0.677690   0.716860   0.466301   0.923900   0.425465   0.523381   0.027705   0.305000   0.676658   0.717925   0.467706   0.925694   0.426875   0.523526   0.026745   0.305280   0.675831   0.718345   0.468269   0.926761   0.427443   0.524733   0.026170   0.306377   0.675012   0.718611   0.468630   0.926843   0.427807   0.525481   0.025934   0.317511   0.671855   0.723149   0.475009   0.926361   0.434287   0.527129   0.024578   0.345680   0.664457   0.733983   0.490375   0.925545   0.449923   0.534863   0.021905   0.382843   0.655222   0.748564   0.511511   0.925077   0.471515   0.548748   0.021828   0.419538   0.646926   0.765431   0.536852   0.925364   0.497573   0.563665   0.024950   0.447750   0.641002   0.782123   0.562910   0.925505   0.524557   0.575838   0.028686   0.457307   0.638851   0.795627   0.584719   0.925202   0.547284   0.584975   0.031500   0.443674   0.640899   0.803852   0.598348   0.924483   0.561554   0.593328   0.032619   0.410526   0.646205   0.806126   0.602196   0.923436   0.565599   0.602791   0.031326   0.367131   0.653243   0.802436   0.596057   0.922755   0.559166   0.615363   0.027760   0.329208   0.661348   0.789256   0.574456   0.922685   0.536594   0.629881   0.025532   0.310505   0.668217   0.772067   0.546841   0.922926   0.507845   0.636485   0.028520   0.306894   0.670885   0.762228   0.531448   0.923481   0.491899   0.634313   0.032354   0.306843   0.671078   0.757824   0.524751   0.924076   0.484999   0.631293   0.033484   0.306875   0.671152   0.754246   0.519376   0.924385   0.479473   0.628793   0.033955   0.306949   0.671170   0.751137   0.514761   0.924454   0.474740   0.626848   0.034231   0.307032   0.671166   0.748361   0.510670   0.924408   0.470548   0.625349   0.034255   0.307120   0.671137   0.745909   0.507080   0.924552   0.466875   0.624477   0.034000   0.307215   0.671073   0.743746   0.503943   0.924993   0.463672   0.624199   0.034011 245778
  1   0.144627   0.666072   0.575046   0.300873   0.571963   0.262761   0.401276   0.040937   0.305523   0.671397   0.596663   0.320845   0.570910   0.281582   0.406165   0.045780   0.306010   0.670901   0.597951   0.322146   0.571507   0.282827   0.405481   0.040259   0.306333   0.670352   0.598500   0.322713   0.573161   0.283372   0.406215   0.038406   0.306512   0.669975   0.598297   0.322496   0.574112   0.283162   0.406957   0.037743   0.308056   0.668318   0.599303   0.323531   0.574063   0.284156   0.407852   0.037599   0.322522   0.660668   0.606164   0.330892   0.573437   0.291277   0.410362   0.036022   0.358136   0.647609   0.615122   0.340659   0.572429   0.300752   0.418068   0.036539   0.403329   0.635362   0.622287   0.348659   0.572068   0.308546   0.430241   0.043107   0.441717   0.627267   0.629339   0.356693   0.572507   0.316403   0.442582   0.052327   0.462459   0.624638   0.634592   0.362793   0.572682   0.322389   0.453832   0.060457   0.460102   0.627666   0.637098   0.365752   0.572550   0.325301   0.463224   0.065561   0.436746   0.635279   0.636320   0.364864   0.572184   0.324433   0.470260   0.066461   0.400867   0.645567   0.632170   0.360049   0.571531   0.319709   0.474570   0.062305   0.361826   0.656752   0.625598   0.352504   0.570883   0.312320   0.475938   0.054059   0.328885   0.666960   0.617785   0.343665   0.570739   0.303687   0.475269   0.044723   0.310765   0.673399   0.610555   0.335607   0.571030   0.295839   0.472367   0.039103   0.306279   0.674990   0.606827   0.331506   0.571506   0.291853   0.467481   0.037732   0.306189   0.674484   0.605756   0.330354   0.571867   0.290739   0.462637   0.037511   0.306127   0.674040   0.604750   0.329286   0.571885   0.289708   0.458347   0.037952   0.306075   0.673668   0.603688   0.328172   0.571937   0.288634   0.454462   0.038747   0.306044   0.673342   0.602572   0.327007   0.571971   0.287513   0.450884   0.039333   0.306009   0.673039   0.601541   0.325934   0.571999   0.286480   0.447477   0.039687   0.305949   0.672751   0.600748   0.325119   0.572299   0.285698   0.444266   0.039974 349991
  2   0.156938   0.666690   0.463988   0.202932   0.362275   0.171079   0.290932   0.047022   0.304841   0.672313   0.476988   0.212041   0.361770   0.179263   0.290860   0.055246   0.305264   0.671373   0.478742   0.213343   0.362274   0.180444   0.291149   0.054450   0.305548   0.670555   0.480280   0.214524   0.363730   0.181523   0.291878   0.055215   0.305717   0.669957   0.481153   0.215209   0.364570   0.182150   0.292343   0.056477   0.308167   0.667430   0.483143   0.216786   0.364502   0.183597   0.293177   0.057472   0.326885   0.655936   0.490324   0.222630   0.363898   0.188985   0.295492   0.057960   0.369601   0.636145   0.500196   0.230837   0.362951   0.196579   0.300949   0.062984   0.421758   0.617478   0.509918   0.239137   0.362615   0.204294   0.308872   0.074260   0.466368   0.605022   0.519625   0.247594   0.363025   0.212185   0.317089   0.085606   0.490613   0.601376   0.527069   0.254219   0.363212   0.218388   0.324677   0.094629   0.488810   0.606796   0.531109   0.257907   0.363123   0.221857   0.330925   0.100579   0.464315   0.618944   0.531336   0.258166   0.362803   0.222110   0.335361   0.102070   0.424608   0.635133   0.527605   0.254820   0.362212   0.218972   0.337740   0.097736   0.378647   0.652901   0.520591   0.248542   0.361620   0.213087   0.337995   0.088408   0.337050   0.669356   0.511613   0.240644   0.361479   0.205706   0.336280   0.076409   0.311469   0.680158   0.502657   0.232929   0.361734   0.198522   0.332630   0.066736   0.303682   0.683164   0.497015   0.228149   0.362174   0.194085   0.327930   0.063173   0.303310   0.682285   0.494479   0.226043   0.362513   0.192136   0.323628   0.062932   0.303070   0.681409   0.492446   0.224385   0.362525   0.190606   0.319889   0.064498   0.302813   0.680647   0.490638   0.222931   0.362560   0.189269   0.316503   0.066630   0.302590   0.679942   0.488922   0.221560   0.362579   0.188009   0.313372   0.067224   0.302401   0.679268   0.487320   0.220289   0.362599   0.186841   0.310532   0.066944   0.302132   0.678707   0.485952   0.219215   0.362868   0.185857   0.307942   0.067098 405732
  3   0.162363   0.673969   0.368810   0.138912   0.201023   0.113869   0.205104   0.095475   0.290643   0.685963   0.355882   0.130824   0.200555   0.106731   0.197115   0.135237   0.291489   0.683666   0.358073   0.132040   0.201080   0.107783   0.198539   0.143425   0.291954   0.682145   0.358922   0.132527   0.202372   0.108206   0.199854   0.149708   0.292224   0.681054   0.358942   0.132540   0.203094   0.108217   0.200680   0.155560   0.301917   0.672115   0.363567   0.135196   0.203048   0.110528   0.202404   0.160766   0.346920   0.643714   0.376029   0.142694   0.202504   0.117101   0.205234   0.170730   0.430446   0.603919   0.390705   0.151966   0.201658   0.125295   0.208164   0.189490   0.522615   0.569319   0.404345   0.160910   0.201434   0.133249   0.211744   0.205650   0.599994   0.545962   0.416786   0.169317   0.201911   0.140764   0.215715   0.210330   0.646917   0.537878   0.426571   0.176107   0.202168   0.146861   0.219510   0.210822   0.651025   0.547478   0.432295   0.180169   0.202151   0.150523   0.223177   0.210812   0.611991   0.572228   0.433104   0.180758   0.201898   0.151058   0.226409   0.208639   0.542952   0.605753   0.428899   0.177758   0.201373   0.148352   0.228384   0.201666   0.458415   0.643477   0.420428   0.171800   0.200812   0.142989   0.228469   0.193033   0.374467   0.680368   0.408012   0.163313   0.200617   0.135387   0.226916   0.185294   0.311252   0.708539   0.392497   0.153087   0.200753   0.126284   0.224076   0.174931   0.285200   0.718755   0.380344   0.145354   0.201078   0.119440   0.220214   0.168132   0.283141   0.715945   0.374167   0.141584   0.201330   0.116127   0.216340   0.167296   0.282979   0.712247   0.369863   0.139004   0.201302   0.113867   0.213281   0.170491   0.283225   0.708753   0.366175   0.136821   0.201314   0.111959   0.210895   0.174109   0.283181   0.705895   0.362804   0.134854   0.201315   0.110243   0.208588   0.173042   0.282751   0.703767   0.359823   0.133132   0.201316   0.108744   0.206167   0.170636   0.282360   0.701880   0.357454   0.131776   0.201538   0.107566   0.203942   0.170556 214568
  4   0.153162   0.672793   0.420594   0.173001   0.261318   0.144227   0.227539   0.203084   0.278068   0.683380   0.409776   0.165697   0.262738   0.137693   0.218672   0.336558   0.277910   0.680403   0.412126   0.167281   0.263166   0.139111   0.219773   0.358177   0.277771   0.678240   0.413537   0.168267   0.264442   0.139998   0.220871   0.371329   0.277202   0.676892   0.413775   0.168469   0.265100   0.140186   0.221668   0.385690   0.291539   0.670767   0.415984   0.169966   0.264976   0.141525   0.222290   0.396258   0.354513   0.648514   0.425372   0.176440   0.264332   0.147337   0.224639   0.392347   0.465259   0.613593   0.440645   0.187384   0.263422   0.157229   0.227909   0.391146   0.582167   0.581216   0.456886   0.199534   0.263231   0.168292   0.230800   0.398819   0.676097   0.558120   0.471555   0.210907   0.263752   0.178712   0.233812   0.394455   0.733231   0.547479   0.482701   0.219815   0.264052   0.186916   0.236551   0.384549   0.742709   0.552121   0.489016   0.224976   0.264084   0.191689   0.239090   0.375801   0.703023   0.571694   0.489727   0.225567   0.263856   0.192238   0.241255   0.368897   0.624113   0.602219   0.484661   0.221405   0.263364   0.188386   0.242411   0.361784   0.518663   0.640061   0.474067   0.212869   0.262793   0.180513   0.241932   0.358062   0.405073   0.680239   0.458105   0.200442   0.262526   0.169119   0.239762   0.363219   0.309248   0.714014   0.438695   0.185941   0.262607   0.155918   0.235902   0.377267   0.266231   0.726082   0.425360   0.176334   0.262905   0.147226   0.231369   0.393599   0.263266   0.720720   0.420368   0.172922   0.263129   0.144167   0.227650   0.404212   0.263104   0.714634   0.417050   0.170698   0.263057   0.142180   0.224903   0.414448   0.263122   0.709272   0.414284   0.168861   0.263059   0.140542   0.222903   0.423245   0.263180   0.704692   0.411936   0.167313   0.263088   0.139162   0.221132   0.425062   0.263033   0.700887   0.409963   0.166021   0.263121   0.138012   0.219274   0.423745   0.262669   0.697591   0.408485   0.165061   0.263371   0.137159   0.217434   0.423953 112312
  5   0.128192   0.667452   0.709537   0.455983   0.889214   0.414980   0.672297   0.029745   0.307706   0.674272   0.721745   0.472209   0.888297   0.431292   0.676775   0.029173   0.308028   0.673992   0.720795   0.470902   0.889056   0.429971   0.674926   0.029088   0.308317   0.673600   0.720074   0.469923   0.890991   0.428983   0.674565   0.028949   0.308526   0.673350   0.718714   0.468063   0.892109   0.427104   0.673523   0.029053   0.308808   0.673221   0.716795   0.465424   0.892130   0.424435   0.671697   0.029397   0.313714   0.671825   0.716210   0.464630   0.891578   0.423634   0.669412   0.030023   0.329256   0.667516   0.718609   0.467958   0.890621   0.427005   0.669875   0.030431   0.352298   0.661593   0.723545   0.474821   0.890219   0.433960   0.675687   0.032109   0.374827   0.656366   0.729955   0.483836   0.890758   0.443116   0.684157   0.035464   0.390701   0.652863   0.736409   0.493039   0.891084   0.452485   0.692054   0.038368   0.394678   0.651776   0.741591   0.500525   0.890986   0.460126   0.698256   0.039568   0.384880   0.653427   0.744366   0.504585   0.890516   0.464280   0.702368   0.038883   0.364590   0.657311   0.744220   0.504390   0.889659   0.464083   0.704584   0.036140   0.340254   0.662301   0.741500   0.500419   0.888930   0.460022   0.706484   0.031158   0.319774   0.667176   0.736191   0.492680   0.888753   0.452111   0.709485   0.026665   0.310161   0.670041   0.730744   0.484788   0.888982   0.444052   0.709703   0.025881   0.308789   0.670552   0.728018   0.480879   0.889477   0.440068   0.706467   0.026638   0.308854   0.670376   0.726779   0.479122   0.889914   0.438282   0.703453   0.026710   0.308923   0.670176   0.725724   0.477641   0.889981   0.436778   0.700828   0.026645   0.308984   0.669994   0.724761   0.476304   0.889945   0.435424   0.698415   0.026929   0.309022   0.669865   0.723755   0.474919   0.889873   0.434023   0.695935   0.027510   0.309076   0.669725   0.722841   0.473668   0.889926   0.432759   0.693612   0.028075   0.309157   0.669542   0.722157   0.472741   0.890293   0.431823   0.691585   0.028647 334088
  6   0.139750   0.665462   0.624081   0.351936   0.664178   0.311945   0.495192   0.035745   0.307311   0.670204   0.641327   0.369945   0.662759   0.329288   0.500129   0.040563   0.307724   0.669685   0.642401   0.371165   0.663378   0.330480   0.498534   0.036845   0.308137   0.669045   0.643357   0.372271   0.665125   0.331564   0.499488   0.034897   0.308356   0.668668   0.643187   0.372077   0.666123   0.331374   0.500237   0.034022   0.309203   0.667920   0.643169   0.372048   0.666058   0.331344   0.500292   0.033635   0.319546   0.663204   0.647536   0.377229   0.665406   0.336447   0.501117   0.032138   0.347469   0.653860   0.654716   0.385814   0.664339   0.344914   0.507732   0.031369   0.384816   0.644377   0.661329   0.393838   0.663946   0.352847   0.520147   0.035315   0.418532   0.637645   0.667777   0.401793   0.664417   0.360737   0.533185   0.042623   0.438678   0.634734   0.672703   0.407966   0.664603   0.366877   0.544747   0.049388   0.438822   0.636068   0.675336   0.411299   0.664455   0.370199   0.553822   0.053517   0.419865   0.641227   0.675031   0.410924   0.664071   0.369827   0.560056   0.054042   0.388788   0.648925   0.671703   0.406742   0.663390   0.365666   0.563199   0.050506   0.354478   0.657627   0.666205   0.399882   0.662698   0.358847   0.563477   0.043781   0.325925   0.665690   0.659427   0.391505   0.662532   0.350536   0.562456   0.036835   0.311134   0.670641   0.653275   0.383978   0.662836   0.343082   0.559432   0.033537   0.308007   0.671779   0.650295   0.380369   0.663338   0.339515   0.554538   0.033126   0.308084   0.671406   0.649442   0.379352   0.663718   0.338514   0.550036   0.033045   0.308160   0.671056   0.648610   0.378369   0.663737   0.337546   0.546073   0.033260   0.308221   0.670768   0.647712   0.377312   0.663800   0.336507   0.542582   0.033819   0.308277   0.670521   0.646749   0.376188   0.663853   0.335403   0.539349   0.034367   0.308325   0.670255   0.645936   0.375245   0.663890   0.334479   0.536257   0.034627   0.308372   0.669938   0.645496   0.374745   0.664206   0.333989   0.533384   0.034839 311648
  7   0.151015   0.667228   0.517173   0.246664   0.461464   0.211500   0.336964   0.042636   0.304590   0.673560   0.537754   0.263410   0.460658   0.226940   0.339759   0.048424   0.304991   0.672887   0.538895   0.264408   0.461196   0.227871   0.339458   0.045179   0.305188   0.672254   0.539547   0.264991   0.462720   0.228417   0.339683   0.044521   0.305300   0.671781   0.539681   0.265112   0.463593   0.228531   0.339661   0.044633   0.307812   0.668990   0.541723   0.266947   0.463528   0.230252   0.340577   0.044859   0.327093   0.657333   0.550037   0.274720   0.462899   0.237592   0.343521   0.043863   0.371543   0.638017   0.560150   0.284402   0.461904   0.246773   0.350635   0.046728   0.425772   0.620028   0.568724   0.292839   0.461544   0.254813   0.361355   0.056441   0.470823   0.608353   0.577212   0.301369   0.461949   0.262971   0.372290   0.067630   0.494128   0.605232   0.583573   0.307909   0.462107   0.269252   0.382251   0.077145   0.489297   0.611114   0.586660   0.311160   0.461987   0.272388   0.390642   0.083312   0.460483   0.623618   0.585897   0.310397   0.461650   0.271660   0.397088   0.084839   0.418363   0.639343   0.581329   0.305676   0.461045   0.267121   0.401071   0.080727   0.372894   0.655713   0.574001   0.298179   0.460432   0.259927   0.402251   0.071426   0.334016   0.670059   0.565474   0.289611   0.460290   0.251732   0.400890   0.059438   0.311210   0.678982   0.557594   0.281859   0.460571   0.244346   0.396929   0.050352   0.304548   0.681252   0.553042   0.277459   0.461031   0.240167   0.391252   0.047111   0.304118   0.680480   0.551185   0.275709   0.461374   0.238512   0.385716   0.046670   0.303755   0.679818   0.549582   0.274226   0.461377   0.237113   0.380709   0.047493   0.303421   0.679258   0.548100   0.272873   0.461419   0.235841   0.376153   0.048866   0.303210   0.678725   0.546584   0.271493   0.461450   0.234544   0.372177   0.049647   0.303060   0.678237   0.545082   0.270127   0.461473   0.233261   0.368640   0.049928   0.302870   0.677806   0.543849   0.269016   0.461753   0.232218   0.365276   0.050346 383881
  8   0.162247   0.667140   0.410567   0.164715   0.261611   0.136591   0.243169   0.054494   0.302852   0.672885   0.411401   0.164795   0.261092   0.136590   0.239366   0.068103   0.303482   0.671693   0.413368   0.166048   0.261610   0.137699   0.240883   0.069986   0.303814   0.671009   0.414055   0.166502   0.263005   0.138103   0.242080   0.071903   0.303982   0.670561   0.414170   0.166587   0.263807   0.138180   0.242779   0.073643   0.307575   0.666901   0.416316   0.168021   0.263755   0.139458   0.243708   0.075061   0.331070   0.651068   0.424210   0.173440   0.263192   0.144313   0.245866   0.077393   0.381571   0.625450   0.434912   0.180974   0.262302   0.151090   0.250087   0.086249   0.441062   0.602508   0.445278   0.188477   0.262009   0.157872   0.256085   0.099658   0.491804   0.587478   0.455393   0.195977   0.262456   0.164679   0.262442   0.109442   0.521244   0.582931   0.463300   0.201972   0.262687   0.170141   0.268486   0.116023   0.521645   0.589757   0.467586   0.205288   0.262638   0.173173   0.273835   0.119884   0.494770   0.605618   0.467852   0.205508   0.262362   0.173377   0.277893   0.119850   0.449264   0.626761   0.464178   0.202666   0.261800   0.170779   0.279985   0.114520   0.395244   0.650104   0.457300   0.197395   0.261222   0.165968   0.279915   0.105701   0.344704   0.672143   0.448025   0.190439   0.261070   0.159642   0.278002   0.095736   0.311858   0.687078   0.438009   0.183115   0.261280   0.153011   0.274531   0.086400   0.300873   0.691453   0.431182   0.178239   0.261669   0.148613   0.270338   0.081766   0.300169   0.690053   0.427908   0.175965   0.261970   0.146572   0.266527   0.080974   0.299913   0.688559   0.425308   0.174183   0.261969   0.144976   0.263386   0.083292   0.299758   0.687227   0.422841   0.172511   0.261994   0.143481   0.260728   0.086282   0.299482   0.686083   0.420498   0.170941   0.261997   0.142080   0.258160   0.086466   0.299097   0.685114   0.418415   0.169555   0.262005   0.140845   0.255629   0.085746   0.298647   0.684319   0.416564   0.168335   0.262252   0.139760   0.253297   0.086206 356710
  9   0.150979   0.677414   0.456389   0.198366   0.369715   0.167096   0.253419   0.079571   0.287102   0.694032   0.470157   0.208104   0.369510   0.175868   0.246724   0.096023   0.286224   0.693001   0.471866   0.209418   0.369934   0.177069   0.242774   0.098096   0.286207   0.691397   0.473187   0.210441   0.371253   0.178006   0.240286   0.101593   0.285982   0.689960   0.473653   0.210841   0.371956   0.178378   0.238322   0.107155   0.298020   0.677687   0.483086   0.218052   0.371822   0.184961   0.240609   0.111876   0.355448   0.641935   0.507037   0.237494   0.371145   0.202894   0.246515   0.119233   0.462418   0.595849   0.532806   0.260001   0.370140   0.223915   0.251184   0.142580   0.580335   0.558489   0.554458   0.280209   0.369763   0.243004   0.255298   0.171209   0.678183   0.534656   0.572835   0.298135   0.370068   0.260072   0.260347   0.186351   0.738330   0.526701   0.586214   0.311689   0.370128   0.273063   0.266549   0.193280   0.744512   0.537297   0.593475   0.319314   0.369945   0.280418   0.273717   0.197024   0.694791   0.564586   0.593588   0.319602   0.369585   0.280724   0.281184   0.197935   0.605544   0.601650   0.586280   0.312167   0.369053   0.273592   0.287861   0.194026   0.496603   0.642247   0.572692   0.298418   0.368529   0.260415   0.292350   0.184400   0.390315   0.680354   0.554350   0.280396   0.368426   0.243233   0.293820   0.165499   0.310133   0.711275   0.529813   0.257633   0.368741   0.221745   0.291276   0.138032   0.277409   0.723999   0.509888   0.240025   0.369225   0.205264   0.283736   0.123287   0.275771   0.721096   0.501241   0.232781   0.369558   0.198547   0.275531   0.122889   0.275819   0.717074   0.495906   0.228384   0.369554   0.194482   0.269558   0.125065   0.275883   0.713442   0.491531   0.224846   0.369606   0.191219   0.264726   0.128401   0.276143   0.710285   0.487433   0.221580   0.369653   0.188217   0.260772   0.129429   0.276390   0.707636   0.483570   0.218537   0.369683   0.185425   0.257072   0.129340   0.276518   0.705192   0.480481   0.216131   0.369942   0.183221   0.253487   0.129958 201083
 10   0.125202   0.667021   0.739785   0.497917   0.930836   0.457463   0.754779   0.027050   0.308211   0.673253   0.749360   0.511662   0.930045   0.471475   0.760714   0.023628   0.308475   0.672719   0.749653   0.512072   0.930841   0.471891   0.761364   0.024368   0.308714   0.672185   0.749867   0.512381   0.932849   0.472206   0.762542   0.025167   0.308887   0.671909   0.749010   0.511114   0.934067   0.470908   0.762369   0.026125   0.309090   0.671876   0.747143   0.508368   0.934185   0.468096   0.760666   0.027224   0.313095   0.671042   0.746057   0.506785   0.933736   0.466478   0.757316   0.029439   0.325724   0.668092   0.747374   0.508752   0.932891   0.468497   0.755372   0.031647   0.344344   0.663800   0.751056   0.514228   0.932397   0.474116   0.758007   0.033572   0.362616   0.659766   0.756618   0.522567   0.932974   0.482684   0.763262   0.036251   0.375557   0.656948   0.762384   0.531301   0.933456   0.491676   0.768071   0.038261   0.378905   0.655970   0.766876   0.538174   0.933399   0.498764   0.771426   0.038778   0.370970   0.657007   0.769310   0.541922   0.932882   0.502634   0.773272   0.037493   0.354332   0.659717   0.769192   0.541744   0.931911   0.502452   0.773955   0.034407   0.334105   0.663271   0.766753   0.537985   0.931195   0.498570   0.776208   0.029194   0.317243   0.666836   0.761520   0.529955   0.931050   0.490283   0.781632   0.024509   0.309977   0.668975   0.756044   0.521601   0.931207   0.481671   0.783376   0.024185   0.309242   0.669434   0.753079   0.517123   0.931658   0.477065   0.780334   0.025465   0.309252   0.669436   0.751265   0.514407   0.932122   0.474274   0.777723   0.025523   0.309268   0.669384   0.749685   0.512053   0.932252   0.471858   0.775447   0.025232   0.309302   0.669314   0.748246   0.509922   0.932124   0.469674   0.773153   0.025245   0.309337   0.669230   0.746996   0.508081   0.931971   0.467788   0.770897   0.025543   0.309392   0.669081   0.746072   0.506725   0.932072   0.466400   0.769122   0.025594   0.309463   0.668867   0.745450   0.505817   0.932488   0.465472   0.767833   0.025513 703208
 11   0.127001   0.668718   0.719223   0.469154   0.933356   0.428278   0.661749   0.027872   0.306742   0.676381   0.732290   0.487054   0.932362   0.446370   0.665649   0.024656   0.307005   0.675335   0.733734   0.489050   0.933159   0.448391   0.664684   0.024413   0.307313   0.674305   0.735199   0.491112   0.935068   0.450485   0.665156   0.023924   0.307572   0.673516   0.735743   0.491871   0.936114   0.451255   0.665495   0.023578   0.308377   0.672871   0.735604   0.491651   0.936060   0.451027   0.665070   0.023348   0.317148   0.670492   0.737829   0.494848   0.935455   0.454287   0.663655   0.023102   0.339272   0.664638   0.744482   0.504530   0.934485   0.464180   0.665109   0.022503   0.367897   0.657089   0.754572   0.519489   0.933925   0.479520   0.672650   0.023079   0.394727   0.650392   0.767114   0.538552   0.934306   0.499157   0.681980   0.025428   0.413478   0.645895   0.779688   0.558170   0.934492   0.519465   0.689015   0.028018   0.417760   0.644508   0.789811   0.574343   0.934200   0.536281   0.694172   0.029589   0.405544   0.646421   0.796077   0.584526   0.933528   0.546901   0.698512   0.029744   0.380496   0.650879   0.797881   0.587492   0.932508   0.550002   0.703517   0.028355   0.349489   0.656485   0.795501   0.583609   0.931799   0.545949   0.711892   0.024630   0.323256   0.662603   0.786641   0.569298   0.931710   0.531039   0.723404   0.022155   0.311041   0.667057   0.775867   0.552069   0.931966   0.513123   0.728810   0.024710   0.309005   0.668464   0.769894   0.542677   0.932515   0.503387   0.726799   0.027957   0.308846   0.668778   0.766357   0.537220   0.933039   0.497750   0.724400   0.029057   0.308729   0.669019   0.763191   0.532377   0.933219   0.492755   0.722435   0.029429   0.308658   0.669204   0.760295   0.527983   0.933215   0.488230   0.720796   0.029677   0.308598   0.669348   0.757675   0.524034   0.933167   0.484169   0.719327   0.029955   0.308565   0.669416   0.755472   0.520731   0.933298   0.480775   0.718141   0.029769   0.308593   0.669380   0.753734   0.518136   0.933720   0.478112   0.717160   0.029292 643760
 12   0.134133   0.665586   0.664233   0.398771   0.756025   0.357964   0.559605   0.035078   0.307184   0.670353   0.686083   0.424669   0.754745   0.383478   0.565548   0.037535   0.307647   0.669753   0.687587   0.426613   0.755394   0.385423   0.563802   0.034062   0.308102   0.669133   0.688853   0.428260   0.757243   0.387071   0.565066   0.032433   0.308402   0.668708   0.689199   0.428720   0.758298   0.387534   0.565381   0.031796   0.309035   0.668171   0.689323   0.428885   0.758256   0.387700   0.564693   0.031356   0.317129   0.664847   0.693393   0.434284   0.757658   0.393125   0.563811   0.029334   0.339917   0.657751   0.700559   0.443832   0.756617   0.402728   0.568727   0.026884   0.371667   0.650079   0.707360   0.453003   0.756212   0.411971   0.580647   0.028561   0.402251   0.644063   0.714400   0.462659   0.756696   0.421735   0.593070   0.034048   0.423363   0.640633   0.720643   0.471358   0.756860   0.430556   0.603670   0.039762   0.427455   0.640595   0.724901   0.477375   0.756652   0.436674   0.612150   0.043856   0.412747   0.644030   0.726060   0.479058   0.756198   0.438393   0.618697   0.045054   0.384713   0.650062   0.723622   0.475643   0.755417   0.434927   0.623310   0.042663   0.352018   0.657328   0.718226   0.468065   0.754674   0.427231   0.626629   0.037120   0.324444   0.664347   0.710176   0.456840   0.754529   0.415847   0.630520   0.031115   0.310683   0.668841   0.702092   0.445702   0.754866   0.404576   0.631147   0.028991   0.308127   0.669993   0.697969   0.440100   0.755411   0.398923   0.627284   0.029149   0.308208   0.669808   0.696560   0.438217   0.755847   0.397028   0.623200   0.028637   0.308302   0.669624   0.695286   0.436533   0.755932   0.395337   0.619499   0.028548   0.308392   0.669463   0.694060   0.434927   0.756032   0.393728   0.616134   0.028971   0.308477   0.669313   0.692941   0.433472   0.756084   0.392271   0.612827   0.029426   0.308550   0.669141   0.692029   0.432294   0.756124   0.391092   0.609538   0.029675   0.308634   0.668913   0.691455   0.431561   0.756464   0.390362   0.606470   0.029880 368451
 13   0.136945   0.668401   0.615857   0.344079   0.684372   0.304504   0.401337   0.049140   0.301937   0.675666   0.646341   0.376578   0.681372   0.335937   0.405876   0.050189   0.302638   0.674620   0.649993   0.380747   0.681922   0.340015   0.402257   0.043594   0.303176   0.673690   0.652854   0.384039   0.683639   0.343240   0.401415   0.039995   0.303621   0.672890   0.654512   0.385955   0.684634   0.345117   0.401174   0.038624   0.305809   0.670325   0.658213   0.390279   0.684628   0.349365   0.401934   0.037543   0.322781   0.660892   0.671036   0.406003   0.684077   0.364947   0.404068   0.034102   0.363943   0.646206   0.687461   0.426816   0.683135   0.385693   0.410193   0.034229   0.417165   0.632881   0.701850   0.445886   0.682744   0.404858   0.419401   0.042743   0.466591   0.623340   0.716680   0.466235   0.683027   0.425440   0.427809   0.054407   0.498638   0.619154   0.729284   0.484063   0.682975   0.443574   0.436052   0.065492   0.501271   0.621358   0.737324   0.495710   0.682632   0.455473   0.444895   0.074076   0.474318   0.629182   0.739361   0.498732   0.682109   0.458573   0.454504   0.078659   0.428735   0.640505   0.735012   0.492469   0.681344   0.452182   0.464383   0.077821   0.377226   0.653160   0.725138   0.478375   0.680662   0.437820   0.474114   0.070952   0.333197   0.665088   0.709986   0.457253   0.680587   0.416392   0.484518   0.058883   0.309238   0.673459   0.692852   0.434043   0.680985   0.392971   0.489570   0.050112   0.303513   0.676157   0.682592   0.420498   0.681558   0.379367   0.487168   0.047381   0.303683   0.675718   0.679093   0.416013   0.682017   0.374887   0.483754   0.045098   0.303898   0.675199   0.676621   0.412871   0.682171   0.371753   0.480818   0.043482   0.304111   0.674688   0.674650   0.410388   0.682344   0.369281   0.478062   0.042829   0.304294   0.674240   0.672827   0.408113   0.682423   0.367020   0.475331   0.042430   0.304363   0.673916   0.670965   0.405813   0.682466   0.364738   0.472628   0.042016   0.304344   0.673684   0.669216   0.403677   0.682805   0.362623   0.470016   0.041685 194934
 14   0.140134   0.679961   0.547679   0.275501   0.542495   0.238812   0.314450   0.074432   0.288467   0.698373   0.579129   0.304594   0.540907   0.266268   0.313726   0.079046   0.288080   0.696264   0.582304   0.307772   0.541166   0.269310   0.307048   0.079632   0.288332   0.694203   0.583675   0.309213   0.542562   0.270699   0.303895   0.081502   0.288618   0.692612   0.583473   0.309056   0.543344   0.270556   0.301890   0.083663   0.298397   0.681704   0.591949   0.317533   0.543193   0.278664   0.303631   0.085092   0.349957   0.648224   0.616652   0.343829   0.542423   0.304094   0.309179   0.092823   0.451886   0.603637   0.644572   0.375679   0.541267   0.335275   0.314468   0.118534   0.567243   0.567898   0.668424   0.404874   0.540749   0.364220   0.318574   0.150467   0.664224   0.547154   0.689393   0.431760   0.540900   0.391101   0.322946   0.173492   0.724065   0.542890   0.704514   0.451943   0.540786   0.411429   0.329578   0.189546   0.729018   0.555479   0.712225   0.462612   0.540486   0.422245   0.338830   0.199706   0.677596   0.581746   0.711269   0.461554   0.540096   0.421221   0.350057   0.203328   0.587345   0.615714   0.701713   0.448847   0.539593   0.408431   0.361800   0.199082   0.480169   0.652018   0.685253   0.427213   0.539102   0.386698   0.371940   0.185927   0.380514   0.684709   0.664611   0.400812   0.539088   0.360306   0.378380   0.161267   0.310676   0.709039   0.640155   0.370975   0.539563   0.330733   0.378838   0.126519   0.284612   0.717125   0.621887   0.349586   0.540172   0.309690   0.372871   0.104103   0.283812   0.713538   0.614355   0.341219   0.540552   0.301537   0.364913   0.098994   0.283665   0.710050   0.609399   0.335845   0.540556   0.296325   0.357764   0.097787   0.283404   0.707212   0.605330   0.331512   0.540635   0.292135   0.351132   0.098600   0.283271   0.704888   0.601460   0.327450   0.540709   0.288217   0.345294   0.099000   0.283263   0.703000   0.597504   0.323335   0.540755   0.284255   0.340071   0.099070   0.283314   0.701305   0.593906   0.319640   0.541065   0.280705   0.335217   0.099386 95677
 15   0.123890   0.666533   0.755144   0.520446   0.939096   0.480522   0.786661   0.022132   0.308508   0.672107   0.765713   0.536195   0.938483   0.496685   0.796297   0.018542   0.308804   0.671279   0.767065   0.538240   0.939359   0.498790   0.799907   0.019403   0.309087   0.670508   0.768180   0.539942   0.941461   0.500544   0.803967   0.020369   0.309291   0.670006   0.768186   0.539944   0.942715   0.500545   0.806553   0.021297   0.309565   0.669729   0.767289   0.538560   0.942844   0.499115   0.807420   0.022213   0.314341   0.668396   0.767722   0.539233   0.942370   0.499812   0.805975   0.023695   0.328782   0.664628   0.771214   0.544656   0.941457   0.505420   0.806691   0.024877   0.349009   0.659636   0.777187   0.554013   0.940821   0.515113   0.812924   0.025836   0.368249   0.655270   0.784948   0.566344   0.941298   0.527919   0.820304   0.028108   0.381327   0.652462   0.792499   0.578525   0.941732   0.540607   0.825738   0.030423   0.383610   0.651744   0.798138   0.587751   0.941621   0.550240   0.829108   0.031347   0.374231   0.653157   0.801175   0.592764   0.941079   0.555485   0.830813   0.030815   0.356119   0.656272   0.801124   0.592689   0.940095   0.555407   0.832030   0.028941   0.334594   0.660094   0.798233   0.587934   0.939471   0.550437   0.837428   0.024751   0.317557   0.664030   0.791422   0.576809   0.939420   0.538823   0.846647   0.021838   0.310740   0.666595   0.784321   0.565305   0.939596   0.526832   0.848826   0.023541   0.310046   0.667281   0.780584   0.559342   0.940082   0.520634   0.844690   0.025587   0.309973   0.667483   0.778059   0.555352   0.940628   0.516494   0.841436   0.025878   0.309910   0.667617   0.775792   0.551790   0.940844   0.512802   0.838636   0.025512   0.309859   0.667717   0.773682   0.548491   0.940721   0.509386   0.835905   0.025193   0.309832   0.667788   0.771809   0.545575   0.940605   0.506369   0.833124   0.025373   0.309815   0.667808   0.770245   0.543153   0.940796   0.503866   0.830675   0.025497   0.309820   0.667760   0.768977   0.541198   0.941286   0.501847   0.828648   0.025416 1069259
 16   0.125677   0.667821   0.737376   0.494634   0.931057   0.454149   0.714496   0.024651   0.307649   0.674535   0.750515   0.513410   0.930240   0.473274   0.722015   0.021815   0.307938   0.673433   0.752510   0.516322   0.931064   0.476252   0.724007   0.021567   0.308228   0.672420   0.754248   0.518884   0.933115   0.478875   0.727096   0.021188   0.308464   0.671694   0.754835   0.519741   0.934277   0.479751   0.729389   0.021227   0.309090   0.671120   0.754708   0.519534   0.934319   0.479536   0.730297   0.021354   0.316679   0.668970   0.756900   0.522824   0.933855   0.482917   0.728987   0.021449   0.336305   0.663718   0.763151   0.532305   0.932930   0.492679   0.730790   0.020718   0.361861   0.657033   0.772522   0.546756   0.932302   0.507605   0.739514   0.020672   0.385798   0.651187   0.784128   0.565057   0.932689   0.526586   0.749399   0.022679   0.402068   0.647369   0.795415   0.583270   0.932918   0.545556   0.756741   0.024903   0.405091   0.646321   0.804168   0.597690   0.932669   0.560635   0.761973   0.026293   0.393470   0.648118   0.809314   0.606289   0.932071   0.569650   0.765960   0.026548   0.371039   0.652029   0.810400   0.608118   0.931055   0.571570   0.770184   0.025358   0.343955   0.656770   0.807887   0.603906   0.930371   0.567152   0.778653   0.022019   0.321307   0.661985   0.799376   0.589797   0.930293   0.552381   0.792134   0.020144   0.311346   0.665815   0.789345   0.573327   0.930491   0.535170   0.798848   0.023165   0.309990   0.667001   0.784063   0.564793   0.931002   0.526281   0.796905   0.026393   0.309851   0.667278   0.780924   0.559798   0.931550   0.521091   0.794730   0.027196   0.309736   0.667486   0.778136   0.555394   0.931778   0.516522   0.792819   0.027386   0.309642   0.667661   0.775554   0.551344   0.931768   0.512326   0.791024   0.027446   0.309570   0.667800   0.773212   0.547692   0.931723   0.508547   0.789201   0.027441   0.309542   0.667874   0.771218   0.544603   0.931886   0.505354   0.787430   0.027429   0.309548   0.667866   0.769611   0.542128   0.932351   0.502798   0.786024   0.027272 951958
 17   0.124833   0.669400   0.735666   0.492686   0.932555   0.452256   0.643698   0.026353   0.305837   0.677529   0.749746   0.512594   0.931679   0.472498   0.651400   0.025228   0.306270   0.676143   0.751807   0.515569   0.932571   0.475534   0.652436   0.025362   0.306614   0.674929   0.753505   0.518054   0.934626   0.478076   0.654462   0.024822   0.306835   0.674052   0.754035   0.518825   0.935773   0.478863   0.655819   0.024242   0.308995   0.673122   0.754482   0.519478   0.935791   0.479532   0.655315   0.023814   0.325161   0.669230   0.759352   0.526840   0.935301   0.487108   0.654598   0.022441   0.361698   0.660524   0.770352   0.543727   0.934407   0.504538   0.660681   0.020278   0.408476   0.649938   0.786172   0.568732   0.933780   0.530487   0.673487   0.020833   0.454742   0.640630   0.805521   0.600460   0.934024   0.563639   0.684869   0.024512   0.489618   0.634378   0.824113   0.632116   0.934083   0.596949   0.692112   0.028692   0.500135   0.632703   0.838434   0.657330   0.933646   0.623648   0.697198   0.032339   0.480568   0.635999   0.846861   0.672517   0.932861   0.639799   0.701799   0.034970   0.437129   0.642965   0.848828   0.676110   0.931736   0.643631   0.707775   0.035314   0.383104   0.651106   0.845062   0.669271   0.931010   0.636347   0.718637   0.031545   0.336606   0.659601   0.832201   0.646347   0.930922   0.612018   0.733857   0.027150   0.313058   0.666802   0.814259   0.614998   0.931147   0.578870   0.741993   0.029273   0.308087   0.669806   0.802847   0.595565   0.931696   0.558423   0.740929   0.033559   0.307812   0.670249   0.797191   0.586223   0.932291   0.548649   0.738768   0.034535   0.307640   0.670540   0.792429   0.578456   0.932599   0.540542   0.737007   0.034519   0.307500   0.670769   0.788124   0.571513   0.932656   0.533312   0.735589   0.034236   0.307411   0.670902   0.784338   0.565469   0.932655   0.527028   0.734065   0.034028   0.307417   0.670905   0.781195   0.560493   0.932855   0.521863   0.732598   0.033810   0.307501   0.670816   0.778546   0.556325   0.933345   0.517541   0.731625   0.033408 502919
 18   0.129748   0.666261   0.705011   0.450867   0.837767   0.409999   0.592587   0.038477   0.307080   0.671187   0.733602   0.489122   0.836733   0.448513   0.587875   0.041971   0.307747   0.669870   0.739078   0.496972   0.837389   0.456515   0.580330   0.038045   0.308329   0.668897   0.742645   0.502137   0.839338   0.461788   0.578227   0.036254   0.308731   0.668221   0.744460   0.504781   0.840454   0.464491   0.577207   0.036227   0.309584   0.667489   0.745731   0.506644   0.840471   0.466398   0.576466   0.035843   0.318304   0.664233   0.752292   0.516449   0.840027   0.476467   0.576885   0.031910   0.340826   0.657681   0.762657   0.532111   0.839120   0.492586   0.585395   0.025334   0.370955   0.650547   0.771887   0.546366   0.838684   0.507316   0.601433   0.023038   0.400725   0.644538   0.781361   0.561311   0.839086   0.522821   0.616601   0.026245   0.422588   0.640740   0.789689   0.574695   0.839170   0.536754   0.629422   0.031319   0.428886   0.640106   0.795209   0.583702   0.838864   0.546158   0.640693   0.036079   0.416280   0.642866   0.796970   0.586609   0.838298   0.549198   0.650938   0.038988   0.388451   0.648323   0.794329   0.582290   0.837376   0.544688   0.660662   0.038514   0.354161   0.655107   0.787531   0.571245   0.836653   0.533165   0.671899   0.034482   0.324741   0.662215   0.775218   0.551623   0.836632   0.512771   0.685607   0.029834   0.310718   0.667194   0.762331   0.531466   0.837031   0.491892   0.692462   0.029246   0.308480   0.668690   0.755892   0.521606   0.837637   0.481721   0.690285   0.030296   0.308537   0.668755   0.753280   0.517687   0.838173   0.477694   0.686713   0.029952   0.308636   0.668731   0.751205   0.514604   0.838388   0.474531   0.683147   0.029931   0.308756   0.668669   0.749482   0.512060   0.838522   0.471924   0.679528   0.030583   0.308869   0.668602   0.748037   0.509939   0.838527   0.469753   0.675647   0.031556   0.308950   0.668497   0.746943   0.508336   0.838553   0.468113   0.671703   0.032182   0.309046   0.668327   0.746256   0.507338   0.838919   0.467092   0.667995   0.032403 245177
 19   0.129905   0.667760   0.672506   0.410012   0.787415   0.369305   0.441428   0.048134   0.302485   0.674338   0.700929   0.445054   0.785853   0.404087   0.446615   0.048735   0.303239   0.673412   0.704940   0.450438   0.786471   0.409510   0.444308   0.042292   0.303766   0.672735   0.707372   0.453633   0.788302   0.412715   0.444616   0.038944   0.304208   0.672034   0.709044   0.455828   0.789361   0.414918   0.444741   0.037774   0.306165   0.670003   0.712879   0.460901   0.789386   0.420016   0.445001   0.036209   0.321028   0.662784   0.726156   0.479375   0.788884   0.438751   0.446937   0.030593   0.357085   0.651414   0.744061   0.505081   0.787976   0.464968   0.454446   0.025603   0.403997   0.640734   0.760001   0.528911   0.787543   0.489452   0.465469   0.028069   0.449186   0.632291   0.776082   0.553855   0.787753   0.515258   0.475022   0.035113   0.481299   0.627359   0.790243   0.576584   0.787614   0.538923   0.483846   0.043262   0.487755   0.627406   0.800215   0.593067   0.787143   0.556180   0.493242   0.050926   0.465280   0.632484   0.804327   0.600000   0.786453   0.563465   0.503677   0.056666   0.422591   0.641102   0.801621   0.595477   0.785520   0.558719   0.515089   0.058715   0.372849   0.651348   0.792244   0.579935   0.784825   0.542439   0.528675   0.055841   0.330749   0.661769   0.774429   0.551320   0.784841   0.512642   0.544962   0.046883   0.309294   0.669619   0.753559   0.518866   0.785314   0.479052   0.553596   0.040303   0.305009   0.672373   0.741880   0.501240   0.785976   0.460913   0.552310   0.038801   0.305299   0.672292   0.737974   0.495532   0.786539   0.455074   0.549649   0.036883   0.305565   0.672075   0.735155   0.491454   0.786796   0.450910   0.547066   0.035719   0.305816   0.671811   0.732789   0.488074   0.786993   0.447468   0.544893   0.035605   0.306016   0.671575   0.730619   0.485009   0.787037   0.444352   0.542849   0.035962   0.306127   0.671362   0.728799   0.482461   0.787071   0.441766   0.540801   0.035872   0.306187   0.671148   0.727339   0.480439   0.787431   0.439718   0.538805   0.035634 181087
 20   0.123322   0.666648   0.762574   0.531680   0.942835   0.492083   0.797261   0.020882   0.308654   0.672184   0.774701   0.550086   0.942139   0.511038   0.809303   0.016565   0.308911   0.671077   0.776951   0.553578   0.943010   0.514650   0.814820   0.017286   0.309213   0.670085   0.778787   0.556448   0.945173   0.517621   0.820643   0.018515   0.309457   0.669404   0.779377   0.557366   0.946419   0.518571   0.824509   0.019657   0.310315   0.668793   0.779460   0.557492   0.946588   0.518700   0.825950   0.020422   0.319408   0.666078   0.782455   0.562260   0.946192   0.523654   0.825359   0.020704   0.341820   0.659995   0.789807   0.574088   0.945265   0.535966   0.829876   0.020194   0.370118   0.652974   0.800034   0.590849   0.944521   0.553476   0.841022   0.020553   0.395750   0.647282   0.812058   0.611010   0.944847   0.574626   0.851296   0.022671   0.412167   0.643920   0.823135   0.630004   0.945130   0.594637   0.858122   0.024800   0.413731   0.643480   0.831296   0.644279   0.944874   0.609733   0.862127   0.026182   0.399763   0.645812   0.835923   0.652478   0.944244   0.618424   0.864317   0.026476   0.375018   0.650098   0.836743   0.653943   0.943154   0.619979   0.866451   0.025419   0.346070   0.655011   0.834170   0.649380   0.942463   0.615141   0.874467   0.022090   0.322587   0.660212   0.825804   0.634710   0.942352   0.599621   0.888560   0.020130   0.312669   0.663931   0.816100   0.617835   0.942470   0.581796   0.895074   0.022977   0.311413   0.665070   0.810967   0.609040   0.942963   0.572532   0.892558   0.026182   0.311237   0.665398   0.807776   0.603653   0.943565   0.566873   0.890061   0.027106   0.311070   0.665657   0.804896   0.598825   0.943833   0.561809   0.888093   0.027146   0.310907   0.665880   0.802197   0.594330   0.943739   0.557099   0.886420   0.026636   0.310768   0.666050   0.799809   0.590379   0.943683   0.552965   0.885021   0.025931   0.310685   0.666156   0.797795   0.587067   0.943934   0.549503   0.883546   0.025613   0.310654   0.666199   0.796104   0.584304   0.944488   0.546618   0.882037   0.025523 877471
 21   0.124506   0.667788   0.748926   0.511422   0.936154   0.471305   0.734639   0.021827   0.307728   0.674397   0.761423   0.529762   0.935447   0.490076   0.744207   0.019765   0.308067   0.673159   0.763722   0.533205   0.936364   0.493613   0.748541   0.020260   0.308393   0.672047   0.765680   0.536162   0.938491   0.496655   0.753604   0.020531   0.308651   0.671257   0.766400   0.537241   0.939691   0.497764   0.757481   0.020926   0.309780   0.670525   0.766617   0.537555   0.939781   0.498084   0.759501   0.021270   0.320370   0.667609   0.770020   0.542808   0.939392   0.503510   0.759980   0.021525   0.345616   0.661082   0.778130   0.555491   0.938518   0.516643   0.765533   0.020770   0.377323   0.653352   0.789709   0.573993   0.937782   0.535880   0.777527   0.021009   0.406860   0.646831   0.803768   0.597062   0.938050   0.559984   0.788568   0.023405   0.427252   0.642693   0.817050   0.619456   0.938213   0.583502   0.796021   0.025837   0.430901   0.641821   0.827099   0.636814   0.937884   0.601813   0.800840   0.027519   0.415841   0.644226   0.832937   0.647060   0.937220   0.612654   0.804092   0.028247   0.387544   0.648930   0.834270   0.649416   0.936151   0.615151   0.807502   0.027680   0.353761   0.654294   0.831783   0.645024   0.935497   0.610499   0.816380   0.024287   0.325482   0.660079   0.822504   0.628881   0.935445   0.593445   0.831031   0.021679   0.312764   0.664510   0.810920   0.608949   0.935629   0.572434   0.838664   0.024712   0.310901   0.665992   0.804528   0.598142   0.936154   0.561080   0.837324   0.028565   0.310676   0.666379   0.800820   0.591982   0.936758   0.554628   0.835485   0.029563   0.310480   0.666673   0.797560   0.586609   0.937054   0.549010   0.834172   0.029674   0.310314   0.666907   0.794563   0.581706   0.937023   0.543890   0.833235   0.029245   0.310182   0.667080   0.791926   0.577421   0.936965   0.539421   0.832305   0.028651   0.310099   0.667176   0.789730   0.573876   0.937177   0.535728   0.831165   0.028315   0.310054   0.667206   0.787870   0.570889   0.937686   0.532620   0.830212   0.027956 1095883
 22   0.122449   0.668145   0.756364   0.522617   0.938917   0.482815   0.719062   0.023023   0.306047   0.675105   0.768118   0.540116   0.938184   0.500775   0.730856   0.021691   0.306401   0.673886   0.770048   0.543045   0.939092   0.503791   0.736135   0.022321   0.306685   0.672817   0.771641   0.545481   0.941244   0.506304   0.741670   0.022948   0.306911   0.672055   0.772021   0.546051   0.942477   0.506889   0.745601   0.023735   0.311015   0.670803   0.773017   0.547577   0.942595   0.508463   0.746831   0.024459   0.333301   0.665775   0.779281   0.557428   0.942208   0.518676   0.749434   0.024392   0.380375   0.655839   0.792121   0.578077   0.941324   0.540172   0.760659   0.023964   0.439678   0.644712   0.810008   0.607863   0.940513   0.571383   0.776272   0.026400   0.496768   0.635484   0.830686   0.643664   0.940641   0.609173   0.788391   0.031528   0.536864   0.629809   0.849506   0.677503   0.940614   0.645148   0.796007   0.036265   0.542632   0.629270   0.863487   0.703466   0.940101   0.672919   0.800183   0.039543   0.509577   0.634059   0.871250   0.718177   0.939323   0.688714   0.802415   0.041577   0.452783   0.642100   0.872439   0.720415   0.938202   0.691113   0.805845   0.042205   0.390446   0.650222   0.868068   0.712001   0.937590   0.682053   0.817259   0.037891   0.339640   0.658002   0.854960   0.687405   0.937633   0.655694   0.834894   0.031827   0.315006   0.664109   0.838591   0.657339   0.937880   0.623603   0.842846   0.033322   0.310081   0.666473   0.828953   0.640118   0.938463   0.605319   0.840821   0.037325   0.309684   0.667071   0.823470   0.630548   0.939142   0.595203   0.839239   0.037525   0.309387   0.667519   0.818710   0.622338   0.939495   0.586545   0.838681   0.036608   0.309114   0.667869   0.814431   0.615029   0.939467   0.578850   0.838724   0.035150   0.308876   0.668122   0.810682   0.608677   0.939426   0.572174   0.838868   0.033594   0.308677   0.668301   0.807484   0.603304   0.939700   0.566534   0.838364   0.032757   0.308549   0.668395   0.804730   0.598710   0.940271   0.561720   0.837607   0.032207 439110
 23   0.121944   0.669860   0.744315   0.504780   0.939742   0.464527   0.660679   0.022275   0.302634   0.678435   0.754448   0.519533   0.939005   0.479608   0.670374   0.023436   0.303124   0.677068   0.755992   0.521833   0.939921   0.481967   0.673472   0.024694   0.303475   0.675941   0.757032   0.523390   0.941935   0.483568   0.676795   0.025244   0.303707   0.675150   0.756871   0.523138   0.943063   0.483307   0.678931   0.025718   0.312022   0.673029   0.758884   0.526130   0.943110   0.486376   0.678490   0.025875   0.351591   0.664748   0.768779   0.541300   0.942674   0.502031   0.682280   0.024560   0.434401   0.648947   0.789394   0.574225   0.941812   0.536268   0.697228   0.024067   0.540772   0.631388   0.819144   0.624420   0.940914   0.589008   0.713190   0.028450   0.642545   0.617058   0.851719   0.682771   0.940790   0.651015   0.721176   0.034783   0.709693   0.608930   0.879690   0.735760   0.940534   0.707925   0.721476   0.039440   0.712175   0.609697   0.899367   0.774758   0.939793   0.750165   0.715791   0.043204   0.648687   0.618708   0.909601   0.795599   0.938821   0.772856   0.709399   0.046713   0.547752   0.632129   0.910581   0.797548   0.937611   0.774969   0.708976   0.048581   0.441866   0.645314   0.903341   0.782590   0.936966   0.758641   0.722420   0.045940   0.358337   0.657183   0.883345   0.742567   0.936950   0.715212   0.747901   0.040610   0.315707   0.667132   0.856775   0.691266   0.937167   0.659924   0.760526   0.042311   0.305569   0.671685   0.839653   0.659614   0.937737   0.626093   0.758199   0.046733   0.304946   0.672559   0.830567   0.643468   0.938426   0.608966   0.757443   0.046384   0.304636   0.673135   0.822906   0.630098   0.938866   0.594831   0.758158   0.044819   0.304558   0.673387   0.816471   0.619044   0.938911   0.583179   0.759350   0.042634   0.304615   0.673344   0.811260   0.610208   0.938867   0.573888   0.760611   0.040621   0.304718   0.673135   0.807091   0.603221   0.939125   0.566557   0.761698   0.039034   0.304854   0.672853   0.803677   0.597551   0.939696   0.560617   0.762553   0.037511 195279
 24   0.124896   0.671155   0.714267   0.463204   0.917045   0.422414   0.522602   0.031593   0.301799   0.680844   0.730194   0.484924   0.916121   0.444359   0.528087   0.031910   0.302406   0.679385   0.732435   0.488112   0.916856   0.447605   0.525196   0.031439   0.302590   0.678458   0.733251   0.489252   0.918617   0.448761   0.524882   0.030164   0.302656   0.677760   0.733162   0.489141   0.919631   0.448650   0.525269   0.029687   0.307024   0.675595   0.736055   0.493285   0.919613   0.452875   0.525807   0.028638   0.334555   0.667750   0.748191   0.511183   0.919035   0.471221   0.531078   0.023849   0.397587   0.653017   0.769108   0.543090   0.918098   0.504129   0.546604   0.019897   0.482363   0.636170   0.796501   0.587047   0.917460   0.549898   0.565694   0.023313   0.571861   0.621371   0.827683   0.640061   0.917516   0.605696   0.578360   0.031574   0.645378   0.611264   0.855704   0.690434   0.917275   0.659270   0.585086   0.040971   0.670592   0.609112   0.876040   0.728717   0.916561   0.700340   0.589743   0.049372   0.633368   0.615643   0.886996   0.749974   0.915564   0.723274   0.594464   0.055658   0.551520   0.628039   0.888415   0.752728   0.914345   0.726245   0.601636   0.058636   0.452606   0.642372   0.881216   0.738553   0.913529   0.710910   0.615290   0.056341   0.365037   0.656245   0.861584   0.701043   0.913445   0.670560   0.638905   0.047460   0.315579   0.668985   0.830911   0.644940   0.913811   0.610703   0.652058   0.044083   0.303191   0.675188   0.809729   0.607685   0.914521   0.571252   0.648433   0.046241   0.303324   0.675350   0.801886   0.594540   0.915263   0.557460   0.644733   0.044605   0.303681   0.675189   0.796051   0.584906   0.915730   0.547381   0.642824   0.042498   0.304185   0.674772   0.791547   0.577539   0.915954   0.539686   0.642081   0.040614   0.304578   0.674356   0.787664   0.571243   0.916011   0.533121   0.641801   0.039474   0.304760   0.674073   0.784050   0.565447   0.916212   0.527090   0.641467   0.038991   0.304804   0.673904   0.780644   0.560058   0.916721   0.521495   0.641068   0.038528 193001
