timestamp=                2022-01-12T19:50:17.174008
shape=                    (5, 5)
sigma=                    2.5
nepochs=                  5
rate=                     0.00725
neighborhood function=    gaussian
init weights=             pca
topology=                 hexagonal
activation distance=      euclidean
output type=              labels
mapfile_prefix=           2021_5x5_5_00725_09
apply classification=     False
apply activation=         False
seed=                     None
random order=             True
custom init file=         None
decay_function=           3

quantization error=       0.33931795
topographic error=        0.09554271

############ NEURONS #############
 25 192
  0   0.136539   0.685971   0.579713   0.320657   0.601106   0.283164   0.440865   0.036580   0.303529   0.692442   0.595226   0.335755   0.599687   0.297593   0.443463   0.039882   0.303911   0.691899   0.595870   0.336402   0.600552   0.298215   0.441874   0.037947   0.304196   0.691324   0.596169   0.336705   0.602900   0.298507   0.441894   0.037695   0.304338   0.690955   0.595592   0.336097   0.604284   0.297917   0.441391   0.037719   0.306239   0.689194   0.596390   0.336923   0.604285   0.298716   0.440908   0.037852   0.323616   0.681732   0.602299   0.343243   0.603526   0.304857   0.443196   0.036581   0.364258   0.669392   0.609748   0.351329   0.602200   0.312734   0.451420   0.037431   0.414182   0.657832   0.616417   0.358705   0.601668   0.319945   0.464027   0.044160   0.456955   0.650164   0.623240   0.366344   0.602056   0.327429   0.476774   0.053493   0.480355   0.647759   0.628209   0.371966   0.602220   0.332947   0.487842   0.062117   0.477794   0.650831   0.630612   0.374709   0.602188   0.335644   0.495953   0.067790   0.452341   0.658082   0.629813   0.373789   0.601779   0.334739   0.500415   0.068784   0.413664   0.667384   0.626021   0.369450   0.600922   0.330471   0.501013   0.064338   0.370899   0.677311   0.620390   0.363077   0.600198   0.324215   0.498315   0.056109   0.333106   0.686647   0.613809   0.355731   0.600181   0.317022   0.493675   0.047353   0.310832   0.693069   0.607198   0.348444   0.600610   0.309903   0.487506   0.042522   0.304571   0.695036   0.603478   0.344388   0.601258   0.305949   0.480593   0.041752   0.304255   0.694678   0.602387   0.343228   0.601679   0.304823   0.474508   0.041765   0.304089   0.694277   0.601266   0.342041   0.601610   0.303672   0.469489   0.042208   0.303949   0.693933   0.600099   0.340814   0.601534   0.302483   0.465089   0.042840   0.303836   0.693637   0.598875   0.339530   0.601357   0.301240   0.460851   0.043288   0.303728   0.693345   0.597746   0.338350   0.601267   0.300098   0.456749   0.043414   0.303568   0.693110   0.596743   0.337313   0.601658   0.299096   0.453059   0.043342 
  1   0.141259   0.687008   0.533080   0.275556   0.508556   0.240091   0.377599   0.037323   0.301886   0.694503   0.546482   0.287218   0.506629   0.251019   0.377379   0.039521   0.302191   0.694033   0.546542   0.287257   0.507447   0.251054   0.376540   0.038388   0.302295   0.693620   0.546081   0.286828   0.509669   0.250646   0.376446   0.038674   0.302322   0.693351   0.544988   0.285807   0.510969   0.249677   0.375813   0.039155   0.305399   0.690358   0.546852   0.287549   0.510940   0.251330   0.375887   0.039570   0.328683   0.679070   0.554796   0.295188   0.510166   0.258616   0.379315   0.038728   0.380257   0.661685   0.563500   0.303749   0.508841   0.266812   0.388173   0.042095   0.440893   0.646264   0.570990   0.311275   0.508303   0.274047   0.400757   0.052766   0.489176   0.637070   0.578190   0.318594   0.508669   0.281096   0.413492   0.064937   0.512094   0.635517   0.583143   0.323688   0.508824   0.286013   0.424670   0.075346   0.504260   0.641320   0.585078   0.325689   0.508809   0.287946   0.433079   0.081830   0.470640   0.652311   0.583449   0.323972   0.508441   0.286282   0.437651   0.082411   0.424938   0.665151   0.578856   0.319195   0.507657   0.281662   0.438053   0.076317   0.377535   0.677866   0.572585   0.312757   0.506989   0.275451   0.435035   0.065572   0.336272   0.689344   0.565560   0.305669   0.506981   0.268634   0.429744   0.053882   0.311138   0.697177   0.558776   0.298944   0.507404   0.262186   0.422791   0.045773   0.303185   0.699656   0.554821   0.295079   0.508031   0.258489   0.415393   0.042953   0.302398   0.699289   0.553254   0.293587   0.508423   0.257069   0.408961   0.042418   0.301890   0.698860   0.551720   0.292143   0.508331   0.255697   0.403449   0.042740   0.301441   0.698482   0.550147   0.290672   0.508241   0.254301   0.398475   0.043556   0.301052   0.698188   0.548409   0.289046   0.508068   0.252758   0.393798   0.043986   0.300767   0.697866   0.546799   0.287545   0.507981   0.251335   0.389474   0.044035   0.300496   0.697564   0.545393   0.286251   0.508344   0.250110   0.385505   0.044237 
  2   0.152908   0.686896   0.435372   0.195095   0.321244   0.165342   0.281365   0.041693   0.301472   0.694095   0.431478   0.191726   0.320534   0.162196   0.275638   0.049844   0.301711   0.693373   0.431813   0.191948   0.321245   0.162395   0.276604   0.051639   0.301759   0.692775   0.432214   0.192243   0.323234   0.162663   0.277059   0.054605   0.301823   0.692343   0.431884   0.192010   0.324408   0.162453   0.277033   0.057637   0.305695   0.688761   0.433703   0.193327   0.324370   0.163649   0.277492   0.059963   0.330755   0.674551   0.440678   0.198506   0.323663   0.168372   0.280272   0.062128   0.384124   0.652191   0.449799   0.205449   0.322460   0.174731   0.286177   0.069763   0.444761   0.632756   0.459325   0.212853   0.321964   0.181537   0.294160   0.082514   0.491598   0.622029   0.468364   0.219966   0.322323   0.188090   0.302684   0.093884   0.512906   0.621615   0.474870   0.225158   0.322515   0.192884   0.310411   0.103676   0.505922   0.630044   0.478215   0.227871   0.322547   0.195397   0.316005   0.110845   0.477190   0.643684   0.477952   0.227667   0.322229   0.195209   0.318718   0.112899   0.435537   0.659326   0.474156   0.224578   0.321522   0.192347   0.318459   0.108034   0.387400   0.675681   0.467801   0.219447   0.320933   0.187600   0.315793   0.097937   0.341635   0.691344   0.459760   0.213070   0.320949   0.181717   0.311450   0.085984   0.311461   0.702521   0.451133   0.206369   0.321345   0.175558   0.305772   0.075648   0.300959   0.706234   0.445181   0.201836   0.321929   0.171406   0.299961   0.070529   0.299755   0.705641   0.442120   0.199557   0.322308   0.169327   0.295153   0.069430   0.299187   0.704766   0.439626   0.197718   0.322224   0.167651   0.291183   0.071093   0.298830   0.703849   0.437362   0.196062   0.322112   0.166145   0.287775   0.073369   0.298463   0.703058   0.435086   0.194410   0.321919   0.164645   0.284639   0.073285   0.298060   0.702379   0.432971   0.192888   0.321820   0.163263   0.281671   0.072382   0.297580   0.701862   0.431022   0.191500   0.322127   0.162007   0.278918   0.072744 
  3   0.157631   0.689517   0.378817   0.156572   0.228673   0.130703   0.233112   0.047663   0.297715   0.698834   0.363360   0.146336   0.227773   0.121543   0.223799   0.058612   0.298223   0.697616   0.364339   0.146918   0.228446   0.122054   0.225014   0.062565   0.298201   0.697021   0.364435   0.146987   0.230332   0.122116   0.225630   0.067389   0.298205   0.696539   0.363768   0.146586   0.231431   0.121763   0.225774   0.072159   0.304634   0.690027   0.366529   0.148270   0.231379   0.123250   0.226713   0.076523   0.338735   0.667250   0.375694   0.154053   0.230696   0.128381   0.229350   0.083435   0.405919   0.634090   0.387352   0.161650   0.229551   0.135159   0.233706   0.097282   0.481638   0.605677   0.399238   0.169604   0.229116   0.142288   0.239679   0.112251   0.543413   0.588843   0.410445   0.177281   0.229507   0.149196   0.246198   0.121624   0.576709   0.586898   0.418902   0.183197   0.229713   0.154538   0.252621   0.129473   0.573510   0.599243   0.423283   0.186317   0.229769   0.157364   0.257983   0.136170   0.536533   0.621303   0.422973   0.186095   0.229489   0.157164   0.261153   0.137922   0.479275   0.647092   0.418534   0.182918   0.228817   0.154284   0.261692   0.131965   0.414225   0.673577   0.411323   0.177821   0.228237   0.149673   0.259990   0.121646   0.352839   0.698456   0.401781   0.171212   0.228225   0.143716   0.256766   0.110642   0.311264   0.715748   0.390899   0.163867   0.228576   0.137123   0.252258   0.098977   0.295993   0.721102   0.382886   0.158595   0.229107   0.132412   0.247257   0.091161   0.294207   0.719574   0.378428   0.155749   0.229441   0.129881   0.242748   0.088702   0.293517   0.717783   0.374701   0.153398   0.229343   0.127795   0.239029   0.091028   0.293321   0.715865   0.371270   0.151254   0.229231   0.125896   0.236080   0.094045   0.293064   0.714141   0.367982   0.149223   0.229043   0.124100   0.233311   0.092981   0.292572   0.712834   0.364984   0.147393   0.228930   0.122485   0.230449   0.091075   0.291945   0.711851   0.362327   0.145792   0.229205   0.121075   0.227812   0.091456 
  4   0.157550   0.696216   0.348200   0.138331   0.189711   0.114659   0.205560   0.093432   0.285743   0.711934   0.321057   0.121953   0.188923   0.100223   0.193099   0.131117   0.285352   0.710222   0.321911   0.122415   0.189558   0.100623   0.193563   0.143802   0.284311   0.709152   0.322112   0.122533   0.191306   0.100727   0.193638   0.158170   0.283884   0.707924   0.321623   0.122257   0.192282   0.100486   0.193742   0.171282   0.297612   0.696172   0.326971   0.125223   0.192198   0.103063   0.195407   0.182231   0.355624   0.661657   0.340877   0.133274   0.191507   0.110109   0.198368   0.197098   0.458813   0.614591   0.356941   0.143033   0.190373   0.118718   0.201283   0.217915   0.571316   0.572934   0.372536   0.152849   0.190026   0.127428   0.204850   0.231453   0.665881   0.543965   0.386794   0.162107   0.190494   0.135688   0.208587   0.231569   0.724693   0.533404   0.398104   0.169674   0.190760   0.142473   0.212280   0.230399   0.732466   0.544962   0.404949   0.174379   0.190851   0.146710   0.216091   0.232928   0.687222   0.575047   0.406219   0.175282   0.190592   0.147530   0.219397   0.234183   0.602657   0.615357   0.401762   0.172219   0.189947   0.144771   0.221282   0.227562   0.497416   0.660636   0.392620   0.166011   0.189350   0.139190   0.221192   0.218990   0.392420   0.705467   0.378848   0.156905   0.189239   0.131041   0.219382   0.216176   0.312114   0.739675   0.361376   0.145739   0.189475   0.121107   0.215990   0.209942   0.278346   0.751425   0.347797   0.137343   0.189924   0.113678   0.211459   0.202704   0.275335   0.747289   0.340625   0.133080   0.190201   0.109931   0.207045   0.201376   0.274958   0.742211   0.335265   0.129962   0.190071   0.107200   0.203599   0.206651   0.275338   0.737311   0.330744   0.127367   0.189964   0.104933   0.201071   0.212257   0.275721   0.733090   0.326702   0.125086   0.189811   0.102946   0.198728   0.209493   0.275553   0.729880   0.323099   0.123078   0.189713   0.101199   0.196274   0.204664   0.275197   0.727164   0.320234   0.121490   0.189976   0.099820   0.194069   0.204446 
  5   0.126556   0.687356   0.665808   0.416726   0.937257   0.377292   0.571441   0.032971   0.303647   0.695222   0.671836   0.423844   0.935828   0.384333   0.570833   0.030393   0.303849   0.694663   0.671953   0.423842   0.936577   0.384305   0.567593   0.030289   0.303997   0.694082   0.672257   0.424117   0.938990   0.384561   0.565042   0.030389   0.304105   0.693784   0.671252   0.422800   0.940310   0.383234   0.561222   0.030715   0.304785   0.693598   0.669483   0.420550   0.940355   0.380978   0.555655   0.031533   0.314995   0.691443   0.670088   0.421256   0.939873   0.381675   0.549044   0.034288   0.340725   0.686094   0.674752   0.427061   0.938875   0.387470   0.544930   0.038531   0.373630   0.679600   0.683279   0.437905   0.938460   0.398340   0.545054   0.043294   0.404751   0.673860   0.695064   0.453299   0.939303   0.413845   0.546400   0.048663   0.424091   0.670384   0.706363   0.468463   0.939863   0.429196   0.546649   0.052463   0.426312   0.669786   0.714657   0.479930   0.939843   0.440867   0.546013   0.054078   0.412285   0.671770   0.719285   0.486518   0.939435   0.447608   0.545350   0.053234   0.386291   0.675715   0.719816   0.487428   0.938367   0.448567   0.545242   0.049522   0.354578   0.680378   0.717256   0.484018   0.937670   0.445118   0.548214   0.041331   0.323646   0.685517   0.709490   0.473378   0.937709   0.434303   0.555241   0.030853   0.306855   0.690239   0.697766   0.457426   0.937994   0.418111   0.558646   0.028475   0.303946   0.692272   0.689945   0.446983   0.938647   0.407547   0.556967   0.031191   0.303813   0.692403   0.686156   0.442046   0.939383   0.402577   0.555713   0.031306   0.303627   0.692547   0.682550   0.437371   0.939673   0.397874   0.554914   0.030849   0.303443   0.692694   0.679107   0.432951   0.939557   0.393436   0.553815   0.031242   0.303343   0.692736   0.676124   0.429148   0.939392   0.389621   0.552379   0.032249   0.303307   0.692659   0.673671   0.426030   0.939535   0.386496   0.551373   0.032460   0.303250   0.692571   0.671614   0.423452   0.940118   0.383918   0.550623   0.032080 
  6   0.131898   0.685966   0.614816   0.357639   0.684701   0.319020   0.492791   0.035252   0.303665   0.692368   0.634127   0.378455   0.682582   0.339279   0.498622   0.038559   0.304091   0.691700   0.635822   0.380358   0.683461   0.341145   0.495999   0.036336   0.304439   0.691001   0.637172   0.381886   0.685897   0.342645   0.495554   0.035086   0.304646   0.690525   0.637427   0.382169   0.687325   0.342922   0.494653   0.034652   0.306330   0.689011   0.638506   0.383407   0.687336   0.344140   0.493616   0.034225   0.322373   0.682655   0.644917   0.390968   0.686584   0.351617   0.495092   0.031777   0.360934   0.671947   0.653432   0.401129   0.685251   0.361685   0.503205   0.031227   0.410477   0.661536   0.661243   0.410632   0.684718   0.371135   0.516205   0.036934   0.455961   0.654074   0.669589   0.420971   0.685102   0.381451   0.528859   0.045838   0.484563   0.650799   0.676395   0.429552   0.685225   0.390040   0.539778   0.054241   0.486301   0.652412   0.680484   0.434783   0.685133   0.395291   0.548181   0.060034   0.461436   0.658413   0.680719   0.435111   0.684661   0.395625   0.553594   0.061614   0.420473   0.666792   0.677100   0.430502   0.683733   0.391003   0.555776   0.057694   0.374455   0.675964   0.670992   0.422772   0.682953   0.383260   0.555146   0.049621   0.334017   0.684632   0.663322   0.413183   0.682926   0.373676   0.553264   0.040508   0.310762   0.690885   0.654664   0.402514   0.683370   0.363042   0.549157   0.036076   0.304687   0.693056   0.649354   0.396050   0.684043   0.356614   0.542536   0.036335   0.304530   0.692854   0.647732   0.394122   0.684490   0.354705   0.536084   0.036693   0.304479   0.692582   0.646253   0.392373   0.684450   0.352975   0.530807   0.036862   0.304476   0.692310   0.644846   0.390720   0.684400   0.351341   0.526290   0.037088   0.304476   0.692081   0.643378   0.389009   0.684232   0.349653   0.521857   0.037166   0.304423   0.691876   0.642036   0.387456   0.684147   0.348123   0.517611   0.036939   0.304323   0.691697   0.640944   0.386202   0.684561   0.346888   0.513799   0.036732 
  7   0.147499   0.687417   0.482663   0.231865   0.409350   0.199152   0.324473   0.038035   0.301782   0.695150   0.489060   0.236422   0.408367   0.203272   0.322507   0.042081   0.302035   0.694542   0.489034   0.236367   0.409118   0.203216   0.322601   0.042481   0.302019   0.694119   0.488983   0.236322   0.411215   0.203174   0.322432   0.043807   0.302020   0.693784   0.488344   0.235799   0.412450   0.202689   0.321776   0.045448   0.305582   0.690332   0.490373   0.237458   0.412409   0.204227   0.322080   0.046507   0.330308   0.676824   0.498135   0.244002   0.411653   0.210327   0.325200   0.047114   0.384107   0.655528   0.507559   0.252157   0.410378   0.217962   0.332068   0.052880   0.446922   0.636511   0.516944   0.260456   0.409858   0.225762   0.341763   0.065189   0.495995   0.625419   0.525972   0.268567   0.410202   0.233407   0.351998   0.077925   0.517345   0.624302   0.532493   0.274542   0.410345   0.239058   0.361062   0.088597   0.507934   0.632295   0.535722   0.277564   0.410330   0.241927   0.367795   0.096105   0.475522   0.645896   0.534997   0.276909   0.409983   0.241309   0.371526   0.098612   0.431451   0.661424   0.530602   0.272830   0.409247   0.237443   0.371862   0.094090   0.383165   0.677089   0.523784   0.266561   0.408619   0.231510   0.369252   0.083593   0.339350   0.691306   0.515768   0.259318   0.408630   0.224677   0.364590   0.070640   0.311508   0.701036   0.507637   0.252124   0.409062   0.217915   0.358379   0.059771   0.302062   0.704146   0.502240   0.247436   0.409687   0.213523   0.351835   0.054575   0.301009   0.703628   0.499532   0.245144   0.410075   0.211385   0.346168   0.053113   0.300321   0.703045   0.497171   0.243168   0.409984   0.209546   0.341273   0.053521   0.299776   0.702472   0.494995   0.241360   0.409894   0.207864   0.336917   0.054775   0.299384   0.701897   0.492839   0.239573   0.409725   0.206203   0.333077   0.055044   0.299095   0.701347   0.490724   0.237835   0.409633   0.204591   0.329554   0.054747   0.298752   0.700895   0.488840   0.236305   0.409964   0.203174   0.326208   0.054937 
  8   0.149464   0.695668   0.418906   0.183880   0.327831   0.155258   0.254841   0.059848   0.289125   0.711061   0.422300   0.185818   0.326920   0.156940   0.248119   0.065731   0.288935   0.709667   0.423723   0.186837   0.327611   0.157863   0.246536   0.067386   0.288036   0.708878   0.424372   0.187346   0.329503   0.158331   0.244538   0.072765   0.287226   0.708181   0.423855   0.187033   0.330553   0.158056   0.242490   0.079293   0.298776   0.696246   0.432419   0.193073   0.330440   0.163520   0.244444   0.084092   0.354617   0.661806   0.453373   0.208574   0.329673   0.177657   0.249878   0.092314   0.458825   0.617825   0.475110   0.225732   0.328398   0.193475   0.254578   0.113903   0.574817   0.581052   0.494806   0.242064   0.327891   0.208662   0.259404   0.137433   0.673521   0.556290   0.512376   0.257157   0.328179   0.222782   0.264804   0.149280   0.735886   0.547381   0.525741   0.269027   0.328251   0.233951   0.271100   0.156090   0.742508   0.558498   0.533181   0.275861   0.328182   0.240419   0.278316   0.162193   0.690522   0.586925   0.533206   0.276007   0.327805   0.240578   0.285229   0.165129   0.599197   0.624117   0.526254   0.269743   0.327094   0.234669   0.290201   0.160757   0.491017   0.663622   0.514341   0.259069   0.326500   0.224609   0.292109   0.150608   0.387811   0.700073   0.498559   0.245291   0.326488   0.211682   0.290674   0.136086   0.310971   0.729199   0.477190   0.227469   0.326895   0.195093   0.285887   0.113872   0.279005   0.741538   0.458985   0.212890   0.327504   0.181616   0.278020   0.098587   0.276441   0.739674   0.449851   0.205911   0.327871   0.175218   0.270157   0.095721   0.276014   0.736420   0.443825   0.201395   0.327782   0.171091   0.264245   0.097243   0.275984   0.733202   0.438926   0.197783   0.327709   0.167799   0.259436   0.100373   0.276279   0.730234   0.434273   0.194410   0.327576   0.164734   0.255216   0.100169   0.276575   0.727701   0.429912   0.191298   0.327501   0.161914   0.251243   0.098617   0.276662   0.725490   0.426203   0.188685   0.327822   0.159552   0.247641   0.098975 
  9   0.149375   0.690840   0.421411   0.186258   0.292009   0.157505   0.250156   0.155047   0.281631   0.700863   0.405023   0.174753   0.294081   0.147104   0.237352   0.246277   0.280944   0.698324   0.407302   0.176365   0.294608   0.148564   0.236694   0.274139   0.279500   0.696405   0.409057   0.177620   0.296333   0.149703   0.236577   0.299878   0.278452   0.694917   0.409595   0.178030   0.297210   0.150079   0.236595   0.322015   0.291650   0.688993   0.412341   0.179918   0.297019   0.151781   0.237058   0.338571   0.351662   0.667857   0.422773   0.187311   0.296251   0.158478   0.239848   0.339659   0.458246   0.635068   0.438682   0.199038   0.295036   0.169174   0.243939   0.340286   0.571330   0.604579   0.455270   0.211752   0.294697   0.180849   0.247969   0.346400   0.663348   0.582323   0.470220   0.223585   0.295191   0.191775   0.252153   0.340864   0.720153   0.571912   0.481341   0.232657   0.295467   0.200196   0.256161   0.332805   0.731604   0.576296   0.487449   0.237757   0.295563   0.204950   0.259928   0.328567   0.696216   0.594438   0.487929   0.238187   0.295329   0.205355   0.262797   0.326177   0.621766   0.622117   0.482812   0.233912   0.294714   0.201371   0.264165   0.320058   0.520591   0.656569   0.472818   0.225688   0.294066   0.193726   0.263373   0.316556   0.410549   0.693815   0.458048   0.213892   0.293846   0.182816   0.260215   0.325302   0.315260   0.726534   0.439035   0.199220   0.294010   0.169327   0.255249   0.340287   0.270190   0.739652   0.425245   0.188908   0.294439   0.159900   0.249929   0.355740   0.265892   0.735539   0.419945   0.185142   0.294690   0.156487   0.245715   0.367944   0.265366   0.730108   0.416456   0.182711   0.294523   0.154291   0.242650   0.380262   0.265259   0.725224   0.413473   0.180660   0.294445   0.152444   0.240345   0.390723   0.265440   0.721003   0.410808   0.178842   0.294364   0.150807   0.238183   0.390878   0.265340   0.717521   0.408507   0.177282   0.294319   0.149404   0.235881   0.386391   0.264931   0.714461   0.406784   0.176119   0.294641   0.148360   0.233866   0.384929 
 10   0.127801   0.685560   0.651086   0.398880   0.760978   0.359550   0.556644   0.033279   0.304742   0.691527   0.669456   0.420374   0.759223   0.380776   0.564453   0.035982   0.305224   0.690788   0.671744   0.423202   0.760154   0.383597   0.561434   0.033501   0.305650   0.690030   0.673524   0.425420   0.762707   0.385811   0.561010   0.032512   0.305929   0.689516   0.673937   0.425934   0.764233   0.386325   0.560269   0.032357   0.306813   0.688754   0.673960   0.425955   0.764291   0.386345   0.559100   0.031863   0.317526   0.684828   0.678118   0.431251   0.763545   0.391654   0.558838   0.029335   0.345596   0.677249   0.684924   0.439948   0.762195   0.400380   0.564944   0.027256   0.383022   0.669407   0.691458   0.448373   0.761642   0.408847   0.577263   0.030306   0.418740   0.663298   0.698892   0.458096   0.762059   0.418642   0.589292   0.036700   0.444135   0.659716   0.705835   0.467315   0.762211   0.427957   0.599162   0.043026   0.450026   0.659535   0.710996   0.474255   0.762126   0.434984   0.606567   0.047425   0.433866   0.662896   0.712917   0.476864   0.761615   0.437631   0.611322   0.048579   0.402539   0.668710   0.711137   0.474462   0.760597   0.435197   0.613318   0.045677   0.364526   0.675789   0.706621   0.468365   0.759768   0.429019   0.613409   0.039225   0.329623   0.682933   0.699672   0.459048   0.759742   0.419589   0.613916   0.031872   0.310100   0.688280   0.690986   0.447543   0.760195   0.407972   0.612092   0.029285   0.305670   0.690184   0.685679   0.440598   0.760899   0.400974   0.606337   0.030418   0.305635   0.690099   0.684120   0.438605   0.761383   0.398975   0.600308   0.030599   0.305653   0.689944   0.682712   0.436819   0.761358   0.397186   0.595194   0.030481   0.305731   0.689758   0.681352   0.435105   0.761294   0.395470   0.590780   0.030772   0.305793   0.689626   0.679879   0.433258   0.761095   0.393623   0.586482   0.031211   0.305796   0.689521   0.678549   0.431596   0.761006   0.391963   0.582458   0.031389   0.305818   0.689353   0.677604   0.430427   0.761441   0.390797   0.579021   0.031496 
 11   0.121431   0.687637   0.704419   0.465557   0.921714   0.426203   0.622832   0.029488   0.302375   0.695554   0.712201   0.475746   0.920357   0.436471   0.625854   0.030938   0.302708   0.694701   0.713124   0.476989   0.921341   0.437730   0.622927   0.030981   0.302985   0.693908   0.714119   0.478347   0.923787   0.439110   0.621275   0.031179   0.303241   0.693275   0.714154   0.478404   0.925198   0.439170   0.619374   0.031481   0.305445   0.691621   0.715663   0.480428   0.925358   0.441218   0.618106   0.030665   0.323688   0.685245   0.724515   0.492630   0.924782   0.453632   0.618638   0.027525   0.367163   0.673791   0.739749   0.514123   0.923480   0.475589   0.625764   0.025026   0.425239   0.661356   0.758356   0.541309   0.922737   0.503543   0.638294   0.028082   0.482918   0.650918   0.779570   0.573535   0.922883   0.536919   0.648073   0.034389   0.524384   0.644248   0.799521   0.605014   0.922909   0.569752   0.653854   0.040043   0.537059   0.642652   0.815237   0.630642   0.922582   0.596646   0.657343   0.044027   0.515586   0.646714   0.825065   0.647060   0.921721   0.613952   0.659541   0.046264   0.465886   0.655261   0.828106   0.652211   0.920439   0.619397   0.661888   0.046040   0.402621   0.665812   0.824587   0.646245   0.919597   0.613092   0.667054   0.042283   0.344348   0.676643   0.811451   0.624384   0.919523   0.590063   0.677420   0.035690   0.311624   0.686678   0.789542   0.588952   0.919864   0.552939   0.681624   0.034514   0.303775   0.691647   0.773359   0.563507   0.920592   0.526418   0.676848   0.037830   0.303465   0.692090   0.765982   0.552311   0.921255   0.514824   0.672898   0.038409   0.303336   0.692353   0.759708   0.542918   0.921475   0.505124   0.669840   0.037917   0.303304   0.692490   0.754129   0.534660   0.921403   0.496613   0.667255   0.037269   0.303292   0.692561   0.749194   0.527432   0.921222   0.489179   0.664564   0.036653   0.303227   0.692644   0.744863   0.521164   0.921315   0.482745   0.661472   0.036053   0.303141   0.692675   0.741166   0.515875   0.921868   0.477328   0.658576   0.035462 
 12   0.126820   0.687259   0.643485   0.390775   0.769837   0.351684   0.518198   0.045085   0.301061   0.694523   0.671402   0.423455   0.767526   0.383972   0.520230   0.047456   0.301476   0.693319   0.677856   0.431584   0.768353   0.392107   0.512325   0.042952   0.301834   0.692479   0.682183   0.437068   0.770829   0.397602   0.508198   0.041074   0.302049   0.691885   0.684396   0.439874   0.772286   0.400413   0.504698   0.040859   0.306018   0.688644   0.690038   0.447059   0.772381   0.407620   0.502746   0.039532   0.333088   0.678800   0.705512   0.467462   0.771731   0.428213   0.508098   0.033249   0.392440   0.664781   0.723476   0.491838   0.770463   0.452945   0.523348   0.028867   0.467885   0.651557   0.739721   0.514690   0.769883   0.476284   0.539931   0.033840   0.543369   0.641070   0.756787   0.539485   0.770085   0.501759   0.552044   0.043246   0.600784   0.634883   0.771796   0.561993   0.769963   0.525019   0.562101   0.053108   0.614301   0.635542   0.782052   0.577778   0.769598   0.541409   0.571663   0.061906   0.576685   0.643143   0.785311   0.582906   0.768841   0.546756   0.581058   0.067558   0.507949   0.654534   0.781374   0.576830   0.767672   0.540443   0.589936   0.067661   0.428322   0.667109   0.771733   0.562003   0.766816   0.525049   0.598662   0.061675   0.355900   0.678869   0.756644   0.539227   0.766840   0.501484   0.608738   0.048532   0.313429   0.688861   0.735529   0.508434   0.767329   0.469827   0.611354   0.039919   0.302459   0.693662   0.720696   0.487377   0.768058   0.448287   0.603678   0.039610   0.302325   0.693860   0.715860   0.480763   0.768623   0.441569   0.595511   0.038402   0.302379   0.693776   0.712092   0.475656   0.768762   0.436390   0.589418   0.037163   0.302483   0.693613   0.708735   0.471147   0.768807   0.431824   0.584372   0.036679   0.302395   0.693586   0.705401   0.466705   0.768638   0.427333   0.579252   0.036410   0.302100   0.693708   0.702274   0.462581   0.768579   0.423172   0.573732   0.036150   0.301909   0.693692   0.699850   0.459421   0.769081   0.419990   0.568516   0.036044 
 13   0.132191   0.696461   0.567815   0.310031   0.613248   0.273168   0.393876   0.054280   0.291692   0.712670   0.601600   0.343356   0.609250   0.305113   0.396870   0.052586   0.291988   0.710647   0.604674   0.346617   0.609878   0.308279   0.388234   0.050856   0.292238   0.709067   0.606160   0.348243   0.612051   0.309866   0.383025   0.051388   0.292047   0.708288   0.605549   0.347632   0.613246   0.309279   0.378959   0.052850   0.299907   0.700270   0.611655   0.354150   0.613109   0.315612   0.378332   0.053281   0.346594   0.674126   0.631175   0.375921   0.612209   0.336938   0.383903   0.053869   0.442016   0.637509   0.653879   0.402596   0.610717   0.363311   0.393129   0.065595   0.554762   0.606407   0.674727   0.428529   0.610099   0.389219   0.402384   0.088583   0.652475   0.588271   0.693781   0.453190   0.610278   0.414037   0.411332   0.111154   0.711765   0.584969   0.707047   0.470964   0.610162   0.432037   0.421843   0.130160   0.715013   0.595767   0.713271   0.479540   0.609946   0.440767   0.433673   0.143536   0.660497   0.617940   0.711252   0.476971   0.609530   0.438191   0.445406   0.148559   0.568480   0.646334   0.700945   0.463317   0.608825   0.424390   0.455436   0.143335   0.464537   0.675684   0.685143   0.442679   0.608199   0.403582   0.462085   0.127339   0.373341   0.700706   0.667697   0.420369   0.608240   0.381175   0.464467   0.102751   0.312998   0.718752   0.648596   0.396750   0.608792   0.357600   0.460724   0.077384   0.290651   0.725258   0.634250   0.379534   0.609528   0.340510   0.451518   0.063296   0.289302   0.723327   0.627590   0.371865   0.609917   0.332954   0.441746   0.058999   0.288547   0.721469   0.622670   0.366333   0.609790   0.327528   0.433147   0.057140   0.287745   0.719953   0.618805   0.362053   0.609749   0.323341   0.424893   0.057209   0.287303   0.718520   0.615255   0.358171   0.609643   0.319553   0.417004   0.057895   0.287139   0.717227   0.611647   0.354266   0.609571   0.315748   0.409506   0.058361   0.287074   0.716049   0.608374   0.350760   0.609970   0.312339   0.402602   0.058767 
 14   0.143350   0.697506   0.481152   0.231531   0.437287   0.198981   0.305483   0.054912   0.291249   0.714747   0.504841   0.250338   0.436332   0.216343   0.306813   0.056102   0.290945   0.713102   0.506679   0.251917   0.436959   0.217820   0.301821   0.056564   0.290398   0.712035   0.507736   0.252863   0.438934   0.218711   0.298013   0.059231   0.289898   0.711395   0.507223   0.252451   0.440016   0.218330   0.294601   0.062779   0.300092   0.700240   0.513575   0.257898   0.439867   0.223424   0.294367   0.065618   0.352242   0.663745   0.532487   0.274897   0.439016   0.239454   0.298030   0.070408   0.453669   0.612241   0.554958   0.296204   0.437595   0.259732   0.302595   0.086857   0.570328   0.566901   0.576894   0.318052   0.436970   0.280708   0.307238   0.110162   0.671203   0.537855   0.597439   0.339382   0.437132   0.301338   0.312660   0.129070   0.733809   0.530688   0.613244   0.356480   0.437034   0.317997   0.319927   0.144979   0.738975   0.547214   0.622118   0.366439   0.436833   0.327764   0.329098   0.158779   0.686040   0.582602   0.622272   0.366788   0.436399   0.328137   0.338726   0.167526   0.593790   0.626674   0.613975   0.357698   0.435688   0.319260   0.346716   0.166883   0.484984   0.671387   0.599494   0.341955   0.435110   0.303907   0.351553   0.155925   0.384052   0.709892   0.581528   0.322923   0.435176   0.285431   0.352493   0.135026   0.312134   0.736655   0.560702   0.301796   0.435733   0.265081   0.348670   0.106097   0.283640   0.745068   0.544242   0.285742   0.436484   0.249724   0.340587   0.086936   0.281883   0.741026   0.535792   0.277846   0.436915   0.242228   0.332097   0.081655   0.281438   0.737028   0.529992   0.272543   0.436833   0.237214   0.324822   0.080368   0.281117   0.733596   0.525409   0.268426   0.436800   0.233332   0.318111   0.081266   0.280962   0.730833   0.520998   0.264517   0.436707   0.229656   0.312237   0.080943   0.280773   0.728799   0.516441   0.260529   0.436652   0.225913   0.307011   0.079723   0.280633   0.726976   0.512510   0.257134   0.437014   0.222734   0.302268   0.079368 
 15   0.123809   0.685798   0.688511   0.444821   0.845995   0.405319   0.620289   0.033763   0.304826   0.691952   0.705597   0.466640   0.844531   0.427209   0.626103   0.036338   0.305365   0.691191   0.708049   0.469977   0.845529   0.430596   0.621932   0.034221   0.305836   0.690446   0.709978   0.472615   0.848150   0.433275   0.620278   0.033439   0.306209   0.689879   0.710614   0.473512   0.849751   0.434191   0.618503   0.033608   0.307122   0.689150   0.710590   0.473510   0.849892   0.434195   0.616779   0.033315   0.317027   0.685673   0.714731   0.479269   0.849206   0.440063   0.616102   0.030665   0.343420   0.678649   0.722192   0.489619   0.847874   0.450603   0.622099   0.027607   0.379669   0.670900   0.730108   0.500662   0.847288   0.461862   0.634929   0.028998   0.415710   0.664357   0.739473   0.513942   0.847703   0.475443   0.647423   0.033785   0.443641   0.659894   0.748661   0.527219   0.847874   0.489067   0.657461   0.038902   0.453992   0.658579   0.756041   0.538048   0.847752   0.500211   0.665131   0.042880   0.440632   0.661110   0.760001   0.543915   0.847138   0.506259   0.670218   0.044141   0.408358   0.666722   0.759754   0.543527   0.846004   0.505856   0.672930   0.041741   0.367624   0.673876   0.755818   0.537636   0.845140   0.499771   0.675106   0.036115   0.330268   0.681280   0.747525   0.525353   0.845110   0.487109   0.679968   0.029563   0.309961   0.687207   0.735982   0.508531   0.845542   0.469823   0.680841   0.028212   0.305709   0.689555   0.728516   0.497827   0.846252   0.458855   0.675205   0.030267   0.305703   0.689578   0.725962   0.494252   0.846770   0.455210   0.669493   0.030742   0.305775   0.689505   0.723844   0.491318   0.846770   0.452222   0.664376   0.030852   0.305883   0.689401   0.721915   0.488664   0.846670   0.449523   0.659710   0.031207   0.305959   0.689350   0.719994   0.486040   0.846435   0.446859   0.655062   0.031896   0.306026   0.689273   0.718374   0.483848   0.846369   0.444637   0.650652   0.032214   0.306100   0.689143   0.717113   0.482162   0.846848   0.442932   0.646875   0.032202 
 16   0.121121   0.686095   0.714082   0.477870   0.927059   0.438547   0.682299   0.023858   0.303199   0.692564   0.718342   0.483618   0.925919   0.444369   0.685833   0.024337   0.303630   0.691814   0.719050   0.484574   0.927054   0.445338   0.686107   0.024876   0.303991   0.691067   0.720098   0.486005   0.929731   0.446791   0.687258   0.025430   0.304317   0.690471   0.720342   0.486335   0.931345   0.447125   0.687383   0.026163   0.305935   0.689234   0.721364   0.487712   0.931611   0.448520   0.687345   0.026257   0.319236   0.684431   0.728065   0.497006   0.931088   0.457982   0.688461   0.024651   0.349945   0.676056   0.739988   0.513860   0.929834   0.475204   0.694882   0.022909   0.388193   0.667606   0.754354   0.534755   0.929080   0.496666   0.706303   0.024426   0.424800   0.660718   0.770518   0.558975   0.929440   0.521683   0.716702   0.028306   0.451223   0.656169   0.785611   0.582276   0.929712   0.545883   0.724087   0.031768   0.458069   0.654896   0.797529   0.601151   0.929534   0.565579   0.728668   0.033798   0.442952   0.657163   0.804942   0.613102   0.928741   0.578093   0.731029   0.034514   0.410434   0.662423   0.807297   0.616938   0.927354   0.582116   0.732241   0.033751   0.368580   0.669229   0.805276   0.613649   0.926495   0.578667   0.736372   0.030071   0.329934   0.676932   0.795156   0.597404   0.926405   0.561672   0.747462   0.025135   0.309769   0.684313   0.778489   0.571145   0.926610   0.534296   0.750020   0.026726   0.305924   0.687774   0.766943   0.553349   0.927245   0.515820   0.743224   0.031285   0.305557   0.688208   0.761361   0.544967   0.927882   0.507160   0.739796   0.032194   0.305299   0.688530   0.756542   0.537812   0.928045   0.499783   0.736876   0.032126   0.305110   0.688766   0.752233   0.531480   0.927797   0.493266   0.734128   0.031770   0.304999   0.688901   0.748542   0.526098   0.927468   0.487736   0.731434   0.031261   0.304937   0.688947   0.745535   0.521745   0.927537   0.483269   0.728893   0.030874   0.304922   0.688917   0.743099   0.518245   0.928112   0.479682   0.726585   0.030513 
 17   0.119428   0.686560   0.726749   0.495246   0.933722   0.456203   0.704766   0.023745   0.302454   0.693439   0.730858   0.500949   0.932663   0.462011   0.708790   0.024099   0.302892   0.692584   0.731546   0.501910   0.933891   0.462991   0.709747   0.025041   0.303267   0.691762   0.732588   0.503374   0.936689   0.464484   0.711364   0.026000   0.303580   0.691128   0.732695   0.503523   0.938320   0.464636   0.711650   0.026903   0.306227   0.689394   0.734380   0.505876   0.938571   0.467036   0.712055   0.026479   0.324231   0.683271   0.742939   0.518105   0.938030   0.479556   0.714883   0.024641   0.364394   0.673119   0.757423   0.539293   0.936710   0.501342   0.723851   0.023541   0.414650   0.662957   0.774968   0.565849   0.935823   0.528823   0.736577   0.025962   0.462055   0.654870   0.794279   0.596120   0.936073   0.560353   0.746824   0.030663   0.495464   0.649793   0.811822   0.624578   0.936285   0.590185   0.753693   0.034816   0.503838   0.648762   0.825386   0.647238   0.936009   0.614069   0.757515   0.037598   0.484244   0.652028   0.833671   0.661371   0.935101   0.629023   0.759048   0.039202   0.441799   0.658826   0.835968   0.665337   0.933600   0.633230   0.759825   0.039513   0.387520   0.667208   0.832993   0.660219   0.932723   0.627805   0.764121   0.036635   0.337733   0.676022   0.821196   0.640246   0.932675   0.606701   0.775571   0.030586   0.311042   0.684346   0.801929   0.608357   0.932901   0.573147   0.778972   0.030634   0.305679   0.688364   0.788333   0.586400   0.933584   0.550151   0.772704   0.034880   0.305259   0.688838   0.781916   0.576341   0.934325   0.539674   0.769294   0.035520   0.304969   0.689171   0.776419   0.567834   0.934594   0.530835   0.766714   0.035089   0.304791   0.689385   0.771538   0.560360   0.934350   0.523085   0.764367   0.034205   0.304707   0.689481   0.767371   0.554034   0.934044   0.516535   0.762072   0.033239   0.304675   0.689486   0.763970   0.548914   0.934203   0.511243   0.759786   0.032490   0.304637   0.689460   0.761095   0.544622   0.934841   0.506813   0.757578   0.031822 
 18   0.118817   0.687233   0.725198   0.493311   0.929573   0.454274   0.686230   0.026163   0.301142   0.694752   0.729210   0.498858   0.928394   0.459919   0.690039   0.027052   0.301491   0.693917   0.729725   0.499573   0.929602   0.460647   0.690431   0.027456   0.301707   0.693241   0.730336   0.500438   0.932380   0.461531   0.691356   0.028017   0.301848   0.692763   0.729915   0.499862   0.934001   0.460946   0.690907   0.028816   0.306610   0.690054   0.733011   0.504172   0.934196   0.465338   0.691971   0.027598   0.334390   0.681331   0.745725   0.522371   0.933584   0.483977   0.697035   0.024018   0.395079   0.667693   0.766040   0.552496   0.932212   0.515036   0.708810   0.022691   0.474946   0.653656   0.790855   0.591080   0.931226   0.555168   0.723546   0.026643   0.556428   0.641928   0.817756   0.634981   0.931326   0.601246   0.733904   0.032993   0.616585   0.634587   0.841864   0.676202   0.931356   0.644891   0.739251   0.038887   0.629230   0.634118   0.859839   0.708165   0.930887   0.678984   0.740572   0.043670   0.588748   0.640489   0.869801   0.726365   0.929809   0.698496   0.740520   0.046736   0.515687   0.650695   0.871712   0.729924   0.928214   0.702325   0.741928   0.047221   0.431893   0.662286   0.866263   0.719919   0.927295   0.691589   0.747266   0.044721   0.356875   0.673883   0.850482   0.691518   0.927267   0.661227   0.758430   0.039291   0.314618   0.684704   0.825214   0.647477   0.927544   0.614428   0.762229   0.038430   0.304107   0.690334   0.806403   0.615677   0.928300   0.580831   0.756736   0.041486   0.303593   0.690974   0.797746   0.601633   0.929116   0.566110   0.753616   0.041694   0.303395   0.691284   0.790679   0.590339   0.929464   0.554304   0.752003   0.040903   0.303303   0.691458   0.784587   0.580734   0.929327   0.544288   0.750716   0.039440   0.303190   0.691610   0.779222   0.572382   0.929097   0.535600   0.748960   0.037870   0.303130   0.691632   0.774739   0.565477   0.929306   0.528432   0.747063   0.036871   0.303096   0.691566   0.770931   0.559666   0.929992   0.522410   0.745392   0.036077 
 19   0.120150   0.689277   0.703581   0.464606   0.928185   0.425271   0.603112   0.032674   0.299654   0.698581   0.711019   0.474415   0.926737   0.435169   0.604897   0.034484   0.300101   0.697396   0.712568   0.476519   0.927741   0.437305   0.601371   0.033937   0.300300   0.696528   0.713753   0.478165   0.930268   0.438982   0.598996   0.034128   0.300475   0.695824   0.713766   0.478237   0.931752   0.439064   0.596452   0.034843   0.305696   0.692618   0.717920   0.483840   0.931862   0.444744   0.596685   0.033381   0.336560   0.682821   0.732816   0.504641   0.931101   0.465959   0.601915   0.028777   0.405682   0.667022   0.755645   0.537867   0.929688   0.500107   0.614519   0.026304   0.502575   0.649428   0.783965   0.581234   0.928853   0.545100   0.630338   0.030920   0.605973   0.634012   0.815873   0.632820   0.928928   0.599166   0.639954   0.038941   0.682328   0.624475   0.844680   0.682008   0.928798   0.651246   0.642240   0.046361   0.701173   0.623627   0.865991   0.720100   0.928291   0.691924   0.639892   0.052011   0.659217   0.630838   0.878391   0.743001   0.927202   0.716530   0.636666   0.055242   0.576988   0.642930   0.881896   0.749621   0.925682   0.723672   0.636074   0.055683   0.477585   0.657402   0.876815   0.740150   0.924717   0.713479   0.640068   0.053367   0.382743   0.671848   0.860866   0.711008   0.924576   0.682231   0.651729   0.047862   0.319367   0.687548   0.827611   0.652932   0.924892   0.620476   0.657434   0.046001   0.298736   0.697147   0.798366   0.603613   0.925662   0.568375   0.650910   0.048826   0.298024   0.698194   0.785516   0.583200   0.926394   0.547053   0.644854   0.049119   0.298010   0.698578   0.775338   0.567370   0.926702   0.530582   0.641213   0.047458   0.298238   0.698637   0.766856   0.554414   0.926724   0.517147   0.638491   0.045380   0.298581   0.698417   0.759905   0.543949   0.926656   0.506326   0.636018   0.043547   0.298949   0.697955   0.754400   0.535784   0.926889   0.497905   0.633726   0.042377   0.299234   0.697466   0.749913   0.529238   0.927568   0.491175   0.631689   0.041425 
 20   0.121591   0.685256   0.714727   0.478785   0.925150   0.439481   0.689619   0.023929   0.304703   0.691009   0.718857   0.484350   0.924052   0.445117   0.693647   0.023694   0.305114   0.690432   0.719211   0.484811   0.925305   0.445582   0.693968   0.023990   0.305457   0.689786   0.719974   0.485840   0.928034   0.446624   0.695239   0.024484   0.305759   0.689314   0.719865   0.485677   0.929669   0.446456   0.695308   0.025123   0.306325   0.688839   0.719319   0.484909   0.929979   0.445672   0.694542   0.025466   0.313588   0.686337   0.721734   0.488215   0.929483   0.449029   0.694511   0.025653   0.332916   0.681063   0.727771   0.496582   0.928295   0.457548   0.698440   0.025707   0.358573   0.675282   0.735795   0.507892   0.927618   0.469098   0.706486   0.027591   0.383014   0.670559   0.745236   0.521439   0.928064   0.482978   0.714921   0.031298   0.401421   0.667414   0.754147   0.534461   0.928459   0.496365   0.721723   0.034634   0.407614   0.666350   0.761276   0.545041   0.928445   0.507274   0.726329   0.036526   0.398145   0.667725   0.765566   0.551479   0.927799   0.513924   0.728430   0.036678   0.376715   0.671146   0.766506   0.552903   0.926587   0.515399   0.728620   0.035244   0.348637   0.675792   0.764572   0.549997   0.925807   0.512396   0.729500   0.030678   0.321947   0.681230   0.757573   0.539548   0.925742   0.501611   0.734138   0.024926   0.308346   0.685850   0.747189   0.524223   0.925960   0.485827   0.732583   0.025432   0.306112   0.687715   0.740319   0.514238   0.926540   0.475573   0.725367   0.029002   0.305913   0.687964   0.736839   0.509271   0.927102   0.470488   0.721255   0.029711   0.305804   0.688130   0.733825   0.505008   0.927204   0.466133   0.717411   0.029351   0.305732   0.688254   0.731109   0.501201   0.926933   0.462248   0.713592   0.029109   0.305689   0.688344   0.728649   0.497780   0.926563   0.458763   0.709806   0.029296   0.305713   0.688340   0.726647   0.495018   0.926580   0.455954   0.706571   0.029278   0.305794   0.688246   0.725123   0.492933   0.927109   0.453835   0.703899   0.029052 
 21   0.119619   0.685310   0.734290   0.505684   0.935285   0.466827   0.729719   0.022044   0.304527   0.691002   0.738809   0.512065   0.934408   0.473346   0.734702   0.021584   0.304988   0.690235   0.739751   0.513404   0.935869   0.474715   0.736451   0.022663   0.305365   0.689473   0.740887   0.515025   0.938814   0.476374   0.738905   0.023714   0.305662   0.688930   0.740963   0.515131   0.940622   0.476481   0.739874   0.024517   0.306497   0.688278   0.740733   0.514789   0.940957   0.476129   0.739843   0.024782   0.315460   0.685303   0.743985   0.519461   0.940432   0.480917   0.741113   0.025143   0.337759   0.679550   0.751137   0.529855   0.939160   0.491591   0.746891   0.025515   0.366611   0.673530   0.760385   0.543558   0.938199   0.505714   0.756134   0.027433   0.394355   0.668583   0.771411   0.560228   0.938492   0.522960   0.765004   0.031000   0.413534   0.665403   0.781866   0.576360   0.938902   0.539712   0.771759   0.033783   0.417229   0.664637   0.789915   0.589001   0.938838   0.552882   0.776020   0.034973   0.404846   0.666326   0.794558   0.596381   0.938101   0.560589   0.777831   0.034763   0.380635   0.670009   0.795431   0.597785   0.936768   0.562058   0.778049   0.033432   0.350181   0.674720   0.793243   0.594302   0.936080   0.558421   0.780715   0.029324   0.322405   0.680171   0.785263   0.581723   0.936168   0.545306   0.788131   0.024341   0.308675   0.684951   0.773649   0.563640   0.936428   0.526495   0.787246   0.025392   0.306489   0.686895   0.766219   0.552262   0.937066   0.514697   0.779661   0.028890   0.306245   0.687152   0.762403   0.546521   0.937726   0.508763   0.775923   0.029387   0.306090   0.687314   0.759097   0.541589   0.937908   0.503673   0.772551   0.028839   0.305980   0.687431   0.756016   0.537024   0.937486   0.498969   0.769085   0.028377   0.305924   0.687491   0.753289   0.533008   0.936995   0.494833   0.765635   0.028273   0.305945   0.687448   0.751190   0.529934   0.937073   0.491673   0.762753   0.027852   0.306014   0.687334   0.749593   0.527609   0.937652   0.489284   0.760361   0.027410 
 22   0.118514   0.685584   0.747617   0.524858   0.936856   0.486482   0.745062   0.021950   0.304755   0.691466   0.753796   0.533823   0.936032   0.495687   0.750855   0.021222   0.305160   0.690525   0.755273   0.535997   0.937538   0.497924   0.753664   0.022274   0.305568   0.689621   0.756802   0.538253   0.940552   0.500248   0.757199   0.023304   0.305868   0.688999   0.757073   0.538654   0.942351   0.500660   0.758942   0.024302   0.307393   0.687990   0.757610   0.539431   0.942698   0.501458   0.759156   0.024721   0.319706   0.683962   0.762856   0.547249   0.942108   0.509525   0.759634   0.024349   0.347913   0.676662   0.772812   0.562334   0.940730   0.525136   0.765558   0.023767   0.382648   0.669200   0.785262   0.581668   0.939748   0.545238   0.776056   0.025366   0.414099   0.663347   0.799347   0.604103   0.939944   0.568675   0.785292   0.028621   0.435000   0.659785   0.812288   0.625246   0.940241   0.590867   0.792067   0.031440   0.438593   0.659138   0.822219   0.641828   0.940102   0.608342   0.796423   0.033339   0.423445   0.661536   0.827987   0.651605   0.939294   0.618675   0.798559   0.034074   0.394826   0.666182   0.829274   0.653811   0.937918   0.621011   0.799850   0.033370   0.359177   0.671725   0.826908   0.649791   0.937249   0.616761   0.805469   0.029233   0.326547   0.678133   0.817220   0.633525   0.937379   0.599600   0.817565   0.024363   0.310179   0.683905   0.803112   0.610179   0.937694   0.575037   0.820471   0.025731   0.307378   0.686298   0.794133   0.595621   0.938393   0.559780   0.814201   0.029718   0.307096   0.686641   0.789381   0.588077   0.939126   0.551904   0.810825   0.030878   0.306889   0.686879   0.785267   0.581609   0.939413   0.545163   0.808082   0.030735   0.306733   0.687048   0.781490   0.575720   0.939085   0.539036   0.805448   0.030232   0.306658   0.687118   0.778250   0.570702   0.938691   0.533822   0.802918   0.029632   0.306637   0.687105   0.775690   0.566768   0.938847   0.529740   0.800477   0.029186   0.306642   0.687043   0.773592   0.563565   0.939451   0.526420   0.798042   0.028940 
 23   0.117288   0.686467   0.753473   0.533648   0.937253   0.495564   0.737912   0.023787   0.303638   0.693234   0.758662   0.541220   0.936375   0.503346   0.744499   0.023524   0.303991   0.692292   0.759534   0.542504   0.937839   0.504668   0.747001   0.024721   0.304364   0.691372   0.760647   0.544155   0.940879   0.506370   0.749984   0.025859   0.304625   0.690731   0.760552   0.544011   0.942670   0.506221   0.751417   0.026711   0.308533   0.688768   0.762509   0.546891   0.943035   0.509186   0.751745   0.026534   0.331291   0.682085   0.771905   0.561094   0.942439   0.523879   0.753934   0.025339   0.379695   0.671135   0.787805   0.585816   0.941015   0.549590   0.763179   0.025122   0.439544   0.660137   0.807375   0.617410   0.939966   0.582680   0.775694   0.028657   0.494896   0.651570   0.828561   0.652949   0.940002   0.620171   0.784977   0.034434   0.533016   0.646428   0.847621   0.686124   0.940098   0.655412   0.790772   0.039549   0.540006   0.645968   0.862067   0.712061   0.939757   0.683127   0.793399   0.043232   0.512898   0.650327   0.870269   0.727110   0.938753   0.699273   0.793997   0.045530   0.461217   0.658023   0.871604   0.729595   0.937227   0.701946   0.795141   0.045907   0.398413   0.666923   0.866681   0.720534   0.936466   0.692218   0.801656   0.042006   0.342550   0.676085   0.852295   0.694564   0.936547   0.664440   0.814477   0.035178   0.312831   0.684282   0.831631   0.658175   0.936879   0.625699   0.818872   0.034502   0.306662   0.688059   0.817695   0.634306   0.937670   0.600421   0.814037   0.037665   0.306283   0.688544   0.810887   0.622995   0.938542   0.588511   0.811255   0.037859   0.306069   0.688821   0.805194   0.613648   0.938939   0.578692   0.809336   0.037161   0.305918   0.689004   0.800087   0.605351   0.938689   0.569993   0.807680   0.035932   0.305787   0.689132   0.795611   0.598150   0.938371   0.562455   0.806071   0.034683   0.305710   0.689149   0.791998   0.592389   0.938595   0.556436   0.804344   0.033867   0.305653   0.689113   0.788908   0.587508   0.939278   0.551345   0.802483   0.033464 
 24   0.116495   0.687694   0.748008   0.525956   0.933273   0.487711   0.701601   0.027915   0.301299   0.695584   0.751193   0.530485   0.932356   0.492344   0.707779   0.029063   0.301610   0.694663   0.751397   0.530788   0.933885   0.492655   0.708990   0.030284   0.301608   0.694097   0.751201   0.530544   0.936832   0.492412   0.709904   0.031609   0.301418   0.693874   0.749561   0.528211   0.938596   0.490025   0.709394   0.032682   0.311346   0.689727   0.754761   0.535788   0.938802   0.497812   0.711430   0.030941   0.356304   0.677675   0.772736   0.562794   0.938081   0.525725   0.720058   0.027583   0.444599   0.660535   0.799085   0.604411   0.936699   0.569142   0.735734   0.028391   0.554045   0.643587   0.830522   0.656986   0.935603   0.624584   0.751467   0.034202   0.655875   0.630486   0.862317   0.713302   0.935509   0.684618   0.760467   0.040727   0.713399   0.624410   0.888522   0.762228   0.935426   0.737295   0.762558   0.045790   0.700240   0.627429   0.906067   0.796356   0.934845   0.774325   0.759836   0.049687   0.629552   0.637266   0.913978   0.812151   0.933586   0.791548   0.757177   0.051865   0.537451   0.649342   0.913340   0.810942   0.931898   0.790244   0.758347   0.051429   0.445604   0.661704   0.904792   0.794029   0.931044   0.771832   0.765085   0.048439   0.364353   0.673962   0.885672   0.757111   0.931080   0.731830   0.777817   0.043554   0.316101   0.685771   0.856631   0.703066   0.931359   0.673675   0.781995   0.043217   0.303305   0.692040   0.834808   0.663778   0.932099   0.631665   0.776730   0.045804   0.302945   0.692529   0.825099   0.647122   0.932988   0.614019   0.774467   0.045615   0.302828   0.692728   0.817180   0.633783   0.933462   0.599936   0.773550   0.044766   0.302768   0.692836   0.810142   0.622109   0.933249   0.587647   0.773187   0.042956   0.302760   0.692846   0.804090   0.612184   0.932956   0.577221   0.772919   0.040992   0.302763   0.692766   0.799023   0.603971   0.933276   0.568612   0.772400   0.039970   0.302788   0.692606   0.794680   0.597002   0.934061   0.561320   0.771639   0.039273 
