timestamp=                2022-01-12T19:05:23.098622
shape=                    (5, 5)
sigma=                    2.5
nepochs=                  5
rate=                     0.00725
neighborhood function=    gaussian
init weights=             pca
topology=                 hexagonal
activation distance=      euclidean
output type=              labels
mapfile_prefix=           2021_5x5_5_00725_02
apply classification=     False
apply activation=         False
seed=                     None
random order=             True
custom init file=         None
decay_function=           3

quantization error=       0.33950046
topographic error=        0.09977424

############ NEURONS #############
 25 192
  0   0.116353   0.687780   0.748008   0.526070   0.932724   0.487850   0.696906   0.028618   0.301122   0.695730   0.750931   0.530221   0.931839   0.492094   0.703072   0.030057   0.301448   0.694805   0.751140   0.530526   0.933382   0.492407   0.704048   0.031297   0.301380   0.694300   0.750787   0.530058   0.936293   0.491935   0.704666   0.032610   0.301086   0.694165   0.748933   0.527431   0.938052   0.489248   0.703856   0.033587   0.312103   0.689678   0.754756   0.535902   0.938232   0.497952   0.706132   0.031573   0.360468   0.676831   0.774189   0.565105   0.937478   0.528138   0.715767   0.027829   0.453872   0.658985   0.802070   0.609322   0.936125   0.574305   0.732258   0.028530   0.569310   0.641450   0.834885   0.664573   0.935043   0.632642   0.748299   0.034327   0.674773   0.628114   0.867564   0.722958   0.934920   0.694985   0.757148   0.040528   0.730857   0.622381   0.894179   0.773149   0.934822   0.749127   0.758271   0.045222   0.713898   0.625891   0.911737   0.807665   0.934229   0.786655   0.754311   0.048826   0.639116   0.636124   0.919426   0.823192   0.932955   0.803623   0.751302   0.050757   0.544669   0.648359   0.918710   0.821820   0.931271   0.802139   0.752772   0.050322   0.451561   0.660842   0.910097   0.804630   0.930413   0.783395   0.759642   0.047701   0.367570   0.673346   0.890770   0.766971   0.930433   0.742518   0.772649   0.043312   0.316766   0.685673   0.860647   0.710459   0.930701   0.681613   0.777258   0.043284   0.302991   0.692409   0.837570   0.668604   0.931422   0.636795   0.772163   0.046022   0.302560   0.692976   0.827362   0.651018   0.932291   0.618150   0.769997   0.046023   0.302425   0.693190   0.819063   0.636995   0.932767   0.603335   0.769252   0.045326   0.302408   0.693261   0.811755   0.624843   0.932568   0.590536   0.769094   0.043433   0.302451   0.693215   0.805574   0.614683   0.932293   0.579859   0.768963   0.041296   0.302502   0.693071   0.800487   0.606411   0.932634   0.571182   0.768517   0.040272   0.302547   0.692898   0.796021   0.599223   0.933427   0.563657   0.767793   0.039702 
  1   0.120942   0.688955   0.702891   0.463545   0.941824   0.424174   0.604678   0.028755   0.300954   0.698133   0.707777   0.469913   0.940363   0.430584   0.608047   0.030215   0.301262   0.697190   0.707665   0.469709   0.941307   0.430368   0.605783   0.030599   0.301435   0.696349   0.707873   0.469970   0.943671   0.430629   0.604468   0.031111   0.301579   0.695701   0.707194   0.469047   0.945024   0.429693   0.602915   0.031617   0.304498   0.693616   0.708786   0.471062   0.945140   0.431710   0.602731   0.030750   0.327539   0.685872   0.718920   0.484751   0.944465   0.445584   0.604771   0.028261   0.383113   0.671840   0.737234   0.510454   0.943063   0.471818   0.612821   0.026992   0.462206   0.655795   0.761514   0.546187   0.942256   0.508611   0.625489   0.031448   0.542467   0.642222   0.789443   0.589389   0.942347   0.553510   0.634224   0.038986   0.598706   0.633894   0.815179   0.631205   0.942276   0.597371   0.637622   0.045186   0.614254   0.632415   0.835142   0.665007   0.941849   0.633099   0.637528   0.049621   0.583183   0.638124   0.847603   0.686721   0.940878   0.656175   0.636090   0.052415   0.517199   0.648896   0.851970   0.694450   0.939498   0.664413   0.636008   0.052549   0.436114   0.662011   0.848338   0.687991   0.938600   0.657523   0.639571   0.049391   0.360871   0.675134   0.833912   0.662885   0.938472   0.630851   0.649589   0.043340   0.314325   0.688195   0.806358   0.616721   0.938797   0.582150   0.653494   0.041615   0.300619   0.695411   0.783631   0.579866   0.939562   0.543507   0.647707   0.044422   0.300172   0.696091   0.773068   0.563553   0.940271   0.526559   0.643488   0.044807   0.300124   0.696473   0.764118   0.549957   0.940543   0.512477   0.640563   0.043617   0.300234   0.696628   0.756394   0.538402   0.940534   0.500542   0.637994   0.042027   0.300381   0.696601   0.749754   0.528612   0.940456   0.490457   0.635490   0.040583   0.300450   0.696498   0.744085   0.520379   0.940661   0.482002   0.632919   0.039500   0.300464   0.696344   0.739299   0.513530   0.941278   0.474985   0.630698   0.038600 
  2   0.143948   0.696965   0.477395   0.228441   0.429843   0.196112   0.302763   0.054721   0.291715   0.713635   0.499698   0.245958   0.428969   0.212252   0.303675   0.056125   0.291508   0.712013   0.501484   0.247478   0.429613   0.213672   0.299143   0.056589   0.290960   0.711018   0.502470   0.248350   0.431588   0.214492   0.295665   0.059363   0.290423   0.710421   0.501997   0.247975   0.432671   0.214146   0.292411   0.062979   0.300339   0.699543   0.508335   0.253343   0.432522   0.219155   0.292296   0.065820   0.351609   0.664215   0.526987   0.269900   0.431669   0.234734   0.296079   0.070660   0.451688   0.614369   0.549052   0.290563   0.430262   0.254357   0.300765   0.086957   0.567005   0.570409   0.570549   0.311700   0.429655   0.274603   0.305625   0.109995   0.667150   0.542085   0.590667   0.332304   0.429832   0.294484   0.311203   0.128432   0.728903   0.535322   0.606073   0.348735   0.429747   0.310453   0.318498   0.143900   0.732913   0.551602   0.614541   0.358108   0.429557   0.319622   0.327607   0.157220   0.680561   0.585268   0.614581   0.358342   0.429129   0.319885   0.336924   0.165094   0.589352   0.627801   0.606476   0.349616   0.428417   0.311389   0.344451   0.163954   0.481935   0.671186   0.592315   0.334446   0.427836   0.296633   0.348877   0.153074   0.382805   0.708455   0.574699   0.316045   0.427897   0.278815   0.349504   0.132405   0.311998   0.734750   0.554197   0.295544   0.428441   0.259116   0.345430   0.104494   0.284192   0.743131   0.538086   0.280056   0.429176   0.244337   0.337245   0.086384   0.282455   0.739378   0.529884   0.272498   0.429598   0.237180   0.328789   0.081545   0.281847   0.735699   0.524140   0.267317   0.429514   0.232292   0.321613   0.080685   0.281328   0.732577   0.519483   0.263190   0.429476   0.228410   0.315042   0.081802   0.281173   0.729928   0.515095   0.259346   0.429378   0.224803   0.309270   0.081671   0.281110   0.727836   0.510734   0.255572   0.429320   0.221267   0.304142   0.080562   0.280905   0.726123   0.506796   0.252209   0.429678   0.218124   0.299427   0.080249 
  3   0.149690   0.695849   0.414625   0.180843   0.319108   0.152509   0.251475   0.061317   0.288377   0.711364   0.415518   0.181001   0.318305   0.152579   0.243785   0.068957   0.288229   0.709874   0.416891   0.181976   0.318997   0.153461   0.242323   0.071324   0.287306   0.709053   0.417448   0.182421   0.320874   0.153871   0.240371   0.077338   0.286450   0.708312   0.416903   0.182090   0.321911   0.153580   0.238415   0.084241   0.298409   0.696040   0.425766   0.188252   0.321795   0.159140   0.240577   0.089590   0.355399   0.661093   0.446977   0.203723   0.321036   0.173215   0.246125   0.098512   0.460697   0.616994   0.468706   0.220645   0.319776   0.188781   0.250758   0.120721   0.577474   0.580256   0.488199   0.236589   0.319280   0.203571   0.255465   0.144003   0.676890   0.555295   0.505610   0.251333   0.319584   0.217332   0.260643   0.154788   0.739336   0.546327   0.518979   0.263027   0.319674   0.228306   0.266532   0.160936   0.746683   0.557117   0.526540   0.269857   0.319613   0.234752   0.273242   0.166640   0.696369   0.584928   0.526838   0.270236   0.319240   0.235129   0.279738   0.169102   0.604943   0.622159   0.520039   0.264198   0.318532   0.229446   0.284521   0.164492   0.494801   0.662406   0.508148   0.253694   0.317934   0.219571   0.286375   0.154765   0.389549   0.699847   0.492282   0.240042   0.317909   0.206794   0.284958   0.141263   0.310930   0.729866   0.470613   0.222211   0.318299   0.190234   0.280281   0.119646   0.278085   0.742532   0.452179   0.207638   0.318895   0.176794   0.272481   0.104345   0.275470   0.740605   0.443029   0.200745   0.319256   0.170490   0.264637   0.101647   0.275001   0.737267   0.436926   0.196237   0.319167   0.166381   0.258875   0.103635   0.274981   0.733884   0.431933   0.192611   0.319095   0.163085   0.254314   0.107166   0.275376   0.730756   0.427300   0.189304   0.318960   0.160088   0.250314   0.106868   0.275720   0.728121   0.422984   0.186273   0.318884   0.157348   0.246513   0.105157   0.275821   0.725796   0.419400   0.183785   0.319201   0.155105   0.243070   0.105461 
  4   0.150145   0.691606   0.411826   0.179781   0.277881   0.151685   0.243380   0.156766   0.281075   0.702321   0.393426   0.167185   0.279471   0.140343   0.230489   0.248429   0.280396   0.699647   0.395656   0.168724   0.280006   0.141732   0.229956   0.276164   0.278889   0.697663   0.397291   0.169868   0.281715   0.142766   0.229904   0.301941   0.277913   0.696050   0.397795   0.170238   0.282587   0.143103   0.229982   0.324143   0.291662   0.689684   0.400617   0.172122   0.282404   0.144793   0.230457   0.340581   0.352568   0.667626   0.411073   0.179330   0.281644   0.151293   0.233112   0.342527   0.460455   0.633489   0.427019   0.190762   0.280437   0.161674   0.237027   0.344317   0.574718   0.601821   0.443700   0.203203   0.280104   0.173047   0.240894   0.351012   0.667675   0.578758   0.458729   0.214785   0.280604   0.183695   0.244895   0.345573   0.725453   0.567967   0.469962   0.223706   0.280885   0.191938   0.248753   0.337233   0.736906   0.572788   0.476197   0.228771   0.280981   0.196638   0.252430   0.333342   0.700965   0.591881   0.476786   0.229273   0.280745   0.197107   0.255209   0.331524   0.625427   0.620769   0.471747   0.225171   0.280134   0.193301   0.256451   0.325465   0.522313   0.656722   0.461652   0.217080   0.279497   0.185812   0.255684   0.321580   0.410910   0.695342   0.446675   0.205438   0.279281   0.175092   0.252725   0.330265   0.315208   0.728846   0.427648   0.191142   0.279436   0.162007   0.247949   0.345334   0.270150   0.742069   0.413847   0.181098   0.279859   0.152865   0.242846   0.359967   0.265984   0.737694   0.408398   0.177331   0.280114   0.149467   0.238799   0.371102   0.265414   0.732061   0.404763   0.174868   0.279951   0.147252   0.235787   0.382813   0.265238   0.727019   0.401645   0.172784   0.279873   0.145383   0.233528   0.392917   0.265361   0.722661   0.398863   0.170940   0.279789   0.143730   0.231412   0.392709   0.265132   0.719083   0.396445   0.169349   0.279740   0.142307   0.229140   0.387796   0.264787   0.715858   0.394693   0.168203   0.280054   0.141283   0.227169   0.385987 
  5   0.117214   0.686827   0.748877   0.526954   0.936534   0.488686   0.729009   0.024410   0.302676   0.693932   0.753380   0.533468   0.935597   0.495370   0.735180   0.024426   0.303050   0.692994   0.754038   0.534423   0.937059   0.496350   0.737399   0.025636   0.303395   0.692117   0.754932   0.535735   0.940112   0.497700   0.739922   0.026789   0.303610   0.691530   0.754609   0.535259   0.941902   0.497211   0.740829   0.027690   0.308454   0.689139   0.757161   0.538982   0.942226   0.501037   0.741331   0.027056   0.335600   0.681226   0.768305   0.555685   0.941626   0.518290   0.744946   0.025216   0.392556   0.668809   0.786578   0.583977   0.940200   0.547691   0.755811   0.025309   0.463799   0.656380   0.808961   0.620124   0.939138   0.585553   0.769168   0.029556   0.531299   0.646502   0.832850   0.660416   0.939170   0.628103   0.778715   0.035682   0.576848   0.640831   0.854068   0.697710   0.939222   0.667794   0.784197   0.041196   0.581849   0.641060   0.869809   0.726336   0.938811   0.698456   0.785905   0.045674   0.545284   0.646741   0.878371   0.742267   0.937741   0.715593   0.785788   0.048503   0.482955   0.655632   0.879275   0.743993   0.936129   0.717459   0.786955   0.048810   0.411125   0.665658   0.873262   0.732799   0.935309   0.705416   0.793185   0.045262   0.347614   0.675800   0.857383   0.703823   0.935385   0.674359   0.805384   0.038633   0.313186   0.684861   0.834581   0.663376   0.935708   0.631237   0.809087   0.037507   0.305609   0.689176   0.818815   0.636237   0.936508   0.602468   0.803605   0.040357   0.305202   0.689674   0.811276   0.623684   0.937414   0.589246   0.800905   0.040183   0.305029   0.689907   0.805125   0.613577   0.937832   0.578625   0.799312   0.039194   0.304887   0.690094   0.799528   0.604485   0.937598   0.569091   0.797818   0.037849   0.304758   0.690232   0.794584   0.596535   0.937285   0.560773   0.796214   0.036451   0.304671   0.690265   0.790518   0.590068   0.937511   0.554019   0.794324   0.035613   0.304573   0.690260   0.786980   0.584501   0.938210   0.548216   0.792317   0.035162 
  6   0.118935   0.687680   0.721495   0.488408   0.924653   0.449324   0.665572   0.028551   0.300704   0.695574   0.726594   0.495358   0.923413   0.456380   0.669147   0.029938   0.301039   0.694698   0.727418   0.496506   0.924575   0.457549   0.668343   0.029982   0.301174   0.694065   0.728077   0.497446   0.927296   0.458511   0.668213   0.030325   0.301331   0.693543   0.727801   0.497079   0.928888   0.458141   0.667142   0.030975   0.306640   0.690564   0.731524   0.502247   0.929052   0.463404   0.668021   0.029363   0.336315   0.681387   0.745491   0.522225   0.928418   0.483865   0.672920   0.024959   0.400892   0.667071   0.767186   0.554448   0.927055   0.517098   0.684918   0.023058   0.486586   0.652145   0.793468   0.595468   0.926100   0.559798   0.700414   0.027093   0.576876   0.639317   0.822110   0.642525   0.926191   0.609254   0.710909   0.033938   0.649021   0.630732   0.848054   0.687352   0.926183   0.656814   0.715445   0.040575   0.667484   0.629850   0.867365   0.722162   0.925694   0.694041   0.715629   0.045994   0.625115   0.636531   0.878082   0.742078   0.924581   0.715463   0.714724   0.049304   0.547030   0.647225   0.880496   0.746663   0.922982   0.720414   0.715917   0.049699   0.454292   0.659832   0.875020   0.736446   0.922030   0.709418   0.721133   0.047359   0.368537   0.672599   0.858823   0.706850   0.921955   0.677686   0.732442   0.042129   0.317042   0.685032   0.830792   0.657391   0.922230   0.625003   0.737132   0.040944   0.302791   0.691912   0.808615   0.619485   0.922988   0.584868   0.731757   0.043728   0.302225   0.692668   0.798722   0.603377   0.923800   0.567969   0.728343   0.043911   0.302088   0.692959   0.790829   0.590749   0.924165   0.554766   0.726625   0.043072   0.302079   0.693077   0.784158   0.580233   0.924085   0.543799   0.725118   0.041528   0.302133   0.693062   0.778514   0.571439   0.923898   0.534650   0.723539   0.039926   0.302193   0.692949   0.773833   0.564228   0.924126   0.527163   0.721835   0.038796   0.302276   0.692775   0.769933   0.558288   0.924832   0.521009   0.720306   0.037723 
  7   0.132294   0.696803   0.566314   0.308553   0.609480   0.271752   0.391359   0.054800   0.291395   0.713316   0.599994   0.341646   0.605545   0.303452   0.394241   0.052933   0.291688   0.711223   0.603142   0.344984   0.606160   0.306692   0.385598   0.051432   0.291900   0.709616   0.604711   0.346696   0.608323   0.308361   0.380350   0.052184   0.291739   0.708775   0.604110   0.346100   0.609514   0.307790   0.376251   0.053855   0.299778   0.700515   0.610186   0.352552   0.609377   0.314054   0.375732   0.054389   0.346969   0.673668   0.629755   0.374300   0.608471   0.335343   0.381266   0.055222   0.442512   0.636360   0.652598   0.401047   0.606974   0.361771   0.390195   0.067467   0.555216   0.604634   0.673695   0.427212   0.606353   0.387897   0.399128   0.091173   0.653359   0.586000   0.693014   0.452148   0.606527   0.412978   0.407812   0.114338   0.712069   0.582951   0.706313   0.469913   0.606414   0.430960   0.418291   0.133489   0.714874   0.594119   0.712442   0.478328   0.606204   0.439521   0.430200   0.146850   0.660799   0.616738   0.710264   0.475533   0.605790   0.436714   0.441974   0.151875   0.568347   0.645997   0.699755   0.461635   0.605093   0.422671   0.452102   0.146760   0.464485   0.676013   0.683795   0.440864   0.604477   0.401743   0.458769   0.130945   0.373612   0.701502   0.666221   0.418484   0.604524   0.379284   0.461032   0.106157   0.312771   0.719930   0.647076   0.394898   0.605079   0.355757   0.457367   0.079614   0.290246   0.726413   0.632735   0.377763   0.605817   0.338760   0.448332   0.064404   0.288809   0.724403   0.626001   0.370040   0.606203   0.331157   0.438592   0.059923   0.288030   0.722440   0.621071   0.364510   0.606070   0.325735   0.429900   0.058082   0.287290   0.720777   0.617173   0.360215   0.606028   0.321538   0.421571   0.058277   0.286902   0.719228   0.613605   0.356326   0.605925   0.317744   0.413720   0.058905   0.286742   0.717898   0.609931   0.352359   0.605855   0.313882   0.406339   0.059181   0.286611   0.716752   0.606541   0.348743   0.606251   0.310367   0.399621   0.059571 
  8   0.157228   0.688353   0.387915   0.162424   0.240708   0.135915   0.240774   0.046323   0.299176   0.696729   0.374006   0.152966   0.239787   0.127413   0.231925   0.057192   0.299597   0.695712   0.374757   0.153417   0.240469   0.127809   0.233279   0.060526   0.299646   0.695101   0.374940   0.153536   0.242377   0.127916   0.234032   0.064676   0.299716   0.694615   0.374379   0.153188   0.243492   0.127608   0.234226   0.068953   0.305218   0.689256   0.376523   0.154533   0.243445   0.128800   0.234880   0.072813   0.335864   0.669341   0.384518   0.159702   0.242762   0.133406   0.237260   0.078316   0.397528   0.639342   0.395151   0.166764   0.241613   0.139727   0.241835   0.089838   0.466750   0.613732   0.406147   0.174242   0.241168   0.146447   0.248210   0.103616   0.522442   0.599094   0.416595   0.181494   0.241553   0.152987   0.255205   0.113581   0.551223   0.598161   0.424370   0.186994   0.241758   0.157963   0.261910   0.122276   0.546841   0.609687   0.428302   0.189825   0.241814   0.160532   0.267224   0.129031   0.513450   0.629097   0.427934   0.189561   0.241531   0.160293   0.270101   0.130817   0.462716   0.651407   0.423811   0.186578   0.240854   0.157583   0.270223   0.125246   0.404693   0.674383   0.417177   0.181835   0.240278   0.153285   0.268112   0.115260   0.348981   0.696458   0.408369   0.175659   0.240275   0.147706   0.264528   0.104681   0.311322   0.711899   0.398426   0.168845   0.240635   0.141575   0.259782   0.093915   0.297801   0.716612   0.391233   0.164029   0.241175   0.137259   0.254769   0.087038   0.296194   0.715285   0.387287   0.161459   0.241517   0.134966   0.250437   0.085002   0.295512   0.713709   0.384029   0.159359   0.241420   0.133096   0.246881   0.087310   0.295284   0.712045   0.380990   0.157416   0.241307   0.131368   0.243998   0.090118   0.295030   0.710565   0.378025   0.155541   0.241115   0.129703   0.241287   0.089207   0.294563   0.709440   0.375333   0.153856   0.241003   0.128211   0.238561   0.087738   0.293960   0.708597   0.372926   0.152366   0.241281   0.126892   0.236015   0.088342 
  9   0.157897   0.695676   0.348498   0.138382   0.190278   0.114686   0.206690   0.081562   0.287458   0.710795   0.322921   0.122898   0.189454   0.101031   0.194583   0.111755   0.287421   0.709060   0.323835   0.123395   0.190096   0.101462   0.195265   0.122621   0.286460   0.708262   0.323830   0.123398   0.191866   0.101465   0.195437   0.135152   0.285977   0.707357   0.323156   0.123020   0.192864   0.101137   0.195518   0.146444   0.298730   0.695708   0.328530   0.126004   0.192787   0.103730   0.197245   0.156111   0.353809   0.661166   0.342316   0.134000   0.192100   0.110728   0.200296   0.170499   0.452437   0.614439   0.357979   0.143527   0.190971   0.119134   0.203346   0.191115   0.560343   0.573569   0.373230   0.153130   0.190611   0.127655   0.207107   0.205258   0.651282   0.545669   0.387251   0.162234   0.191065   0.135775   0.211085   0.207138   0.707102   0.536447   0.398296   0.169623   0.191318   0.142400   0.215129   0.207555   0.712876   0.549001   0.404934   0.174180   0.191399   0.146503   0.219292   0.210850   0.667075   0.579410   0.405926   0.174885   0.191133   0.147143   0.222879   0.212334   0.584366   0.619213   0.401341   0.171736   0.190481   0.144307   0.224843   0.205703   0.483760   0.662913   0.392434   0.165689   0.189891   0.138872   0.224712   0.196304   0.385206   0.705360   0.379266   0.156982   0.189799   0.131082   0.222825   0.191426   0.311548   0.737130   0.362700   0.146396   0.190056   0.121664   0.219336   0.183348   0.281148   0.747891   0.349697   0.138353   0.190516   0.114548   0.214767   0.174926   0.278209   0.744326   0.342613   0.134138   0.190797   0.110844   0.210252   0.172917   0.277667   0.739923   0.337261   0.131018   0.190670   0.108110   0.206620   0.177797   0.278073   0.735463   0.332741   0.128418   0.190560   0.105838   0.203904   0.183166   0.278387   0.731643   0.328662   0.126105   0.190397   0.103821   0.201441   0.180622   0.278125   0.728778   0.325033   0.124069   0.190293   0.102049   0.198856   0.176168   0.277665   0.726336   0.322168   0.122475   0.190555   0.100664   0.196544   0.176221 
 10   0.118280   0.685662   0.750758   0.529492   0.937036   0.491255   0.746139   0.022223   0.304907   0.691613   0.757196   0.538878   0.936211   0.500900   0.752112   0.021427   0.305279   0.690653   0.758710   0.541117   0.937692   0.503207   0.755071   0.022396   0.305672   0.689733   0.760243   0.543393   0.940693   0.505554   0.758747   0.023349   0.305961   0.689097   0.760511   0.543791   0.942489   0.505964   0.760662   0.024279   0.307770   0.687982   0.761250   0.544872   0.942855   0.507075   0.760834   0.024739   0.321317   0.683674   0.766970   0.553463   0.942262   0.515952   0.761176   0.024424   0.351751   0.675948   0.777628   0.569762   0.940868   0.532849   0.767269   0.023867   0.388989   0.668040   0.790971   0.590703   0.939872   0.554665   0.777882   0.025542   0.422890   0.661797   0.806005   0.614950   0.940012   0.580053   0.786963   0.029077   0.445662   0.657998   0.819810   0.637821   0.940251   0.604123   0.793518   0.032301   0.450119   0.657322   0.830427   0.655830   0.940068   0.623159   0.797587   0.034570   0.434286   0.659891   0.836658   0.666572   0.939235   0.634548   0.799500   0.035660   0.403508   0.664876   0.838139   0.669158   0.937868   0.637296   0.800828   0.035180   0.364860   0.670800   0.835655   0.664862   0.937202   0.632739   0.806817   0.030948   0.329073   0.677567   0.825447   0.647440   0.937320   0.614302   0.819384   0.025599   0.310852   0.683696   0.810449   0.622245   0.937643   0.587718   0.823255   0.026706   0.307590   0.686294   0.800811   0.606395   0.938356   0.571060   0.817834   0.030693   0.307284   0.686670   0.795780   0.598303   0.939103   0.562592   0.814591   0.031845   0.307057   0.686930   0.791422   0.591363   0.939413   0.555343   0.812019   0.031755   0.306892   0.687105   0.787470   0.585125   0.939115   0.548838   0.809690   0.031110   0.306813   0.687181   0.784071   0.579800   0.938747   0.543292   0.807470   0.030412   0.306792   0.687174   0.781343   0.575559   0.938914   0.538881   0.805299   0.029966   0.306807   0.687106   0.779123   0.572130   0.939522   0.535320   0.803135   0.029804 
 11   0.119356   0.686633   0.725577   0.493636   0.933401   0.454567   0.701859   0.023944   0.302174   0.693583   0.729628   0.499261   0.932289   0.460295   0.705696   0.024263   0.302595   0.692735   0.730266   0.500151   0.933491   0.461202   0.706524   0.025066   0.302955   0.691943   0.731231   0.501503   0.936281   0.462582   0.707940   0.025981   0.303254   0.691336   0.731264   0.501550   0.937907   0.462630   0.708049   0.026795   0.306259   0.689417   0.733223   0.504279   0.938149   0.465410   0.708560   0.026241   0.326161   0.682771   0.742527   0.517548   0.937592   0.478991   0.711998   0.024132   0.370213   0.671942   0.758111   0.540358   0.936260   0.502449   0.721846   0.022993   0.425426   0.661138   0.777011   0.569059   0.935363   0.532168   0.735093   0.025665   0.478777   0.652431   0.797701   0.601690   0.935576   0.566195   0.745493   0.030613   0.517498   0.646891   0.816562   0.632548   0.935732   0.598595   0.752292   0.035032   0.526535   0.645948   0.831130   0.657132   0.935408   0.624557   0.755814   0.038078   0.502450   0.649851   0.839845   0.672160   0.934473   0.640491   0.757037   0.039946   0.454869   0.657222   0.842192   0.676258   0.932956   0.644847   0.757874   0.040524   0.395544   0.666140   0.838883   0.670493   0.932070   0.638723   0.762393   0.037913   0.340810   0.675506   0.826412   0.649147   0.932019   0.616120   0.773669   0.031980   0.311581   0.684250   0.806090   0.615199   0.932252   0.580338   0.777216   0.031969   0.305513   0.688532   0.791581   0.591573   0.932954   0.555554   0.771300   0.036122   0.305093   0.689017   0.784849   0.580949   0.933711   0.544475   0.768006   0.036619   0.304819   0.689345   0.779122   0.572030   0.933990   0.535198   0.765576   0.036073   0.304637   0.689578   0.774024   0.564181   0.933764   0.527050   0.763319   0.034995   0.304547   0.689691   0.769686   0.557563   0.933474   0.520192   0.761139   0.033743   0.304498   0.689706   0.766132   0.552188   0.933636   0.514630   0.758981   0.032870   0.304443   0.689691   0.763100   0.547637   0.934275   0.509929   0.756871   0.032256 
 12   0.128000   0.687527   0.630213   0.375369   0.748435   0.336483   0.499825   0.043410   0.300652   0.695148   0.657797   0.406651   0.745806   0.367212   0.503731   0.045333   0.300990   0.694048   0.663506   0.413612   0.746615   0.374138   0.496704   0.041515   0.301265   0.693253   0.667533   0.418554   0.749048   0.379060   0.492652   0.040007   0.301435   0.692675   0.669637   0.421133   0.750464   0.381628   0.489047   0.039830   0.305433   0.689234   0.675451   0.428324   0.750531   0.388802   0.487166   0.038483   0.333335   0.678757   0.691055   0.448290   0.749866   0.408844   0.492345   0.032621   0.395202   0.663825   0.708907   0.471817   0.748585   0.432585   0.506874   0.029367   0.473786   0.649842   0.725163   0.494069   0.748022   0.455198   0.522811   0.035636   0.551169   0.639068   0.742321   0.518335   0.748233   0.480005   0.534606   0.046079   0.608295   0.633118   0.757259   0.540155   0.748114   0.502445   0.544440   0.056477   0.620649   0.634224   0.767368   0.555313   0.747764   0.518109   0.553884   0.065297   0.581117   0.642419   0.770365   0.559927   0.747043   0.522901   0.563269   0.070729   0.509550   0.654542   0.765896   0.553248   0.745922   0.516002   0.572270   0.070454   0.428526   0.667704   0.755748   0.538112   0.745074   0.500376   0.580617   0.063869   0.356106   0.679841   0.740817   0.516239   0.745081   0.477869   0.589278   0.050207   0.313402   0.689922   0.720506   0.487465   0.745565   0.448444   0.590794   0.041161   0.302060   0.694657   0.706181   0.467701   0.746283   0.428332   0.583007   0.040493   0.301843   0.694846   0.701333   0.461255   0.746821   0.421819   0.574929   0.039179   0.301833   0.694751   0.697556   0.456282   0.746930   0.416802   0.568855   0.037716   0.301883   0.694566   0.694259   0.451983   0.746975   0.412472   0.563731   0.036943   0.301790   0.694493   0.691091   0.447888   0.746822   0.408355   0.558403   0.036447   0.301522   0.694547   0.688124   0.444087   0.746758   0.404540   0.552677   0.036016   0.301293   0.694527   0.685699   0.441017   0.747248   0.401464   0.547234   0.035821 
 13   0.146413   0.686956   0.494966   0.241970   0.430018   0.208532   0.337253   0.037331   0.302347   0.694306   0.501898   0.247189   0.428959   0.213299   0.335394   0.041368   0.302588   0.693787   0.501687   0.246984   0.429726   0.213103   0.335428   0.041689   0.302620   0.693376   0.501437   0.246767   0.431859   0.212900   0.335418   0.042740   0.302646   0.693071   0.500670   0.246118   0.433114   0.212294   0.334862   0.043972   0.305844   0.689958   0.502400   0.247578   0.433074   0.213655   0.335058   0.044843   0.328995   0.677554   0.509658   0.253875   0.432321   0.219555   0.338087   0.044895   0.380017   0.657817   0.518284   0.261528   0.431041   0.226750   0.345279   0.049571   0.439427   0.640191   0.526619   0.269070   0.430520   0.233867   0.355650   0.060886   0.484450   0.630300   0.534623   0.276410   0.430877   0.240810   0.366467   0.073215   0.503625   0.629471   0.540337   0.281735   0.431028   0.245861   0.375872   0.083750   0.494827   0.636592   0.543144   0.284392   0.431020   0.248389   0.382717   0.090940   0.464065   0.649016   0.542288   0.283586   0.430675   0.247623   0.386339   0.092916   0.422730   0.663209   0.538152   0.279682   0.429924   0.243912   0.386351   0.088101   0.378044   0.677387   0.531984   0.273919   0.429281   0.238442   0.383371   0.077914   0.337327   0.690416   0.524729   0.267246   0.429285   0.232128   0.378495   0.065841   0.311467   0.699381   0.517457   0.260676   0.429710   0.225930   0.372203   0.056387   0.302901   0.702166   0.512864   0.256592   0.430332   0.222089   0.365643   0.052231   0.301995   0.701630   0.510683   0.254700   0.430720   0.220316   0.360025   0.051131   0.301397   0.701088   0.508629   0.252936   0.430630   0.218667   0.355206   0.051445   0.300901   0.700590   0.506683   0.251278   0.430543   0.217118   0.350939   0.052346   0.300585   0.700073   0.504743   0.249628   0.430372   0.215579   0.347061   0.052557   0.300335   0.699580   0.502887   0.248056   0.430277   0.214112   0.343476   0.052259   0.300017   0.699178   0.501250   0.246684   0.430613   0.212834   0.340141   0.052316 
 14   0.151671   0.687310   0.444611   0.201966   0.341377   0.171611   0.288944   0.040974   0.301269   0.694908   0.444390   0.201251   0.340529   0.170873   0.284347   0.047545   0.301475   0.694204   0.444767   0.201509   0.341248   0.171105   0.285087   0.048703   0.301495   0.693631   0.445182   0.201821   0.343259   0.171390   0.285423   0.051018   0.301510   0.693219   0.444815   0.201557   0.344446   0.171151   0.285164   0.053690   0.305501   0.689458   0.446962   0.203164   0.344402   0.172618   0.285624   0.055818   0.331392   0.674854   0.454689   0.209092   0.343677   0.178055   0.288723   0.057748   0.386447   0.652155   0.464391   0.216745   0.342452   0.185107   0.294949   0.065437   0.450037   0.632138   0.474429   0.224844   0.341945   0.192600   0.303263   0.078832   0.500010   0.620631   0.484006   0.232683   0.342293   0.199871   0.312196   0.091091   0.523136   0.619756   0.490944   0.238455   0.342469   0.205240   0.320382   0.101352   0.515798   0.628261   0.494459   0.241433   0.342485   0.208019   0.326469   0.108637   0.484133   0.642618   0.493944   0.241005   0.342154   0.207622   0.329691   0.110690   0.439529   0.658991   0.489730   0.237436   0.341438   0.204291   0.329778   0.105819   0.389673   0.675621   0.482978   0.231770   0.340844   0.199013   0.327205   0.095407   0.342531   0.691453   0.474504   0.224785   0.340864   0.192527   0.322799   0.082492   0.311475   0.702782   0.465409   0.217450   0.341272   0.185741   0.316917   0.071193   0.300767   0.706550   0.459166   0.212513   0.341870   0.181190   0.310747   0.065691   0.299610   0.705943   0.456034   0.210097   0.342254   0.178972   0.305600   0.064492   0.298928   0.705180   0.453407   0.208096   0.342170   0.177139   0.301289   0.065946   0.298450   0.704388   0.451018   0.206291   0.342061   0.175487   0.297518   0.068034   0.298113   0.703609   0.448653   0.204516   0.341875   0.173865   0.294124   0.067988   0.297777   0.702927   0.446426   0.202857   0.341781   0.172352   0.290960   0.067057   0.297395   0.702345   0.444491   0.201432   0.342095   0.171054   0.288067   0.067330 
 15   0.119449   0.685510   0.735129   0.506902   0.935688   0.468078   0.729666   0.022005   0.304265   0.691370   0.739895   0.513648   0.934805   0.474972   0.734774   0.021639   0.304731   0.690545   0.740952   0.515157   0.936274   0.476516   0.736648   0.022702   0.305133   0.689734   0.742203   0.516947   0.939217   0.478349   0.739150   0.023832   0.305440   0.689156   0.742369   0.517179   0.941001   0.478587   0.740183   0.024768   0.306484   0.688358   0.742446   0.517272   0.941318   0.478678   0.740287   0.024940   0.316687   0.684893   0.746600   0.523261   0.940780   0.484820   0.741590   0.024779   0.341309   0.678439   0.754993   0.535531   0.939491   0.497435   0.747741   0.024657   0.372765   0.671787   0.765574   0.551345   0.938534   0.513759   0.757608   0.026530   0.402410   0.666405   0.777931   0.570239   0.938820   0.533347   0.766722   0.030129   0.422668   0.662987   0.789542   0.588401   0.939202   0.552255   0.773572   0.032894   0.426440   0.662195   0.798519   0.602722   0.939110   0.567220   0.777925   0.034118   0.412703   0.664156   0.803737   0.611160   0.938345   0.576059   0.779882   0.034109   0.386533   0.668272   0.804851   0.612978   0.936973   0.577967   0.780449   0.033102   0.353873   0.673424   0.802637   0.609390   0.936262   0.574206   0.783904   0.029200   0.323940   0.679355   0.794031   0.595586   0.936349   0.559767   0.793076   0.024199   0.309007   0.684648   0.781325   0.575477   0.936619   0.538787   0.793420   0.025209   0.306564   0.686864   0.773118   0.562721   0.937272   0.525522   0.785873   0.028934   0.306292   0.687167   0.768869   0.556245   0.937953   0.518812   0.782261   0.029717   0.306115   0.687364   0.765188   0.550684   0.938158   0.513060   0.779073   0.029353   0.305973   0.687522   0.761743   0.545520   0.937760   0.507727   0.775718   0.028983   0.305888   0.687608   0.758699   0.540987   0.937295   0.503051   0.772415   0.028806   0.305885   0.687580   0.756350   0.537513   0.937395   0.499471   0.769653   0.028420   0.305925   0.687491   0.754515   0.534816   0.937992   0.496695   0.767259   0.027988 
 16   0.121074   0.686415   0.712799   0.476238   0.927289   0.436911   0.672763   0.024705   0.302939   0.693204   0.717176   0.482111   0.926099   0.442856   0.676008   0.025522   0.303331   0.692459   0.717751   0.482878   0.927181   0.443631   0.675785   0.026057   0.303670   0.691715   0.718699   0.484165   0.929819   0.444936   0.676505   0.026559   0.303989   0.691115   0.718839   0.484347   0.931393   0.445119   0.676378   0.027221   0.305754   0.689781   0.719967   0.485859   0.931632   0.446648   0.676242   0.027001   0.320010   0.684651   0.727161   0.495807   0.931095   0.456772   0.676987   0.024987   0.352874   0.675680   0.739841   0.513710   0.929830   0.475062   0.682987   0.023022   0.394075   0.666516   0.755174   0.536034   0.929087   0.497998   0.694182   0.024721   0.433532   0.659015   0.772432   0.561977   0.929415   0.524809   0.704200   0.028890   0.462639   0.653967   0.788648   0.587137   0.929633   0.550965   0.711177   0.032542   0.470659   0.652553   0.801508   0.607637   0.929424   0.572385   0.715437   0.034799   0.454179   0.655158   0.809507   0.620640   0.928626   0.586020   0.717672   0.035587   0.419076   0.660957   0.812138   0.624963   0.927263   0.590562   0.719152   0.034737   0.373785   0.668402   0.810024   0.621484   0.926404   0.586906   0.723770   0.031098   0.331935   0.676692   0.799333   0.604167   0.926310   0.568758   0.735091   0.026224   0.310040   0.684557   0.781672   0.576136   0.926534   0.539495   0.738588   0.027597   0.305706   0.688279   0.769301   0.556955   0.927185   0.519558   0.732778   0.032037   0.305326   0.688738   0.763311   0.547921   0.927824   0.510216   0.729420   0.033059   0.305053   0.689084   0.758161   0.540250   0.927981   0.502303   0.726524   0.033022   0.304874   0.689316   0.753611   0.533545   0.927762   0.495399   0.723901   0.032632   0.304787   0.689424   0.749738   0.527884   0.927464   0.489578   0.721453   0.032036   0.304727   0.689471   0.746502   0.523190   0.927524   0.484760   0.719061   0.031547   0.304684   0.689462   0.743831   0.519344   0.928084   0.480816   0.716813   0.031157 
 17   0.123560   0.686338   0.684366   0.440020   0.836450   0.400592   0.590128   0.042609   0.303147   0.692597   0.709768   0.472581   0.834749   0.433286   0.590923   0.044961   0.303828   0.691260   0.716362   0.481580   0.835641   0.442425   0.582736   0.041218   0.304471   0.690242   0.720839   0.487737   0.838214   0.448685   0.578446   0.039860   0.305013   0.689437   0.723361   0.491226   0.839783   0.452237   0.574859   0.039899   0.307456   0.687529   0.726786   0.495975   0.839969   0.457073   0.572370   0.038944   0.325399   0.681250   0.737955   0.511863   0.839363   0.473330   0.574862   0.033208   0.366653   0.671288   0.752241   0.532520   0.838092   0.494532   0.588222   0.026952   0.420177   0.661367   0.764843   0.551241   0.837492   0.513844   0.606771   0.028141   0.474468   0.653158   0.778422   0.571954   0.837787   0.535315   0.621279   0.034687   0.517922   0.647738   0.791001   0.591626   0.837816   0.555801   0.632064   0.042376   0.532871   0.646899   0.800259   0.606412   0.837549   0.571258   0.641048   0.049019   0.511018   0.651247   0.804206   0.612807   0.836805   0.577962   0.648670   0.052693   0.462353   0.659080   0.802456   0.609964   0.835561   0.574980   0.655054   0.051796   0.401086   0.668500   0.795759   0.599142   0.834689   0.563641   0.662445   0.046383   0.344200   0.677971   0.782667   0.578381   0.834715   0.541966   0.673341   0.037252   0.312155   0.686387   0.763622   0.549037   0.835177   0.511495   0.677468   0.033525   0.304654   0.690402   0.750776   0.529702   0.835920   0.491505   0.671117   0.035514   0.304589   0.690563   0.746672   0.523726   0.836525   0.485365   0.663706   0.035753   0.304699   0.690488   0.743535   0.519202   0.836678   0.480726   0.657750   0.035525   0.304850   0.690366   0.740692   0.515130   0.836665   0.476554   0.652623   0.035684   0.304883   0.690356   0.737932   0.511211   0.836448   0.472546   0.647398   0.036114   0.304800   0.690402   0.735523   0.507821   0.836404   0.469085   0.642280   0.036263   0.304762   0.690348   0.733699   0.505273   0.836924   0.466487   0.637620   0.036385 
 18   0.131206   0.685742   0.621388   0.364854   0.697923   0.326067   0.505408   0.033869   0.304030   0.691946   0.640365   0.385622   0.695968   0.346333   0.512320   0.036992   0.304454   0.691289   0.642074   0.387580   0.696854   0.348259   0.509735   0.035069   0.304835   0.690559   0.643539   0.389266   0.699313   0.349919   0.509269   0.034015   0.305052   0.690091   0.643810   0.389570   0.700764   0.350217   0.508422   0.033698   0.306464   0.688845   0.644488   0.390347   0.700777   0.350981   0.507363   0.033386   0.321029   0.683205   0.650061   0.396984   0.700014   0.357555   0.508317   0.030950   0.356690   0.673395   0.657915   0.406434   0.698667   0.366933   0.515816   0.029953   0.402452   0.663854   0.665209   0.415357   0.698129   0.375815   0.528621   0.035209   0.444627   0.656880   0.673026   0.425075   0.698526   0.385516   0.541219   0.043651   0.471597   0.653609   0.679538   0.433296   0.698662   0.393747   0.551930   0.051516   0.473698   0.654917   0.683541   0.438416   0.698582   0.398885   0.559960   0.056936   0.451396   0.660177   0.683953   0.438959   0.698112   0.399433   0.564954   0.058136   0.413866   0.667685   0.680775   0.434900   0.697168   0.395361   0.566814   0.054161   0.370832   0.676104   0.675256   0.427885   0.696375   0.388329   0.565984   0.046342   0.332562   0.684224   0.668075   0.418860   0.696347   0.379301   0.564196   0.037670   0.310611   0.690144   0.659815   0.408617   0.696798   0.369081   0.560348   0.033783   0.305012   0.692200   0.654804   0.402474   0.697480   0.362964   0.553866   0.034261   0.304869   0.692039   0.653304   0.400679   0.697931   0.361185   0.547540   0.034602   0.304851   0.691787   0.651947   0.399063   0.697887   0.359585   0.542341   0.034777   0.304884   0.691525   0.650646   0.397523   0.697830   0.358061   0.537921   0.035050   0.304890   0.691324   0.649237   0.395863   0.697657   0.356420   0.533677   0.035256   0.304849   0.691146   0.647934   0.394342   0.697570   0.354918   0.529571   0.035179   0.304784   0.690967   0.646929   0.393178   0.697986   0.353772   0.525925   0.035081 
 19   0.140284   0.687019   0.541531   0.283435   0.526319   0.247567   0.387363   0.037389   0.301964   0.694481   0.556082   0.296366   0.524492   0.259729   0.387665   0.039126   0.302283   0.693986   0.556313   0.296562   0.525320   0.259911   0.386693   0.037753   0.302383   0.693569   0.555950   0.296214   0.527562   0.259580   0.386582   0.037992   0.302386   0.693321   0.554880   0.295199   0.528867   0.258613   0.385770   0.038525   0.305403   0.690380   0.556733   0.296966   0.528834   0.260296   0.385709   0.038852   0.328469   0.679326   0.564795   0.304869   0.528055   0.267860   0.389216   0.037810   0.379989   0.662319   0.573632   0.313740   0.526721   0.276383   0.398214   0.041021   0.440937   0.647144   0.581216   0.321532   0.526178   0.283901   0.411007   0.051373   0.490528   0.637796   0.588567   0.329180   0.526540   0.291298   0.423971   0.063267   0.514358   0.636017   0.593543   0.334415   0.526692   0.296371   0.435530   0.073591   0.506711   0.641739   0.595386   0.336359   0.526675   0.298256   0.444304   0.080109   0.473336   0.652502   0.593724   0.334571   0.526300   0.296517   0.449126   0.080731   0.426928   0.665188   0.589043   0.329602   0.525504   0.291694   0.449718   0.074767   0.378431   0.677817   0.582642   0.322890   0.524828   0.285194   0.446842   0.064166   0.336429   0.689142   0.575515   0.315541   0.524822   0.278098   0.441699   0.052393   0.311136   0.696840   0.568659   0.308598   0.525248   0.271417   0.434836   0.044532   0.303274   0.699242   0.564749   0.304698   0.525878   0.267674   0.427398   0.042050   0.302537   0.698874   0.563218   0.303213   0.526274   0.266255   0.420846   0.041604   0.302002   0.698509   0.561629   0.301683   0.526183   0.264796   0.415174   0.042000   0.301590   0.698136   0.560109   0.300232   0.526093   0.263414   0.410049   0.042883   0.301258   0.697821   0.558426   0.298625   0.525921   0.261883   0.405284   0.043333   0.301014   0.697495   0.556840   0.297114   0.525838   0.260445   0.400894   0.043443   0.300781   0.697188   0.555506   0.295862   0.526206   0.259256   0.396842   0.043699 
 20   0.120853   0.685188   0.722025   0.488648   0.930509   0.449476   0.706410   0.023012   0.304558   0.690841   0.725806   0.493839   0.929515   0.454752   0.710684   0.022598   0.304986   0.690218   0.726274   0.494473   0.930820   0.455394   0.711545   0.023161   0.305334   0.689551   0.727096   0.495605   0.933611   0.456546   0.713151   0.023838   0.305649   0.689051   0.727054   0.495535   0.935305   0.456472   0.713487   0.024569   0.306332   0.688493   0.726691   0.495012   0.935642   0.455936   0.712974   0.025020   0.314126   0.685832   0.729403   0.498791   0.935159   0.459787   0.713773   0.025500   0.334158   0.680510   0.735730   0.507703   0.933960   0.468887   0.718793   0.025904   0.360306   0.674873   0.744007   0.519568   0.933194   0.481041   0.727327   0.027906   0.385370   0.670280   0.753708   0.533732   0.933602   0.495599   0.735964   0.031586   0.403825   0.667270   0.762783   0.547229   0.934017   0.509520   0.742916   0.034714   0.409145   0.666375   0.769873   0.557940   0.933992   0.520600   0.747499   0.036335   0.399148   0.667777   0.774016   0.564268   0.933319   0.527159   0.749478   0.036387   0.377391   0.671144   0.774781   0.565451   0.932065   0.528388   0.749488   0.035057   0.348762   0.675693   0.772674   0.562235   0.931322   0.525055   0.750473   0.030703   0.321788   0.681030   0.765366   0.551159   0.931289   0.513591   0.755222   0.025086   0.308236   0.685614   0.754677   0.535144   0.931482   0.497050   0.753006   0.025770   0.306088   0.687451   0.747702   0.524853   0.932056   0.486452   0.745255   0.029424   0.305882   0.687679   0.744175   0.519739   0.932644   0.481203   0.741215   0.029975   0.305756   0.687839   0.741096   0.515313   0.932776   0.476667   0.737418   0.029451   0.305665   0.687966   0.738291   0.511316   0.932440   0.472577   0.733565   0.029020   0.305632   0.688033   0.735838   0.507847   0.932015   0.469031   0.729836   0.028991   0.305680   0.687999   0.733906   0.505135   0.932053   0.466264   0.726685   0.028696   0.305772   0.687884   0.732423   0.503066   0.932592   0.464155   0.724067   0.028334 
 21   0.123145   0.685732   0.697883   0.456548   0.891387   0.417040   0.647936   0.027166   0.304949   0.691988   0.706260   0.467397   0.890121   0.427950   0.653339   0.028491   0.305340   0.691452   0.706796   0.468106   0.891215   0.428666   0.651830   0.028175   0.305690   0.690799   0.707749   0.469382   0.893873   0.429957   0.651731   0.028096   0.306002   0.690307   0.707736   0.469370   0.895456   0.429946   0.650906   0.028331   0.306640   0.689792   0.707120   0.468538   0.895668   0.429103   0.649581   0.028288   0.314745   0.686965   0.709785   0.472134   0.895106   0.432746   0.648183   0.027045   0.336881   0.680808   0.716224   0.480885   0.893841   0.441624   0.651324   0.025775   0.367243   0.673764   0.724590   0.492414   0.893250   0.453349   0.660742   0.027710   0.397134   0.667781   0.734674   0.506578   0.893707   0.467806   0.670813   0.031974   0.420080   0.663636   0.744667   0.520913   0.893982   0.482495   0.678810   0.036136   0.428443   0.662148   0.752974   0.533054   0.893906   0.494978   0.684486   0.038964   0.417843   0.663849   0.758207   0.540819   0.893274   0.502985   0.687581   0.039321   0.391517   0.668367   0.759574   0.542880   0.892098   0.505115   0.688729   0.037140   0.357181   0.674483   0.757329   0.539546   0.891244   0.501677   0.690280   0.032050   0.325627   0.681120   0.749906   0.528562   0.891162   0.490358   0.695516   0.026276   0.309108   0.686615   0.738777   0.512316   0.891491   0.473659   0.695767   0.026282   0.305974   0.688817   0.731375   0.501684   0.892156   0.462762   0.689867   0.029127   0.305858   0.688985   0.728105   0.497087   0.892695   0.458069   0.685535   0.029716   0.305794   0.689107   0.725216   0.493069   0.892720   0.453977   0.681477   0.029789   0.305788   0.689148   0.722671   0.489563   0.892551   0.450411   0.677614   0.030027   0.305792   0.689174   0.720319   0.486346   0.892283   0.447143   0.673702   0.030532   0.305814   0.689178   0.718258   0.483549   0.892260   0.444307   0.670046   0.030871   0.305878   0.689103   0.716653   0.481391   0.892771   0.442121   0.666945   0.030955 
 22   0.126696   0.685620   0.660961   0.410682   0.779783   0.371251   0.572772   0.033811   0.304835   0.691651   0.679475   0.432857   0.778013   0.393242   0.580228   0.036502   0.305356   0.690907   0.681730   0.435729   0.778961   0.396123   0.576819   0.033604   0.305815   0.690133   0.683445   0.437926   0.781536   0.398327   0.576264   0.032509   0.306119   0.689611   0.683767   0.438344   0.783089   0.398748   0.575468   0.032358   0.306919   0.688943   0.683509   0.438013   0.783165   0.398415   0.574358   0.031917   0.316868   0.685366   0.687114   0.442718   0.782428   0.403154   0.574032   0.029475   0.343384   0.678195   0.693482   0.451025   0.781083   0.411519   0.579979   0.027161   0.379218   0.670578   0.699852   0.459391   0.780516   0.419955   0.592282   0.029667   0.413967   0.664461   0.707376   0.469407   0.780927   0.430079   0.604333   0.035381   0.439231   0.660715   0.714536   0.479082   0.781087   0.439886   0.614327   0.041156   0.446346   0.660231   0.719983   0.486542   0.780997   0.447465   0.621988   0.045390   0.431725   0.663232   0.722335   0.489796   0.780464   0.450778   0.626870   0.046519   0.401224   0.668793   0.721027   0.487997   0.779418   0.448950   0.628903   0.043740   0.363790   0.675704   0.716812   0.482184   0.778576   0.443035   0.629223   0.037627   0.329212   0.682769   0.709824   0.472604   0.778550   0.433299   0.630313   0.030705   0.310004   0.688072   0.700960   0.460602   0.779003   0.421130   0.628952   0.028403   0.305785   0.689938   0.695581   0.453402   0.779711   0.413846   0.623331   0.029490   0.305794   0.689829   0.694028   0.451372   0.780200   0.411801   0.617339   0.029732   0.305848   0.689672   0.692623   0.449552   0.780175   0.409971   0.612165   0.029787   0.305938   0.689501   0.691275   0.447816   0.780101   0.408227   0.607604   0.030242   0.305995   0.689392   0.689818   0.445948   0.779893   0.406352   0.603087   0.030830   0.306024   0.689283   0.688516   0.444286   0.779806   0.404685   0.598898   0.031039   0.306051   0.689139   0.687528   0.443039   0.780250   0.403437   0.595338   0.031203 
 23   0.126901   0.687439   0.663689   0.414221   0.937844   0.374815   0.569712   0.033741   0.303647   0.695383   0.670013   0.421661   0.936484   0.382169   0.568120   0.030785   0.303814   0.694840   0.670166   0.421690   0.937202   0.382170   0.564470   0.030768   0.303939   0.694284   0.670405   0.421869   0.939568   0.382327   0.561467   0.030853   0.304025   0.694028   0.669287   0.420404   0.940910   0.380851   0.557113   0.031265   0.304685   0.693919   0.667274   0.417845   0.940930   0.378286   0.550884   0.032287   0.314999   0.691877   0.667461   0.418002   0.940380   0.378429   0.543776   0.035510   0.340904   0.686654   0.671706   0.423224   0.939392   0.383632   0.539108   0.040207   0.374211   0.680204   0.679961   0.433633   0.938974   0.394048   0.538346   0.045038   0.406463   0.674383   0.691618   0.448749   0.939801   0.409252   0.538811   0.050457   0.426446   0.670876   0.702923   0.463826   0.940397   0.424497   0.538264   0.054360   0.428473   0.670296   0.711184   0.475183   0.940388   0.436044   0.537071   0.055822   0.414153   0.672253   0.715775   0.481686   0.939989   0.442693   0.536091   0.054599   0.387486   0.676211   0.716276   0.482558   0.938942   0.443612   0.535743   0.050407   0.355278   0.680864   0.713679   0.479137   0.938254   0.440160   0.538518   0.041922   0.323923   0.685960   0.705969   0.468659   0.938293   0.429525   0.545437   0.031238   0.306682   0.690687   0.694188   0.452733   0.938584   0.413379   0.549076   0.028641   0.303682   0.692727   0.686267   0.442218   0.939236   0.402755   0.547719   0.031388   0.303577   0.692817   0.682548   0.437415   0.939963   0.397927   0.546569   0.031426   0.303407   0.692924   0.679054   0.432930   0.940256   0.393423   0.545877   0.030840   0.303231   0.693058   0.675700   0.428661   0.940136   0.389142   0.544892   0.031155   0.303152   0.693063   0.672841   0.425041   0.939952   0.385517   0.543517   0.032070   0.303128   0.692952   0.670512   0.422099   0.940081   0.382571   0.542565   0.032317   0.303060   0.692859   0.668526   0.419627   0.940644   0.380103   0.541885   0.031894 
 24   0.135678   0.685936   0.587182   0.328265   0.616480   0.290496   0.451195   0.036562   0.303657   0.692346   0.603136   0.344137   0.614876   0.305725   0.453942   0.039980   0.304048   0.691785   0.603949   0.344975   0.615744   0.306534   0.452209   0.037976   0.304346   0.691189   0.604347   0.345391   0.618114   0.306936   0.452243   0.037540   0.304520   0.690767   0.603907   0.344914   0.619512   0.306472   0.451819   0.037569   0.306331   0.689098   0.604643   0.345691   0.619516   0.307225   0.451356   0.037675   0.322998   0.682050   0.610402   0.351972   0.618757   0.313349   0.453502   0.036131   0.362379   0.670257   0.617881   0.360238   0.617429   0.321429   0.461579   0.036586   0.411379   0.659045   0.624643   0.367850   0.616892   0.328893   0.474122   0.042826   0.454365   0.651368   0.631630   0.375821   0.617277   0.336729   0.486889   0.051907   0.478531   0.648799   0.636884   0.381894   0.617432   0.342712   0.497966   0.060435   0.476977   0.651564   0.639500   0.384942   0.617392   0.345721   0.506176   0.066159   0.452259   0.658437   0.638769   0.384080   0.616972   0.344869   0.510883   0.067259   0.413546   0.667513   0.634961   0.379635   0.616100   0.340481   0.511757   0.062754   0.370818   0.677201   0.629286   0.373077   0.615368   0.334019   0.509363   0.054674   0.333050   0.686323   0.622601   0.365462   0.615351   0.326535   0.505001   0.046218   0.310800   0.692643   0.615788   0.357804   0.615784   0.319028   0.499037   0.041669   0.304648   0.694596   0.611916   0.353501   0.616435   0.314818   0.492173   0.041122   0.304369   0.694266   0.610757   0.352242   0.616859   0.313592   0.486066   0.041200   0.304253   0.693876   0.609592   0.350982   0.616794   0.312366   0.481087   0.041693   0.304173   0.693518   0.608390   0.349694   0.616721   0.311113   0.476719   0.042329   0.304122   0.693194   0.607180   0.348399   0.616542   0.309856   0.472487   0.042641   0.304026   0.692920   0.606037   0.347180   0.616452   0.308672   0.468420   0.042535   0.303878   0.692694   0.605041   0.346127   0.616848   0.307650   0.464766   0.042439 
