timestamp=                2022-01-12T00:25:18.181702
shape=                    (5, 5)
sigma=                    2.5
nepochs=                  4
rate=                     0.00724
neighborhood function=    gaussian
init weights=             pca
topology=                 hexagonal
activation distance=      euclidean
output type=              labels
mapfile_prefix=           2020_5x5_4_00724_13
apply classification=     False
apply activation=         False
seed=                     None
random order=             True
custom init file=         None
decay_function=           3

quantization error=       0.35737541
topographic error=        0.08979896

############ NEURONS #############
 25 192
  0   0.159553   0.706989   0.370854   0.147430   0.193400   0.122156   0.208037   0.136112   0.283219   0.721976   0.342830   0.129959   0.192851   0.106702   0.195655   0.206533   0.283305   0.719183   0.343816   0.130497   0.193420   0.107167   0.195866   0.224093   0.283051   0.716889   0.344458   0.130856   0.195113   0.107479   0.196129   0.241390   0.283021   0.715149   0.344124   0.130662   0.196002   0.107309   0.196345   0.257150   0.298999   0.705423   0.347520   0.132605   0.195843   0.109003   0.197144   0.268531   0.361559   0.675563   0.358820   0.139350   0.195154   0.114925   0.199511   0.279873   0.468648   0.633088   0.373948   0.148762   0.194032   0.123245   0.202551   0.295423   0.584014   0.594336   0.389428   0.158757   0.193742   0.132137   0.205923   0.305559   0.680034   0.566503   0.403883   0.168407   0.194349   0.140770   0.209442   0.302921   0.740765   0.554381   0.415282   0.176246   0.194666   0.147819   0.212702   0.298034   0.751937   0.561856   0.422333   0.181218   0.194751   0.152308   0.215730   0.296376   0.709995   0.587533   0.423912   0.182357   0.194525   0.153341   0.218162   0.294525   0.627146   0.624781   0.419726   0.179400   0.193896   0.150670   0.219175   0.287173   0.519564   0.668815   0.410570   0.173015   0.193284   0.144916   0.218333   0.279358   0.407131   0.714477   0.396277   0.163320   0.193101   0.136218   0.215943   0.279058   0.316382   0.751356   0.378156   0.151444   0.193210   0.125626   0.212221   0.278091   0.276639   0.764449   0.364447   0.142742   0.193570   0.117906   0.207774   0.277050   0.273346   0.759334   0.357816   0.138700   0.193804   0.114346   0.203656   0.280363   0.273516   0.752971   0.353089   0.135893   0.193633   0.111884   0.200426   0.287702   0.274098   0.747316   0.348934   0.133463   0.193538   0.109758   0.197934   0.293685   0.274340   0.742710   0.345221   0.131316   0.193446   0.107883   0.195523   0.290692   0.274164   0.739016   0.342083   0.129513   0.193400   0.106310   0.193152   0.285784   0.273646   0.735893   0.339564   0.128078   0.193679   0.105060   0.191124   0.285867 
  1   0.161050   0.704487   0.379037   0.151934   0.216353   0.126054   0.220439   0.059956   0.293486   0.717465   0.361983   0.140921   0.215424   0.116257   0.209788   0.076699   0.294106   0.715851   0.362916   0.141455   0.216050   0.116722   0.210721   0.082241   0.294175   0.714876   0.362976   0.141494   0.217877   0.116757   0.211051   0.088384   0.294321   0.714132   0.362210   0.141038   0.218909   0.116357   0.210976   0.093782   0.304394   0.703895   0.367260   0.144015   0.218824   0.118964   0.212601   0.097926   0.348735   0.673798   0.380148   0.151976   0.218140   0.125991   0.215950   0.105952   0.429125   0.634370   0.394111   0.161053   0.216996   0.134072   0.219784   0.122390   0.517233   0.601311   0.407623   0.170125   0.216620   0.142192   0.225090   0.137964   0.589914   0.580997   0.420077   0.178717   0.217119   0.149918   0.231254   0.145591   0.632354   0.576654   0.429636   0.185486   0.217373   0.156032   0.237507   0.151156   0.632402   0.589246   0.434897   0.189289   0.217415   0.159479   0.243271   0.156128   0.590360   0.615210   0.435035   0.189399   0.217139   0.159580   0.247513   0.157411   0.522687   0.646697   0.430633   0.186203   0.216448   0.156682   0.249264   0.151480   0.443752   0.679755   0.422808   0.180592   0.215821   0.151603   0.248476   0.141246   0.367563   0.711270   0.411714   0.172827   0.215741   0.144603   0.245788   0.130046   0.313483   0.734182   0.398218   0.163668   0.216006   0.136392   0.241435   0.116590   0.292221   0.742269   0.387400   0.156563   0.216468   0.130055   0.235878   0.107617   0.289687   0.740777   0.381039   0.152540   0.216759   0.126491   0.230257   0.105909   0.288730   0.738661   0.375964   0.149393   0.216632   0.123711   0.225492   0.109027   0.288520   0.736301   0.371431   0.146617   0.216538   0.121264   0.221721   0.112212   0.288313   0.734224   0.367224   0.144072   0.216393   0.119025   0.218157   0.110530   0.287769   0.732703   0.363475   0.141831   0.216316   0.117059   0.214614   0.108021   0.287315   0.731300   0.360441   0.140029   0.216613   0.115478   0.211574   0.108266 
  2   0.158421   0.698230   0.435976   0.190011   0.299028   0.160125   0.271753   0.047587   0.302296   0.705476   0.429516   0.184856   0.298297   0.155378   0.264688   0.060260   0.302718   0.704572   0.430029   0.185186   0.298961   0.155671   0.265768   0.063296   0.302880   0.703873   0.430392   0.185446   0.300877   0.155906   0.266443   0.066951   0.303093   0.703330   0.429987   0.185165   0.301976   0.155653   0.266706   0.070612   0.307628   0.699174   0.432115   0.186655   0.301900   0.156996   0.267818   0.073547   0.334094   0.684001   0.439555   0.192050   0.301198   0.161888   0.271141   0.075840   0.388391   0.661053   0.448863   0.199002   0.300005   0.168222   0.276937   0.083380   0.449740   0.641240   0.458423   0.206299   0.299568   0.174895   0.284776   0.095808   0.498536   0.629968   0.467586   0.213410   0.300045   0.181417   0.293198   0.106342   0.522571   0.629028   0.474259   0.218670   0.300313   0.186254   0.300781   0.115330   0.518177   0.637207   0.477699   0.221423   0.300356   0.188793   0.306333   0.122105   0.489830   0.651167   0.477639   0.221387   0.300053   0.188762   0.309037   0.123942   0.446815   0.667520   0.474199   0.218627   0.299330   0.186216   0.308747   0.118946   0.396740   0.684850   0.468125   0.213784   0.298690   0.181754   0.306071   0.109037   0.347581   0.701939   0.459932   0.207368   0.298633   0.175860   0.301519   0.097133   0.313973   0.714676   0.450591   0.200221   0.298940   0.169321   0.295441   0.086378   0.301749   0.719329   0.443695   0.195065   0.299460   0.164622   0.289117   0.081388   0.300159   0.718991   0.439896   0.192307   0.299803   0.162121   0.283656   0.081018   0.299406   0.718208   0.436827   0.190105   0.299704   0.160129   0.279194   0.083580   0.299064   0.717205   0.434138   0.188190   0.299615   0.158398   0.275529   0.086325   0.298680   0.716378   0.431459   0.186299   0.299471   0.156692   0.271955   0.085961   0.298111   0.715815   0.428850   0.184474   0.299413   0.155046   0.268421   0.084927   0.297650   0.715166   0.426670   0.182963   0.299751   0.153686   0.265386   0.085369 
  3   0.146875   0.698191   0.535087   0.270856   0.487748   0.234963   0.369152   0.037537   0.303330   0.705604   0.545843   0.280093   0.486131   0.243580   0.367937   0.041701   0.303887   0.704945   0.545791   0.280025   0.486894   0.243512   0.367732   0.041174   0.304049   0.704506   0.545182   0.279459   0.489032   0.242976   0.367975   0.041820   0.304092   0.704255   0.544018   0.278384   0.490252   0.241961   0.367543   0.042752   0.307692   0.700783   0.546441   0.280616   0.490176   0.244070   0.368738   0.043426   0.332161   0.688764   0.554897   0.288669   0.489408   0.251721   0.373674   0.042779   0.384814   0.671112   0.563614   0.297198   0.488090   0.259863   0.383150   0.046675   0.445916   0.655686   0.571176   0.304757   0.487597   0.267107   0.396014   0.057617   0.493484   0.646573   0.578521   0.312188   0.488072   0.274244   0.409014   0.069518   0.513591   0.645462   0.583459   0.317238   0.488301   0.279103   0.420285   0.079561   0.503652   0.651757   0.585311   0.319137   0.488304   0.280932   0.428523   0.085805   0.471217   0.662651   0.583918   0.317671   0.487957   0.279514   0.432805   0.086500   0.427528   0.675199   0.579609   0.313199   0.487167   0.275200   0.432919   0.080928   0.381287   0.687814   0.573530   0.306974   0.486463   0.269209   0.429538   0.070434   0.339987   0.699457   0.566513   0.299922   0.486394   0.262445   0.423760   0.058360   0.313811   0.707869   0.559211   0.292718   0.486740   0.255558   0.416073   0.049850   0.305091   0.710906   0.554482   0.288133   0.487312   0.251187   0.407799   0.046955   0.303999   0.710809   0.552349   0.286123   0.487675   0.249282   0.400685   0.046508   0.303266   0.710555   0.550399   0.284305   0.487569   0.247561   0.394704   0.046986   0.302752   0.710211   0.548611   0.282651   0.487505   0.245997   0.389530   0.047853   0.302428   0.709825   0.546830   0.281006   0.487395   0.244443   0.384798   0.048150   0.302140   0.709511   0.545016   0.279340   0.487368   0.242869   0.380279   0.048164   0.301852   0.709219   0.543407   0.277875   0.487765   0.241488   0.376101   0.048318 
  4   0.141950   0.697548   0.580333   0.314632   0.581452   0.276688   0.427713   0.036985   0.304382   0.704364   0.595888   0.329709   0.580164   0.291058   0.429218   0.040899   0.304918   0.703728   0.596374   0.330195   0.580978   0.291524   0.427855   0.038600   0.305224   0.703192   0.596211   0.330018   0.583241   0.291351   0.428260   0.038510   0.305369   0.702838   0.595489   0.329262   0.584527   0.290620   0.428016   0.038940   0.308220   0.700167   0.597335   0.331150   0.584458   0.292437   0.428523   0.039436   0.329689   0.690711   0.604933   0.339237   0.583680   0.300273   0.432741   0.038344   0.377490   0.676479   0.613398   0.348452   0.582332   0.309237   0.442706   0.040293   0.435422   0.663618   0.620692   0.356560   0.581833   0.317153   0.456590   0.049041   0.483676   0.655455   0.627925   0.364729   0.582327   0.325153   0.470431   0.059653   0.508175   0.653429   0.632964   0.370507   0.582550   0.330826   0.482425   0.068662   0.503017   0.657503   0.634952   0.372811   0.582532   0.333093   0.491434   0.074323   0.472195   0.666110   0.633488   0.371117   0.582147   0.331427   0.496559   0.074866   0.427599   0.676800   0.629009   0.365960   0.581294   0.326359   0.497459   0.069629   0.380187   0.687778   0.622804   0.358900   0.580545   0.319437   0.494661   0.060046   0.338803   0.697890   0.615770   0.351023   0.580467   0.311736   0.489452   0.049554   0.313609   0.705169   0.608433   0.342927   0.580818   0.303842   0.482344   0.043291   0.305979   0.707682   0.603925   0.338022   0.581409   0.299071   0.474327   0.041845   0.305382   0.707485   0.602237   0.336241   0.581795   0.297348   0.467230   0.041573   0.305023   0.707179   0.600678   0.334608   0.581701   0.295770   0.461292   0.041628   0.304728   0.706874   0.599265   0.333137   0.581644   0.294351   0.455996   0.042207   0.304539   0.706563   0.597811   0.331631   0.581535   0.292898   0.451091   0.042633   0.304412   0.706239   0.596424   0.330198   0.581518   0.291518   0.446566   0.042629   0.304230   0.705960   0.595265   0.329012   0.581942   0.290376   0.442309   0.042864 
  5   0.150892   0.700416   0.457255   0.206558   0.315478   0.175311   0.268497   0.159976   0.282354   0.709084   0.444416   0.196793   0.317982   0.166385   0.255370   0.262313   0.281571   0.706771   0.446408   0.198297   0.318471   0.167758   0.254422   0.292333   0.280405   0.704938   0.447989   0.199496   0.320214   0.168855   0.254299   0.318082   0.279291   0.703665   0.448453   0.199859   0.321076   0.169189   0.254294   0.341082   0.294969   0.697966   0.451047   0.201791   0.320813   0.170950   0.254660   0.357212   0.359145   0.678244   0.460973   0.209399   0.320019   0.177918   0.257656   0.354541   0.466631   0.648572   0.476033   0.221375   0.318807   0.188957   0.262164   0.351051   0.578658   0.621014   0.492092   0.234663   0.318522   0.201290   0.266501   0.355697   0.669086   0.600585   0.506849   0.247266   0.319150   0.213054   0.270897   0.349325   0.725260   0.590454   0.517833   0.256930   0.319456   0.222120   0.274906   0.338943   0.736517   0.593316   0.523967   0.262466   0.319537   0.227338   0.278543   0.330912   0.700137   0.609279   0.524453   0.262943   0.319316   0.227794   0.281369   0.325225   0.625023   0.634783   0.519278   0.258285   0.318688   0.223407   0.282636   0.317546   0.523570   0.666917   0.509291   0.249427   0.318027   0.215085   0.281504   0.312552   0.413557   0.701866   0.494829   0.236963   0.317795   0.203433   0.277687   0.319189   0.317723   0.733068   0.476117   0.221425   0.317897   0.189001   0.271546   0.335586   0.271700   0.746157   0.462414   0.210402   0.318255   0.178821   0.264858   0.355724   0.266997   0.742595   0.457342   0.206514   0.318446   0.175260   0.259650   0.371851   0.266530   0.737531   0.454086   0.204073   0.318217   0.173033   0.255871   0.386488   0.266411   0.733023   0.451172   0.201907   0.318142   0.171059   0.252992   0.397566   0.266646   0.729136   0.448534   0.199952   0.318109   0.169279   0.250499   0.397835   0.266718   0.725893   0.446217   0.198243   0.318107   0.167724   0.248072   0.393890   0.266482   0.723029   0.444418   0.196931   0.318448   0.166532   0.245879   0.392694 
  6   0.151543   0.709073   0.432359   0.188008   0.332820   0.158402   0.253410   0.063736   0.286598   0.726841   0.435739   0.189998   0.331817   0.160134   0.245626   0.071803   0.286475   0.725247   0.436686   0.190681   0.332437   0.160752   0.243227   0.073833   0.285796   0.724042   0.437051   0.190975   0.334304   0.161024   0.240578   0.079346   0.284858   0.723231   0.436223   0.190425   0.335299   0.160532   0.237913   0.086059   0.300042   0.708469   0.446816   0.198077   0.335137   0.167468   0.240358   0.090710   0.364380   0.669766   0.470981   0.216405   0.334372   0.184221   0.246801   0.100517   0.476131   0.624379   0.494302   0.235410   0.333084   0.201805   0.251412   0.125495   0.596671   0.587936   0.514927   0.253137   0.332596   0.218358   0.255683   0.150589   0.697102   0.564125   0.532948   0.269226   0.333005   0.233482   0.260794   0.161706   0.758249   0.556192   0.546316   0.281590   0.333117   0.245176   0.266920   0.167302   0.763809   0.566878   0.553730   0.288679   0.333032   0.251921   0.274136   0.171820   0.712784   0.594164   0.554039   0.289091   0.332676   0.252332   0.281417   0.173385   0.620615   0.631216   0.547343   0.282814   0.331955   0.246381   0.286945   0.169028   0.507897   0.671742   0.535164   0.271465   0.331331   0.235633   0.289504   0.159165   0.398024   0.710158   0.518670   0.256497   0.331275   0.221522   0.288657   0.143460   0.313689   0.742043   0.495573   0.236548   0.331613   0.202876   0.284132   0.117180   0.277588   0.756225   0.475357   0.219840   0.332175   0.187378   0.275677   0.099404   0.274646   0.754570   0.465237   0.211913   0.332524   0.180093   0.266851   0.097538   0.274405   0.751085   0.458621   0.206848   0.332407   0.175457   0.260284   0.099163   0.274381   0.747737   0.453138   0.202723   0.332350   0.171692   0.254843   0.101627   0.274759   0.744588   0.448202   0.199069   0.332277   0.168367   0.250093   0.101360   0.275351   0.741729   0.443768   0.195822   0.332254   0.165417   0.245854   0.099998   0.275512   0.739410   0.439823   0.192977   0.332588   0.162840   0.241899   0.100228 
  7   0.152805   0.699047   0.484415   0.227233   0.390926   0.194216   0.315537   0.040548   0.302523   0.707193   0.489133   0.230415   0.389940   0.197055   0.312616   0.046505   0.302956   0.706352   0.489412   0.230604   0.390632   0.197225   0.312852   0.047192   0.303099   0.705707   0.489625   0.230767   0.392646   0.197373   0.312880   0.049064   0.303179   0.705263   0.489102   0.230338   0.393804   0.196976   0.312392   0.051262   0.307594   0.701102   0.491844   0.232555   0.393718   0.199024   0.313495   0.052913   0.334889   0.686220   0.500782   0.240048   0.392960   0.205988   0.317707   0.053896   0.392823   0.663592   0.511261   0.249113   0.391681   0.214458   0.324948   0.060338   0.460176   0.643479   0.521687   0.258354   0.391197   0.223130   0.334678   0.073420   0.511789   0.632005   0.531425   0.267148   0.391643   0.231409   0.345056   0.086084   0.534682   0.630865   0.538239   0.273433   0.391853   0.237348   0.354435   0.096663   0.526203   0.639021   0.541530   0.276536   0.391845   0.240292   0.361480   0.104420   0.492469   0.653322   0.540781   0.275859   0.391510   0.239655   0.365431   0.106931   0.445189   0.669919   0.536231   0.271607   0.390770   0.235628   0.365903   0.102523   0.393239   0.686696   0.529078   0.264983   0.390111   0.229364   0.363234   0.091802   0.345626   0.702080   0.520431   0.257133   0.390060   0.221966   0.358349   0.077796   0.314053   0.713205   0.511088   0.248857   0.390416   0.214201   0.351669   0.065624   0.302904   0.717187   0.504387   0.243056   0.390987   0.208780   0.344276   0.059871   0.301549   0.716827   0.500976   0.240182   0.391347   0.206107   0.337759   0.058837   0.300671   0.716300   0.498159   0.237839   0.391237   0.203932   0.332191   0.059922   0.300044   0.715684   0.495660   0.235782   0.391166   0.202027   0.327365   0.061449   0.299706   0.714946   0.493281   0.233836   0.391052   0.200226   0.323093   0.061465   0.299373   0.714357   0.490893   0.231895   0.391010   0.198431   0.319039   0.060914   0.298987   0.713856   0.488758   0.230178   0.391371   0.196847   0.315282   0.061097 
  8   0.137665   0.696965   0.619514   0.355961   0.665604   0.316686   0.489338   0.034804   0.305764   0.703264   0.637524   0.375475   0.663738   0.335656   0.493833   0.039253   0.306275   0.702651   0.638709   0.376811   0.664572   0.336964   0.491524   0.036712   0.306693   0.701961   0.639647   0.377871   0.666942   0.338002   0.491587   0.035485   0.306937   0.701478   0.639627   0.377833   0.668301   0.337963   0.491124   0.035413   0.308811   0.699839   0.640631   0.378983   0.668255   0.339092   0.490544   0.035509   0.325578   0.693162   0.647046   0.386581   0.667476   0.346596   0.492903   0.033594   0.365373   0.682150   0.655443   0.396641   0.666125   0.356550   0.501940   0.033719   0.416703   0.671485   0.663154   0.406045   0.665632   0.365886   0.515457   0.040327   0.463682   0.663833   0.671290   0.416164   0.666129   0.375968   0.528623   0.049901   0.492251   0.660674   0.677706   0.424302   0.666327   0.384106   0.539910   0.058385   0.493008   0.662608   0.681218   0.428830   0.666269   0.388647   0.548497   0.063924   0.467002   0.668940   0.680958   0.428527   0.665832   0.388350   0.553922   0.065136   0.425337   0.677631   0.677113   0.423628   0.664910   0.383447   0.555850   0.061114   0.379052   0.687013   0.670921   0.415795   0.664102   0.375618   0.554628   0.053031   0.337869   0.695934   0.663246   0.406201   0.664014   0.366050   0.551717   0.043725   0.313447   0.702515   0.654613   0.395558   0.664384   0.355463   0.546415   0.038929   0.306762   0.704848   0.649294   0.389079   0.665003   0.349032   0.538875   0.038754   0.306559   0.704637   0.647614   0.387085   0.665421   0.347063   0.532000   0.038602   0.306506   0.704326   0.646067   0.385267   0.665358   0.345270   0.526471   0.038346   0.306516   0.703987   0.644682   0.383648   0.665329   0.343674   0.521723   0.038532   0.306502   0.703719   0.643237   0.381967   0.665231   0.342019   0.517221   0.038674   0.306426   0.703507   0.641882   0.380402   0.665216   0.340481   0.512828   0.038531   0.306335   0.703274   0.640870   0.379247   0.665664   0.339348   0.508763   0.038658 
  9   0.133528   0.696746   0.653081   0.394406   0.742535   0.354439   0.551935   0.031870   0.306617   0.702790   0.671676   0.416267   0.740681   0.376002   0.559689   0.035421   0.307166   0.702070   0.673549   0.418603   0.741539   0.378331   0.556722   0.033356   0.307635   0.701297   0.675185   0.420648   0.744006   0.380370   0.556292   0.032197   0.307905   0.700791   0.675525   0.421066   0.745439   0.380785   0.555438   0.032112   0.309014   0.699894   0.675672   0.421240   0.745432   0.380957   0.554298   0.031858   0.321042   0.695499   0.680322   0.427208   0.744672   0.386937   0.554807   0.029509   0.351678   0.687382   0.687571   0.436533   0.743319   0.396283   0.562130   0.027946   0.392603   0.679082   0.694652   0.445724   0.742828   0.405512   0.575262   0.031839   0.431860   0.672608   0.702640   0.456282   0.743362   0.416147   0.587822   0.039075   0.458461   0.669057   0.709640   0.465717   0.743591   0.425685   0.598084   0.045947   0.462943   0.669319   0.714379   0.472202   0.743540   0.432259   0.605804   0.050691   0.444486   0.673202   0.715634   0.473945   0.743068   0.434031   0.610835   0.052130   0.410801   0.679469   0.713209   0.470637   0.742070   0.430681   0.612914   0.049241   0.370692   0.686935   0.708102   0.463684   0.741210   0.423638   0.612566   0.042438   0.333831   0.694385   0.700771   0.453787   0.741115   0.413630   0.612093   0.034328   0.312622   0.700059   0.691707   0.441700   0.741490   0.401435   0.609149   0.031042   0.307502   0.702153   0.686046   0.434236   0.742132   0.393919   0.602497   0.031736   0.307421   0.702065   0.684327   0.432031   0.742588   0.391711   0.596009   0.031728   0.307442   0.701883   0.682769   0.430050   0.742558   0.389730   0.590773   0.031468   0.307538   0.701651   0.681342   0.428247   0.742535   0.387928   0.586372   0.031508   0.307603   0.701491   0.679849   0.426370   0.742427   0.386055   0.582020   0.031778   0.307620   0.701349   0.678483   0.424661   0.742415   0.384350   0.577804   0.031977   0.307627   0.701153   0.677526   0.423478   0.742883   0.383173   0.574056   0.032110 
 10   0.145831   0.709723   0.499399   0.240547   0.446802   0.206711   0.309211   0.055451   0.290542   0.728310   0.521477   0.258659   0.445737   0.223494   0.309066   0.058335   0.290062   0.726971   0.522449   0.259527   0.446325   0.224309   0.303052   0.059414   0.289499   0.725970   0.522660   0.259752   0.448294   0.224526   0.298671   0.062478   0.288802   0.725436   0.521523   0.258779   0.449332   0.223618   0.294678   0.066439   0.302190   0.711489   0.529950   0.266238   0.449130   0.230618   0.295157   0.069072   0.362032   0.671060   0.551977   0.286664   0.448266   0.249947   0.300542   0.074548   0.470620   0.618816   0.575488   0.309820   0.446830   0.272088   0.306074   0.092515   0.590370   0.575293   0.597603   0.332763   0.446226   0.294230   0.311146   0.116191   0.688939   0.549808   0.617614   0.354429   0.446511   0.315300   0.316933   0.134490   0.748103   0.544880   0.632171   0.370859   0.446471   0.331397   0.324610   0.149043   0.753153   0.560492   0.639927   0.379946   0.446270   0.340359   0.334262   0.160798   0.700609   0.593642   0.639590   0.379748   0.445863   0.340197   0.344349   0.167353   0.606611   0.636456   0.631078   0.370092   0.445152   0.330728   0.352681   0.165809   0.494684   0.681136   0.616270   0.353433   0.444569   0.314415   0.357850   0.154915   0.389997   0.720241   0.597908   0.333294   0.444610   0.294783   0.358840   0.133459   0.314456   0.748289   0.576521   0.310876   0.445093   0.273107   0.354245   0.103751   0.283946   0.757716   0.559511   0.293779   0.445781   0.256698   0.344792   0.084612   0.281771   0.753938   0.550847   0.285461   0.446179   0.248780   0.334997   0.080283   0.281201   0.750033   0.544964   0.279942   0.446058   0.243549   0.326621   0.079634   0.280565   0.746847   0.540223   0.275569   0.446026   0.239414   0.318854   0.080629   0.280325   0.744123   0.535721   0.271475   0.445988   0.235555   0.312148   0.080706   0.280345   0.741863   0.531151   0.267365   0.445991   0.231686   0.306339   0.079959   0.280526   0.739761   0.527159   0.263812   0.446379   0.228349   0.301131   0.079466 
 11   0.136017   0.707707   0.582513   0.318147   0.619018   0.280287   0.399810   0.053420   0.292725   0.724287   0.615570   0.351660   0.614810   0.312502   0.401602   0.053593   0.292706   0.722653   0.618053   0.354416   0.615401   0.315194   0.391137   0.052793   0.292819   0.721157   0.619397   0.355925   0.617599   0.316671   0.384835   0.054186   0.292757   0.720187   0.618972   0.355493   0.618783   0.316255   0.380252   0.056245   0.303555   0.710222   0.626920   0.364267   0.618609   0.324815   0.380307   0.056754   0.356248   0.681914   0.648195   0.388795   0.617695   0.348934   0.387412   0.059252   0.456480   0.645485   0.671264   0.416947   0.616195   0.376900   0.397270   0.074422   0.570652   0.616035   0.692473   0.444321   0.615603   0.404372   0.406098   0.099320   0.668628   0.599225   0.711605   0.470035   0.615894   0.430372   0.414354   0.122188   0.730020   0.595612   0.725121   0.488827   0.615793   0.449492   0.423900   0.139776   0.734209   0.605462   0.731775   0.498346   0.615542   0.459228   0.434630   0.150721   0.678338   0.626855   0.730439   0.496641   0.615129   0.457522   0.445453   0.154254   0.583584   0.654734   0.720793   0.483329   0.614423   0.443995   0.455067   0.149198   0.475366   0.684617   0.704694   0.461437   0.613816   0.421807   0.462221   0.133678   0.379605   0.711093   0.685887   0.436448   0.613858   0.396588   0.465459   0.108696   0.315542   0.730332   0.665249   0.409982   0.614372   0.370051   0.461680   0.082335   0.291620   0.737346   0.649818   0.390837   0.615060   0.350972   0.451470   0.067213   0.289852   0.735647   0.642410   0.382049   0.615405   0.342285   0.440601   0.062310   0.289027   0.733743   0.637197   0.375998   0.615219   0.336328   0.431266   0.060515   0.288369   0.731931   0.633436   0.371706   0.615165   0.332117   0.422741   0.061008   0.288075   0.730315   0.629944   0.367769   0.615099   0.328260   0.414934   0.061707   0.288076   0.728882   0.626237   0.363624   0.615075   0.324207   0.407861   0.062031   0.288171   0.727518   0.622816   0.359836   0.615503   0.320509   0.401384   0.062392 
 12   0.131826   0.698620   0.650201   0.391784   0.761107   0.351989   0.513540   0.043993   0.302757   0.706076   0.677433   0.424110   0.758981   0.383940   0.515240   0.047487   0.303349   0.704829   0.683464   0.431834   0.759783   0.391678   0.507157   0.043051   0.303786   0.703941   0.687599   0.437151   0.762253   0.397008   0.502889   0.041153   0.304136   0.703237   0.689800   0.439985   0.763663   0.399849   0.499408   0.040853   0.308553   0.699669   0.695768   0.447677   0.763684   0.407564   0.497922   0.039674   0.335982   0.689729   0.711058   0.468102   0.762977   0.428186   0.504045   0.034176   0.395775   0.675909   0.728368   0.491981   0.761689   0.452434   0.520022   0.030590   0.472868   0.662568   0.744335   0.514807   0.761150   0.475766   0.537114   0.035818   0.549807   0.651880   0.761360   0.539938   0.761463   0.501607   0.549361   0.045316   0.607650   0.645584   0.776528   0.563067   0.761345   0.525532   0.559281   0.054733   0.621431   0.646102   0.787192   0.579788   0.760938   0.542918   0.568860   0.062716   0.584410   0.653512   0.791022   0.585948   0.760197   0.549354   0.578432   0.067789   0.514548   0.665019   0.787283   0.580077   0.759023   0.543249   0.587807   0.067483   0.432253   0.678026   0.777371   0.564533   0.758134   0.527085   0.597169   0.061258   0.358817   0.690168   0.761807   0.540603   0.758105   0.502294   0.607241   0.048838   0.315921   0.700369   0.740397   0.508826   0.758546   0.469588   0.609301   0.041145   0.304384   0.705285   0.725377   0.487151   0.759239   0.447397   0.600590   0.040902   0.304145   0.705579   0.720242   0.480020   0.759771   0.440147   0.591301   0.039570   0.304245   0.705460   0.716483   0.474851   0.759857   0.434902   0.584280   0.038132   0.304390   0.705236   0.713294   0.470508   0.759911   0.430504   0.578219   0.037446   0.304332   0.705170   0.710095   0.466198   0.759807   0.426146   0.572178   0.037233   0.304146   0.705172   0.707188   0.462308   0.759803   0.422219   0.566120   0.036963   0.303998   0.705090   0.704870   0.459238   0.760318   0.419124   0.560404   0.036704 
 13   0.127561   0.697880   0.701505   0.455424   0.847995   0.415400   0.603392   0.042758   0.304866   0.704436   0.726141   0.488311   0.846513   0.448596   0.601137   0.046117   0.305765   0.702876   0.733126   0.498181   0.847398   0.458660   0.591651   0.042578   0.306535   0.701681   0.738141   0.505305   0.849956   0.465932   0.586410   0.041091   0.307177   0.700740   0.741169   0.509628   0.851472   0.470349   0.581975   0.041253   0.309940   0.698722   0.745013   0.515152   0.851605   0.475999   0.579156   0.040271   0.328043   0.692676   0.756422   0.532067   0.851036   0.493401   0.583285   0.034335   0.368150   0.683379   0.770745   0.553730   0.849851   0.515772   0.599854   0.027560   0.419815   0.674082   0.783223   0.573176   0.849333   0.535966   0.621092   0.027803   0.472550   0.666202   0.796784   0.594879   0.849776   0.558615   0.637385   0.033509   0.514539   0.660947   0.809195   0.615231   0.849886   0.579951   0.649396   0.040480   0.528852   0.660007   0.818136   0.630189   0.849633   0.595690   0.659168   0.046395   0.507884   0.663883   0.821956   0.636651   0.848898   0.602503   0.667575   0.049638   0.462379   0.670885   0.820211   0.633681   0.847604   0.599368   0.675239   0.048728   0.404201   0.679422   0.813730   0.622738   0.846650   0.587833   0.684123   0.043623   0.347558   0.688507   0.800531   0.600890   0.846581   0.564890   0.696378   0.035348   0.314610   0.697280   0.780337   0.568438   0.846940   0.530999   0.700895   0.032741   0.306652   0.701724   0.766426   0.546610   0.847613   0.508306   0.693533   0.035514   0.306516   0.701942   0.762063   0.539997   0.848194   0.501475   0.684879   0.035970   0.306560   0.701926   0.758800   0.535103   0.848342   0.496431   0.677937   0.035732   0.306650   0.701846   0.755947   0.530852   0.848357   0.492054   0.671957   0.036151   0.306693   0.701797   0.753340   0.527004   0.848208   0.488099   0.666019   0.036862   0.306686   0.701758   0.751105   0.523723   0.848247   0.484729   0.660309   0.037164   0.306731   0.701623   0.749432   0.521275   0.848814   0.482218   0.655112   0.037424 
 14   0.129144   0.697499   0.692042   0.442610   0.832930   0.402431   0.625473   0.032883   0.306988   0.704384   0.707358   0.462202   0.831450   0.422052   0.631647   0.035877   0.307548   0.703835   0.708062   0.463216   0.832407   0.423088   0.627109   0.033732   0.308001   0.703184   0.708708   0.464141   0.834983   0.424034   0.625240   0.032767   0.308280   0.702743   0.708171   0.463460   0.836504   0.423353   0.623282   0.032771   0.309047   0.702222   0.706960   0.461867   0.836545   0.421750   0.621052   0.032615   0.318500   0.699117   0.709143   0.464959   0.835777   0.424904   0.619906   0.031151   0.344217   0.692467   0.714310   0.472102   0.834348   0.432158   0.625175   0.029810   0.380058   0.684842   0.720665   0.480841   0.833806   0.441024   0.636883   0.032389   0.415474   0.678358   0.728747   0.492108   0.834377   0.452486   0.648494   0.037601   0.441831   0.674063   0.736690   0.503374   0.834668   0.463984   0.657691   0.042428   0.450384   0.672877   0.743068   0.512555   0.834627   0.473378   0.664325   0.045853   0.436517   0.675407   0.746354   0.517328   0.834084   0.478270   0.668384   0.046734   0.404937   0.681017   0.745782   0.516478   0.832988   0.477395   0.669803   0.044361   0.365994   0.688089   0.742057   0.511027   0.832103   0.471802   0.669629   0.038531   0.330866   0.695125   0.735175   0.501045   0.832010   0.461574   0.671080   0.031246   0.311615   0.700338   0.726095   0.488018   0.832374   0.448253   0.669915   0.028626   0.307581   0.702124   0.720417   0.479965   0.833040   0.440036   0.663959   0.029620   0.307642   0.701975   0.718530   0.477356   0.833525   0.437386   0.658061   0.029659   0.307754   0.701787   0.716818   0.475010   0.833500   0.435008   0.652946   0.029508   0.307892   0.701606   0.715128   0.472709   0.833444   0.432678   0.648481   0.029695   0.307995   0.701511   0.713284   0.470218   0.833318   0.430158   0.644120   0.030239   0.308071   0.701423   0.711595   0.467950   0.833338   0.427869   0.640007   0.030656   0.308157   0.701256   0.710392   0.466357   0.833837   0.426263   0.636356   0.030986 
 15   0.126334   0.701391   0.704916   0.459577   0.946408   0.419521   0.611140   0.029488   0.303486   0.711809   0.710567   0.466925   0.944951   0.426900   0.610892   0.029349   0.303960   0.710564   0.709993   0.466045   0.945947   0.425990   0.607228   0.028668   0.304404   0.709302   0.710287   0.466369   0.948418   0.426304   0.605815   0.027566   0.304747   0.708319   0.709736   0.465569   0.949709   0.425485   0.604447   0.027103   0.307469   0.706634   0.709912   0.465708   0.949581   0.425607   0.602754   0.026596   0.326744   0.700557   0.715336   0.473006   0.948640   0.432982   0.602868   0.026268   0.372509   0.688865   0.727660   0.490144   0.946997   0.450406   0.607672   0.028195   0.437170   0.674939   0.746489   0.517315   0.946267   0.478220   0.616122   0.034274   0.506636   0.662009   0.769930   0.552629   0.946617   0.514662   0.624251   0.041720   0.560354   0.652739   0.793520   0.589840   0.946498   0.553392   0.629817   0.046868   0.580109   0.649556   0.813934   0.623454   0.945958   0.588662   0.633011   0.049704   0.557690   0.653643   0.828528   0.648346   0.945029   0.614952   0.634612   0.051107   0.498636   0.663822   0.835288   0.660174   0.943719   0.627505   0.635669   0.051036   0.422153   0.677104   0.833810   0.657610   0.942741   0.624790   0.638430   0.047843   0.353661   0.690016   0.822739   0.638482   0.942512   0.604538   0.646206   0.041030   0.314927   0.700569   0.801761   0.603301   0.942846   0.567496   0.651100   0.037409   0.304725   0.705535   0.784083   0.574455   0.943668   0.537282   0.648646   0.038325   0.304520   0.706057   0.774546   0.559479   0.944326   0.521709   0.645983   0.038458   0.304424   0.706524   0.765626   0.545751   0.944391   0.507487   0.643669   0.037711   0.304276   0.706953   0.757495   0.533463   0.944447   0.494799   0.640953   0.036687   0.304240   0.707160   0.750496   0.523046   0.944555   0.484075   0.638277   0.035386   0.304323   0.707152   0.744626   0.514438   0.944802   0.475236   0.635973   0.034091   0.304452   0.706981   0.739846   0.507515   0.945418   0.468146   0.634006   0.033354 
 16   0.124676   0.699852   0.722713   0.483482   0.927187   0.443674   0.646743   0.025009   0.302437   0.708715   0.727800   0.490509   0.926067   0.450809   0.651768   0.027241   0.302937   0.707585   0.728754   0.491854   0.927206   0.452180   0.652151   0.028087   0.303364   0.706568   0.729910   0.493485   0.929860   0.453843   0.653472   0.028697   0.303748   0.705755   0.730072   0.493718   0.931337   0.454082   0.653864   0.029097   0.308856   0.702989   0.733671   0.498732   0.931490   0.459180   0.654084   0.027923   0.336579   0.694575   0.746911   0.517808   0.930949   0.478703   0.657861   0.024193   0.395129   0.681349   0.767748   0.549008   0.929684   0.510861   0.670646   0.022088   0.468541   0.667971   0.792621   0.588101   0.928896   0.551518   0.687156   0.025526   0.541554   0.656975   0.819217   0.632022   0.929181   0.597623   0.698201   0.031677   0.597824   0.649770   0.843054   0.673281   0.929222   0.641315   0.703496   0.037521   0.612445   0.648644   0.860983   0.705566   0.928774   0.675759   0.705133   0.042042   0.576963   0.654047   0.871122   0.724343   0.927793   0.695898   0.705579   0.044858   0.510031   0.663343   0.873260   0.728388   0.926259   0.700254   0.707596   0.045162   0.432088   0.673994   0.868106   0.718788   0.925315   0.689947   0.713666   0.042436   0.359782   0.685208   0.852191   0.689757   0.925202   0.658900   0.725667   0.037428   0.316573   0.696895   0.825060   0.641944   0.925378   0.608094   0.730145   0.037195   0.305078   0.703365   0.804323   0.606560   0.926013   0.570725   0.724288   0.040440   0.304479   0.704109   0.795052   0.591475   0.926683   0.554937   0.719904   0.040778   0.304150   0.704556   0.787415   0.579284   0.926911   0.542222   0.716651   0.040141   0.304071   0.704720   0.781073   0.569308   0.926791   0.531847   0.713939   0.039141   0.304097   0.704728   0.775765   0.561052   0.926624   0.523277   0.711391   0.038074   0.304128   0.704682   0.771262   0.554118   0.926816   0.516094   0.708813   0.037213   0.304213   0.704520   0.767564   0.548481   0.927454   0.510265   0.706594   0.036476 
 17   0.123796   0.698492   0.739505   0.506730   0.932471   0.467289   0.714197   0.022553   0.304174   0.706072   0.744430   0.513785   0.931458   0.474499   0.719877   0.023726   0.304652   0.705061   0.745290   0.515018   0.932729   0.475759   0.721825   0.024698   0.305030   0.704154   0.746311   0.516496   0.935479   0.477273   0.724176   0.025712   0.305303   0.703516   0.746212   0.516350   0.936998   0.477124   0.724873   0.026617   0.309088   0.701432   0.748442   0.519577   0.937173   0.480428   0.725074   0.026075   0.331143   0.694536   0.758304   0.534198   0.936594   0.495467   0.727889   0.023614   0.378206   0.683454   0.774550   0.558979   0.935292   0.521093   0.738329   0.022373   0.439065   0.672007   0.794664   0.590890   0.934407   0.554334   0.753070   0.025548   0.501180   0.662326   0.816969   0.627759   0.934681   0.593037   0.764721   0.031013   0.545903   0.656207   0.837231   0.662606   0.934881   0.629891   0.772131   0.035757   0.555188   0.655412   0.852534   0.689834   0.934549   0.658871   0.775831   0.039145   0.526649   0.659921   0.861303   0.705804   0.933564   0.675943   0.777263   0.041420   0.471511   0.668019   0.862984   0.708918   0.932014   0.679283   0.778855   0.041944   0.405651   0.677419   0.858354   0.700449   0.931133   0.670222   0.784507   0.039141   0.346395   0.687175   0.844233   0.675108   0.931091   0.643207   0.795966   0.033708   0.314126   0.696405   0.822173   0.636564   0.931331   0.602321   0.798787   0.034055   0.307033   0.700991   0.806339   0.609656   0.932047   0.573929   0.792398   0.037801   0.306546   0.701551   0.798865   0.597405   0.932822   0.561090   0.788965   0.038002   0.306281   0.701865   0.792682   0.587416   0.933128   0.550650   0.786631   0.037255   0.306166   0.702014   0.787349   0.578902   0.932968   0.541771   0.784747   0.036025   0.306154   0.702028   0.782827   0.571755   0.932775   0.534331   0.783165   0.034668   0.306202   0.701943   0.779162   0.566014   0.933013   0.528366   0.781565   0.033641   0.306224   0.701840   0.776040   0.561164   0.933698   0.523334   0.779806   0.032996 
 18   0.125260   0.698206   0.727266   0.489423   0.927377   0.449640   0.694643   0.022859   0.304581   0.705553   0.732632   0.496888   0.926254   0.457229   0.699634   0.023581   0.305089   0.704591   0.733649   0.498312   0.927443   0.458679   0.700739   0.024395   0.305540   0.703665   0.734972   0.500182   0.930168   0.460584   0.702674   0.025390   0.305928   0.702957   0.735291   0.500625   0.931688   0.461035   0.703449   0.026074   0.308032   0.701550   0.736562   0.502406   0.931866   0.462848   0.703459   0.025918   0.322835   0.696522   0.743814   0.512859   0.931323   0.473545   0.703801   0.023989   0.355699   0.687851   0.756429   0.531426   0.930051   0.492617   0.710432   0.021983   0.396671   0.678917   0.771751   0.554670   0.929316   0.516629   0.723251   0.023547   0.435761   0.671575   0.789018   0.581713   0.929756   0.544731   0.734642   0.027345   0.463991   0.666791   0.804995   0.607554   0.930053   0.571745   0.742470   0.030804   0.471416   0.665541   0.817390   0.628165   0.929894   0.593404   0.747555   0.033129   0.454543   0.668151   0.824838   0.640789   0.929112   0.606718   0.750501   0.034393   0.419393   0.673782   0.826806   0.644163   0.927705   0.610284   0.752717   0.034157   0.375138   0.680692   0.824114   0.639567   0.926811   0.605430   0.758481   0.030647   0.334089   0.688497   0.813085   0.621036   0.926702   0.585919   0.770564   0.025946   0.312174   0.696104   0.795278   0.591701   0.926881   0.555147   0.774057   0.027760   0.307776   0.699719   0.782821   0.571647   0.927503   0.534201   0.767909   0.032308   0.307375   0.700195   0.776745   0.562148   0.928141   0.524334   0.764361   0.033192   0.307145   0.700490   0.771680   0.554325   0.928321   0.516226   0.761605   0.032862   0.307005   0.700663   0.767313   0.547648   0.928146   0.509318   0.759126   0.032241   0.306900   0.700765   0.763532   0.541918   0.927920   0.503401   0.756653   0.031753   0.306825   0.700805   0.760361   0.537154   0.928064   0.498488   0.754162   0.031442   0.306790   0.700773   0.757755   0.533264   0.928671   0.494483   0.751829   0.031085 
 19   0.126385   0.697752   0.719972   0.479313   0.919110   0.439368   0.688114   0.025116   0.305810   0.704806   0.725293   0.486572   0.917981   0.446721   0.691745   0.025994   0.306328   0.704101   0.725619   0.486999   0.919104   0.447151   0.691728   0.026381   0.306752   0.703323   0.726427   0.488108   0.921834   0.448275   0.692900   0.026756   0.307122   0.702731   0.726285   0.487892   0.923425   0.448051   0.693056   0.027329   0.308051   0.702067   0.725812   0.487210   0.923618   0.447354   0.692263   0.027652   0.317040   0.699161   0.728770   0.491366   0.923062   0.451588   0.691344   0.027651   0.339426   0.693270   0.735582   0.501039   0.921748   0.461458   0.694603   0.027538   0.368531   0.686774   0.744453   0.513857   0.921107   0.474580   0.703401   0.029743   0.396029   0.681383   0.754860   0.529196   0.921691   0.490341   0.712656   0.033899   0.415507   0.677809   0.764589   0.543834   0.922118   0.505440   0.719519   0.037336   0.421041   0.676621   0.772216   0.555518   0.922107   0.517532   0.723953   0.039228   0.410028   0.678148   0.776795   0.562627   0.921473   0.524907   0.726102   0.039249   0.385646   0.682044   0.777691   0.564048   0.920203   0.526387   0.726610   0.037046   0.354325   0.687298   0.775320   0.560384   0.919336   0.522589   0.728343   0.031872   0.325320   0.693261   0.767507   0.548364   0.919223   0.510139   0.734509   0.026108   0.310305   0.698311   0.756120   0.531054   0.919401   0.492251   0.734698   0.026461   0.307628   0.700350   0.748620   0.519841   0.919963   0.480699   0.728265   0.029682   0.307457   0.700567   0.744917   0.514417   0.920487   0.475132   0.724206   0.030056   0.307391   0.700656   0.741852   0.509968   0.920538   0.470574   0.720687   0.029423   0.307417   0.700643   0.739274   0.506255   0.920344   0.466775   0.717324   0.029234   0.307462   0.700604   0.736994   0.502992   0.920108   0.463440   0.714004   0.029634   0.307499   0.700543   0.735058   0.500237   0.920177   0.460628   0.711035   0.029937   0.307575   0.700412   0.733584   0.498152   0.920701   0.458501   0.708546   0.030187 
 20   0.122367   0.701443   0.732345   0.497479   0.927950   0.458018   0.632734   0.028559   0.300356   0.711802   0.735898   0.502510   0.926906   0.463151   0.637709   0.031942   0.300819   0.710592   0.736367   0.503260   0.928088   0.463931   0.637160   0.032631   0.300999   0.709745   0.736670   0.503762   0.930797   0.464456   0.636729   0.033391   0.301108   0.709140   0.735796   0.502563   0.932334   0.463239   0.635464   0.034278   0.310943   0.704317   0.742420   0.511844   0.932620   0.472691   0.638863   0.032565   0.354654   0.691895   0.762769   0.541821   0.932170   0.503504   0.649250   0.028802   0.441941   0.674788   0.791129   0.586211   0.930859   0.549643   0.665227   0.029461   0.555434   0.657326   0.823808   0.640650   0.929864   0.606894   0.679284   0.037450   0.668023   0.643174   0.857243   0.699831   0.929823   0.669848   0.682099   0.048133   0.739881   0.635819   0.884967   0.751631   0.929630   0.725513   0.675404   0.056881   0.745427   0.636900   0.903584   0.787968   0.929075   0.764882   0.666330   0.062346   0.691641   0.644615   0.912935   0.806754   0.928032   0.785349   0.660892   0.064446   0.602437   0.656065   0.913894   0.808764   0.926491   0.787556   0.660688   0.063673   0.497303   0.669484   0.906761   0.794474   0.925597   0.771996   0.666387   0.060535   0.394074   0.683284   0.888504   0.758694   0.925495   0.733200   0.681730   0.053358   0.324304   0.698507   0.853547   0.693343   0.925654   0.662963   0.692296   0.049613   0.300944   0.708083   0.823196   0.638842   0.926315   0.604831   0.688156   0.051729   0.299776   0.709388   0.809572   0.615976   0.927069   0.580755   0.682497   0.052027   0.299610   0.709819   0.799084   0.598838   0.927418   0.562799   0.679394   0.050457   0.299852   0.709863   0.790470   0.585016   0.927347   0.548365   0.677142   0.048207   0.300292   0.709618   0.783725   0.574353   0.927182   0.537261   0.675291   0.045825   0.300776   0.709194   0.778494   0.566184   0.927416   0.528771   0.673930   0.043588   0.301227   0.708669   0.774108   0.559399   0.928112   0.521733   0.673125   0.041980 
 21   0.121635   0.699587   0.753056   0.526718   0.934198   0.487830   0.709864   0.024886   0.303073   0.708099   0.757081   0.532651   0.933275   0.493926   0.717164   0.026944   0.303651   0.706851   0.757889   0.533847   0.934733   0.495157   0.719864   0.027891   0.303971   0.705873   0.758553   0.534844   0.937660   0.496184   0.722746   0.028921   0.304135   0.705245   0.757921   0.533911   0.939302   0.495225   0.724083   0.029596   0.311482   0.702081   0.761630   0.539409   0.939544   0.500881   0.725444   0.028505   0.347396   0.692368   0.775827   0.561138   0.938942   0.523367   0.731391   0.025899   0.421831   0.677353   0.798376   0.597156   0.937564   0.560937   0.746071   0.025811   0.518791   0.661794   0.826067   0.643753   0.936557   0.610022   0.763100   0.030792   0.617207   0.648733   0.855406   0.695815   0.936622   0.665417   0.774371   0.037445   0.682978   0.641314   0.880860   0.743266   0.936562   0.716379   0.778908   0.042470   0.680612   0.642839   0.898488   0.777466   0.936016   0.753388   0.778362   0.046042   0.618577   0.651516   0.906829   0.794091   0.934877   0.771470   0.777158   0.048404   0.530878   0.663008   0.906490   0.793490   0.933218   0.770832   0.779150   0.048798   0.440421   0.675094   0.898141   0.776964   0.932339   0.752880   0.786298   0.047365   0.363013   0.686674   0.879817   0.741466   0.932335   0.714478   0.799326   0.043286   0.318136   0.697084   0.853422   0.692100   0.932612   0.661427   0.804794   0.042546   0.306341   0.702418   0.833945   0.656882   0.933392   0.623823   0.800480   0.045082   0.305768   0.703128   0.824580   0.640651   0.934247   0.606632   0.797824   0.044771   0.305530   0.703507   0.816912   0.627589   0.934646   0.592843   0.796492   0.043436   0.305457   0.703681   0.810325   0.616531   0.934496   0.581200   0.795665   0.041604   0.305396   0.703776   0.804609   0.607055   0.934289   0.571248   0.794699   0.039725   0.305288   0.703807   0.799740   0.599081   0.934573   0.562892   0.793265   0.038471   0.305133   0.703828   0.795385   0.592035   0.935313   0.555525   0.791392   0.037763 
 22   0.121436   0.698401   0.762905   0.541150   0.939546   0.502643   0.757804   0.022412   0.304686   0.705922   0.767386   0.547869   0.938746   0.509569   0.765440   0.023376   0.305120   0.704911   0.767909   0.548644   0.940078   0.510365   0.768251   0.024649   0.305534   0.703955   0.768688   0.549816   0.942909   0.511574   0.771239   0.025988   0.305857   0.703250   0.768450   0.549442   0.944562   0.511186   0.772519   0.027054   0.309235   0.701482   0.770010   0.551809   0.944814   0.513630   0.772365   0.027264   0.329731   0.695337   0.778591   0.565121   0.944253   0.527438   0.773957   0.025868   0.374333   0.684924   0.793284   0.588467   0.942969   0.551764   0.783478   0.024574   0.429613   0.674377   0.811268   0.618055   0.942053   0.582795   0.797109   0.026830   0.481423   0.666001   0.831058   0.651818   0.942327   0.618448   0.807776   0.031073   0.517450   0.660869   0.848932   0.683410   0.942625   0.652031   0.814976   0.034565   0.526289   0.659919   0.862512   0.708151   0.942355   0.678482   0.818889   0.036839   0.503895   0.663469   0.870520   0.723039   0.941394   0.694461   0.820416   0.038330   0.457270   0.670533   0.872321   0.726424   0.939857   0.698102   0.821705   0.039071   0.399143   0.679007   0.868398   0.719076   0.939003   0.690204   0.827246   0.037072   0.344725   0.687933   0.855617   0.695597   0.938937   0.665062   0.839306   0.032009   0.314383   0.696383   0.835346   0.659271   0.939134   0.626346   0.843610   0.032027   0.307606   0.700568   0.820648   0.633588   0.939820   0.599105   0.838201   0.035834   0.307177   0.701064   0.813555   0.621588   0.940603   0.586454   0.834703   0.036470   0.306922   0.701333   0.807643   0.611724   0.940970   0.576082   0.832253   0.036026   0.306805   0.701441   0.802524   0.603283   0.940766   0.567226   0.830237   0.034958   0.306764   0.701448   0.798205   0.596229   0.940569   0.559840   0.828427   0.033646   0.306770   0.701369   0.794685   0.590532   0.940906   0.553882   0.826625   0.032790   0.306759   0.701286   0.791554   0.585503   0.941640   0.548633   0.824688   0.032356 
 23   0.122823   0.697676   0.752306   0.525254   0.938566   0.486257   0.758639   0.021272   0.305294   0.704544   0.756679   0.531683   0.937709   0.492859   0.764421   0.021668   0.305772   0.703665   0.757241   0.532501   0.939087   0.493698   0.766565   0.022935   0.306204   0.702803   0.758095   0.533758   0.941939   0.494990   0.769042   0.024360   0.306534   0.702169   0.757966   0.533553   0.943592   0.494775   0.769763   0.025487   0.308120   0.701112   0.758275   0.533991   0.943884   0.495223   0.769439   0.025901   0.320840   0.696916   0.763584   0.541978   0.943380   0.503459   0.770010   0.025102   0.350118   0.689372   0.773701   0.557448   0.942124   0.519463   0.776402   0.023901   0.386658   0.681678   0.786202   0.577057   0.941291   0.539845   0.787340   0.025428   0.420395   0.675548   0.800389   0.599901   0.941717   0.563706   0.796848   0.029051   0.443232   0.671704   0.813381   0.621375   0.942170   0.586244   0.803572   0.032065   0.447653   0.670842   0.823288   0.638117   0.942106   0.603890   0.807627   0.033817   0.431889   0.673195   0.829032   0.647970   0.941360   0.614304   0.809519   0.034735   0.401390   0.678044   0.830146   0.649904   0.940001   0.616353   0.810383   0.034565   0.363567   0.683916   0.827368   0.645134   0.939238   0.611311   0.814748   0.030862   0.328952   0.690578   0.817341   0.628137   0.939200   0.593385   0.825823   0.025619   0.311260   0.696708   0.802385   0.603172   0.939381   0.567134   0.827624   0.026761   0.308110   0.699385   0.792411   0.586853   0.940002   0.550037   0.820036   0.030856   0.307791   0.699737   0.787214   0.578547   0.940679   0.541374   0.816051   0.031660   0.307592   0.699950   0.782774   0.571524   0.940913   0.534063   0.812855   0.031133   0.307448   0.700107   0.778753   0.565225   0.940623   0.527518   0.809819   0.030247   0.307353   0.700187   0.775247   0.559776   0.940315   0.521864   0.806864   0.029667   0.307333   0.700163   0.772415   0.555408   0.940506   0.517339   0.804153   0.029254   0.307365   0.700070   0.770096   0.551856   0.941123   0.513663   0.801670   0.028843 
 24   0.124377   0.697253   0.740167   0.507565   0.934508   0.468120   0.739335   0.021169   0.305760   0.703743   0.744512   0.513793   0.933591   0.474487   0.744676   0.021759   0.306282   0.702944   0.745087   0.514616   0.934929   0.475327   0.746436   0.023086   0.306709   0.702145   0.745982   0.515908   0.937815   0.476650   0.748840   0.024394   0.307061   0.701566   0.745865   0.515727   0.939510   0.476463   0.749726   0.025320   0.308112   0.700836   0.745564   0.515272   0.939813   0.475993   0.749513   0.025750   0.317547   0.697741   0.748837   0.520057   0.939316   0.480902   0.750204   0.025723   0.339807   0.691990   0.755828   0.530396   0.938059   0.491531   0.755798   0.025559   0.367578   0.686136   0.764640   0.543665   0.937283   0.505219   0.765544   0.027488   0.393585   0.681428   0.774790   0.559245   0.937790   0.521348   0.774795   0.030921   0.411610   0.678445   0.784028   0.573701   0.938329   0.536367   0.781723   0.033752   0.415630   0.677699   0.791010   0.584802   0.938387   0.547934   0.786088   0.035328   0.403809   0.679351   0.794833   0.590939   0.937724   0.554340   0.788025   0.035492   0.380400   0.682958   0.795058   0.591300   0.936393   0.554717   0.788241   0.034453   0.350837   0.687646   0.792319   0.586897   0.935615   0.550120   0.789838   0.030488   0.323318   0.693176   0.784017   0.573709   0.935572   0.536380   0.795846   0.025390   0.309859   0.697777   0.772692   0.555945   0.935748   0.517916   0.794179   0.026376   0.307857   0.699489   0.765650   0.545089   0.936348   0.506668   0.786029   0.030032   0.307653   0.699687   0.761933   0.539453   0.936966   0.500848   0.781870   0.030589   0.307550   0.699788   0.758740   0.534653   0.937110   0.495898   0.778129   0.029840   0.307503   0.699858   0.755804   0.530275   0.936759   0.491390   0.774227   0.029298   0.307472   0.699906   0.753142   0.526334   0.936343   0.487337   0.770256   0.029314   0.307470   0.699882   0.750996   0.523181   0.936401   0.484099   0.766750   0.029102   0.307506   0.699794   0.749306   0.520716   0.936946   0.481572   0.763759   0.028704 
