timestamp=                2021-11-15T12:34:02.879488
shape=                    (5, 5)
sigma=                    2.5
nepochs=                  3
thresh=                   None
rate=                     0.005
neighborhood function=    gaussian
init weights=             pca
topology=                 hexagonal
activation distance=      euclidean
output type=              labels
mapfile_prefix=           full2018_5x5_3_005_3_04
apply classification=     False
seed=                     None
random order=             True
custom init file=         None
order labels by size=     False
decay_function=           3

Quantization Error=       0.34762059
Topographic Error=        0.09101304

############ NEURONS #############
 25 192
  0   0.112894   0.681088   0.764206   0.536732   0.935911   0.497492   0.722565   0.024335   0.297752   0.689969   0.769969   0.545450   0.935468   0.506472   0.732580   0.026211   0.298526   0.688453   0.770736   0.546613   0.936673   0.507671   0.735961   0.027085   0.299050   0.687239   0.771302   0.547475   0.938947   0.508560   0.739871   0.027028   0.299437   0.686325   0.770978   0.546958   0.940385   0.508022   0.742957   0.026728   0.308815   0.683148   0.774577   0.552523   0.940570   0.513779   0.744254   0.025730   0.348701   0.673396   0.787383   0.572856   0.940088   0.534914   0.750925   0.024117   0.426640   0.657800   0.808664   0.608010   0.939133   0.571730   0.767654   0.025023   0.525324   0.641577   0.835904   0.655331   0.938132   0.621763   0.783327   0.030427   0.618703   0.628695   0.864377   0.707467   0.937908   0.677440   0.791433   0.037121   0.673418   0.622317   0.887969   0.752808   0.937664   0.726307   0.793573   0.042178   0.664426   0.624585   0.903483   0.783809   0.936966   0.759967   0.792172   0.046006   0.601308   0.633696   0.910282   0.797767   0.935922   0.775200   0.791456   0.048793   0.512984   0.645939   0.908704   0.794669   0.934518   0.771848   0.795012   0.049778   0.420823   0.658647   0.899243   0.775652   0.933720   0.751175   0.806506   0.047266   0.345344   0.670522   0.878995   0.735794   0.933713   0.708018   0.825240   0.041546   0.307910   0.680011   0.853732   0.687659   0.934006   0.656222   0.831564   0.040980   0.300431   0.684259   0.837169   0.657318   0.934651   0.623819   0.826597   0.043491   0.299964   0.684904   0.828442   0.641901   0.935376   0.607468   0.825731   0.042582   0.299692   0.685273   0.821239   0.629391   0.935798   0.594242   0.825755   0.041085   0.299531   0.685481   0.814991   0.618687   0.935799   0.582954   0.825891   0.039245   0.299482   0.685536   0.809660   0.609666   0.935764   0.573464   0.825774   0.037480   0.299458   0.685471   0.805197   0.602200   0.936078   0.565627   0.825128   0.036315   0.299354   0.685408   0.801209   0.595611   0.936710   0.558725   0.824020   0.035386 292066
  1   0.117255   0.682608   0.711710   0.462473   0.905224   0.421903   0.523405   0.033396   0.295344   0.692862   0.726615   0.483209   0.904099   0.442943   0.526879   0.033141   0.296081   0.691247   0.728963   0.486673   0.904773   0.446494   0.522994   0.031737   0.296522   0.690032   0.730325   0.488661   0.906722   0.448526   0.522693   0.030544   0.296902   0.688978   0.731036   0.489729   0.907873   0.449624   0.523577   0.030154   0.302670   0.685975   0.735266   0.495656   0.907970   0.455653   0.524917   0.028813   0.333348   0.676865   0.748600   0.515034   0.907516   0.475490   0.531762   0.024345   0.402418   0.661139   0.769935   0.547281   0.906499   0.508728   0.547966   0.021977   0.495628   0.643663   0.797243   0.590679   0.905742   0.553877   0.564513   0.027174   0.592051   0.628643   0.827483   0.641632   0.905668   0.607463   0.573846   0.036181   0.664875   0.619206   0.854065   0.688971   0.905292   0.657764   0.578101   0.046139   0.682517   0.618542   0.872841   0.723980   0.904554   0.695285   0.580979   0.055533   0.637127   0.626419   0.882389   0.742327   0.903566   0.715061   0.585046   0.062271   0.546717   0.640107   0.882228   0.742069   0.902308   0.714793   0.592363   0.064464   0.441743   0.655361   0.873385   0.725114   0.901559   0.696527   0.607731   0.059287   0.353835   0.669575   0.852499   0.686228   0.901658   0.654864   0.632573   0.046958   0.307606   0.681886   0.822675   0.632908   0.902168   0.598166   0.646654   0.040808   0.297322   0.687517   0.802692   0.598562   0.903025   0.561916   0.645015   0.041498   0.297398   0.687759   0.794242   0.584662   0.903886   0.547367   0.642482   0.040314   0.297626   0.687731   0.787539   0.573822   0.904331   0.536057   0.640662   0.039141   0.297932   0.687523   0.782017   0.565040   0.904502   0.526924   0.639144   0.038337   0.298196   0.687284   0.777214   0.557509   0.904553   0.519111   0.637634   0.037581   0.298418   0.686967   0.773165   0.551218   0.904727   0.512597   0.636140   0.036738   0.298657   0.686544   0.769905   0.546198   0.905200   0.507406   0.634451   0.035834 112843
  2   0.135492   0.691532   0.531755   0.262602   0.495716   0.226739   0.303616   0.069537   0.284137   0.710807   0.559241   0.287202   0.494916   0.249831   0.305641   0.075941   0.283479   0.708821   0.560997   0.288882   0.495127   0.251426   0.299789   0.078401   0.283500   0.706859   0.561488   0.289392   0.496458   0.251917   0.296299   0.080737   0.283343   0.705538   0.560714   0.288689   0.497240   0.251256   0.293389   0.083465   0.293876   0.694535   0.567802   0.295426   0.497123   0.257645   0.293315   0.085551   0.347729   0.659555   0.588433   0.316134   0.496408   0.277475   0.296826   0.094301   0.452665   0.610539   0.613141   0.342564   0.495254   0.303068   0.300481   0.120993   0.572730   0.568445   0.637018   0.369671   0.494682   0.329600   0.303000   0.153354   0.674000   0.543460   0.658586   0.395371   0.494759   0.354976   0.305713   0.176714   0.737143   0.537942   0.674390   0.415064   0.494558   0.374579   0.310605   0.193640   0.746303   0.551568   0.682821   0.425982   0.494215   0.385522   0.318397   0.205004   0.697710   0.581707   0.682717   0.426097   0.493835   0.385683   0.328269   0.209884   0.605886   0.621627   0.673778   0.414971   0.493333   0.374611   0.338364   0.207082   0.492712   0.664456   0.657334   0.394727   0.492871   0.354500   0.346799   0.194685   0.384645   0.702599   0.636248   0.369468   0.492910   0.329530   0.351617   0.168516   0.306168   0.730339   0.611461   0.341128   0.493390   0.301746   0.350489   0.130739   0.275517   0.739090   0.592862   0.320763   0.494024   0.281936   0.343217   0.107207   0.274333   0.734227   0.584857   0.312445   0.494466   0.273923   0.334666   0.102810   0.274221   0.729669   0.579627   0.307147   0.494503   0.268841   0.327383   0.102248   0.273873   0.726043   0.575467   0.302998   0.494584   0.264874   0.320587   0.103265   0.273779   0.723022   0.571612   0.299203   0.494652   0.261252   0.314582   0.103480   0.273813   0.720595   0.567708   0.295410   0.494688   0.257642   0.309185   0.103228   0.273918   0.718381   0.564246   0.292084   0.494977   0.254482   0.304278   0.103443 110853
  3   0.144717   0.684955   0.425513   0.178569   0.273114   0.149434   0.221783   0.204019   0.270398   0.697024   0.412398   0.169550   0.274831   0.141338   0.213048   0.332833   0.269845   0.694082   0.414171   0.170774   0.275105   0.142438   0.213876   0.353237   0.269655   0.691667   0.415303   0.171573   0.276265   0.143159   0.214704   0.365548   0.268997   0.690099   0.415358   0.171649   0.276920   0.143233   0.215407   0.378955   0.283306   0.684072   0.417448   0.173089   0.276817   0.144526   0.215842   0.388965   0.348319   0.662013   0.426874   0.179660   0.276255   0.150441   0.218098   0.385584   0.463695   0.627268   0.442297   0.190823   0.275389   0.160555   0.221168   0.387140   0.585911   0.594913   0.458948   0.203411   0.275209   0.172046   0.223570   0.397688   0.685328   0.571302   0.474430   0.215553   0.275709   0.183200   0.225896   0.395347   0.749010   0.559442   0.486494   0.225336   0.275920   0.192239   0.227850   0.388169   0.764317   0.562668   0.493639   0.231271   0.275903   0.197746   0.229635   0.382445   0.727705   0.581035   0.494997   0.232417   0.275695   0.198812   0.231204   0.378133   0.648354   0.610550   0.490251   0.228454   0.275216   0.195132   0.232061   0.372295   0.537488   0.648124   0.479639   0.219746   0.274645   0.187070   0.231573   0.367346   0.414609   0.689131   0.463340   0.206819   0.274384   0.175171   0.229614   0.369046   0.307394   0.725256   0.442890   0.191261   0.274433   0.160953   0.225918   0.378695   0.257074   0.739286   0.428509   0.180713   0.274723   0.151374   0.221349   0.392682   0.253036   0.734037   0.423121   0.176976   0.274986   0.148014   0.217674   0.403242   0.253049   0.727584   0.419582   0.174579   0.274961   0.145866   0.214985   0.412725   0.253166   0.721978   0.416551   0.172548   0.275008   0.144051   0.212846   0.420557   0.253201   0.717283   0.413887   0.170775   0.275057   0.142467   0.210858   0.421476   0.253137   0.713322   0.411656   0.169300   0.275073   0.141151   0.208838   0.419721   0.253057   0.709832   0.409880   0.168141   0.275299   0.140120   0.207088   0.419809 111574
  4   0.155187   0.686129   0.370425   0.142002   0.199765   0.116802   0.197907   0.104171   0.285701   0.699255   0.351584   0.130250   0.199327   0.106426   0.189354   0.145414   0.286810   0.696595   0.353186   0.131124   0.199733   0.107180   0.190596   0.152951   0.287395   0.694847   0.353764   0.131443   0.200952   0.107456   0.191729   0.159604   0.287704   0.693657   0.353535   0.131309   0.201684   0.107339   0.192426   0.166782   0.297579   0.685304   0.356948   0.133272   0.201667   0.109048   0.193673   0.172480   0.342377   0.658793   0.367097   0.139346   0.201176   0.114372   0.195884   0.182905   0.426267   0.620750   0.380134   0.147477   0.200366   0.121547   0.198367   0.201736   0.520878   0.586240   0.393361   0.155996   0.200151   0.129107   0.201384   0.216578   0.603084   0.561336   0.406025   0.164395   0.200599   0.136597   0.204570   0.220343   0.655686   0.551298   0.416223   0.171345   0.200803   0.142825   0.207619   0.221025   0.663668   0.559756   0.422308   0.175583   0.200774   0.146636   0.210719   0.221801   0.625697   0.584199   0.423494   0.176425   0.200548   0.147396   0.213477   0.220890   0.554088   0.618312   0.419598   0.173696   0.200034   0.144940   0.215123   0.214973   0.464201   0.657112   0.411221   0.167894   0.199482   0.139727   0.215089   0.206484   0.374399   0.695139   0.398697   0.159449   0.199306   0.132174   0.213560   0.199107   0.306918   0.723684   0.383432   0.149517   0.199424   0.123345   0.210698   0.189404   0.279222   0.733350   0.371785   0.142196   0.199732   0.116875   0.206971   0.183208   0.277084   0.729871   0.365736   0.138544   0.199999   0.113669   0.203307   0.182997   0.277044   0.725653   0.361246   0.135888   0.199994   0.111345   0.200289   0.186003   0.277322   0.721829   0.357263   0.133564   0.200018   0.109317   0.197967   0.189062   0.277197   0.718778   0.353628   0.131469   0.200009   0.107492   0.195654   0.187626   0.276544   0.716524   0.350399   0.129627   0.199988   0.105891   0.193004   0.185258   0.276017   0.714494   0.347787   0.128151   0.200192   0.104609   0.190477   0.185164 200565
  5   0.114717   0.679524   0.763009   0.534848   0.938641   0.495537   0.755489   0.021678   0.300286   0.687075   0.770860   0.546727   0.938100   0.507774   0.764675   0.021611   0.300745   0.685875   0.771988   0.548450   0.939119   0.509552   0.769025   0.022293   0.301145   0.684803   0.773015   0.550028   0.941389   0.511182   0.773845   0.022701   0.301469   0.683993   0.773045   0.550063   0.942777   0.511217   0.777278   0.023109   0.305280   0.682316   0.774361   0.552079   0.943031   0.513299   0.778140   0.023153   0.325464   0.676841   0.781223   0.562855   0.942686   0.524476   0.780004   0.022825   0.366262   0.667517   0.793599   0.582750   0.941817   0.545203   0.789252   0.022915   0.414814   0.657969   0.809316   0.608803   0.940972   0.572504   0.801740   0.025471   0.458022   0.650535   0.826641   0.638460   0.941053   0.603767   0.811310   0.029758   0.485109   0.646275   0.842183   0.665891   0.941141   0.632854   0.817726   0.033337   0.487830   0.645969   0.853639   0.686655   0.940722   0.654980   0.821706   0.035793   0.465430   0.649460   0.860059   0.698499   0.939881   0.667643   0.824331   0.037117   0.424251   0.655714   0.861045   0.700338   0.938600   0.669613   0.827199   0.036882   0.373359   0.663017   0.856997   0.692839   0.937829   0.661589   0.835737   0.033045   0.328582   0.670834   0.844445   0.670014   0.937782   0.637251   0.850318   0.028034   0.307233   0.677170   0.828093   0.640860   0.938017   0.606280   0.855890   0.029242   0.303748   0.679656   0.818083   0.623468   0.938611   0.587895   0.852056   0.032962   0.303354   0.680178   0.812530   0.614054   0.939273   0.577989   0.849682   0.033476   0.303059   0.680526   0.807763   0.606066   0.939592   0.569602   0.848195   0.032933   0.302865   0.680741   0.803573   0.599109   0.939511   0.562310   0.846975   0.031914   0.302726   0.680855   0.799986   0.593198   0.939441   0.556122   0.845774   0.030872   0.302625   0.680890   0.796975   0.588275   0.939708   0.550977   0.844325   0.030232   0.302535   0.680893   0.794332   0.583985   0.940270   0.546501   0.842772   0.029878 665350
  6   0.115459   0.680679   0.741637   0.503533   0.934318   0.463463   0.676249   0.025765   0.298169   0.689242   0.751864   0.518246   0.933584   0.478482   0.683655   0.025240   0.298730   0.687839   0.753281   0.520299   0.934467   0.480580   0.685062   0.025050   0.299072   0.686710   0.754357   0.521877   0.936562   0.482196   0.687513   0.024676   0.299346   0.685865   0.754452   0.522008   0.937798   0.482329   0.688927   0.024570   0.304039   0.684098   0.755994   0.524269   0.937906   0.484645   0.688577   0.024059   0.328930   0.678031   0.763412   0.535478   0.937462   0.496190   0.689922   0.022987   0.381856   0.666701   0.777344   0.557109   0.936539   0.518583   0.698898   0.023087   0.451577   0.653671   0.796781   0.588450   0.935805   0.551257   0.711563   0.026872   0.522043   0.642338   0.819617   0.626850   0.935866   0.591610   0.720660   0.033000   0.573167   0.635158   0.840740   0.663895   0.935747   0.630847   0.725797   0.038753   0.585792   0.634073   0.856583   0.692700   0.935195   0.661564   0.728836   0.043277   0.553946   0.639182   0.865602   0.709506   0.934313   0.679570   0.731603   0.046056   0.489132   0.648640   0.867379   0.712863   0.933091   0.683176   0.735887   0.046464   0.411254   0.659684   0.862188   0.703120   0.932298   0.672725   0.745101   0.042803   0.343993   0.670399   0.847471   0.676047   0.932210   0.643790   0.760019   0.035851   0.308519   0.679148   0.826465   0.638498   0.932479   0.603878   0.766884   0.034952   0.300300   0.683045   0.811890   0.613246   0.933109   0.577193   0.763967   0.038511   0.299930   0.683523   0.804631   0.601100   0.933793   0.564443   0.762012   0.038954   0.299782   0.683777   0.798565   0.591101   0.934139   0.553976   0.761010   0.038213   0.299747   0.683890   0.793326   0.582572   0.934221   0.545068   0.760418   0.037016   0.299771   0.683898   0.788796   0.575270   0.934268   0.537455   0.759821   0.035806   0.299791   0.683873   0.784879   0.569020   0.934511   0.530952   0.758855   0.034760   0.299790   0.683802   0.781524   0.563724   0.935026   0.525453   0.757645   0.033818 329836
  7   0.126133   0.678510   0.648692   0.383108   0.750056   0.342762   0.448282   0.040822   0.298046   0.685106   0.672964   0.411290   0.748102   0.370449   0.455211   0.040022   0.298685   0.684071   0.676474   0.415636   0.748559   0.374766   0.452439   0.035959   0.299318   0.683077   0.679750   0.419687   0.750284   0.378789   0.451846   0.033464   0.299870   0.682206   0.682038   0.422517   0.751353   0.381599   0.451142   0.032407   0.301472   0.680544   0.685155   0.426427   0.751436   0.385492   0.450585   0.031351   0.313137   0.674934   0.694768   0.438970   0.751067   0.398072   0.451011   0.027468   0.341677   0.665795   0.707679   0.456190   0.750264   0.415409   0.456840   0.024020   0.380086   0.656782   0.719402   0.472323   0.749914   0.431747   0.467403   0.026556   0.418847   0.649298   0.731856   0.490003   0.750229   0.449756   0.477319   0.033155   0.447113   0.644743   0.743205   0.506599   0.750177   0.466755   0.486348   0.040398   0.453053   0.644596   0.751222   0.518631   0.749820   0.479139   0.495290   0.046655   0.434862   0.648809   0.754417   0.523516   0.749276   0.484184   0.504666   0.050872   0.400337   0.656093   0.751918   0.519767   0.748396   0.480325   0.514290   0.051605   0.359342   0.664849   0.744174   0.508199   0.747601   0.468428   0.524445   0.047501   0.323458   0.673678   0.730793   0.488672   0.747467   0.448435   0.536234   0.039031   0.304487   0.680253   0.715205   0.466501   0.747781   0.425844   0.542224   0.034356   0.300506   0.682612   0.705993   0.453707   0.748343   0.412866   0.540077   0.034358   0.300594   0.682640   0.702562   0.449082   0.748878   0.408201   0.536923   0.033346   0.300712   0.682555   0.699821   0.445431   0.749115   0.404526   0.534380   0.032466   0.300832   0.682440   0.697396   0.442231   0.749302   0.401310   0.532270   0.032156   0.300897   0.682367   0.695109   0.439237   0.749343   0.398306   0.530126   0.032153   0.300926   0.682281   0.693144   0.436677   0.749359   0.395739   0.527885   0.032141   0.300975   0.682112   0.691647   0.434738   0.749693   0.393798   0.525820   0.032020 231404
  8   0.143868   0.688537   0.459149   0.202168   0.357513   0.170689   0.252052   0.073941   0.283462   0.705280   0.467359   0.207897   0.357252   0.175837   0.245826   0.086493   0.282744   0.704181   0.467737   0.208202   0.357615   0.176119   0.242709   0.088758   0.282512   0.702753   0.468042   0.208457   0.358919   0.176355   0.240367   0.092133   0.282207   0.701455   0.467756   0.208275   0.359682   0.176194   0.238314   0.097434   0.294077   0.689929   0.475597   0.214226   0.359595   0.181623   0.239560   0.102046   0.350393   0.656457   0.495834   0.230407   0.358966   0.196518   0.243962   0.111745   0.456523   0.612386   0.518740   0.250013   0.357968   0.214775   0.247237   0.137838   0.575973   0.574890   0.539964   0.269238   0.357568   0.232855   0.249809   0.166527   0.677312   0.549514   0.558528   0.286772   0.357826   0.249467   0.253315   0.180101   0.741026   0.539866   0.572416   0.300383   0.357814   0.262447   0.258114   0.185802   0.749874   0.549488   0.580241   0.308330   0.357604   0.270072   0.264284   0.189675   0.701121   0.576520   0.580760   0.309010   0.357270   0.270751   0.271459   0.191086   0.609818   0.614143   0.573622   0.301952   0.356744   0.264010   0.278130   0.187362   0.497152   0.655559   0.560199   0.288750   0.356236   0.251411   0.282401   0.177480   0.387710   0.694164   0.542028   0.271376   0.356179   0.234913   0.283569   0.158851   0.305585   0.724867   0.518135   0.249716   0.356493   0.214536   0.280935   0.131098   0.271879   0.737137   0.498961   0.233123   0.356975   0.199053   0.273814   0.115042   0.269945   0.734055   0.490481   0.226164   0.357340   0.192618   0.266151   0.114008   0.269982   0.729863   0.485091   0.221823   0.357360   0.188618   0.260395   0.115732   0.270096   0.726049   0.480740   0.218381   0.357415   0.185455   0.255591   0.118661   0.270380   0.722745   0.476629   0.215172   0.357449   0.182514   0.251555   0.119375   0.270491   0.720087   0.472635   0.212094   0.357459   0.179698   0.247685   0.118787   0.270570   0.717599   0.469368   0.209620   0.357707   0.177441   0.243971   0.118982 214512
  9   0.154396   0.680218   0.407941   0.165194   0.256926   0.137241   0.231413   0.054609   0.295655   0.688261   0.401025   0.160212   0.256363   0.132738   0.225472   0.065364   0.296450   0.687042   0.401863   0.160712   0.256795   0.133176   0.226885   0.068075   0.296801   0.686313   0.401907   0.160726   0.258108   0.133186   0.227996   0.070460   0.296960   0.685779   0.401574   0.160505   0.258932   0.132989   0.228607   0.072824   0.301481   0.681203   0.403610   0.161827   0.258930   0.134164   0.229585   0.074838   0.327506   0.664187   0.410886   0.166695   0.258424   0.138509   0.231829   0.078663   0.381242   0.638058   0.420774   0.173485   0.257584   0.144597   0.235929   0.089767   0.443254   0.614870   0.431017   0.180693   0.257282   0.151086   0.241719   0.103931   0.495163   0.599916   0.441148   0.187971   0.257665   0.157663   0.248085   0.113383   0.524387   0.596051   0.449141   0.193833   0.257843   0.162977   0.254265   0.120079   0.523580   0.603962   0.453504   0.197100   0.257770   0.165950   0.259532   0.124600   0.494898   0.620769   0.453784   0.197322   0.257498   0.166155   0.263149   0.125420   0.447416   0.642315   0.450029   0.194501   0.256950   0.163587   0.264647   0.120526   0.392066   0.665309   0.443148   0.189383   0.256385   0.158936   0.263928   0.111182   0.340402   0.686777   0.433968   0.182696   0.256251   0.152879   0.261437   0.100366   0.306430   0.701350   0.424117   0.175697   0.256448   0.146567   0.257564   0.090324   0.294871   0.705541   0.417345   0.171003   0.256821   0.142353   0.253230   0.085441   0.294026   0.704039   0.413898   0.168680   0.257139   0.140276   0.249494   0.084686   0.293789   0.702385   0.411086   0.166803   0.257175   0.138601   0.246515   0.086374   0.293673   0.700884   0.408420   0.165043   0.257213   0.137033   0.244048   0.088321   0.293355   0.699638   0.405908   0.163405   0.257204   0.135577   0.241537   0.087506   0.292864   0.698653   0.403667   0.161960   0.257194   0.134296   0.238796   0.086291   0.292436   0.697783   0.401750   0.160736   0.257423   0.133211   0.236135   0.086647 348398
 10   0.116511   0.678460   0.753906   0.521035   0.942506   0.481300   0.769845   0.019029   0.301689   0.685062   0.762870   0.534371   0.941925   0.494995   0.776797   0.017790   0.302031   0.684050   0.764279   0.536498   0.942804   0.497184   0.780777   0.018457   0.302372   0.683106   0.765545   0.538418   0.944940   0.499163   0.785309   0.019072   0.302659   0.682400   0.765836   0.538857   0.946321   0.499615   0.788315   0.019758   0.303653   0.681628   0.765829   0.538834   0.946640   0.499589   0.789650   0.020115   0.312402   0.678927   0.768505   0.542929   0.946375   0.503817   0.789321   0.020599   0.333813   0.673312   0.775015   0.553022   0.945560   0.514260   0.792556   0.020847   0.361453   0.666802   0.784218   0.567551   0.944807   0.529345   0.800929   0.021980   0.387264   0.661308   0.795374   0.585537   0.945054   0.548093   0.809027   0.024724   0.404291   0.657853   0.805999   0.603031   0.945296   0.566400   0.814733   0.027250   0.406840   0.657090   0.814073   0.616579   0.945044   0.580627   0.818258   0.028630   0.394231   0.658995   0.818786   0.624591   0.944416   0.589063   0.820299   0.028853   0.370338   0.662984   0.819709   0.626175   0.943333   0.590732   0.822295   0.027852   0.341092   0.667824   0.817243   0.621971   0.942635   0.586305   0.829347   0.023999   0.316370   0.673151   0.808751   0.607665   0.942553   0.571270   0.842922   0.020410   0.305631   0.677049   0.798579   0.590706   0.942710   0.553481   0.848843   0.021992   0.304322   0.678233   0.793085   0.581704   0.943215   0.544069   0.845522   0.024788   0.304126   0.678543   0.789626   0.576120   0.943798   0.538248   0.842941   0.025590   0.303956   0.678791   0.786463   0.571055   0.944039   0.532976   0.840675   0.025695   0.303814   0.678980   0.783527   0.566387   0.943899   0.528122   0.838676   0.025325   0.303722   0.679082   0.780987   0.562371   0.943778   0.523952   0.836979   0.024830   0.303682   0.679101   0.778909   0.559105   0.943971   0.520563   0.835362   0.024459   0.303681   0.679060   0.777187   0.556413   0.944447   0.517773   0.833816   0.024289 1044730
 11   0.117893   0.679374   0.738658   0.499034   0.934276   0.458831   0.703910   0.022085   0.300969   0.686804   0.749041   0.513903   0.933523   0.473996   0.710979   0.021137   0.301337   0.685631   0.750666   0.516259   0.934307   0.476403   0.713838   0.021289   0.301674   0.684546   0.752191   0.518491   0.936346   0.478688   0.717657   0.020962   0.301956   0.683726   0.752734   0.519281   0.937595   0.479496   0.720369   0.021008   0.303415   0.682741   0.753227   0.519990   0.937767   0.480219   0.721091   0.020983   0.315619   0.679184   0.757432   0.526267   0.937450   0.486670   0.720751   0.020606   0.344432   0.671825   0.766633   0.540239   0.936627   0.501073   0.725750   0.019926   0.380812   0.663320   0.779511   0.560284   0.935972   0.521831   0.736603   0.020758   0.415237   0.656145   0.794838   0.584831   0.936264   0.547389   0.746476   0.023658   0.439233   0.651589   0.809268   0.608622   0.936397   0.572292   0.753195   0.026823   0.445499   0.650435   0.820412   0.627474   0.936049   0.592121   0.757743   0.029352   0.431925   0.652680   0.827288   0.639319   0.935334   0.604623   0.761068   0.030752   0.401365   0.657727   0.829329   0.642872   0.934181   0.608379   0.764294   0.030466   0.361644   0.663985   0.827014   0.638848   0.933390   0.604126   0.771869   0.027211   0.325598   0.670778   0.817463   0.622489   0.933275   0.586879   0.785364   0.023096   0.307369   0.676499   0.803511   0.598960   0.933464   0.562146   0.793296   0.024717   0.304001   0.678891   0.794381   0.583872   0.933992   0.546345   0.792088   0.028873   0.303675   0.679388   0.789571   0.576102   0.934597   0.538243   0.789832   0.030053   0.303416   0.679745   0.785400   0.569438   0.934893   0.531308   0.788197   0.030099   0.303222   0.679997   0.781693   0.563572   0.934918   0.525215   0.786804   0.029605   0.303103   0.680142   0.778506   0.558564   0.934913   0.520020   0.785447   0.028975   0.303049   0.680196   0.775850   0.554417   0.935118   0.515723   0.783922   0.028428   0.303003   0.680203   0.773586   0.550904   0.935595   0.512087   0.782424   0.027914 784281
 12   0.125046   0.677730   0.672632   0.411275   0.774665   0.370498   0.576709   0.030838   0.301032   0.683925   0.688194   0.430120   0.773601   0.389147   0.584916   0.031972   0.301532   0.683450   0.688080   0.430017   0.774198   0.389052   0.584394   0.029759   0.301972   0.682860   0.688365   0.430411   0.775964   0.389451   0.585715   0.028819   0.302274   0.682410   0.688041   0.430009   0.777079   0.389052   0.586202   0.028571   0.303167   0.681740   0.687569   0.429415   0.777110   0.388460   0.585848   0.028172   0.312278   0.678430   0.689973   0.432609   0.776534   0.391674   0.585795   0.026782   0.336755   0.671533   0.695163   0.439475   0.775510   0.398576   0.590866   0.026195   0.370257   0.664004   0.701066   0.447321   0.775063   0.406470   0.601805   0.029630   0.401237   0.658255   0.707386   0.455822   0.775433   0.415043   0.613446   0.035525   0.421581   0.655086   0.713052   0.463542   0.775520   0.422846   0.623256   0.040830   0.424797   0.655125   0.717020   0.468996   0.775291   0.428368   0.630611   0.044394   0.408874   0.658497   0.718165   0.470572   0.774853   0.429964   0.635461   0.044974   0.379912   0.664314   0.716003   0.467571   0.774122   0.426921   0.637872   0.041954   0.346816   0.671264   0.711205   0.460958   0.773416   0.420223   0.638428   0.036082   0.318865   0.677901   0.704437   0.451706   0.773293   0.410865   0.638901   0.029779   0.304831   0.681959   0.697841   0.442768   0.773609   0.401841   0.637256   0.026913   0.302226   0.682824   0.694522   0.438315   0.774134   0.397353   0.632743   0.026596   0.302312   0.682510   0.693442   0.436891   0.774580   0.395922   0.628327   0.026277   0.302413   0.682206   0.692444   0.435585   0.774667   0.394612   0.624367   0.026258   0.302514   0.681949   0.691389   0.434215   0.774738   0.393240   0.620824   0.026672   0.302614   0.681738   0.690275   0.432778   0.774757   0.391802   0.617458   0.027307   0.302689   0.681531   0.689255   0.431469   0.774787   0.390493   0.614179   0.027665   0.302753   0.681298   0.688474   0.430469   0.775109   0.389494   0.611194   0.027888 320388
 13   0.142532   0.679489   0.519320   0.250651   0.460573   0.215390   0.332180   0.039102   0.297793   0.687175   0.531962   0.260836   0.459783   0.224765   0.333955   0.043408   0.298343   0.686442   0.532076   0.260899   0.460250   0.224818   0.333766   0.041401   0.298597   0.685774   0.532083   0.260890   0.461705   0.224806   0.333663   0.041160   0.298775   0.685206   0.531877   0.260702   0.462616   0.224630   0.333393   0.041716   0.301762   0.682043   0.533918   0.262515   0.462607   0.226328   0.334141   0.042213   0.322810   0.670232   0.541372   0.269357   0.462046   0.232774   0.337036   0.042249   0.369879   0.651338   0.550352   0.277823   0.461105   0.240786   0.343864   0.046839   0.425960   0.633926   0.558810   0.286010   0.460724   0.248571   0.354140   0.057476   0.470312   0.623201   0.567097   0.294179   0.461060   0.256365   0.364742   0.068591   0.491197   0.620833   0.573145   0.300254   0.461162   0.262181   0.374444   0.077479   0.484139   0.626915   0.575938   0.303115   0.461014   0.264929   0.382457   0.083291   0.454282   0.639222   0.574977   0.302164   0.460685   0.264022   0.388193   0.084616   0.412514   0.654224   0.570419   0.297554   0.460101   0.259603   0.391223   0.080315   0.367656   0.669556   0.563272   0.290399   0.459502   0.252758   0.391388   0.070979   0.328930   0.683076   0.555019   0.282295   0.459377   0.245032   0.388931   0.059216   0.305792   0.691638   0.547397   0.274971   0.459634   0.238076   0.384039   0.050326   0.298791   0.693838   0.542964   0.270791   0.460072   0.234119   0.377949   0.047015   0.298224   0.693055   0.541108   0.269087   0.460435   0.232515   0.372424   0.046670   0.297768   0.692385   0.539403   0.267544   0.460481   0.231065   0.367556   0.047535   0.297303   0.691866   0.537745   0.266055   0.460535   0.229667   0.363079   0.048737   0.296967   0.691348   0.536226   0.264691   0.460548   0.228387   0.359015   0.049256   0.296728   0.690856   0.534755   0.263378   0.460556   0.227155   0.355224   0.049446   0.296508   0.690407   0.533439   0.262214   0.460824   0.226066   0.351710   0.049838 370342
 14   0.148895   0.678992   0.464918   0.205801   0.361627   0.173891   0.282694   0.047058   0.297955   0.686161   0.471257   0.210060   0.361052   0.177687   0.281409   0.053710   0.298428   0.685362   0.471649   0.210316   0.361472   0.177913   0.281790   0.054294   0.298726   0.684613   0.472089   0.210635   0.362846   0.178202   0.282292   0.055446   0.298928   0.683979   0.472227   0.210737   0.363714   0.178295   0.282557   0.057204   0.301909   0.681032   0.473927   0.212056   0.363697   0.179502   0.283337   0.058733   0.322199   0.669377   0.480174   0.217038   0.363164   0.184082   0.285928   0.059975   0.366960   0.650205   0.488841   0.224117   0.362284   0.190618   0.291350   0.066523   0.420142   0.632371   0.498140   0.231889   0.361937   0.197823   0.298877   0.078855   0.463663   0.620935   0.507429   0.239788   0.362281   0.205168   0.306823   0.090308   0.486268   0.617974   0.514530   0.245943   0.362419   0.210910   0.314097   0.099318   0.483308   0.623606   0.518342   0.249321   0.362308   0.214074   0.319902   0.105444   0.458569   0.635505   0.518413   0.249417   0.361994   0.214170   0.323775   0.107417   0.419850   0.650655   0.514704   0.246164   0.361420   0.211129   0.325266   0.103297   0.374518   0.667135   0.507938   0.240258   0.360838   0.205612   0.324398   0.093556   0.332484   0.682688   0.499237   0.232800   0.360709   0.198667   0.321651   0.081167   0.306043   0.693104   0.490418   0.225406   0.360942   0.191808   0.317177   0.071182   0.297755   0.696022   0.484835   0.220809   0.361362   0.187558   0.312128   0.067322   0.297242   0.695090   0.482302   0.218767   0.361720   0.185677   0.307915   0.066963   0.296951   0.694173   0.480147   0.217051   0.361776   0.184100   0.304408   0.068261   0.296712   0.693334   0.478222   0.215533   0.361827   0.182706   0.301331   0.069840   0.296539   0.692494   0.476547   0.214220   0.361834   0.181503   0.298499   0.069863   0.296324   0.691780   0.474999   0.213015   0.361842   0.180399   0.295755   0.069242   0.296007   0.691235   0.473615   0.211951   0.362095   0.179426   0.293072   0.069395 385452
 15   0.118503   0.677976   0.738283   0.498158   0.939898   0.457874   0.746774   0.018684   0.302004   0.684155   0.747367   0.511220   0.939192   0.471204   0.752239   0.017413   0.302363   0.683239   0.748901   0.513455   0.939981   0.473490   0.755187   0.018309   0.302719   0.682365   0.750319   0.515533   0.942016   0.475619   0.758846   0.018959   0.303005   0.681732   0.750708   0.516100   0.943305   0.476198   0.761521   0.019467   0.303492   0.681218   0.750426   0.515671   0.943554   0.475756   0.762928   0.019645   0.309421   0.679320   0.751997   0.517984   0.943292   0.478127   0.762233   0.020190   0.325654   0.674876   0.756812   0.525167   0.942514   0.485506   0.764218   0.020561   0.347616   0.669385   0.764153   0.536282   0.941862   0.496957   0.771818   0.021407   0.368742   0.664571   0.773473   0.550647   0.942216   0.511805   0.780058   0.023718   0.383429   0.661389   0.782611   0.564988   0.942516   0.526679   0.786094   0.025929   0.386054   0.660554   0.789680   0.576273   0.942347   0.538420   0.789898   0.027017   0.375620   0.662119   0.793813   0.582948   0.941802   0.545380   0.792030   0.027052   0.355890   0.665507   0.794487   0.584051   0.940796   0.546532   0.793946   0.026108   0.332469   0.669602   0.792096   0.580189   0.940118   0.542506   0.800431   0.022870   0.313266   0.674070   0.784713   0.568362   0.940038   0.530193   0.811652   0.020505   0.305139   0.677247   0.776300   0.555004   0.940190   0.516309   0.814972   0.022656   0.304235   0.678153   0.771848   0.548048   0.940656   0.509101   0.810812   0.025187   0.304102   0.678388   0.768969   0.543603   0.941194   0.504506   0.808047   0.025655   0.303995   0.678562   0.766397   0.539661   0.941421   0.500435   0.805715   0.025553   0.303911   0.678708   0.763995   0.536001   0.941327   0.496660   0.803418   0.025310   0.303860   0.678803   0.761871   0.532781   0.941219   0.493341   0.801267   0.025048   0.303836   0.678831   0.760121   0.530140   0.941370   0.490623   0.799425   0.024711   0.303841   0.678804   0.758707   0.528014   0.941809   0.488435   0.797691   0.024456 1282701
 16   0.120031   0.679063   0.721399   0.474550   0.931238   0.433903   0.679527   0.023899   0.301382   0.686255   0.732825   0.490336   0.930343   0.449897   0.683615   0.021923   0.301693   0.685196   0.734467   0.492644   0.930994   0.452242   0.683870   0.021697   0.301988   0.684182   0.736061   0.494905   0.932847   0.454543   0.685506   0.020966   0.302231   0.683420   0.736705   0.495821   0.933949   0.455477   0.686756   0.020480   0.302864   0.682758   0.736738   0.495859   0.934029   0.455514   0.686917   0.020177   0.310154   0.680529   0.738920   0.498997   0.933661   0.458716   0.685244   0.019913   0.329743   0.675171   0.744916   0.507715   0.932854   0.467631   0.686464   0.019407   0.355860   0.668321   0.754048   0.521211   0.932357   0.481474   0.693773   0.020084   0.380510   0.662304   0.765407   0.538360   0.932765   0.499133   0.702278   0.022489   0.397994   0.658261   0.776613   0.555661   0.932954   0.517022   0.708648   0.024948   0.402781   0.656940   0.785627   0.569870   0.932701   0.531772   0.713086   0.026458   0.392472   0.658574   0.791263   0.578891   0.932117   0.541162   0.716562   0.026858   0.370024   0.662612   0.792856   0.581463   0.931112   0.543844   0.720202   0.025958   0.341786   0.667697   0.790797   0.578152   0.930379   0.540394   0.727429   0.022719   0.317190   0.673245   0.782796   0.565413   0.930281   0.527146   0.739565   0.019881   0.305625   0.677420   0.772605   0.549342   0.930506   0.510464   0.745893   0.021883   0.303830   0.678803   0.766818   0.540360   0.931040   0.501167   0.743746   0.025214   0.303706   0.679073   0.763519   0.535323   0.931592   0.495970   0.741160   0.026365   0.303599   0.679284   0.760555   0.530833   0.931813   0.491343   0.739170   0.026691   0.303517   0.679445   0.757857   0.526777   0.931843   0.487170   0.737476   0.026728   0.303461   0.679574   0.755392   0.523094   0.931823   0.483385   0.735902   0.026732   0.303429   0.679664   0.753197   0.519834   0.931949   0.480038   0.734483   0.026696   0.303432   0.679686   0.751340   0.517088   0.932364   0.477221   0.733253   0.026669 742077
 17   0.122068   0.679417   0.698398   0.443648   0.926345   0.402750   0.581440   0.024690   0.300662   0.687023   0.710714   0.459781   0.925235   0.418939   0.584478   0.023860   0.300960   0.686091   0.711932   0.461397   0.925754   0.420563   0.582415   0.023485   0.301246   0.685174   0.713141   0.463023   0.927431   0.422203   0.582802   0.022538   0.301502   0.684463   0.713533   0.463549   0.928459   0.422733   0.583574   0.022180   0.302079   0.683891   0.713317   0.463250   0.928591   0.422430   0.583758   0.022119   0.309031   0.681970   0.715492   0.466241   0.928317   0.425457   0.582880   0.021623   0.327657   0.677127   0.721785   0.474959   0.927629   0.434294   0.584857   0.020328   0.352449   0.670688   0.730943   0.487846   0.927279   0.447395   0.593199   0.020238   0.375951   0.664786   0.742075   0.503870   0.927723   0.463752   0.604295   0.021920   0.392842   0.660596   0.753382   0.520549   0.927910   0.480855   0.613604   0.023753   0.398266   0.658953   0.762754   0.534693   0.927690   0.495421   0.620562   0.025070   0.389754   0.660149   0.768643   0.543742   0.927099   0.504770   0.626613   0.025564   0.368819   0.663722   0.770267   0.546286   0.926037   0.507408   0.633124   0.024590   0.341222   0.668416   0.768000   0.542824   0.925232   0.503835   0.642494   0.021451   0.316731   0.673943   0.759204   0.529441   0.925051   0.490033   0.654098   0.019415   0.304890   0.678451   0.747995   0.512542   0.925216   0.472634   0.659367   0.022054   0.302926   0.680018   0.741756   0.503298   0.925758   0.463146   0.657844   0.025437   0.302822   0.680261   0.738440   0.498486   0.926354   0.458227   0.655895   0.026508   0.302768   0.680420   0.735614   0.494428   0.926653   0.454087   0.654103   0.026771   0.302777   0.680535   0.733032   0.490751   0.926761   0.450341   0.652520   0.027095   0.302833   0.680605   0.730668   0.487405   0.926762   0.446935   0.650896   0.027685   0.302926   0.680614   0.728634   0.484540   0.926863   0.444023   0.649511   0.028177   0.303039   0.680565   0.726934   0.482154   0.927221   0.441599   0.648669   0.028461 334777
 18   0.131230   0.677475   0.625164   0.355578   0.675704   0.315678   0.482507   0.033640   0.300581   0.683332   0.638192   0.369196   0.674460   0.328803   0.488382   0.036069   0.301130   0.682663   0.638970   0.370039   0.674999   0.329619   0.487395   0.033189   0.301609   0.681888   0.640186   0.371418   0.676656   0.330968   0.487986   0.031647   0.301917   0.681345   0.640493   0.371762   0.677688   0.331303   0.488403   0.031129   0.303113   0.680298   0.640897   0.372225   0.677697   0.331757   0.488552   0.030775   0.314355   0.675525   0.645064   0.377152   0.677144   0.336611   0.489708   0.029468   0.343103   0.666643   0.651678   0.385032   0.676170   0.344384   0.496302   0.029670   0.380842   0.657710   0.658230   0.392944   0.675764   0.352206   0.508194   0.034430   0.413613   0.651530   0.664763   0.400950   0.676138   0.360144   0.520593   0.041746   0.432532   0.648916   0.669797   0.407200   0.676245   0.366356   0.531441   0.048212   0.432462   0.650174   0.672609   0.410728   0.676062   0.369869   0.539801   0.052140   0.413870   0.654945   0.672602   0.410726   0.675676   0.369869   0.545360   0.052774   0.383514   0.661994   0.669493   0.406842   0.675000   0.366004   0.547996   0.049607   0.349445   0.670054   0.664060   0.400101   0.674314   0.359306   0.547983   0.043139   0.320547   0.677655   0.657187   0.391655   0.674164   0.350927   0.546967   0.036128   0.305277   0.682474   0.650634   0.383685   0.674442   0.343036   0.544017   0.032945   0.301964   0.683639   0.647303   0.379676   0.674928   0.339075   0.539012   0.032820   0.301995   0.683290   0.646257   0.378442   0.675344   0.337860   0.534529   0.032643   0.302065   0.682950   0.645205   0.377209   0.675424   0.336647   0.530833   0.032636   0.302130   0.682658   0.644155   0.375985   0.675503   0.335445   0.527647   0.032920   0.302188   0.682406   0.643094   0.374755   0.675530   0.334238   0.524616   0.033193   0.302243   0.682132   0.642177   0.373694   0.675549   0.333196   0.521702   0.033255   0.302280   0.681827   0.641577   0.373003   0.675849   0.332519   0.519054   0.033171 370400
 19   0.136351   0.678030   0.576433   0.304472   0.575587   0.266364   0.397415   0.037296   0.299007   0.684392   0.590504   0.317242   0.574504   0.278360   0.402067   0.040349   0.299590   0.683740   0.591175   0.317885   0.575022   0.278971   0.401648   0.036506   0.299993   0.683059   0.591616   0.318322   0.576589   0.279387   0.402370   0.035326   0.300254   0.682548   0.591504   0.318192   0.577568   0.279261   0.403008   0.035138   0.302124   0.680671   0.592631   0.319337   0.577581   0.280358   0.403794   0.035183   0.317625   0.673173   0.598507   0.325537   0.577035   0.286343   0.406245   0.034247   0.354789   0.660654   0.606107   0.333697   0.576087   0.294244   0.413868   0.036052   0.401019   0.648914   0.612913   0.341146   0.575710   0.301482   0.425975   0.043288   0.438679   0.641442   0.619640   0.348623   0.576074   0.308768   0.438267   0.052222   0.457765   0.639248   0.624495   0.354101   0.576187   0.314119   0.449229   0.059760   0.454182   0.642371   0.626613   0.356523   0.576033   0.316492   0.458041   0.064375   0.430394   0.649738   0.625653   0.355442   0.575678   0.315436   0.464145   0.064908   0.394964   0.659398   0.621612   0.350873   0.575041   0.310971   0.467245   0.060743   0.356454   0.669827   0.615334   0.343847   0.574401   0.304117   0.467409   0.052892   0.323682   0.679385   0.608037   0.335795   0.574263   0.296281   0.465515   0.044097   0.305328   0.685474   0.601325   0.328498   0.574519   0.289200   0.461691   0.038791   0.300567   0.687010   0.597809   0.324726   0.574973   0.285547   0.456553   0.037565   0.300410   0.686512   0.596735   0.323602   0.575363   0.284464   0.451734   0.037421   0.300288   0.686083   0.595652   0.322480   0.575429   0.283385   0.447490   0.037849   0.300164   0.685725   0.594559   0.321355   0.575493   0.282304   0.443673   0.038591   0.300096   0.685363   0.593502   0.320269   0.575507   0.281260   0.440167   0.038993   0.300044   0.685036   0.592502   0.319245   0.575517   0.280277   0.436764   0.039248   0.299940   0.684762   0.591651   0.318384   0.575800   0.279452   0.433478   0.039539 357069
 20   0.119671   0.677312   0.729866   0.486166   0.936690   0.445657   0.733364   0.020736   0.302575   0.682987   0.738230   0.497939   0.936018   0.457624   0.738039   0.019129   0.302861   0.682356   0.739099   0.499163   0.936765   0.458868   0.740338   0.019544   0.303125   0.681714   0.739935   0.500358   0.938695   0.460086   0.743273   0.019870   0.303324   0.681298   0.739782   0.500132   0.939915   0.459855   0.745184   0.020324   0.303547   0.681077   0.738786   0.498690   0.940122   0.458381   0.745677   0.020736   0.307420   0.679965   0.738910   0.498866   0.939840   0.458561   0.743863   0.021949   0.319387   0.676860   0.741577   0.502736   0.939108   0.462516   0.743375   0.023468   0.336620   0.672706   0.746327   0.509684   0.938534   0.469628   0.747652   0.025041   0.353377   0.668968   0.752666   0.519069   0.938952   0.479257   0.753591   0.027622   0.365035   0.666519   0.758923   0.528454   0.939345   0.488910   0.758164   0.030269   0.367077   0.665926   0.763522   0.535439   0.939304   0.496111   0.761020   0.031602   0.358726   0.667221   0.765727   0.538818   0.938861   0.499599   0.762498   0.031429   0.343138   0.669943   0.765148   0.537943   0.937956   0.498699   0.763383   0.029718   0.325085   0.673213   0.762255   0.533543   0.937317   0.494161   0.766857   0.025615   0.310566   0.676594   0.756298   0.524539   0.937210   0.484887   0.772560   0.022213   0.304484   0.678770   0.750227   0.515433   0.937345   0.475523   0.772682   0.023037   0.303942   0.679287   0.747008   0.510670   0.937783   0.470636   0.768417   0.024741   0.303920   0.679419   0.744785   0.507407   0.938281   0.467293   0.765373   0.024910   0.303906   0.679488   0.742821   0.504541   0.938478   0.464360   0.762740   0.024487   0.303902   0.679537   0.741024   0.501933   0.938352   0.461695   0.759977   0.024380   0.303905   0.679563   0.739443   0.499647   0.938181   0.459360   0.757229   0.024629   0.303909   0.679529   0.738175   0.497822   0.938258   0.457497   0.754999   0.024640   0.303934   0.679439   0.737199   0.496423   0.938621   0.456070   0.753288   0.024571 815070
 21   0.121482   0.677883   0.709977   0.458882   0.908070   0.418049   0.679466   0.025227   0.302353   0.684245   0.720064   0.472392   0.907286   0.431659   0.682916   0.024397   0.302642   0.683821   0.720061   0.472390   0.907912   0.431657   0.682226   0.024411   0.302888   0.683322   0.720236   0.472652   0.909693   0.431926   0.682366   0.024049   0.303091   0.683011   0.719557   0.471741   0.910837   0.431008   0.681850   0.024288   0.303377   0.682878   0.718042   0.469674   0.910955   0.428919   0.680401   0.024848   0.307742   0.681738   0.717702   0.469247   0.910544   0.428494   0.677745   0.025662   0.321316   0.678256   0.720012   0.472495   0.909731   0.431795   0.676933   0.026384   0.341152   0.673422   0.724602   0.478926   0.909306   0.438327   0.680946   0.027909   0.360720   0.668976   0.730850   0.487753   0.909762   0.447307   0.687074   0.030650   0.375012   0.665850   0.737317   0.497000   0.910030   0.456735   0.692381   0.033217   0.378671   0.664788   0.742598   0.504642   0.909912   0.464544   0.696203   0.034492   0.369960   0.666029   0.745601   0.509018   0.909448   0.469021   0.698760   0.033957   0.351994   0.669152   0.745642   0.509066   0.908563   0.469068   0.700717   0.031490   0.330514   0.673203   0.743058   0.505268   0.907844   0.465176   0.703815   0.026889   0.312714   0.677320   0.737451   0.497085   0.907693   0.456802   0.708911   0.023192   0.304566   0.679884   0.731592   0.488601   0.907886   0.448132   0.710132   0.023320   0.303513   0.680424   0.728614   0.484340   0.908369   0.443788   0.706967   0.024554   0.303559   0.680394   0.726978   0.482023   0.908853   0.441430   0.704214   0.024891   0.303603   0.680343   0.725519   0.479972   0.909016   0.439346   0.701768   0.024971   0.303654   0.680287   0.724170   0.478086   0.909010   0.437431   0.699425   0.025287   0.303702   0.680229   0.722918   0.476344   0.908924   0.435664   0.697084   0.025937   0.303748   0.680128   0.721898   0.474931   0.908962   0.434232   0.695059   0.026339   0.303818   0.679968   0.721165   0.473917   0.909292   0.433204   0.693445   0.026523 512008
 22   0.119178   0.680952   0.718216   0.470539   0.931262   0.429910   0.605734   0.026561   0.299607   0.689848   0.730974   0.488042   0.930192   0.447622   0.611137   0.025094   0.300062   0.688468   0.732646   0.490391   0.930849   0.450011   0.610081   0.024771   0.300436   0.687218   0.734191   0.492579   0.932733   0.452237   0.610724   0.023952   0.300737   0.686242   0.734846   0.493516   0.933815   0.453193   0.611396   0.023542   0.302604   0.685128   0.735582   0.494559   0.933874   0.454255   0.611136   0.023142   0.317344   0.681154   0.740380   0.501507   0.933437   0.461356   0.611632   0.021556   0.352124   0.672433   0.750797   0.516823   0.932473   0.477053   0.618086   0.019920   0.397383   0.661781   0.765705   0.539297   0.931875   0.500192   0.630838   0.021415   0.442309   0.652402   0.784049   0.567912   0.932159   0.529843   0.642424   0.025297   0.477259   0.645864   0.802084   0.597088   0.932162   0.560280   0.649962   0.029180   0.489423   0.643697   0.816526   0.621239   0.931724   0.585630   0.655651   0.032013   0.471332   0.646690   0.825529   0.636654   0.930936   0.601883   0.660580   0.033506   0.429389   0.653685   0.828239   0.641354   0.929741   0.606850   0.666266   0.033342   0.376668   0.662038   0.825482   0.636568   0.928914   0.601791   0.675761   0.029888   0.330415   0.670899   0.813766   0.616562   0.928804   0.580709   0.689622   0.025033   0.307065   0.678353   0.796467   0.587625   0.929056   0.550334   0.697404   0.026347   0.302340   0.681304   0.785322   0.569459   0.929662   0.531359   0.696396   0.030687   0.302168   0.681657   0.779835   0.560758   0.930285   0.522317   0.694303   0.032022   0.302064   0.681896   0.775109   0.553356   0.930553   0.514642   0.692741   0.032306   0.302017   0.682047   0.770932   0.546882   0.930651   0.507943   0.691511   0.032232   0.302007   0.682133   0.767217   0.541178   0.930711   0.502051   0.690386   0.032107   0.301986   0.682196   0.763891   0.536115   0.930896   0.496829   0.689347   0.031910   0.301966   0.682212   0.760996   0.531747   0.931363   0.492331   0.688522   0.031472 367275
 23   0.121568   0.678674   0.697297   0.443166   0.829725   0.402440   0.518983   0.039414   0.299189   0.685171   0.722555   0.476413   0.828433   0.435840   0.518725   0.040273   0.299952   0.683820   0.727353   0.483128   0.828942   0.442661   0.513678   0.036603   0.300598   0.682822   0.730278   0.487226   0.830792   0.446824   0.512941   0.034870   0.301089   0.682031   0.731963   0.489586   0.831961   0.449222   0.512769   0.034661   0.302602   0.680667   0.734228   0.492781   0.832080   0.452471   0.512727   0.033708   0.313831   0.676099   0.742654   0.505022   0.831749   0.464990   0.514504   0.029086   0.341013   0.668222   0.754700   0.522826   0.830963   0.483255   0.523729   0.023506   0.377048   0.660011   0.765822   0.539712   0.830569   0.500666   0.538652   0.023354   0.412813   0.653124   0.777423   0.557811   0.830891   0.519423   0.552577   0.028136   0.439218   0.648849   0.787574   0.574039   0.830877   0.536318   0.565107   0.034510   0.446372   0.648395   0.794367   0.585114   0.830523   0.547890   0.576926   0.040514   0.430930   0.651838   0.796680   0.588925   0.829934   0.551881   0.588198   0.044341   0.398567   0.658111   0.793950   0.584454   0.828967   0.547204   0.598988   0.044230   0.358594   0.665805   0.786600   0.572516   0.828182   0.534739   0.610799   0.039862   0.323060   0.673844   0.773153   0.551177   0.828114   0.512553   0.625155   0.032710   0.304865   0.679924   0.757470   0.526865   0.828443   0.487389   0.632855   0.029508   0.301445   0.682043   0.748597   0.513429   0.829018   0.473543   0.630834   0.029968   0.301523   0.682039   0.745365   0.508672   0.829581   0.468667   0.626914   0.029536   0.301638   0.681954   0.742846   0.505009   0.829839   0.464921   0.623073   0.029504   0.301771   0.681853   0.740607   0.501785   0.829984   0.461630   0.619674   0.029993   0.301886   0.681760   0.738585   0.498894   0.829967   0.458682   0.616355   0.030793   0.301986   0.681623   0.736950   0.496568   0.829989   0.456312   0.613172   0.031364   0.302090   0.681414   0.735729   0.494837   0.830358   0.454550   0.610490   0.031533 242796
 24   0.129081   0.685101   0.599069   0.328429   0.641291   0.289520   0.372772   0.052279   0.291229   0.697691   0.629526   0.360187   0.637112   0.320135   0.377006   0.051297   0.291887   0.695673   0.632733   0.363736   0.637463   0.323591   0.371372   0.047757   0.292510   0.694061   0.634690   0.365903   0.639026   0.325700   0.369613   0.045982   0.293085   0.692725   0.635325   0.366585   0.639995   0.326361   0.368787   0.045344   0.298443   0.687158   0.640922   0.372886   0.640005   0.332515   0.369406   0.044578   0.328730   0.670310   0.656912   0.391807   0.639432   0.351166   0.372476   0.045021   0.394289   0.646030   0.676232   0.415862   0.638396   0.375095   0.378160   0.055135   0.476508   0.624337   0.695244   0.440838   0.637883   0.400187   0.384830   0.074670   0.552059   0.610222   0.713811   0.466202   0.637999   0.425854   0.391412   0.094606   0.599524   0.605840   0.727813   0.485952   0.637795   0.445959   0.399829   0.111236   0.601997   0.611988   0.735035   0.496369   0.637421   0.456608   0.410581   0.123094   0.559188   0.627170   0.734104   0.495094   0.637007   0.455318   0.423150   0.128310   0.488101   0.647431   0.725143   0.482389   0.636421   0.442370   0.435888   0.125096   0.409961   0.668578   0.710231   0.461646   0.635855   0.421306   0.446784   0.112658   0.343865   0.686707   0.692401   0.437480   0.635831   0.396884   0.454917   0.091231   0.304777   0.698684   0.674082   0.413438   0.636238   0.372731   0.457335   0.069729   0.292978   0.702226   0.662021   0.398060   0.636807   0.357365   0.453476   0.058452   0.292699   0.700791   0.657177   0.392133   0.637253   0.351487   0.447803   0.054463   0.292506   0.699402   0.653840   0.388129   0.637348   0.347532   0.442304   0.052652   0.292206   0.698263   0.651152   0.384950   0.637475   0.344399   0.436867   0.052293   0.292068   0.697256   0.648617   0.381980   0.637535   0.341476   0.431586   0.052302   0.292064   0.696385   0.645994   0.378920   0.637564   0.338468   0.426652   0.051950   0.292116   0.695568   0.643575   0.376111   0.637904   0.335709   0.422361   0.051548 126198
