timestamp=                2021-10-12T17:07:03.322751
shape=                    (5, 5)
sigma=                    2.5
nepochs=                  9
thresh=                   None
rate=                     0.01
neighborhood function=    gaussian
init weights=             pca
topology=                 hexagonal
activation distance=      euclidean
output type=              labels
mapfile_prefix=           full2017_5x5_9_01_3_6
apply classification=     False
seed=                     None
random order=             True
custom init file=         None
order labels by size=     False
decay_function=           3

############ NEURONS #############
 25 192
  0   0.123339   0.666520   0.762365   0.531325   0.942912   0.491711   0.800974   0.020891   0.308680   0.671954   0.774148   0.549206   0.942230   0.510124   0.812883   0.016460   0.308943   0.670900   0.776244   0.552456   0.943096   0.513485   0.818187   0.017230   0.309243   0.669953   0.777957   0.555131   0.945252   0.516253   0.823757   0.018547   0.309481   0.669307   0.778448   0.555895   0.946498   0.517044   0.827380   0.019710   0.310157   0.668768   0.778352   0.555741   0.946661   0.516884   0.828660   0.020474   0.318123   0.666356   0.780857   0.559723   0.946249   0.521020   0.827608   0.020930   0.338497   0.660782   0.787444   0.570282   0.945324   0.532004   0.831104   0.020741   0.364659   0.654211   0.796746   0.585443   0.944590   0.547824   0.841325   0.021130   0.388565   0.648811   0.807819   0.603869   0.944931   0.567128   0.851149   0.023178   0.403912   0.645577   0.818132   0.621389   0.945246   0.585553   0.857811   0.025228   0.405326   0.645096   0.825739   0.634557   0.945022   0.599451   0.861731   0.026395   0.392215   0.647261   0.829994   0.642012   0.944410   0.607337   0.863772   0.026472   0.369166   0.651292   0.830620   0.643124   0.943334   0.608516   0.865643   0.025211   0.342512   0.655926   0.828015   0.638568   0.942658   0.603699   0.873298   0.021777   0.321114   0.660857   0.819936   0.624567   0.942560   0.588918   0.886695   0.019894   0.312256   0.664316   0.810841   0.608928   0.942679   0.572434   0.892234   0.022672   0.311207   0.665315   0.806142   0.600968   0.943163   0.564068   0.889255   0.025633   0.311061   0.665615   0.803116   0.595910   0.943751   0.558765   0.886636   0.026518   0.310913   0.665854   0.800373   0.591357   0.944008   0.553997   0.884499   0.026508   0.310762   0.666061   0.797792   0.587102   0.943906   0.549547   0.882549   0.026011   0.310643   0.666222   0.795496   0.583339   0.943843   0.545616   0.880709   0.025527   0.310576   0.666325   0.793553   0.580174   0.944089   0.542314   0.878841   0.025388   0.310553   0.666366   0.791924   0.577537   0.944631   0.539565   0.877043   0.025355 965545
  1   0.124048   0.666478   0.752529   0.516544   0.936895   0.476515   0.784962   0.023435   0.308507   0.672091   0.762347   0.531084   0.936267   0.491422   0.793699   0.020040   0.308797   0.671431   0.763164   0.532309   0.937108   0.492680   0.796315   0.021137   0.309047   0.670795   0.763826   0.533313   0.939172   0.493714   0.799411   0.022129   0.309217   0.670420   0.763402   0.532666   0.940430   0.493048   0.801159   0.023126   0.309435   0.670290   0.761998   0.530534   0.940560   0.490851   0.801075   0.024306   0.313626   0.669295   0.761577   0.529909   0.940089   0.490211   0.798835   0.026369   0.326743   0.666156   0.763734   0.533229   0.939213   0.493639   0.798322   0.028585   0.345746   0.661806   0.768158   0.540057   0.938652   0.500691   0.802590   0.030439   0.364004   0.657894   0.774292   0.549616   0.939216   0.510584   0.808561   0.032942   0.376822   0.655290   0.780342   0.559152   0.939721   0.520474   0.813305   0.035123   0.379789   0.654537   0.784822   0.566286   0.939659   0.527887   0.816180   0.035898   0.371238   0.655758   0.787069   0.569882   0.939134   0.531627   0.817246   0.034979   0.354135   0.658580   0.786585   0.569105   0.938155   0.530817   0.817356   0.032477   0.333674   0.662128   0.783684   0.564461   0.937490   0.525987   0.820304   0.027531   0.317069   0.665687   0.777757   0.555041   0.937393   0.516203   0.826569   0.023276   0.310233   0.667912   0.771615   0.545360   0.937554   0.506164   0.827648   0.023719   0.309590   0.668472   0.768249   0.540121   0.938020   0.500743   0.823532   0.025365   0.309569   0.668585   0.766016   0.536676   0.938531   0.497184   0.820118   0.025526   0.309551   0.668637   0.764028   0.533625   0.938710   0.494036   0.817092   0.025088   0.309539   0.668646   0.762251   0.530911   0.938566   0.491238   0.814172   0.024744   0.309550   0.668626   0.760722   0.528584   0.938430   0.488841   0.811377   0.025018   0.309580   0.668548   0.759502   0.526737   0.938605   0.486939   0.809129   0.025226   0.309629   0.668396   0.758589   0.525359   0.939080   0.485522   0.807420   0.025137 951182
  2   0.126718   0.667510   0.724321   0.476119   0.917884   0.435314   0.710305   0.029426   0.307835   0.674290   0.734634   0.490341   0.917043   0.449707   0.713998   0.027057   0.308116   0.673855   0.734410   0.490010   0.917824   0.449368   0.712809   0.027358   0.308383   0.673362   0.734246   0.489788   0.919776   0.449144   0.712465   0.027624   0.308584   0.673063   0.733222   0.488343   0.920908   0.447676   0.711412   0.028078   0.308863   0.672950   0.731397   0.485747   0.920964   0.445035   0.709466   0.028702   0.313374   0.671877   0.730618   0.484648   0.920461   0.443917   0.706450   0.030049   0.327180   0.668370   0.732561   0.487432   0.919565   0.446754   0.705497   0.031127   0.347275   0.663351   0.736996   0.493806   0.919113   0.453253   0.709591   0.032467   0.367019   0.658703   0.743233   0.502869   0.919645   0.462512   0.716277   0.035012   0.380977   0.655450   0.749785   0.512517   0.920034   0.472394   0.722471   0.037246   0.384382   0.654291   0.755122   0.520481   0.919948   0.480570   0.727312   0.037937   0.375784   0.655444   0.758195   0.525114   0.919434   0.485336   0.730685   0.036873   0.357941   0.658540   0.758434   0.525485   0.918502   0.485719   0.732918   0.034087   0.336228   0.662664   0.756089   0.521945   0.917798   0.482077   0.736135   0.029305   0.318078   0.666826   0.750688   0.513817   0.917668   0.473719   0.741592   0.025339   0.310021   0.669327   0.744966   0.505261   0.917869   0.464932   0.743192   0.025457   0.309062   0.669830   0.741986   0.500856   0.918341   0.460418   0.740210   0.026857   0.309082   0.669784   0.740314   0.498404   0.918797   0.457909   0.737681   0.027079   0.309116   0.669684   0.738901   0.496344   0.918911   0.455803   0.735477   0.026947   0.309160   0.669576   0.737624   0.494500   0.918826   0.453921   0.733389   0.027074   0.309202   0.669479   0.736456   0.492823   0.918697   0.452212   0.731305   0.027567   0.309247   0.669341   0.735529   0.491497   0.918766   0.450861   0.729523   0.027836   0.309314   0.669146   0.734891   0.490590   0.919147   0.449938   0.728101   0.027928 624531
  3   0.136880   0.665321   0.644601   0.375189   0.711034   0.334675   0.533257   0.034553   0.307368   0.669927   0.662752   0.395400   0.709873   0.354363   0.538872   0.038196   0.307784   0.669423   0.663903   0.396796   0.710506   0.355743   0.537163   0.034591   0.308201   0.668801   0.665017   0.398158   0.712289   0.357091   0.538113   0.032554   0.308448   0.668403   0.665119   0.398290   0.713308   0.357224   0.538549   0.031705   0.309145   0.667809   0.665119   0.398291   0.713245   0.357224   0.538127   0.031447   0.318184   0.663950   0.669050   0.403214   0.712598   0.362120   0.537970   0.029787   0.343464   0.655899   0.675935   0.411876   0.711525   0.370741   0.543622   0.028284   0.378431   0.647426   0.682500   0.420234   0.711122   0.379077   0.555746   0.031534   0.410774   0.641210   0.689039   0.428699   0.711603   0.387546   0.568547   0.038381   0.431248   0.638190   0.694301   0.435612   0.711787   0.394481   0.579813   0.044748   0.433058   0.638896   0.697393   0.439717   0.711618   0.398607   0.588740   0.048818   0.415560   0.643187   0.697599   0.440010   0.711208   0.398905   0.594924   0.049334   0.385657   0.649938   0.694696   0.436180   0.710494   0.395061   0.598334   0.045974   0.352402   0.657721   0.689374   0.429188   0.709779   0.388047   0.599428   0.039565   0.324792   0.665029   0.682370   0.420054   0.709615   0.378896   0.599875   0.033018   0.310820   0.669577   0.675737   0.411482   0.709931   0.370323   0.598024   0.030376   0.308068   0.670656   0.672486   0.407326   0.710448   0.366175   0.593366   0.030257   0.308143   0.670382   0.671511   0.406102   0.710847   0.364957   0.588901   0.029985   0.308218   0.670122   0.670547   0.404902   0.710889   0.363766   0.585069   0.029972   0.308290   0.669892   0.669536   0.403651   0.710965   0.362524   0.581709   0.030356   0.308361   0.669688   0.668536   0.402421   0.711020   0.361304   0.578495   0.030748   0.308428   0.669472   0.667694   0.401394   0.711061   0.360288   0.575373   0.030939   0.308507   0.669206   0.667180   0.400775   0.711389   0.359677   0.572463   0.031146 315943
  4   0.129112   0.669379   0.692273   0.433630   0.925938   0.392613   0.555554   0.027959   0.305079   0.677749   0.705558   0.450640   0.924883   0.409599   0.559147   0.027784   0.305416   0.676791   0.706583   0.451914   0.925666   0.410865   0.557164   0.027610   0.305735   0.675848   0.707653   0.453306   0.927467   0.412258   0.557270   0.026729   0.305960   0.675142   0.707906   0.453635   0.928504   0.412588   0.557733   0.026449   0.306809   0.674490   0.707743   0.453396   0.928536   0.412343   0.557591   0.026690   0.316745   0.671771   0.710800   0.457500   0.928040   0.416477   0.557821   0.026657   0.343121   0.665060   0.719472   0.469340   0.927218   0.428438   0.562458   0.025806   0.378738   0.656501   0.732145   0.487077   0.926758   0.446437   0.572171   0.026670   0.412935   0.648992   0.746908   0.508470   0.927116   0.468285   0.583393   0.030028   0.438254   0.643796   0.761265   0.530057   0.927341   0.490481   0.593028   0.033532   0.445779   0.642063   0.772839   0.548041   0.927118   0.509086   0.600103   0.035621   0.431517   0.644183   0.779855   0.559237   0.926482   0.520726   0.606123   0.035808   0.400538   0.649169   0.781677   0.562271   0.925474   0.523906   0.612853   0.033702   0.361425   0.655514   0.778607   0.557465   0.924790   0.518925   0.622281   0.029371   0.327264   0.662582   0.767862   0.540613   0.924698   0.501460   0.633767   0.026109   0.310371   0.668431   0.753855   0.518955   0.924906   0.479073   0.638425   0.028194   0.307215   0.670641   0.745873   0.506887   0.925433   0.466651   0.635548   0.031861   0.307191   0.670778   0.742301   0.501626   0.926001   0.461263   0.632636   0.032990   0.307172   0.670878   0.739193   0.497096   0.926268   0.456631   0.630566   0.033353   0.307152   0.670984   0.736309   0.492937   0.926287   0.452389   0.628864   0.033510   0.307171   0.671034   0.733766   0.489302   0.926197   0.448686   0.627329   0.033416   0.307191   0.671060   0.731545   0.486153   0.926304   0.445483   0.626099   0.033294   0.307248   0.671035   0.729663   0.483509   0.926711   0.442798   0.625174   0.033436 216872
  5   0.124787   0.667471   0.747340   0.509021   0.935955   0.468832   0.742947   0.022000   0.307966   0.673806   0.759762   0.527202   0.935240   0.487432   0.752339   0.019457   0.308274   0.672645   0.761993   0.530535   0.936144   0.490855   0.756320   0.019744   0.308591   0.671591   0.763896   0.533404   0.938260   0.493805   0.761113   0.019877   0.308833   0.670853   0.764549   0.534381   0.939457   0.494809   0.764772   0.020172   0.309565   0.670244   0.764548   0.534363   0.939541   0.494787   0.766563   0.020464   0.317887   0.667846   0.767121   0.538311   0.939131   0.498860   0.766240   0.020729   0.338959   0.662222   0.773858   0.548768   0.938240   0.509673   0.770009   0.020107   0.366078   0.655350   0.783778   0.564443   0.937518   0.525937   0.780403   0.020243   0.391328   0.649496   0.796003   0.584209   0.937827   0.546532   0.790671   0.022525   0.408298   0.645798   0.807645   0.603484   0.938042   0.566706   0.797774   0.024909   0.410928   0.644974   0.816461   0.618394   0.937767   0.582373   0.802450   0.026255   0.397997   0.647010   0.821585   0.627186   0.937147   0.591635   0.805598   0.026577   0.373988   0.651109   0.822675   0.629073   0.936113   0.593627   0.808822   0.025646   0.345471   0.655869   0.820278   0.624950   0.935481   0.589282   0.817336   0.022275   0.322023   0.661057   0.811754   0.610449   0.935447   0.574027   0.831640   0.020341   0.312006   0.664885   0.801639   0.593399   0.935640   0.556124   0.838438   0.023605   0.310726   0.666057   0.796339   0.584614   0.936161   0.546927   0.836326   0.027061   0.310555   0.666368   0.793115   0.579346   0.936747   0.541427   0.834338   0.027921   0.310414   0.666606   0.790235   0.574674   0.937012   0.536557   0.832786   0.028055   0.310281   0.666809   0.787561   0.570367   0.936959   0.532072   0.831492   0.027736   0.310168   0.666967   0.785178   0.566554   0.936888   0.528106   0.830187   0.027312   0.310091   0.667073   0.783140   0.563311   0.937075   0.524738   0.828702   0.027150   0.310057   0.667111   0.781437   0.560615   0.937559   0.521940   0.827391   0.026954 1331279
  6   0.126119   0.667961   0.731597   0.486388   0.932468   0.445752   0.707066   0.026059   0.307480   0.674854   0.744625   0.504772   0.931550   0.464434   0.713319   0.022757   0.307738   0.673812   0.746424   0.507360   0.932343   0.467073   0.714325   0.022437   0.308025   0.672825   0.748034   0.509698   0.934325   0.469461   0.716503   0.021948   0.308269   0.672104   0.748583   0.510485   0.935438   0.470263   0.718034   0.021858   0.308863   0.671550   0.748375   0.510160   0.935450   0.469927   0.718321   0.022098   0.316295   0.669461   0.750254   0.512935   0.934928   0.472770   0.716797   0.022560   0.335806   0.664248   0.756100   0.521669   0.933976   0.481738   0.718298   0.022359   0.361403   0.657531   0.765117   0.535362   0.933376   0.495842   0.726160   0.022862   0.385387   0.651608   0.776405   0.552883   0.933782   0.513960   0.735214   0.025099   0.401941   0.647665   0.787533   0.570552   0.934015   0.532309   0.742132   0.027422   0.405031   0.646554   0.796302   0.584765   0.933763   0.547126   0.747135   0.028721   0.393235   0.648370   0.801561   0.593410   0.933154   0.556162   0.750829   0.028599   0.370855   0.652308   0.802796   0.595456   0.932149   0.558303   0.754793   0.026965   0.343814   0.657162   0.800395   0.591492   0.931453   0.554157   0.762647   0.023213   0.321165   0.662461   0.792207   0.578113   0.931364   0.540189   0.774984   0.020875   0.311096   0.666281   0.782530   0.562454   0.931585   0.523870   0.780902   0.023447   0.309646   0.667468   0.777313   0.554148   0.932112   0.515240   0.778754   0.026515   0.309500   0.667764   0.774155   0.549198   0.932648   0.510113   0.776476   0.027330   0.309396   0.667965   0.771389   0.544893   0.932849   0.505659   0.774507   0.027462   0.309332   0.668100   0.768918   0.541072   0.932837   0.501710   0.772589   0.027475   0.309278   0.668211   0.766688   0.537645   0.932794   0.498172   0.770623   0.027533   0.309246   0.668274   0.764764   0.534702   0.932948   0.495138   0.768886   0.027499   0.309252   0.668259   0.763199   0.532321   0.933401   0.492685   0.767491   0.027419 933530
  7   0.126977   0.668909   0.719998   0.470581   0.916861   0.429789   0.624114   0.028685   0.306418   0.676626   0.736519   0.493261   0.915840   0.452724   0.627123   0.027541   0.306786   0.675368   0.738868   0.496588   0.916628   0.456108   0.624250   0.026936   0.307143   0.674225   0.740904   0.499509   0.918583   0.459085   0.623792   0.026039   0.307414   0.673376   0.741825   0.500834   0.919683   0.460436   0.623613   0.025700   0.308446   0.672591   0.742241   0.501432   0.919671   0.461046   0.622798   0.025310   0.318840   0.669632   0.746364   0.507525   0.919145   0.467290   0.621827   0.023495   0.344144   0.662890   0.755448   0.521066   0.918229   0.481191   0.626099   0.020678   0.376779   0.654543   0.767224   0.538955   0.917689   0.499618   0.637822   0.020386   0.407882   0.647163   0.781267   0.560889   0.918030   0.522330   0.650660   0.022890   0.429986   0.642248   0.795144   0.583202   0.918157   0.545559   0.660071   0.026031   0.436113   0.640785   0.805982   0.601089   0.917833   0.564271   0.667205   0.028642   0.423280   0.642993   0.812288   0.611696   0.917155   0.575407   0.673927   0.029970   0.394479   0.648093   0.813541   0.613845   0.916134   0.577670   0.681519   0.029322   0.357849   0.654506   0.809989   0.607871   0.915406   0.571398   0.692303   0.025923   0.326400   0.661616   0.798841   0.589353   0.915312   0.552004   0.705683   0.023370   0.311347   0.667145   0.785051   0.566743   0.915586   0.528381   0.712341   0.025835   0.308669   0.669079   0.777222   0.554164   0.916151   0.515287   0.710818   0.029196   0.308536   0.669388   0.773090   0.547687   0.916698   0.508577   0.708266   0.030314   0.308469   0.669575   0.769590   0.542258   0.916924   0.502964   0.705972   0.030741   0.308423   0.669715   0.766474   0.537474   0.916981   0.498026   0.703835   0.031149   0.308409   0.669820   0.763620   0.533126   0.916961   0.493545   0.701823   0.031650   0.308443   0.669856   0.761181   0.529429   0.917085   0.489738   0.700247   0.031678   0.308514   0.669810   0.759228   0.526486   0.917507   0.486711   0.698934   0.031398 558487
  8   0.141679   0.666044   0.602614   0.329066   0.627680   0.289830   0.438350   0.040349   0.305962   0.671265   0.623931   0.350278   0.626223   0.310086   0.443154   0.044896   0.306488   0.670623   0.625677   0.352176   0.626828   0.311926   0.441922   0.039631   0.306929   0.669924   0.626869   0.353486   0.628547   0.313199   0.442841   0.037299   0.307209   0.669440   0.627003   0.353626   0.629528   0.313333   0.443882   0.036284   0.308383   0.668212   0.627742   0.354435   0.629482   0.314119   0.444724   0.035867   0.320359   0.662051   0.633919   0.361526   0.628870   0.321061   0.446534   0.034029   0.351279   0.650909   0.642820   0.371885   0.627855   0.331228   0.453571   0.033645   0.391795   0.640102   0.650485   0.381005   0.627483   0.340214   0.465418   0.038844   0.427767   0.632575   0.658107   0.390263   0.627925   0.349372   0.477439   0.047148   0.449013   0.629531   0.664071   0.397653   0.628081   0.356708   0.488434   0.054889   0.448802   0.631471   0.667261   0.401678   0.627919   0.360718   0.497828   0.059984   0.428241   0.637724   0.667034   0.401448   0.627525   0.360499   0.505100   0.061146   0.395083   0.646687   0.663233   0.396763   0.626838   0.355853   0.509856   0.057717   0.358264   0.656730   0.656688   0.388721   0.626160   0.347881   0.512115   0.050586   0.327183   0.666051   0.648408   0.378653   0.626014   0.337919   0.513031   0.042349   0.310595   0.671937   0.640515   0.369186   0.626321   0.328577   0.511413   0.037995   0.306875   0.673367   0.636483   0.364414   0.626817   0.323879   0.507096   0.037418   0.306944   0.672909   0.635298   0.363039   0.627198   0.322530   0.502785   0.037038   0.307009   0.672498   0.634206   0.361784   0.627237   0.321301   0.498972   0.037019   0.307067   0.672139   0.633142   0.360575   0.627310   0.320119   0.495542   0.037603   0.307142   0.671809   0.632101   0.359400   0.627353   0.318973   0.492365   0.038264   0.307184   0.671511   0.631195   0.358381   0.627382   0.317978   0.489292   0.038662   0.307181   0.671229   0.630510   0.357614   0.627692   0.317231   0.486465   0.038930 364375
  9   0.146677   0.666478   0.553809   0.280162   0.532184   0.243042   0.375952   0.041211   0.304942   0.672197   0.576141   0.299877   0.530920   0.261472   0.380286   0.046126   0.305421   0.671687   0.577473   0.301160   0.531503   0.262691   0.379773   0.041328   0.305700   0.671146   0.577943   0.301621   0.533100   0.263129   0.380216   0.039948   0.305846   0.670753   0.577720   0.301396   0.534022   0.262913   0.380560   0.039576   0.307736   0.668689   0.579042   0.302694   0.533970   0.264150   0.381455   0.039414   0.324237   0.659701   0.586485   0.310299   0.533335   0.271444   0.384411   0.037820   0.363815   0.644741   0.595698   0.319888   0.532325   0.280670   0.392529   0.039294   0.413030   0.630905   0.602908   0.327584   0.531967   0.288109   0.404864   0.047268   0.454509   0.621878   0.610062   0.335370   0.532399   0.295661   0.417276   0.057426   0.476659   0.619176   0.615374   0.341264   0.532573   0.301398   0.428415   0.066210   0.472852   0.623097   0.617699   0.343891   0.532452   0.303963   0.437671   0.071634   0.446487   0.632163   0.616633   0.342715   0.532100   0.302820   0.444528   0.072351   0.407745   0.643986   0.612219   0.337820   0.531471   0.298057   0.448581   0.067668   0.365972   0.656594   0.605391   0.330336   0.530840   0.290787   0.449636   0.058560   0.330700   0.667915   0.597555   0.321876   0.530694   0.282594   0.448252   0.047831   0.310899   0.675075   0.590363   0.314244   0.530973   0.275224   0.444578   0.040980   0.305643   0.676887   0.586561   0.310271   0.531435   0.271399   0.439198   0.039279   0.305435   0.676303   0.585421   0.309115   0.531785   0.270292   0.433939   0.039120   0.305219   0.675844   0.584303   0.307995   0.531790   0.269222   0.429193   0.039638   0.305010   0.675486   0.583121   0.306823   0.531830   0.268103   0.424845   0.040631   0.304899   0.675140   0.581924   0.305642   0.531858   0.266977   0.420936   0.041355   0.304826   0.674793   0.580800   0.304535   0.531883   0.265922   0.417380   0.041774   0.304746   0.674433   0.579909   0.303663   0.532177   0.265093   0.414146   0.042142 321567
 10   0.123427   0.667933   0.756251   0.522395   0.938872   0.482578   0.734611   0.022302   0.307460   0.674671   0.768666   0.540890   0.938177   0.501561   0.745814   0.020274   0.307793   0.673415   0.770879   0.544261   0.939106   0.505036   0.751187   0.020967   0.308102   0.672299   0.772754   0.547138   0.941261   0.508004   0.756872   0.021558   0.308370   0.671489   0.773404   0.548123   0.942498   0.509019   0.760971   0.022281   0.310983   0.670468   0.774133   0.549242   0.942621   0.510173   0.762690   0.023103   0.327419   0.666378   0.779174   0.557187   0.942233   0.518412   0.764702   0.023366   0.363326   0.657931   0.789935   0.574437   0.941353   0.536358   0.773990   0.022827   0.407941   0.648344   0.804903   0.599115   0.940585   0.562168   0.788500   0.024229   0.450210   0.640373   0.822428   0.628970   0.940797   0.593583   0.800541   0.028067   0.479805   0.635436   0.838545   0.657335   0.940871   0.623615   0.808438   0.031742   0.484855   0.634707   0.850596   0.679152   0.940436   0.646838   0.813326   0.034282   0.462048   0.638267   0.857498   0.691874   0.939698   0.660425   0.816399   0.035721   0.420275   0.644718   0.858882   0.694431   0.938589   0.663156   0.819894   0.035692   0.372357   0.651605   0.855558   0.688233   0.937920   0.656522   0.829855   0.031515   0.332931   0.658488   0.844592   0.668180   0.937870   0.635137   0.845343   0.026710   0.314442   0.663884   0.830570   0.642963   0.938052   0.608331   0.853112   0.028843   0.311164   0.665908   0.822294   0.628410   0.938586   0.592927   0.851936   0.032902   0.310831   0.666419   0.817656   0.620415   0.939228   0.584496   0.850373   0.033543   0.310567   0.666796   0.813639   0.613560   0.939558   0.577281   0.849613   0.033071   0.310334   0.667096   0.809993   0.607392   0.939532   0.570799   0.849261   0.032087   0.310112   0.667336   0.806754   0.601953   0.939492   0.565092   0.848924   0.030991   0.309937   0.667494   0.804011   0.597379   0.939755   0.560299   0.848180   0.030288   0.309825   0.667571   0.801677   0.593515   0.940318   0.556255   0.847392   0.029763 604268
 11   0.124462   0.669113   0.741309   0.500722   0.933587   0.460438   0.666439   0.025700   0.306285   0.676938   0.755003   0.520337   0.932795   0.480429   0.675241   0.024487   0.306730   0.675551   0.757115   0.523428   0.933715   0.483591   0.677493   0.024556   0.307070   0.674358   0.758807   0.525930   0.935817   0.486155   0.680750   0.024277   0.307319   0.673496   0.759308   0.526659   0.937009   0.486900   0.683221   0.023943   0.309347   0.672575   0.759701   0.527229   0.937050   0.487483   0.683625   0.023569   0.324717   0.668771   0.764412   0.534420   0.936588   0.494896   0.683389   0.022514   0.359608   0.660346   0.775072   0.550956   0.935703   0.511996   0.689902   0.020654   0.404117   0.650211   0.790377   0.575388   0.935061   0.537396   0.703091   0.021147   0.447654   0.641432   0.809011   0.606201   0.935329   0.569641   0.714397   0.024755   0.479641   0.635697   0.826700   0.636510   0.935417   0.601571   0.721551   0.028804   0.488321   0.634319   0.840158   0.660305   0.934995   0.626786   0.726606   0.032131   0.468438   0.637623   0.847928   0.674338   0.934233   0.641716   0.730888   0.034422   0.427282   0.644250   0.849551   0.677297   0.933112   0.644870   0.736334   0.034692   0.377591   0.651704   0.845971   0.670773   0.932403   0.637918   0.746847   0.030955   0.334587   0.659543   0.833747   0.648928   0.932337   0.614722   0.761920   0.026602   0.313125   0.666172   0.816890   0.619365   0.932553   0.583443   0.770144   0.028910   0.308878   0.668881   0.806363   0.601354   0.933086   0.564474   0.769138   0.033352   0.308571   0.669361   0.801027   0.592473   0.933681   0.555171   0.766923   0.034231   0.308334   0.669700   0.796482   0.585005   0.933995   0.547365   0.765225   0.034043   0.308136   0.669960   0.792367   0.578311   0.934037   0.540382   0.763915   0.033594   0.308018   0.670113   0.788764   0.572501   0.934030   0.534332   0.762667   0.033154   0.307987   0.670154   0.785747   0.567677   0.934244   0.529315   0.761340   0.032753   0.308011   0.670115   0.783184   0.563609   0.934752   0.525091   0.760227   0.032256 530559
 12   0.133740   0.667060   0.646616   0.378740   0.743720   0.338372   0.442292   0.046129   0.303411   0.673050   0.675884   0.412398   0.741712   0.371364   0.448410   0.046724   0.304104   0.672148   0.679674   0.417104   0.742307   0.376038   0.445494   0.040635   0.304628   0.671379   0.682773   0.420950   0.744106   0.379857   0.444759   0.037232   0.305046   0.670710   0.684792   0.423454   0.745133   0.382343   0.443837   0.035938   0.306694   0.668938   0.688237   0.427793   0.745134   0.386663   0.443246   0.034642   0.320023   0.662177   0.700056   0.443349   0.744627   0.402276   0.443996   0.030062   0.353123   0.651269   0.715894   0.464749   0.743712   0.423857   0.449964   0.026395   0.396632   0.641002   0.729850   0.484345   0.743308   0.443758   0.459980   0.029654   0.438376   0.632942   0.744339   0.505397   0.743584   0.465274   0.468899   0.037022   0.467519   0.628336   0.757373   0.524950   0.743507   0.485378   0.476880   0.045103   0.472707   0.628537   0.766640   0.539243   0.743103   0.500151   0.485063   0.052183   0.451710   0.633511   0.770399   0.545166   0.742491   0.506296   0.494020   0.056858   0.413128   0.641818   0.767794   0.541159   0.741612   0.502157   0.503745   0.057795   0.368175   0.651699   0.759225   0.527982   0.740890   0.488546   0.514967   0.054022   0.329468   0.661703   0.743555   0.504495   0.740838   0.464399   0.528594   0.045429   0.309413   0.669153   0.725302   0.477884   0.741261   0.437184   0.535580   0.040379   0.305256   0.671787   0.714913   0.463134   0.741874   0.422173   0.533561   0.039945   0.305473   0.671731   0.711381   0.458264   0.742393   0.417244   0.530734   0.038212   0.305722   0.671531   0.708785   0.454717   0.742613   0.413660   0.528464   0.036752   0.305935   0.671305   0.706554   0.451704   0.742812   0.410622   0.526455   0.036238   0.306116   0.671108   0.704456   0.448895   0.742884   0.407795   0.524490   0.036181   0.306223   0.670944   0.702570   0.446385   0.742924   0.405271   0.522601   0.035870   0.306287   0.670758   0.701127   0.444486   0.743273   0.403365   0.520595   0.035470 233885
 13   0.153240   0.666603   0.501150   0.232845   0.428958   0.198622   0.324821   0.042520   0.305397   0.672273   0.519062   0.246746   0.428395   0.211334   0.327064   0.049265   0.305786   0.671605   0.520095   0.247583   0.428922   0.212105   0.327027   0.046871   0.305984   0.671015   0.520873   0.248234   0.430430   0.212707   0.327424   0.046497   0.306118   0.670540   0.521203   0.248512   0.431298   0.212965   0.327597   0.046883   0.308260   0.668203   0.522933   0.250013   0.431235   0.214365   0.328324   0.047278   0.325763   0.657561   0.530143   0.256467   0.430615   0.220413   0.330726   0.046610   0.366663   0.639193   0.539423   0.264921   0.429637   0.228360   0.337096   0.049423   0.416644   0.621820   0.547749   0.272686   0.429289   0.235690   0.346940   0.058629   0.457903   0.610601   0.556072   0.280605   0.429708   0.243190   0.357092   0.069435   0.478896   0.607643   0.562399   0.286749   0.429886   0.249031   0.366220   0.078581   0.474921   0.612867   0.565759   0.290088   0.429779   0.252219   0.373589   0.084463   0.450216   0.624147   0.565661   0.290036   0.429449   0.252177   0.378824   0.085963   0.412761   0.638896   0.561936   0.286401   0.428842   0.248719   0.381690   0.082126   0.370477   0.654862   0.555296   0.279944   0.428223   0.242578   0.382172   0.073367   0.333316   0.669220   0.547185   0.272175   0.428073   0.235210   0.380497   0.062072   0.311338   0.678186   0.539584   0.265031   0.428345   0.228458   0.376607   0.053601   0.305004   0.680428   0.535141   0.260920   0.428801   0.224582   0.371551   0.050667   0.304682   0.679639   0.533309   0.259259   0.429144   0.223022   0.366828   0.050323   0.304415   0.678939   0.531746   0.257869   0.429151   0.221721   0.362476   0.051260   0.304117   0.678383   0.530235   0.256542   0.429193   0.220481   0.358481   0.052551   0.303904   0.677863   0.528720   0.255214   0.429218   0.219241   0.354969   0.053089   0.303760   0.677358   0.527330   0.254000   0.429237   0.218108   0.351833   0.053195   0.303567   0.676906   0.526191   0.253017   0.429512   0.217192   0.348910   0.053576 355874
 14   0.158198   0.666741   0.450439   0.192659   0.336605   0.161718   0.278107   0.048886   0.304300   0.672440   0.460968   0.199701   0.336127   0.167993   0.277226   0.057790   0.304702   0.671557   0.462666   0.200923   0.336640   0.169097   0.277801   0.057487   0.304978   0.670781   0.464045   0.201957   0.338080   0.170037   0.278487   0.058477   0.305157   0.670188   0.464817   0.202545   0.338908   0.170573   0.278882   0.060070   0.307957   0.667306   0.467020   0.204228   0.338838   0.172108   0.279705   0.061352   0.328061   0.654822   0.474541   0.210125   0.338243   0.177509   0.282098   0.061804   0.372746   0.634076   0.484620   0.218203   0.337313   0.184937   0.287364   0.067637   0.426861   0.614823   0.494577   0.226401   0.336983   0.192511   0.294781   0.079832   0.473634   0.601847   0.504496   0.234731   0.337397   0.200234   0.302507   0.091077   0.500046   0.597747   0.512092   0.241251   0.337594   0.206302   0.309733   0.099736   0.498949   0.603303   0.516207   0.244872   0.337516   0.209686   0.315747   0.105375   0.473118   0.616400   0.516353   0.245045   0.337205   0.209855   0.320040   0.106575   0.431304   0.633651   0.512525   0.241722   0.336622   0.206757   0.322287   0.101942   0.382847   0.652436   0.505432   0.235587   0.336040   0.201040   0.322398   0.092544   0.338774   0.669888   0.496258   0.227801   0.335902   0.193808   0.320596   0.080653   0.311433   0.681484   0.486872   0.220012   0.336148   0.186602   0.316979   0.070673   0.302938   0.684807   0.480826   0.215085   0.336576   0.182058   0.312340   0.066731   0.302519   0.683842   0.478077   0.212895   0.336907   0.180046   0.308172   0.066456   0.302311   0.682829   0.475873   0.211166   0.336918   0.178462   0.304658   0.068226   0.302146   0.681892   0.473937   0.209666   0.336949   0.177090   0.301475   0.070594   0.301993   0.681012   0.472171   0.208310   0.336960   0.175853   0.298566   0.071157   0.301776   0.680289   0.470508   0.207043   0.336979   0.174697   0.295853   0.070886   0.301470   0.679683   0.469097   0.205982   0.337244   0.173732   0.293345   0.071242 380704
 15   0.121065   0.668877   0.751759   0.515738   0.939313   0.475751   0.689051   0.022041   0.302987   0.676552   0.762601   0.531773   0.938561   0.492188   0.700499   0.022633   0.303427   0.675325   0.764192   0.534167   0.939428   0.494650   0.704951   0.023732   0.303705   0.674322   0.765300   0.535848   0.941470   0.496381   0.709511   0.024546   0.303852   0.673657   0.765132   0.535588   0.942644   0.496113   0.712590   0.025576   0.311636   0.671765   0.766813   0.538128   0.942751   0.498726   0.712838   0.026170   0.348853   0.664287   0.775795   0.552097   0.942372   0.513178   0.716963   0.025271   0.425934   0.650184   0.794252   0.581885   0.941521   0.544212   0.731767   0.024830   0.524016   0.634693   0.820436   0.626328   0.940628   0.590958   0.748316   0.028831   0.616114   0.622276   0.849205   0.677874   0.940562   0.645733   0.758189   0.035079   0.674823   0.615428   0.874024   0.724640   0.940374   0.695902   0.761252   0.039637   0.674674   0.616296   0.891589   0.759105   0.939715   0.733162   0.759048   0.042871   0.615455   0.624332   0.900754   0.777511   0.938826   0.753147   0.755663   0.045882   0.523469   0.636120   0.901408   0.778746   0.937654   0.754473   0.757043   0.047767   0.428027   0.647465   0.894520   0.764685   0.937073   0.739160   0.770829   0.044949   0.353411   0.657594   0.876370   0.728763   0.937136   0.700265   0.794238   0.039571   0.315741   0.665606   0.853947   0.685737   0.937384   0.653953   0.805076   0.041169   0.306890   0.668998   0.840273   0.660508   0.937973   0.627001   0.802980   0.045006   0.306310   0.669804   0.832530   0.646689   0.938682   0.612330   0.802655   0.044308   0.306000   0.670353   0.825915   0.635080   0.939112   0.600045   0.803455   0.042612   0.305802   0.670697   0.820151   0.625114   0.939123   0.589529   0.804548   0.040500   0.305714   0.670815   0.815355   0.616902   0.939079   0.580878   0.805631   0.038478   0.305723   0.670751   0.811549   0.610438   0.939358   0.574080   0.806037   0.037059   0.305765   0.670612   0.808419   0.605173   0.939942   0.568552   0.806020   0.035654 240343
 16   0.131620   0.665906   0.685576   0.425293   0.798475   0.384320   0.597030   0.035085   0.307369   0.670917   0.708388   0.454029   0.797239   0.412940   0.600711   0.037659   0.307878   0.670262   0.710021   0.456319   0.797912   0.415264   0.598122   0.034415   0.308323   0.669668   0.711091   0.457817   0.799805   0.416785   0.599242   0.032994   0.308615   0.669254   0.711152   0.457929   0.800894   0.416903   0.599755   0.032460   0.309180   0.668811   0.710867   0.457569   0.800869   0.416544   0.599262   0.032026   0.316547   0.665972   0.714240   0.462310   0.800276   0.421359   0.598437   0.029883   0.337584   0.659570   0.720832   0.471556   0.799226   0.430745   0.603221   0.026899   0.367591   0.652235   0.727540   0.481038   0.798800   0.440386   0.615095   0.027684   0.397347   0.646190   0.734835   0.491505   0.799274   0.451058   0.627461   0.032305   0.418602   0.642536   0.741427   0.501108   0.799429   0.460876   0.638033   0.037353   0.424200   0.642038   0.746059   0.507935   0.799196   0.467872   0.646742   0.040975   0.411276   0.644986   0.747709   0.510380   0.798703   0.470380   0.653566   0.042291   0.384182   0.650672   0.745625   0.507278   0.797886   0.467195   0.658655   0.040554   0.351779   0.657664   0.740345   0.499467   0.797139   0.459187   0.662863   0.035562   0.324236   0.664487   0.732062   0.487336   0.797012   0.446773   0.668041   0.029864   0.310697   0.668800   0.723704   0.475245   0.797366   0.434428   0.669851   0.027820   0.308293   0.669861   0.719489   0.469231   0.797933   0.428303   0.666597   0.027964   0.308383   0.669681   0.717987   0.467124   0.798389   0.426164   0.662730   0.027513   0.308488   0.669504   0.716675   0.465305   0.798485   0.424322   0.659011   0.027582   0.308596   0.669338   0.715482   0.463669   0.798582   0.422669   0.655443   0.028103   0.308694   0.669187   0.714413   0.462218   0.798628   0.421205   0.651790   0.028727   0.308777   0.669034   0.713501   0.460988   0.798675   0.419965   0.648177   0.029243   0.308861   0.668840   0.712826   0.460085   0.799032   0.419056   0.645008   0.029643 343128
 17   0.136686   0.676994   0.583189   0.309986   0.616052   0.271645   0.343778   0.068283   0.292014   0.692312   0.615620   0.342639   0.612387   0.302917   0.343686   0.068541   0.292156   0.690226   0.619301   0.346637   0.612699   0.306794   0.336628   0.065932   0.292560   0.688454   0.621070   0.348610   0.614190   0.308717   0.334254   0.065268   0.293055   0.687004   0.621263   0.348831   0.615059   0.308933   0.333324   0.065374   0.300300   0.678902   0.629214   0.357468   0.614966   0.317314   0.335417   0.065150   0.342088   0.653988   0.652399   0.384264   0.614254   0.343603   0.340812   0.069270   0.429512   0.620327   0.678995   0.417074   0.613133   0.376168   0.346604   0.088974   0.533126   0.593000   0.702482   0.448119   0.612601   0.407370   0.351497   0.117947   0.623721   0.576543   0.724126   0.478070   0.612705   0.437725   0.356145   0.142581   0.679904   0.572471   0.740123   0.501114   0.612511   0.461253   0.362759   0.160774   0.682617   0.581410   0.748387   0.513422   0.612141   0.473897   0.372239   0.171996   0.632116   0.600900   0.747557   0.512422   0.611711   0.472914   0.384526   0.176071   0.547748   0.626342   0.737833   0.498452   0.611174   0.458657   0.397869   0.172106   0.451218   0.653591   0.721330   0.475046   0.610662   0.434820   0.409692   0.159213   0.365459   0.677924   0.700841   0.446698   0.610666   0.406081   0.418426   0.135252   0.310174   0.695550   0.677033   0.415145   0.611167   0.374345   0.421383   0.104227   0.291595   0.701375   0.659974   0.393394   0.611787   0.352623   0.417733   0.084295   0.291432   0.699040   0.653461   0.385509   0.612194   0.344823   0.411843   0.078046   0.291521   0.696685   0.649343   0.380619   0.612246   0.340003   0.406281   0.075696   0.291441   0.694728   0.646095   0.376817   0.612370   0.336266   0.401052   0.075438   0.291436   0.693099   0.642921   0.373153   0.612455   0.332672   0.396247   0.075401   0.291490   0.691791   0.639445   0.369183   0.612503   0.328785   0.391580   0.075229   0.291475   0.690713   0.636197   0.365520   0.612836   0.325209   0.386970   0.074909 93071
 18   0.163673   0.667811   0.394775   0.154468   0.234908   0.127496   0.230741   0.055933   0.301840   0.674066   0.391279   0.151826   0.234335   0.125095   0.225715   0.070579   0.302639   0.672674   0.393352   0.153075   0.234850   0.126190   0.227526   0.073238   0.303052   0.671926   0.393901   0.153413   0.236218   0.126487   0.228908   0.075546   0.303305   0.671391   0.393928   0.153433   0.237007   0.126505   0.229718   0.077700   0.307470   0.667037   0.396221   0.154871   0.236968   0.127774   0.230821   0.079657   0.332989   0.649129   0.404440   0.160205   0.236421   0.132508   0.233085   0.083937   0.386796   0.620798   0.415582   0.167648   0.235546   0.139144   0.237081   0.095544   0.449347   0.595816   0.426389   0.175079   0.235268   0.145803   0.242687   0.110021   0.502469   0.579581   0.436866   0.182468   0.235728   0.152453   0.248590   0.119226   0.533321   0.574846   0.445092   0.188396   0.235974   0.157806   0.254189   0.125018   0.533961   0.582583   0.449603   0.191699   0.235936   0.160799   0.259235   0.128524   0.506072   0.600201   0.449919   0.191930   0.235671   0.161008   0.263091   0.128331   0.458301   0.623465   0.446168   0.189159   0.235119   0.158495   0.265013   0.122503   0.401498   0.648995   0.439257   0.184119   0.234543   0.153933   0.264784   0.113113   0.347884   0.673215   0.429776   0.177360   0.234380   0.147839   0.262891   0.102920   0.312133   0.689936   0.419297   0.170092   0.234571   0.141318   0.259579   0.092979   0.299591   0.695137   0.411878   0.165089   0.234940   0.136849   0.255510   0.087615   0.298640   0.693695   0.408107   0.162623   0.235227   0.134658   0.251754   0.086463   0.298411   0.691955   0.405234   0.160766   0.235221   0.133011   0.248675   0.088707   0.298274   0.690387   0.402543   0.159042   0.235244   0.131485   0.246096   0.091787   0.297955   0.689072   0.400001   0.157428   0.235245   0.130057   0.243580   0.091631   0.297470   0.688048   0.397710   0.155988   0.235249   0.128786   0.240999   0.090235   0.296988   0.687217   0.395678   0.154727   0.235488   0.127675   0.238541   0.090429 317947
 19   0.161468   0.674896   0.366404   0.137664   0.195720   0.112804   0.201928   0.122779   0.287148   0.687583   0.350722   0.127983   0.195353   0.104277   0.194332   0.182782   0.288020   0.684850   0.352973   0.129221   0.195882   0.105346   0.196182   0.193181   0.288506   0.682996   0.354053   0.129838   0.197158   0.105883   0.197791   0.201042   0.288774   0.681718   0.354202   0.129929   0.197858   0.105962   0.198795   0.208982   0.300004   0.672854   0.358299   0.132221   0.197803   0.107948   0.200319   0.215713   0.349951   0.644528   0.369767   0.138963   0.197250   0.113834   0.202901   0.225074   0.440780   0.604009   0.384206   0.147888   0.196408   0.121693   0.205630   0.241635   0.539999   0.568018   0.398144   0.156845   0.196203   0.129631   0.208700   0.255289   0.622951   0.543214   0.410706   0.165180   0.196691   0.137059   0.212024   0.257167   0.674151   0.533704   0.420523   0.171869   0.196964   0.143046   0.215112   0.255231   0.680029   0.542607   0.426325   0.175905   0.196965   0.146672   0.218060   0.253607   0.639913   0.567724   0.427241   0.176554   0.196718   0.147257   0.220560   0.250756   0.566751   0.602739   0.423047   0.173624   0.196202   0.144623   0.221899   0.243643   0.475262   0.642823   0.414339   0.167624   0.195648   0.139243   0.221528   0.235976   0.382626   0.682667   0.401173   0.158816   0.195437   0.131382   0.219789   0.231131   0.310574   0.713784   0.384743   0.148251   0.195553   0.122016   0.216986   0.224429   0.280275   0.724805   0.372257   0.140509   0.195862   0.115195   0.213342   0.220208   0.278052   0.721002   0.366226   0.136914   0.196103   0.112049   0.209791   0.220544   0.278059   0.716309   0.362070   0.134480   0.196067   0.109925   0.207030   0.224618   0.278415   0.712047   0.358505   0.132415   0.196073   0.108126   0.204976   0.229073   0.278530   0.708525   0.355351   0.130610   0.196069   0.106557   0.202957   0.228355   0.278236   0.705815   0.352638   0.129074   0.196073   0.105224   0.200794   0.225947   0.277936   0.703435   0.350511   0.127878   0.196298   0.104188   0.198829   0.225635 151193
 20   0.124632   0.670956   0.718013   0.468064   0.930994   0.427278   0.571022   0.027484   0.301982   0.680471   0.731333   0.486277   0.930125   0.445686   0.577946   0.027844   0.302583   0.678962   0.733254   0.488991   0.930936   0.448446   0.576971   0.028367   0.302833   0.677889   0.734260   0.490416   0.932779   0.449895   0.577389   0.027703   0.302974   0.677114   0.734181   0.490300   0.933816   0.449776   0.578035   0.027220   0.308131   0.675217   0.736231   0.493204   0.933789   0.452730   0.578089   0.026492   0.338328   0.667860   0.746258   0.507898   0.933205   0.467771   0.581495   0.023311   0.405757   0.653284   0.765781   0.537556   0.932259   0.498332   0.594723   0.020767   0.496011   0.636251   0.793609   0.582128   0.931548   0.544721   0.611681   0.024418   0.590914   0.621156   0.825817   0.636886   0.931598   0.602353   0.622030   0.032045   0.667897   0.610764   0.855044   0.689531   0.931386   0.658367   0.625765   0.039855   0.692638   0.608562   0.876701   0.730414   0.930670   0.702251   0.626211   0.046682   0.651423   0.615273   0.888837   0.754035   0.929652   0.727752   0.626250   0.051925   0.564517   0.627789   0.891417   0.759047   0.928391   0.733161   0.629356   0.054421   0.460263   0.641987   0.885421   0.747057   0.927556   0.720153   0.640659   0.051983   0.368261   0.655638   0.866750   0.710927   0.927426   0.681194   0.663116   0.044181   0.316394   0.668351   0.836718   0.655302   0.927721   0.621706   0.675061   0.042900   0.303074   0.674759   0.815357   0.617323   0.928387   0.581406   0.670774   0.046745   0.302942   0.675171   0.806698   0.602662   0.929112   0.565992   0.667055   0.046049   0.303183   0.675163   0.800152   0.591756   0.929571   0.554562   0.665381   0.044154   0.303570   0.674923   0.794864   0.583040   0.929762   0.545445   0.665156   0.042056   0.303854   0.674669   0.790233   0.575500   0.929821   0.537577   0.665385   0.040569   0.303967   0.674470   0.785997   0.568695   0.930063   0.530493   0.665641   0.039958   0.303977   0.674311   0.782117   0.562534   0.930601   0.524094   0.666092   0.039570 249791
 21   0.125953   0.668788   0.708951   0.456613   0.855713   0.415869   0.465873   0.042643   0.303090   0.676212   0.734267   0.490590   0.854565   0.450104   0.466459   0.043605   0.303821   0.674993   0.738376   0.496479   0.855222   0.456107   0.461222   0.039177   0.304345   0.674130   0.740391   0.499341   0.857084   0.459019   0.460956   0.036683   0.304755   0.673332   0.741679   0.501184   0.858199   0.460896   0.461800   0.036140   0.306659   0.671638   0.744599   0.505370   0.858277   0.465164   0.463056   0.034919   0.320863   0.665751   0.756028   0.522429   0.857790   0.482686   0.467374   0.029218   0.354520   0.655758   0.772774   0.548097   0.856912   0.509177   0.479419   0.022567   0.397828   0.645617   0.788611   0.573277   0.856468   0.535343   0.496073   0.022613   0.440260   0.637231   0.804785   0.599944   0.856669   0.563242   0.511291   0.028196   0.472867   0.631774   0.819368   0.624787   0.856577   0.589393   0.524500   0.035689   0.482644   0.630859   0.829891   0.643217   0.856117   0.608894   0.536893   0.042965   0.464261   0.634831   0.834583   0.651605   0.855374   0.617805   0.549540   0.048259   0.424132   0.642410   0.832563   0.648052   0.854384   0.614041   0.563206   0.049668   0.374065   0.651891   0.823812   0.632673   0.853730   0.597755   0.579774   0.046322   0.331053   0.661917   0.805626   0.601613   0.853781   0.565044   0.599119   0.039380   0.309765   0.669530   0.784523   0.566581   0.854226   0.528346   0.609734   0.035744   0.305801   0.672147   0.773061   0.548111   0.854888   0.509107   0.609186   0.035331   0.306020   0.672078   0.768938   0.541665   0.855479   0.502429   0.606365   0.034121   0.306274   0.671855   0.766021   0.537146   0.855753   0.497758   0.603136   0.033754   0.306513   0.671596   0.763670   0.533542   0.855884   0.494040   0.599871   0.034279   0.306697   0.671351   0.761674   0.530509   0.855838   0.490915   0.596609   0.034994   0.306821   0.671125   0.759968   0.527933   0.855872   0.488264   0.593807   0.035116   0.306900   0.670943   0.758435   0.525640   0.856249   0.485908   0.591480   0.035100 193812
 22   0.148060   0.678103   0.493311   0.227392   0.437200   0.193734   0.281171   0.067146   0.290730   0.695084   0.517918   0.246840   0.436747   0.211593   0.278980   0.074575   0.290054   0.693804   0.520125   0.248744   0.437113   0.213368   0.274187   0.074255   0.289985   0.692341   0.521378   0.249865   0.438468   0.214419   0.271078   0.076320   0.289944   0.691046   0.521738   0.250216   0.439197   0.214753   0.268471   0.079850   0.300293   0.679338   0.530109   0.257438   0.439052   0.221482   0.269748   0.082527   0.352311   0.643222   0.552702   0.278048   0.438342   0.240874   0.275190   0.087435   0.453067   0.593856   0.577817   0.302509   0.437263   0.264152   0.280893   0.106144   0.567023   0.552472   0.599505   0.325041   0.436809   0.285839   0.286489   0.132142   0.662721   0.527006   0.618678   0.345875   0.437036   0.306053   0.292842   0.150861   0.720257   0.520519   0.632770   0.361834   0.437004   0.321651   0.300620   0.163347   0.722118   0.535348   0.640255   0.370657   0.436748   0.330336   0.309846   0.172291   0.668345   0.567542   0.639841   0.370414   0.436357   0.330139   0.319848   0.176994   0.578585   0.608035   0.631545   0.361025   0.435825   0.320962   0.329054   0.174940   0.474608   0.649621   0.616920   0.344557   0.435322   0.304881   0.335776   0.164295   0.378535   0.685902   0.598376   0.324215   0.435278   0.285107   0.338845   0.142619   0.310575   0.712289   0.576353   0.301256   0.435678   0.262992   0.336297   0.114326   0.284235   0.721373   0.559327   0.284309   0.436235   0.246800   0.328111   0.098573   0.282864   0.717867   0.551573   0.276963   0.436603   0.239843   0.319157   0.096270   0.282648   0.714114   0.546555   0.272294   0.436606   0.235435   0.311896   0.096474   0.282391   0.710988   0.542412   0.268505   0.436672   0.231869   0.305606   0.098183   0.282242   0.708442   0.538408   0.264901   0.436732   0.228487   0.300185   0.098915   0.282325   0.706272   0.534554   0.261468   0.436767   0.225270   0.295365   0.098807   0.282397   0.704339   0.531215   0.258517   0.437045   0.222509   0.290999   0.098959 154667
 23   0.153036   0.676135   0.434638   0.182177   0.325817   0.152381   0.240767   0.090518   0.286004   0.691362   0.440272   0.185575   0.325779   0.155352   0.231925   0.118196   0.285299   0.690120   0.442058   0.186837   0.326231   0.156490   0.229134   0.123603   0.285348   0.688315   0.443545   0.187911   0.327536   0.157461   0.227796   0.129104   0.285101   0.686802   0.444068   0.188324   0.328238   0.157839   0.226864   0.136443   0.297429   0.675421   0.452902   0.194566   0.328124   0.163461   0.229467   0.142530   0.355023   0.642938   0.475003   0.211160   0.327488   0.178562   0.234979   0.151860   0.460842   0.601646   0.498562   0.230195   0.326544   0.196099   0.239004   0.176344   0.576176   0.567915   0.518280   0.247119   0.326232   0.211854   0.242615   0.202148   0.671327   0.545172   0.535017   0.262056   0.326603   0.225853   0.247130   0.211431   0.729631   0.536269   0.547391   0.273469   0.326737   0.236613   0.252385   0.213056   0.735471   0.544540   0.554149   0.279906   0.326621   0.242715   0.258232   0.213084   0.687795   0.568488   0.554337   0.280197   0.326304   0.243010   0.264204   0.211454   0.602051   0.602182   0.547736   0.274059   0.325781   0.237216   0.269235   0.206184   0.496287   0.640226   0.535408   0.262665   0.325240   0.226470   0.272045   0.197245   0.391229   0.677317   0.518300   0.247283   0.325089   0.212032   0.272264   0.182370   0.310111   0.708540   0.494659   0.227083   0.325322   0.193240   0.269545   0.159573   0.276376   0.721858   0.475460   0.211412   0.325735   0.178776   0.262975   0.148039   0.274450   0.719385   0.467286   0.205134   0.326033   0.173041   0.255866   0.149885   0.274414   0.715540   0.462138   0.201265   0.326020   0.169522   0.250845   0.153761   0.274594   0.711851   0.457889   0.198124   0.326059   0.166672   0.247020   0.158122   0.274934   0.708531   0.454057   0.195330   0.326088   0.164142   0.243837   0.159395   0.275234   0.705615   0.450659   0.192887   0.326106   0.161936   0.240773   0.159436   0.275329   0.703034   0.447852   0.190895   0.326352   0.160141   0.237799   0.160134 159473
 24   0.151276   0.672443   0.430583   0.179839   0.274921   0.150358   0.232050   0.219082   0.276040   0.682570   0.421227   0.173374   0.276859   0.144554   0.223085   0.367463   0.275761   0.679567   0.423670   0.175094   0.277259   0.146105   0.223886   0.391783   0.275518   0.677434   0.425086   0.176121   0.278540   0.147036   0.224816   0.405685   0.274971   0.676040   0.425349   0.176358   0.279195   0.147257   0.225569   0.421034   0.289647   0.670393   0.427325   0.177759   0.279061   0.148520   0.226001   0.432699   0.354568   0.649347   0.436283   0.184126   0.278404   0.154267   0.228311   0.425692   0.468570   0.615533   0.451514   0.195343   0.277486   0.164452   0.231632   0.419781   0.588115   0.583871   0.468094   0.208078   0.277305   0.176100   0.234460   0.425920   0.683170   0.561317   0.483184   0.220098   0.277840   0.187165   0.237363   0.420636   0.741446   0.550500   0.494722   0.229586   0.278144   0.195946   0.239939   0.409726   0.752093   0.554352   0.501226   0.235058   0.278177   0.201031   0.242386   0.400075   0.713026   0.572862   0.501972   0.235700   0.277953   0.201630   0.244520   0.392535   0.634042   0.602232   0.496835   0.231361   0.277462   0.197596   0.245691   0.385278   0.526581   0.639327   0.485953   0.222345   0.276880   0.189240   0.245265   0.382040   0.409300   0.679352   0.469540   0.209209   0.276595   0.177138   0.243098   0.389008   0.308952   0.713476   0.449623   0.193924   0.276666   0.163159   0.239126   0.407908   0.263265   0.725752   0.436132   0.183947   0.276960   0.154092   0.234405   0.429140   0.260006   0.720247   0.431291   0.180556   0.277175   0.151040   0.230596   0.441772   0.259905   0.713988   0.428070   0.178343   0.277096   0.149055   0.227849   0.452850   0.259933   0.708498   0.425398   0.176524   0.277102   0.147424   0.225880   0.462077   0.260066   0.703818   0.423153   0.175005   0.277143   0.146065   0.224181   0.463947   0.260049   0.699913   0.421281   0.173742   0.277186   0.144936   0.222386   0.462265   0.259846   0.696471   0.419944   0.172844   0.277449   0.144132   0.220633   0.461855 80939
