timestamp=                2021-10-09T13:13:59.338391
shape=                    (5, 5)
sigma=                    2.5
nepochs=                  9
thresh=                   None
rate=                     0.01
neighborhood function=    gaussian
init weights=             pca
topology=                 hexagonal
activation distance=      euclidean
output type=              labels
mapfile_prefix=           full2017_5x5_9_01_3_1
apply classification=     False
seed=                     None
random order=             True
custom init file=         None
order labels by size=     False
decay_function=           3

############ NEURONS #############
 25 192
  0   0.129070   0.669329   0.692498   0.433944   0.925515   0.392931   0.554823   0.027875   0.305049   0.677651   0.705875   0.451079   0.924453   0.410044   0.558328   0.027696   0.305391   0.676709   0.706887   0.452334   0.925232   0.411289   0.556310   0.027604   0.305711   0.675785   0.707917   0.453671   0.927039   0.412628   0.556593   0.026735   0.305944   0.675089   0.708146   0.453967   0.928082   0.412923   0.557223   0.026336   0.306841   0.674438   0.707983   0.453728   0.928119   0.412679   0.557046   0.026584   0.316879   0.671735   0.711054   0.457856   0.927622   0.416838   0.557125   0.026569   0.343213   0.665063   0.719724   0.469695   0.926795   0.428799   0.561664   0.025687   0.378829   0.656548   0.732393   0.487433   0.926333   0.446800   0.571439   0.026535   0.413514   0.649020   0.747206   0.508909   0.926690   0.468735   0.582793   0.029931   0.439301   0.643797   0.761640   0.530618   0.926918   0.491058   0.592581   0.033554   0.446991   0.642056   0.773250   0.548665   0.926697   0.509729   0.599786   0.035776   0.432509   0.644176   0.780228   0.559810   0.926059   0.521318   0.605921   0.035947   0.401001   0.649201   0.781959   0.562711   0.925051   0.524360   0.612829   0.033784   0.361606   0.655561   0.778790   0.557745   0.924369   0.519214   0.622396   0.029384   0.327371   0.662589   0.768045   0.540886   0.924281   0.501740   0.633868   0.026035   0.310420   0.668377   0.754086   0.519294   0.924492   0.479420   0.638570   0.028076   0.307205   0.670587   0.746062   0.507157   0.925023   0.466926   0.635734   0.031596   0.307163   0.670755   0.742417   0.501788   0.925589   0.461426   0.632653   0.032768   0.307165   0.670846   0.739299   0.497238   0.925851   0.456775   0.630435   0.033300   0.307154   0.670953   0.736427   0.493094   0.925863   0.452546   0.628800   0.033452   0.307149   0.671030   0.733847   0.489403   0.925765   0.448786   0.627420   0.033383   0.307184   0.671051   0.731618   0.486238   0.925870   0.445565   0.626418   0.033249   0.307260   0.671006   0.729763   0.483631   0.926279   0.442918   0.625668   0.033380 216633
  1   0.146545   0.666586   0.554663   0.280982   0.533085   0.243821   0.376232   0.041172   0.304817   0.672399   0.576688   0.300436   0.531865   0.262009   0.380242   0.045983   0.305291   0.671907   0.577878   0.301579   0.532443   0.263093   0.379742   0.041250   0.305566   0.671362   0.578286   0.301972   0.534041   0.263466   0.380310   0.039681   0.305721   0.670961   0.577981   0.301668   0.534961   0.263175   0.380782   0.039065   0.307651   0.668825   0.579374   0.303041   0.534906   0.264484   0.381818   0.038838   0.324328   0.659644   0.587027   0.310868   0.534266   0.271992   0.384861   0.037305   0.364193   0.644556   0.596342   0.320576   0.533254   0.281336   0.392999   0.039029   0.413981   0.630634   0.603707   0.328453   0.532895   0.288952   0.405355   0.047419   0.455605   0.621610   0.610948   0.336354   0.533328   0.296619   0.417705   0.057693   0.476928   0.619171   0.616189   0.342179   0.533506   0.302290   0.428847   0.066471   0.472672   0.623319   0.618468   0.344748   0.533390   0.304798   0.438118   0.071749   0.446432   0.632396   0.617335   0.343489   0.533039   0.303573   0.444990   0.072141   0.407757   0.644163   0.612868   0.338524   0.532408   0.298739   0.449082   0.067371   0.366071   0.656705   0.606022   0.331006   0.531776   0.291434   0.450214   0.058332   0.330835   0.667993   0.598103   0.322450   0.531634   0.283146   0.448963   0.047726   0.310949   0.675144   0.590887   0.314787   0.531916   0.275746   0.445416   0.040747   0.305568   0.676991   0.587057   0.310784   0.532380   0.271892   0.440028   0.038784   0.305309   0.676455   0.585857   0.309568   0.532729   0.270727   0.434567   0.038576   0.305106   0.675975   0.584800   0.308510   0.532732   0.269717   0.429639   0.039004   0.304904   0.675598   0.583628   0.307347   0.532773   0.268607   0.425194   0.040025   0.304777   0.675258   0.582354   0.306083   0.532803   0.267400   0.421240   0.040844   0.304699   0.674915   0.581192   0.304934   0.532829   0.266305   0.417630   0.041326   0.304575   0.674628   0.580203   0.303966   0.533123   0.265383   0.414269   0.041767 323334
  2   0.158326   0.666685   0.450363   0.192589   0.336143   0.161653   0.277838   0.049342   0.304425   0.672328   0.460688   0.199478   0.335646   0.167789   0.276915   0.058245   0.304820   0.671412   0.462501   0.200787   0.336155   0.168972   0.277475   0.057834   0.305098   0.670611   0.463935   0.201865   0.337589   0.169952   0.278240   0.058969   0.305267   0.670062   0.464598   0.202376   0.338416   0.170418   0.278781   0.060461   0.307956   0.667332   0.466589   0.203896   0.338345   0.171804   0.279722   0.061528   0.327553   0.655132   0.473941   0.209649   0.337748   0.177073   0.282098   0.062041   0.371719   0.634462   0.484006   0.217703   0.336821   0.184476   0.287240   0.067866   0.425349   0.615199   0.493892   0.225832   0.336494   0.191985   0.294586   0.079919   0.471628   0.602288   0.503706   0.234067   0.336909   0.199619   0.302235   0.091241   0.497851   0.598209   0.511295   0.240565   0.337110   0.205664   0.309356   0.099922   0.496868   0.603652   0.515454   0.244208   0.337031   0.209066   0.315223   0.105416   0.471755   0.616423   0.515697   0.244455   0.336719   0.209302   0.319422   0.106591   0.430702   0.633491   0.511926   0.241183   0.336134   0.206251   0.321670   0.102147   0.382646   0.652293   0.504833   0.235060   0.335551   0.200547   0.321843   0.092811   0.338772   0.669835   0.495638   0.227272   0.335414   0.193317   0.320059   0.080921   0.311432   0.681505   0.486271   0.219515   0.335660   0.186143   0.316413   0.070814   0.302919   0.684832   0.480284   0.214646   0.336090   0.181654   0.311864   0.066750   0.302515   0.683841   0.477573   0.212488   0.336422   0.179672   0.307781   0.066496   0.302318   0.682811   0.475398   0.210788   0.336434   0.178114   0.304250   0.068301   0.302133   0.681886   0.473476   0.209307   0.336465   0.176762   0.301061   0.070731   0.301970   0.681021   0.471719   0.207962   0.336476   0.175535   0.298114   0.071338   0.301752   0.680296   0.470075   0.206709   0.336494   0.174392   0.295357   0.070951   0.301376   0.679762   0.468583   0.205589   0.336758   0.173374   0.292798   0.071186 381224
  3   0.161482   0.675170   0.365663   0.137234   0.195014   0.112428   0.201353   0.121282   0.287010   0.688041   0.350021   0.127590   0.194632   0.103937   0.193471   0.180667   0.287904   0.685297   0.352250   0.128815   0.195160   0.104994   0.195273   0.191450   0.288326   0.683521   0.353228   0.129368   0.196437   0.105474   0.196849   0.199423   0.288571   0.682256   0.353329   0.129425   0.197140   0.105524   0.197806   0.207225   0.299862   0.673179   0.357551   0.131783   0.197089   0.107565   0.199348   0.213748   0.350241   0.644211   0.369405   0.138746   0.196539   0.113645   0.201957   0.223191   0.441663   0.603053   0.384088   0.147820   0.195700   0.121634   0.204684   0.240144   0.541423   0.566665   0.398056   0.156798   0.195496   0.129592   0.207815   0.253984   0.625133   0.541530   0.410667   0.165169   0.195983   0.137051   0.211191   0.255953   0.676233   0.532118   0.420516   0.171883   0.196255   0.143062   0.214324   0.253925   0.681887   0.541250   0.426343   0.175940   0.196255   0.146707   0.217332   0.252065   0.642164   0.566427   0.427338   0.176648   0.196008   0.147346   0.219900   0.248978   0.568728   0.601719   0.423186   0.173746   0.195491   0.144737   0.221334   0.241543   0.476470   0.642322   0.414453   0.167720   0.194937   0.139332   0.221054   0.233633   0.383258   0.682655   0.401296   0.158906   0.194725   0.131465   0.219291   0.228789   0.310682   0.714222   0.384742   0.148251   0.194838   0.122018   0.216429   0.221864   0.279935   0.725556   0.372003   0.140350   0.195147   0.115055   0.212758   0.217204   0.277749   0.721723   0.365792   0.136650   0.195387   0.111818   0.209156   0.217556   0.277818   0.716931   0.361570   0.134177   0.195351   0.109660   0.206361   0.221803   0.278212   0.712517   0.358089   0.132165   0.195356   0.107907   0.204282   0.226230   0.278296   0.708951   0.354981   0.130393   0.195353   0.106367   0.202242   0.225442   0.277921   0.706279   0.352210   0.128830   0.195357   0.105013   0.200052   0.223013   0.277626   0.703880   0.350094   0.127646   0.195581   0.103987   0.198074   0.222633 151379
  4   0.151469   0.672333   0.430479   0.179736   0.275016   0.150261   0.232093   0.219714   0.276199   0.682456   0.421085   0.173264   0.276945   0.144454   0.223516   0.368735   0.275770   0.679516   0.423548   0.174988   0.277341   0.146007   0.224539   0.393210   0.275570   0.677325   0.425036   0.176061   0.278617   0.146978   0.225540   0.407440   0.275000   0.675935   0.425326   0.176314   0.279266   0.147214   0.226244   0.423001   0.289459   0.670410   0.427234   0.177660   0.279134   0.148427   0.226677   0.434422   0.353922   0.649561   0.436076   0.183929   0.278484   0.154081   0.229045   0.426838   0.467292   0.616003   0.451209   0.195053   0.277566   0.164179   0.232456   0.420902   0.586632   0.584497   0.467742   0.207743   0.277382   0.175784   0.235320   0.427405   0.681916   0.561959   0.482743   0.219685   0.277917   0.186774   0.238203   0.422142   0.740033   0.551220   0.494120   0.229026   0.278224   0.195417   0.240767   0.411112   0.750707   0.555006   0.500592   0.234455   0.278258   0.200459   0.243131   0.401368   0.711858   0.573397   0.501355   0.235101   0.278031   0.201061   0.245146   0.394130   0.632813   0.602789   0.496198   0.230744   0.277538   0.197010   0.246225   0.387176   0.525603   0.639754   0.485277   0.221710   0.276959   0.188640   0.245763   0.383869   0.408896   0.679400   0.468864   0.208598   0.276676   0.176565   0.243598   0.390710   0.309052   0.713195   0.449050   0.193426   0.276744   0.162696   0.239576   0.409649   0.263642   0.725374   0.435658   0.183547   0.277037   0.153723   0.234828   0.430243   0.260406   0.719926   0.430863   0.180193   0.277256   0.150704   0.231012   0.441991   0.260185   0.713759   0.427687   0.178011   0.277179   0.148746   0.228236   0.453107   0.260078   0.708344   0.425047   0.176218   0.277186   0.147141   0.226224   0.462652   0.260113   0.703704   0.422818   0.174712   0.277227   0.145794   0.224505   0.464682   0.260032   0.699800   0.420990   0.173483   0.277270   0.144695   0.222744   0.463230   0.259840   0.696365   0.419673   0.172603   0.277531   0.143908   0.221014   0.463083 81109
  5   0.136674   0.665450   0.645177   0.375850   0.712654   0.335323   0.532872   0.034421   0.307295   0.670170   0.663623   0.396473   0.711349   0.355426   0.538663   0.037989   0.307711   0.669653   0.664728   0.397813   0.711984   0.356752   0.536980   0.034403   0.308132   0.669039   0.665773   0.399094   0.713773   0.358020   0.538013   0.032373   0.308393   0.668642   0.665865   0.399217   0.714791   0.358144   0.538394   0.031554   0.309120   0.668028   0.665897   0.399257   0.714727   0.358183   0.537927   0.031195   0.318242   0.664150   0.669844   0.404209   0.714082   0.363109   0.537918   0.029559   0.343580   0.656105   0.676773   0.412951   0.713006   0.371814   0.543680   0.028167   0.378317   0.647682   0.683387   0.421393   0.712600   0.380238   0.555840   0.031365   0.410179   0.641523   0.689869   0.429797   0.713080   0.388649   0.568699   0.037975   0.430134   0.638532   0.695108   0.436691   0.713261   0.395567   0.579941   0.044146   0.431832   0.639203   0.698265   0.440895   0.713093   0.399795   0.588871   0.048104   0.414802   0.643414   0.698476   0.441201   0.712683   0.400108   0.595236   0.048750   0.385245   0.650125   0.695514   0.437285   0.711968   0.396176   0.598757   0.045545   0.352159   0.657872   0.690156   0.430226   0.711255   0.389089   0.599912   0.039173   0.324740   0.665138   0.683105   0.421005   0.711093   0.379848   0.600501   0.032641   0.310829   0.669662   0.676449   0.412387   0.711410   0.371226   0.598682   0.029969   0.308093   0.670731   0.673209   0.408237   0.711925   0.367082   0.593981   0.029860   0.308174   0.670445   0.672239   0.407015   0.712325   0.365865   0.589535   0.029617   0.308268   0.670178   0.671292   0.405834   0.712369   0.364691   0.585671   0.029645   0.308351   0.669951   0.670302   0.404606   0.712443   0.363473   0.582210   0.030098   0.308420   0.669747   0.669302   0.403376   0.712496   0.362253   0.578949   0.030578   0.308485   0.669529   0.668498   0.402394   0.712536   0.361281   0.575746   0.030773   0.308561   0.669254   0.668062   0.401870   0.712862   0.360764   0.572847   0.030849 317384
  6   0.141676   0.666010   0.603361   0.329826   0.628659   0.290558   0.440081   0.040270   0.306025   0.671216   0.624317   0.350702   0.627239   0.310498   0.444440   0.044932   0.306520   0.670586   0.626121   0.352668   0.627843   0.312404   0.442962   0.039836   0.306978   0.669878   0.627331   0.354002   0.629558   0.313701   0.443940   0.037428   0.307236   0.669431   0.627405   0.354078   0.630541   0.313774   0.444931   0.036611   0.308422   0.668220   0.628077   0.354816   0.630496   0.314491   0.445659   0.036241   0.320547   0.661999   0.634337   0.362007   0.629883   0.321532   0.447437   0.034306   0.351739   0.650796   0.643296   0.372436   0.628873   0.331769   0.454494   0.033857   0.392435   0.639989   0.650887   0.381469   0.628502   0.340669   0.466482   0.038917   0.428750   0.632407   0.658471   0.390685   0.628942   0.349786   0.478651   0.047130   0.449964   0.629362   0.664433   0.398084   0.629098   0.357134   0.489687   0.054837   0.449640   0.631334   0.667666   0.402178   0.628933   0.361214   0.499004   0.059908   0.429359   0.637543   0.667514   0.402048   0.628539   0.361096   0.506197   0.061270   0.396152   0.646514   0.663747   0.397402   0.627853   0.356488   0.510927   0.058067   0.358955   0.656627   0.657189   0.389337   0.627175   0.348492   0.513186   0.051073   0.327478   0.666031   0.648825   0.379153   0.627027   0.338413   0.514128   0.043008   0.310723   0.671944   0.640900   0.369635   0.627333   0.329018   0.512452   0.038653   0.306938   0.673379   0.636899   0.364891   0.627830   0.324346   0.507951   0.037947   0.307002   0.672915   0.635751   0.363554   0.628213   0.323034   0.503459   0.037580   0.307067   0.672487   0.634701   0.362344   0.628255   0.321848   0.499551   0.037601   0.307108   0.672129   0.633645   0.361142   0.628332   0.320673   0.496048   0.038138   0.307148   0.671825   0.632582   0.359943   0.628380   0.319502   0.492780   0.038696   0.307179   0.671532   0.631634   0.358872   0.628411   0.318457   0.489609   0.039094   0.307180   0.671244   0.630926   0.358077   0.628721   0.317681   0.486640   0.039376 366029
  7   0.153309   0.666640   0.501052   0.232764   0.428640   0.198546   0.324412   0.042495   0.305453   0.672350   0.519021   0.246723   0.428079   0.211314   0.326681   0.049086   0.305809   0.671695   0.520032   0.247545   0.428605   0.212072   0.326711   0.046562   0.305992   0.671091   0.520865   0.248244   0.430108   0.212720   0.327012   0.046158   0.306115   0.670610   0.521219   0.248544   0.430979   0.212998   0.326976   0.046665   0.308278   0.668246   0.522928   0.250021   0.430917   0.214374   0.327715   0.047188   0.325890   0.657426   0.530237   0.256553   0.430295   0.220494   0.330150   0.046404   0.366749   0.638853   0.539584   0.265069   0.429317   0.228499   0.336425   0.048944   0.416626   0.621378   0.547916   0.272842   0.428969   0.235836   0.346216   0.058119   0.458065   0.610050   0.556291   0.280806   0.429388   0.243379   0.356378   0.069073   0.479393   0.606910   0.562734   0.287066   0.429567   0.249332   0.365525   0.078309   0.475815   0.612110   0.566151   0.290470   0.429460   0.252583   0.372943   0.084426   0.450883   0.623660   0.566012   0.290383   0.429128   0.252508   0.378308   0.086087   0.412906   0.638743   0.562217   0.286677   0.428523   0.248982   0.381326   0.082283   0.370534   0.654894   0.555507   0.280147   0.427903   0.242772   0.381935   0.073496   0.333373   0.669331   0.547378   0.272357   0.427755   0.235383   0.380311   0.062099   0.311406   0.678355   0.539780   0.265212   0.428026   0.228629   0.376517   0.053567   0.305058   0.680603   0.535320   0.261085   0.428482   0.224738   0.371462   0.050540   0.304746   0.679776   0.533469   0.259409   0.428826   0.223163   0.366646   0.050159   0.304473   0.679053   0.531892   0.258004   0.428834   0.221848   0.362281   0.051011   0.304173   0.678486   0.530402   0.256695   0.428875   0.220625   0.358277   0.052494   0.303935   0.677987   0.528906   0.255381   0.428901   0.219398   0.354729   0.053193   0.303727   0.677529   0.527434   0.254095   0.428922   0.218197   0.351494   0.053286   0.303521   0.677084   0.526244   0.253071   0.429199   0.217244   0.348466   0.053710 358494
  8   0.163709   0.667797   0.394912   0.154545   0.234331   0.127562   0.230652   0.055750   0.301931   0.674108   0.391188   0.151761   0.233775   0.125037   0.225460   0.070297   0.302693   0.672742   0.393259   0.153014   0.234289   0.126135   0.227218   0.073196   0.303091   0.672002   0.393837   0.153372   0.235662   0.126451   0.228590   0.075327   0.303272   0.671544   0.393780   0.153342   0.236450   0.126426   0.229358   0.077321   0.307442   0.667196   0.396067   0.154778   0.236405   0.127693   0.230375   0.079284   0.333228   0.649096   0.404363   0.160166   0.235852   0.132475   0.232572   0.083271   0.387174   0.620556   0.415540   0.167636   0.234976   0.139137   0.236472   0.094515   0.450114   0.595206   0.426343   0.175068   0.234700   0.145797   0.242072   0.108823   0.503750   0.578649   0.436807   0.182456   0.235159   0.152446   0.248070   0.118188   0.534145   0.574164   0.444925   0.188311   0.235403   0.157736   0.253772   0.124212   0.534147   0.582293   0.449285   0.191511   0.235366   0.160635   0.258946   0.127780   0.505810   0.600214   0.449498   0.191668   0.235105   0.160778   0.262888   0.127552   0.457837   0.623736   0.445762   0.188907   0.234555   0.158273   0.264867   0.121796   0.401214   0.649403   0.438931   0.183921   0.233977   0.153760   0.264679   0.112636   0.347786   0.673648   0.429551   0.177226   0.233817   0.147723   0.262753   0.102572   0.312123   0.690343   0.419184   0.170026   0.234013   0.141261   0.259389   0.092756   0.299639   0.695404   0.411871   0.165083   0.234384   0.136844   0.255296   0.087411   0.298712   0.693833   0.408160   0.162653   0.234670   0.134684   0.251555   0.086172   0.298421   0.692078   0.405261   0.160778   0.234663   0.133021   0.248557   0.088385   0.298282   0.690492   0.402569   0.159052   0.234685   0.131493   0.246053   0.091380   0.297944   0.689192   0.400003   0.157420   0.234686   0.130049   0.243525   0.091225   0.297444   0.688165   0.397694   0.155967   0.234687   0.128766   0.240921   0.089920   0.296872   0.687387   0.395605   0.154671   0.234925   0.127624   0.238470   0.090003 316068
  9   0.152904   0.676194   0.434433   0.182043   0.326223   0.152262   0.240810   0.090754   0.285882   0.691391   0.440029   0.185440   0.326258   0.155237   0.231773   0.118626   0.285334   0.690043   0.441948   0.186789   0.326715   0.156451   0.228922   0.123934   0.285325   0.688295   0.443381   0.187812   0.328020   0.157374   0.227572   0.129304   0.284956   0.686862   0.443858   0.188185   0.328717   0.157716   0.226552   0.136541   0.297353   0.675419   0.452872   0.194555   0.328595   0.163453   0.229149   0.142545   0.355191   0.642913   0.475203   0.211323   0.327953   0.178713   0.234752   0.151492   0.461321   0.601812   0.498930   0.230510   0.327003   0.196392   0.238779   0.176138   0.577474   0.568222   0.518827   0.247614   0.326688   0.212318   0.242290   0.202955   0.673457   0.545609   0.535599   0.262608   0.327059   0.226377   0.246800   0.213009   0.731933   0.536823   0.547884   0.273965   0.327199   0.237087   0.252105   0.214818   0.738253   0.544969   0.554625   0.280401   0.327083   0.243192   0.257937   0.214890   0.690981   0.568684   0.554824   0.280713   0.326759   0.243508   0.263870   0.213412   0.604669   0.602170   0.548191   0.274542   0.326234   0.237682   0.268843   0.208038   0.497848   0.640115   0.535773   0.263053   0.325695   0.226844   0.271692   0.198738   0.391880   0.677116   0.518511   0.247515   0.325547   0.212257   0.272011   0.183098   0.310158   0.708333   0.494590   0.227063   0.325785   0.193227   0.269331   0.159501   0.276200   0.721774   0.475126   0.211176   0.326203   0.178563   0.262778   0.147585   0.274342   0.719306   0.466976   0.204917   0.326501   0.172846   0.255666   0.149560   0.274302   0.715389   0.462002   0.201172   0.326487   0.169439   0.250676   0.153589   0.274506   0.711675   0.457852   0.198103   0.326524   0.166653   0.246929   0.157945   0.274929   0.708326   0.454063   0.195336   0.326553   0.164148   0.243814   0.159131   0.275166   0.705475   0.450653   0.192879   0.326575   0.161928   0.240727   0.159138   0.275213   0.702972   0.447818   0.190868   0.326823   0.160115   0.237675   0.159996 159571
 10   0.126749   0.667536   0.724232   0.475992   0.918684   0.435185   0.709748   0.029291   0.307800   0.674341   0.734493   0.490145   0.917856   0.449509   0.713299   0.026748   0.308079   0.673897   0.734304   0.489863   0.918640   0.449220   0.712320   0.027126   0.308349   0.673407   0.734149   0.489653   0.920599   0.449007   0.712140   0.027596   0.308553   0.673122   0.733101   0.488168   0.921736   0.447498   0.711126   0.028158   0.308837   0.673023   0.731222   0.485496   0.921797   0.444778   0.709255   0.028812   0.313365   0.671957   0.730389   0.484319   0.921302   0.443581   0.706317   0.030120   0.327213   0.668425   0.732365   0.487150   0.920415   0.446467   0.705389   0.031065   0.347234   0.663405   0.736836   0.493578   0.919964   0.453021   0.709524   0.032373   0.366808   0.658806   0.743041   0.502591   0.920499   0.462228   0.716309   0.034955   0.380691   0.655580   0.749524   0.512133   0.920894   0.472000   0.722593   0.037072   0.384198   0.654411   0.754811   0.520017   0.920810   0.480093   0.727468   0.037678   0.375615   0.655593   0.757843   0.524583   0.920296   0.484789   0.730890   0.036717   0.357815   0.658682   0.758106   0.524985   0.919357   0.485203   0.733145   0.034071   0.336280   0.662731   0.755841   0.521567   0.918652   0.481688   0.736273   0.029359   0.318142   0.666853   0.750464   0.513480   0.918520   0.473373   0.741619   0.025348   0.310023   0.669349   0.744731   0.504914   0.918715   0.464577   0.743225   0.025481   0.309034   0.669852   0.741747   0.500506   0.919184   0.460060   0.740267   0.026900   0.309060   0.669797   0.740097   0.498088   0.919638   0.457586   0.737741   0.027090   0.309088   0.669695   0.738685   0.496031   0.919750   0.455484   0.735619   0.026880   0.309118   0.669595   0.737393   0.494164   0.919658   0.453578   0.733546   0.026964   0.309160   0.669505   0.736219   0.492481   0.919521   0.451863   0.731479   0.027472   0.309213   0.669370   0.735287   0.491150   0.919590   0.450507   0.729794   0.027682   0.309287   0.669176   0.734634   0.490225   0.919976   0.449567   0.728440   0.027762 619250
 11   0.126952   0.668866   0.720073   0.470695   0.917189   0.429906   0.625251   0.028655   0.306392   0.676547   0.736461   0.493187   0.916248   0.452650   0.628413   0.027435   0.306751   0.675315   0.738731   0.496393   0.917041   0.455909   0.625791   0.026773   0.307092   0.674200   0.740669   0.499166   0.918995   0.458734   0.625552   0.025934   0.307363   0.673360   0.741579   0.500474   0.920093   0.460067   0.625463   0.025686   0.308415   0.672582   0.741997   0.501073   0.920079   0.460678   0.624609   0.025364   0.318794   0.669648   0.746053   0.507056   0.919550   0.466808   0.623477   0.023608   0.344076   0.662923   0.755100   0.520530   0.918631   0.480638   0.627360   0.020820   0.376648   0.654583   0.766925   0.538484   0.918084   0.499130   0.638644   0.020425   0.407818   0.647204   0.781036   0.560508   0.918424   0.521931   0.651144   0.022841   0.429945   0.642289   0.794942   0.582854   0.918557   0.545192   0.660357   0.025918   0.435944   0.640829   0.805812   0.600793   0.918233   0.563958   0.667229   0.028388   0.423075   0.643024   0.812167   0.611485   0.917551   0.575184   0.673686   0.029605   0.394283   0.648118   0.813436   0.613662   0.916530   0.577477   0.681241   0.028953   0.357827   0.654523   0.809891   0.607702   0.915807   0.571221   0.692052   0.025732   0.326480   0.661605   0.798751   0.589201   0.915718   0.551844   0.705425   0.023356   0.311360   0.667113   0.784966   0.566603   0.915993   0.528234   0.712119   0.025948   0.308666   0.669031   0.777154   0.554056   0.916558   0.515175   0.710709   0.029375   0.308543   0.669334   0.773037   0.547603   0.917107   0.508490   0.708293   0.030408   0.308474   0.669539   0.769519   0.542145   0.917334   0.502846   0.706088   0.030859   0.308427   0.669687   0.766379   0.537318   0.917389   0.497864   0.704020   0.031302   0.308414   0.669784   0.763573   0.533038   0.917369   0.493451   0.702003   0.031750   0.308449   0.669812   0.761189   0.529425   0.917492   0.489731   0.700251   0.031822   0.308497   0.669770   0.759260   0.526520   0.917913   0.486744   0.698739   0.031476 563775
 12   0.133596   0.667121   0.647330   0.379530   0.744805   0.339142   0.442522   0.045785   0.303317   0.673186   0.676315   0.412956   0.742780   0.371922   0.448663   0.046184   0.303987   0.672311   0.680008   0.417545   0.743377   0.376480   0.445779   0.040393   0.304520   0.671548   0.683000   0.421252   0.745178   0.380160   0.445280   0.037019   0.304958   0.670853   0.685058   0.423811   0.746202   0.382702   0.444632   0.035702   0.306638   0.669037   0.688555   0.428216   0.746198   0.387088   0.444190   0.034541   0.320106   0.662221   0.700380   0.443783   0.745689   0.402712   0.444980   0.029873   0.353438   0.651280   0.716230   0.465212   0.744773   0.424325   0.451112   0.026124   0.397413   0.640956   0.730284   0.484954   0.744367   0.444376   0.461263   0.029539   0.439739   0.632825   0.744910   0.506223   0.744638   0.466117   0.470090   0.037037   0.468880   0.628277   0.758006   0.525894   0.744558   0.486348   0.477929   0.045267   0.473685   0.628569   0.767226   0.540138   0.744154   0.501073   0.486063   0.052463   0.452511   0.633557   0.770921   0.545978   0.743537   0.507137   0.495183   0.057233   0.413674   0.641846   0.768306   0.541960   0.742651   0.502986   0.505099   0.058117   0.368476   0.651717   0.759766   0.528816   0.741923   0.489407   0.516341   0.054219   0.329661   0.661717   0.744209   0.505456   0.741868   0.465383   0.529869   0.045453   0.309467   0.669154   0.726033   0.478913   0.742291   0.438229   0.536830   0.040217   0.305270   0.671775   0.715618   0.464107   0.742908   0.423158   0.534895   0.039729   0.305466   0.671742   0.711995   0.459111   0.743428   0.418101   0.532102   0.037944   0.305698   0.671559   0.709345   0.455488   0.743647   0.414440   0.529839   0.036513   0.305921   0.671334   0.707121   0.452477   0.743845   0.411403   0.527869   0.035943   0.306093   0.671154   0.704999   0.449630   0.743920   0.408536   0.525763   0.035895   0.306175   0.670991   0.703152   0.447171   0.743962   0.406063   0.523571   0.035565   0.306231   0.670794   0.701750   0.445326   0.744314   0.404211   0.521396   0.035175 234396
 13   0.136830   0.676995   0.582201   0.309042   0.614792   0.270748   0.342495   0.068634   0.291979   0.692258   0.615033   0.341997   0.611518   0.302293   0.342376   0.069203   0.292207   0.690081   0.618772   0.346080   0.611831   0.306257   0.335261   0.066488   0.292618   0.688285   0.620705   0.348221   0.613319   0.308342   0.332751   0.065899   0.293083   0.686855   0.621009   0.348564   0.614182   0.308677   0.331717   0.066099   0.300235   0.678809   0.628868   0.357089   0.614085   0.316945   0.333896   0.065884   0.342017   0.653714   0.651984   0.383769   0.613365   0.343114   0.339248   0.069790   0.429581   0.619600   0.678726   0.416713   0.612240   0.375804   0.344820   0.089141   0.533167   0.591852   0.702361   0.447945   0.611709   0.407192   0.349531   0.117492   0.623130   0.575208   0.724164   0.478116   0.611812   0.437770   0.354061   0.141209   0.678786   0.571174   0.740163   0.501130   0.611618   0.461261   0.360915   0.158945   0.681557   0.580360   0.748343   0.513298   0.611245   0.473759   0.370799   0.170553   0.631174   0.600235   0.747458   0.512246   0.610814   0.472728   0.383206   0.175295   0.546867   0.626009   0.737712   0.498257   0.610283   0.458454   0.396674   0.171851   0.450673   0.653513   0.721189   0.474815   0.609772   0.434579   0.408821   0.159371   0.365165   0.678052   0.700726   0.446510   0.609773   0.405885   0.417679   0.135779   0.309987   0.695786   0.677099   0.415213   0.610275   0.374410   0.420459   0.105114   0.291560   0.701600   0.660107   0.393553   0.610900   0.352780   0.416743   0.085264   0.291398   0.699190   0.653606   0.385662   0.611309   0.344970   0.410943   0.078970   0.291523   0.696763   0.649553   0.380858   0.611364   0.340236   0.405465   0.076422   0.291469   0.694770   0.646335   0.377110   0.611490   0.336555   0.400229   0.075935   0.291411   0.693166   0.643190   0.373479   0.611578   0.332994   0.395352   0.075932   0.291348   0.691957   0.639694   0.369478   0.611625   0.329077   0.390654   0.075708   0.291348   0.690867   0.636425   0.365782   0.611957   0.325465   0.386101   0.075275 92883
 14   0.147965   0.678018   0.493925   0.227896   0.438350   0.194199   0.281686   0.067305   0.290626   0.694997   0.518604   0.247432   0.437807   0.212145   0.279430   0.074743   0.289901   0.693790   0.520704   0.249248   0.438175   0.213838   0.274629   0.074331   0.289901   0.692247   0.521978   0.250397   0.439528   0.214917   0.271463   0.076270   0.289877   0.690961   0.522240   0.250671   0.440259   0.215179   0.268919   0.079389   0.300077   0.679465   0.530516   0.257813   0.440119   0.221835   0.270368   0.081746   0.352004   0.643498   0.553114   0.278446   0.439412   0.241252   0.276005   0.086410   0.452779   0.594365   0.578251   0.302955   0.438335   0.264581   0.281828   0.105153   0.566509   0.553387   0.599890   0.325444   0.437883   0.286227   0.287479   0.131283   0.661743   0.528521   0.618951   0.346166   0.438117   0.306334   0.293875   0.150041   0.719267   0.522289   0.632964   0.362053   0.438086   0.321865   0.301749   0.162858   0.721618   0.536761   0.640390   0.370822   0.437828   0.330499   0.311128   0.172034   0.668087   0.568475   0.639936   0.370538   0.437439   0.330264   0.321159   0.176637   0.578156   0.608528   0.631549   0.361041   0.436912   0.320980   0.330302   0.174255   0.474333   0.649653   0.616940   0.344584   0.436405   0.304907   0.336976   0.163447   0.378609   0.685625   0.598492   0.324342   0.436356   0.285231   0.339995   0.141878   0.310624   0.711940   0.576484   0.301394   0.436754   0.263124   0.337319   0.113825   0.284133   0.721064   0.559511   0.284489   0.437306   0.246971   0.328807   0.098076   0.282679   0.717699   0.551759   0.277141   0.437671   0.240012   0.319691   0.095663   0.282479   0.714004   0.546672   0.272407   0.437672   0.235542   0.312437   0.095863   0.282297   0.710858   0.542541   0.268622   0.437741   0.231978   0.306103   0.097438   0.282282   0.708238   0.538581   0.265051   0.437809   0.228625   0.300765   0.098080   0.282390   0.706073   0.534718   0.261606   0.437849   0.225397   0.296094   0.098033   0.282394   0.704235   0.531330   0.258617   0.438127   0.222601   0.291753   0.098223 154490
 15   0.124046   0.666499   0.752410   0.516364   0.936996   0.476330   0.784555   0.023346   0.308504   0.672128   0.762158   0.530799   0.936353   0.491128   0.793304   0.019964   0.308810   0.671470   0.762974   0.532021   0.937195   0.492384   0.795943   0.021141   0.309063   0.670836   0.763622   0.533002   0.939264   0.493394   0.799054   0.022258   0.309223   0.670457   0.763187   0.532340   0.940520   0.492712   0.800761   0.023292   0.309432   0.670335   0.761777   0.530200   0.940652   0.490507   0.800591   0.024532   0.313640   0.669339   0.761361   0.529581   0.940188   0.489873   0.798362   0.026652   0.326713   0.666198   0.763510   0.532887   0.939314   0.493286   0.797916   0.028759   0.345552   0.661860   0.767912   0.539680   0.938760   0.500302   0.802305   0.030450   0.363799   0.657947   0.774034   0.549215   0.939335   0.510169   0.808357   0.032876   0.376481   0.655361   0.780079   0.558737   0.939843   0.520043   0.813133   0.035035   0.379385   0.654618   0.784543   0.565839   0.939786   0.527421   0.816039   0.035850   0.370923   0.655850   0.786711   0.569309   0.939267   0.531030   0.817086   0.035016   0.353902   0.658680   0.786168   0.568441   0.938288   0.530127   0.817149   0.032517   0.333649   0.662210   0.783273   0.563808   0.937622   0.525309   0.820031   0.027615   0.317105   0.665755   0.777363   0.554423   0.937526   0.515563   0.826144   0.023420   0.310252   0.667965   0.771256   0.544805   0.937686   0.505590   0.827060   0.023815   0.309590   0.668516   0.767918   0.539612   0.938152   0.500217   0.822904   0.025415   0.309569   0.668622   0.765703   0.536195   0.938664   0.496688   0.819521   0.025503   0.309550   0.668664   0.763732   0.533172   0.938843   0.493569   0.816547   0.025011   0.309546   0.668671   0.761958   0.530463   0.938699   0.490776   0.813663   0.024755   0.309567   0.668647   0.760432   0.528143   0.938563   0.488386   0.810927   0.025003   0.309597   0.668560   0.759239   0.526336   0.938736   0.486526   0.808678   0.025120   0.309647   0.668408   0.758346   0.524989   0.939212   0.485141   0.806954   0.025036 945971
 16   0.126101   0.667932   0.732018   0.486981   0.932288   0.446354   0.708659   0.026044   0.307539   0.674793   0.745080   0.505428   0.931402   0.465103   0.714855   0.022695   0.307797   0.673753   0.746876   0.508011   0.932195   0.467737   0.715776   0.022355   0.308084   0.672777   0.748467   0.510321   0.934175   0.470097   0.717875   0.021874   0.308320   0.672066   0.748992   0.511075   0.935292   0.470866   0.719335   0.021853   0.308889   0.671523   0.748769   0.510730   0.935307   0.470509   0.719543   0.022143   0.316157   0.669473   0.750608   0.513450   0.934790   0.473296   0.717977   0.022668   0.335397   0.664334   0.756322   0.521994   0.933842   0.482072   0.719253   0.022516   0.360805   0.657668   0.765201   0.535487   0.933241   0.495970   0.726824   0.022892   0.384723   0.651776   0.776389   0.552856   0.933644   0.513931   0.735844   0.025086   0.401046   0.647872   0.787424   0.570374   0.933877   0.532123   0.742707   0.027359   0.404039   0.646752   0.796115   0.584456   0.933629   0.546803   0.747662   0.028555   0.392608   0.648492   0.801340   0.593042   0.933021   0.555777   0.751428   0.028459   0.370428   0.652401   0.802561   0.595066   0.932018   0.557895   0.755410   0.026826   0.343466   0.657241   0.800150   0.591089   0.931326   0.553736   0.763369   0.023036   0.321017   0.662503   0.792007   0.577790   0.931238   0.539852   0.775738   0.020683   0.311076   0.666297   0.782421   0.562281   0.931457   0.523690   0.781591   0.023317   0.309669   0.667464   0.777257   0.554061   0.931984   0.515151   0.779570   0.026436   0.309517   0.667756   0.774123   0.549149   0.932519   0.510061   0.777331   0.027188   0.309407   0.667960   0.771365   0.544856   0.932722   0.505620   0.775297   0.027267   0.309343   0.668101   0.768886   0.541022   0.932714   0.501658   0.773385   0.027267   0.309300   0.668205   0.766661   0.537600   0.932672   0.498125   0.771468   0.027320   0.309263   0.668266   0.764738   0.534660   0.932827   0.495094   0.769741   0.027298   0.309263   0.668252   0.763181   0.532290   0.933281   0.492652   0.768355   0.027192 936456
 17   0.124555   0.669096   0.740727   0.499885   0.933965   0.459585   0.667008   0.025601   0.306313   0.676910   0.754479   0.519563   0.933161   0.479636   0.675769   0.024420   0.306753   0.675530   0.756607   0.522673   0.934075   0.482816   0.677956   0.024475   0.307100   0.674336   0.758315   0.525197   0.936167   0.485402   0.681144   0.024187   0.307334   0.673482   0.758821   0.525933   0.937352   0.486155   0.683469   0.023891   0.309340   0.672567   0.759224   0.526518   0.937391   0.486753   0.683822   0.023519   0.324768   0.668741   0.763954   0.533728   0.936925   0.494184   0.683608   0.022411   0.359925   0.660276   0.774625   0.550259   0.936033   0.511274   0.690072   0.020530   0.404725   0.650112   0.789956   0.574708   0.935385   0.536686   0.703280   0.021126   0.448681   0.641300   0.808661   0.605617   0.935649   0.569028   0.714607   0.024793   0.481038   0.635533   0.826438   0.636061   0.935735   0.601098   0.721737   0.028822   0.490027   0.634109   0.839986   0.660007   0.935312   0.626471   0.726745   0.032171   0.470351   0.637356   0.847856   0.674213   0.934549   0.641585   0.730851   0.034532   0.428694   0.644019   0.849549   0.677299   0.933426   0.644873   0.736079   0.034900   0.378360   0.651562   0.845986   0.670808   0.932716   0.637956   0.746496   0.031192   0.334994   0.659445   0.833832   0.649085   0.932645   0.614890   0.761525   0.026745   0.313281   0.666107   0.817022   0.619597   0.932855   0.583688   0.769667   0.028900   0.308924   0.668866   0.806430   0.601468   0.933387   0.564595   0.768686   0.033244   0.308572   0.669390   0.800981   0.592401   0.933985   0.555096   0.766513   0.034188   0.308310   0.669747   0.796363   0.584813   0.934296   0.547166   0.764806   0.034013   0.308119   0.669993   0.792252   0.578128   0.934337   0.540192   0.763508   0.033504   0.308024   0.670117   0.788693   0.572391   0.934333   0.534218   0.762241   0.033109   0.308003   0.670160   0.785675   0.567568   0.934550   0.529203   0.760926   0.032840   0.308000   0.670171   0.783008   0.563338   0.935057   0.524811   0.759794   0.032418 530942
 18   0.131555   0.665896   0.686032   0.425864   0.799559   0.384889   0.598716   0.034920   0.307408   0.670898   0.708830   0.454618   0.798326   0.413532   0.602457   0.037333   0.307931   0.670239   0.710475   0.456924   0.799001   0.415872   0.599776   0.034102   0.308364   0.669650   0.711529   0.458409   0.800890   0.417382   0.600607   0.032709   0.308651   0.669243   0.711602   0.458545   0.801979   0.417525   0.600840   0.032122   0.309195   0.668798   0.711337   0.458206   0.801954   0.417186   0.600331   0.031589   0.316507   0.665956   0.714670   0.462891   0.801361   0.421944   0.599602   0.029487   0.337508   0.659538   0.721256   0.472139   0.800318   0.431334   0.604446   0.026538   0.367449   0.652217   0.727928   0.481578   0.799901   0.440932   0.616291   0.027421   0.397077   0.646188   0.735139   0.491928   0.800379   0.451486   0.628616   0.031986   0.418524   0.642488   0.741768   0.501580   0.800531   0.461354   0.639156   0.037000   0.424293   0.641971   0.746482   0.508521   0.800292   0.468465   0.647848   0.040883   0.411311   0.644927   0.748138   0.510981   0.799799   0.470989   0.654704   0.042236   0.384144   0.650625   0.746047   0.507872   0.798980   0.467799   0.659820   0.040330   0.351776   0.657630   0.740781   0.500076   0.798222   0.459805   0.663994   0.035335   0.324299   0.664454   0.732541   0.488000   0.798087   0.447445   0.669144   0.029686   0.310710   0.668779   0.724193   0.475918   0.798439   0.435108   0.670888   0.027568   0.308317   0.669854   0.719953   0.469870   0.799006   0.428950   0.667512   0.027655   0.308397   0.669695   0.718407   0.467702   0.799462   0.426750   0.663577   0.027260   0.308494   0.669520   0.717099   0.465887   0.799556   0.424910   0.659829   0.027260   0.308604   0.669355   0.715919   0.464265   0.799654   0.423270   0.656245   0.027733   0.308703   0.669222   0.714786   0.462725   0.799706   0.421717   0.652641   0.028411   0.308781   0.669071   0.713818   0.461422   0.799757   0.420403   0.649128   0.028932   0.308866   0.668858   0.713163   0.460548   0.800114   0.419524   0.645966   0.029323 340907
 19   0.125971   0.668768   0.709502   0.457332   0.856521   0.416591   0.467845   0.042572   0.303162   0.676175   0.734829   0.491356   0.855349   0.450878   0.468082   0.043731   0.303902   0.674948   0.739004   0.497331   0.856005   0.456966   0.462601   0.039387   0.304446   0.674087   0.741043   0.500233   0.857874   0.459920   0.462239   0.036949   0.304852   0.673299   0.742310   0.502051   0.858992   0.461773   0.463075   0.036417   0.306734   0.671632   0.745220   0.506241   0.859070   0.466048   0.464160   0.035205   0.320896   0.665791   0.756636   0.523320   0.858579   0.483597   0.468332   0.029483   0.354339   0.655879   0.773359   0.548987   0.857699   0.510095   0.480364   0.022804   0.397290   0.645836   0.789114   0.574072   0.857258   0.536168   0.497130   0.022760   0.439421   0.637502   0.805192   0.600606   0.857466   0.563932   0.512582   0.028252   0.471458   0.632121   0.819701   0.625327   0.857381   0.589955   0.526047   0.035713   0.481674   0.631124   0.830148   0.643636   0.856927   0.609331   0.538596   0.042998   0.463867   0.634967   0.834806   0.651974   0.856186   0.618189   0.551277   0.048208   0.423675   0.642489   0.832814   0.648481   0.855193   0.614493   0.565092   0.049447   0.373981   0.651883   0.824117   0.633209   0.854537   0.598323   0.581822   0.045961   0.331152   0.661887   0.805975   0.602209   0.854589   0.565671   0.601093   0.038989   0.309835   0.669534   0.784835   0.567094   0.855031   0.528881   0.611574   0.035567   0.305817   0.672165   0.773367   0.548592   0.855689   0.509605   0.611035   0.035321   0.306037   0.672092   0.769269   0.542175   0.856277   0.502956   0.608234   0.034153   0.306284   0.671872   0.766346   0.537646   0.856549   0.498274   0.604926   0.033748   0.306547   0.671595   0.764012   0.534067   0.856679   0.494580   0.601664   0.034157   0.306749   0.671344   0.761972   0.530965   0.856636   0.491385   0.598536   0.034869   0.306886   0.671109   0.760271   0.528396   0.856673   0.488741   0.595690   0.035176   0.306963   0.670922   0.758803   0.526205   0.857053   0.486491   0.593183   0.035274 194661
 20   0.123360   0.666509   0.762285   0.531200   0.942929   0.491581   0.800628   0.020975   0.308693   0.671938   0.773989   0.548959   0.942253   0.509868   0.812426   0.016509   0.308955   0.670892   0.776055   0.552161   0.943117   0.513179   0.817752   0.017243   0.309259   0.669945   0.777766   0.554832   0.945273   0.515944   0.823357   0.018495   0.309499   0.669294   0.778282   0.555635   0.946520   0.516774   0.827063   0.019611   0.310166   0.668757   0.778189   0.555485   0.946676   0.516619   0.828383   0.020402   0.318103   0.666357   0.780689   0.559457   0.946262   0.520744   0.827338   0.020930   0.338463   0.660793   0.787278   0.570016   0.945336   0.531727   0.830850   0.020731   0.364595   0.654241   0.796590   0.585187   0.944599   0.547558   0.841003   0.021048   0.388481   0.648831   0.807704   0.603678   0.944939   0.566928   0.850772   0.022961   0.403791   0.645585   0.818080   0.621303   0.945254   0.585464   0.857384   0.024954   0.405274   0.645097   0.825748   0.634575   0.945032   0.599470   0.861248   0.026182   0.392377   0.647223   0.830058   0.642126   0.944423   0.607458   0.863324   0.026255   0.369348   0.651247   0.830705   0.643275   0.943350   0.608677   0.865236   0.024989   0.342542   0.655877   0.828108   0.638735   0.942674   0.603876   0.872909   0.021604   0.321074   0.660798   0.820003   0.624685   0.942575   0.589044   0.886453   0.019817   0.312260   0.664262   0.810871   0.608979   0.942699   0.572487   0.892116   0.022700   0.311242   0.665267   0.806168   0.601012   0.943187   0.564113   0.889134   0.025715   0.311094   0.665574   0.803138   0.595947   0.943780   0.558803   0.886458   0.026558   0.310950   0.665816   0.800396   0.591396   0.944043   0.554037   0.884249   0.026540   0.310809   0.666024   0.797822   0.587149   0.943944   0.549596   0.882305   0.026078   0.310687   0.666183   0.795545   0.583418   0.943880   0.545698   0.880610   0.025580   0.310620   0.666278   0.793637   0.580308   0.944126   0.542454   0.878917   0.025415   0.310603   0.666313   0.792025   0.577700   0.944670   0.539736   0.877151   0.025398 971545
 21   0.124745   0.667470   0.747497   0.509252   0.935867   0.469070   0.742653   0.021967   0.307925   0.673806   0.759889   0.527395   0.935163   0.487631   0.752050   0.019435   0.308236   0.672646   0.762098   0.530697   0.936071   0.491022   0.756114   0.019736   0.308563   0.671594   0.763990   0.533549   0.938198   0.493955   0.760907   0.019950   0.308814   0.670857   0.764655   0.534545   0.939399   0.494978   0.764571   0.020244   0.309577   0.670245   0.764671   0.534555   0.939481   0.494986   0.766434   0.020529   0.318040   0.667827   0.767298   0.538589   0.939070   0.499149   0.766109   0.020837   0.339212   0.662198   0.774121   0.549182   0.938186   0.510103   0.769938   0.020214   0.366347   0.655359   0.784074   0.564917   0.937467   0.526430   0.780412   0.020360   0.391542   0.649549   0.796304   0.584703   0.937771   0.547049   0.790768   0.022560   0.408359   0.645895   0.807952   0.604000   0.937984   0.567248   0.797931   0.024881   0.411107   0.645051   0.816785   0.618951   0.937707   0.582960   0.802591   0.026319   0.398456   0.647020   0.821924   0.627776   0.937082   0.592259   0.805763   0.026665   0.374442   0.651089   0.823026   0.629685   0.936050   0.594274   0.808990   0.025737   0.345766   0.655848   0.820609   0.625524   0.935427   0.589887   0.817428   0.022394   0.322162   0.661043   0.812001   0.610872   0.935396   0.574473   0.831651   0.020460   0.312015   0.664879   0.801816   0.593698   0.935590   0.556438   0.838505   0.023693   0.310694   0.666057   0.796488   0.584862   0.936109   0.547186   0.836473   0.027103   0.310525   0.666371   0.793266   0.579594   0.936695   0.541687   0.834387   0.028020   0.310387   0.666612   0.790383   0.574916   0.936962   0.536810   0.832666   0.028182   0.310260   0.666810   0.787690   0.570575   0.936909   0.532289   0.831314   0.027817   0.310156   0.666959   0.785310   0.566764   0.936836   0.528325   0.830045   0.027341   0.310083   0.667060   0.783285   0.563542   0.937029   0.524978   0.828583   0.027161   0.310044   0.667102   0.781567   0.560823   0.937519   0.522156   0.827271   0.026965 1331845
 22   0.123433   0.667943   0.756357   0.522552   0.938895   0.482740   0.734140   0.022323   0.307480   0.674692   0.768798   0.541093   0.938201   0.501771   0.745405   0.020195   0.307802   0.673439   0.770998   0.544445   0.939127   0.505226   0.750806   0.020840   0.308093   0.672326   0.772858   0.547300   0.941281   0.508172   0.756489   0.021397   0.308345   0.671526   0.773488   0.548256   0.942520   0.509156   0.760561   0.022167   0.310984   0.670510   0.774193   0.549337   0.942646   0.510272   0.762296   0.023054   0.327475   0.666415   0.779216   0.557255   0.942259   0.518483   0.764357   0.023296   0.363312   0.657968   0.789963   0.574483   0.941379   0.536407   0.773626   0.022812   0.407966   0.648358   0.804946   0.599186   0.940609   0.562242   0.788154   0.024328   0.450206   0.640380   0.822501   0.629089   0.940815   0.593707   0.800204   0.028168   0.479786   0.635434   0.838661   0.657533   0.940883   0.623824   0.808170   0.031784   0.484998   0.634662   0.850800   0.679520   0.940439   0.647228   0.813057   0.034300   0.462186   0.638193   0.857788   0.692410   0.939695   0.660997   0.816020   0.035810   0.420485   0.644641   0.859228   0.695073   0.938583   0.663843   0.819451   0.035855   0.372645   0.651527   0.855975   0.689002   0.937911   0.657343   0.829450   0.031614   0.333057   0.658412   0.845061   0.669028   0.937860   0.636041   0.845081   0.026695   0.314433   0.663844   0.830969   0.643666   0.938041   0.609076   0.853031   0.028806   0.311178   0.665894   0.822634   0.628998   0.938578   0.593547   0.851951   0.032910   0.310851   0.666410   0.818002   0.621008   0.939223   0.585121   0.850330   0.033594   0.310573   0.666809   0.813919   0.614038   0.939555   0.577784   0.849556   0.033263   0.310315   0.667134   0.810189   0.607726   0.939530   0.571151   0.849332   0.032310   0.310083   0.667378   0.806910   0.602220   0.939493   0.565374   0.849068   0.031163   0.309908   0.667543   0.804132   0.597590   0.939755   0.560521   0.848307   0.030486   0.309805   0.667613   0.801811   0.593744   0.940317   0.556495   0.847544   0.029890 596703
 23   0.121106   0.668884   0.751809   0.515809   0.939254   0.475823   0.690011   0.022061   0.303057   0.676560   0.762651   0.531851   0.938503   0.492269   0.701420   0.022761   0.303478   0.675324   0.764252   0.534261   0.939370   0.494748   0.705894   0.023987   0.303761   0.674296   0.765414   0.536022   0.941415   0.496561   0.710339   0.024756   0.303918   0.673623   0.765278   0.535813   0.942588   0.496345   0.713326   0.025648   0.311728   0.671724   0.766961   0.538357   0.942693   0.498963   0.713447   0.026253   0.349174   0.664154   0.775988   0.552402   0.942315   0.513496   0.717532   0.025406   0.426221   0.649971   0.794516   0.582326   0.941462   0.544676   0.732490   0.025031   0.524122   0.634433   0.820717   0.626829   0.940565   0.591489   0.748971   0.029047   0.616461   0.621991   0.849429   0.678308   0.940499   0.646200   0.758705   0.035306   0.674855   0.615244   0.874172   0.724947   0.940312   0.696238   0.761584   0.039876   0.673850   0.616260   0.891619   0.759177   0.939659   0.733242   0.759297   0.043060   0.614106   0.624397   0.900630   0.777263   0.938773   0.752878   0.756169   0.045875   0.522046   0.636259   0.901135   0.778197   0.937601   0.753876   0.757922   0.047557   0.427128   0.647635   0.894140   0.763933   0.937022   0.738344   0.771919   0.044782   0.353127   0.657737   0.876033   0.728116   0.937087   0.699569   0.795114   0.039502   0.315709   0.665684   0.853790   0.685450   0.937336   0.653647   0.805682   0.041134   0.306933   0.669004   0.840254   0.660479   0.937925   0.626971   0.803731   0.044940   0.306375   0.669761   0.832599   0.646811   0.938634   0.612459   0.803523   0.044178   0.306043   0.670301   0.826019   0.635254   0.939060   0.600227   0.804482   0.042442   0.305863   0.670609   0.820366   0.625464   0.939069   0.589893   0.805737   0.040272   0.305786   0.670722   0.815647   0.617377   0.939028   0.581375   0.806753   0.038257   0.305823   0.670657   0.811858   0.610940   0.939312   0.574604   0.807246   0.036788   0.305887   0.670520   0.808752   0.605713   0.939900   0.569116   0.807268   0.035403 239066
 24   0.124693   0.670997   0.718099   0.468217   0.931020   0.427438   0.571699   0.027417   0.302092   0.680537   0.731423   0.486416   0.930129   0.445830   0.578565   0.027711   0.302747   0.678968   0.733435   0.489261   0.930944   0.448722   0.577691   0.028285   0.303022   0.677870   0.734477   0.490734   0.932797   0.450220   0.578004   0.027718   0.303127   0.677125   0.734397   0.490625   0.933835   0.450109   0.578398   0.027248   0.308210   0.675244   0.736470   0.493573   0.933801   0.453111   0.578150   0.026489   0.338346   0.667885   0.746556   0.508366   0.933218   0.468256   0.581436   0.023273   0.405867   0.653269   0.766141   0.538135   0.932266   0.498935   0.594685   0.020772   0.496694   0.636109   0.794115   0.582983   0.931554   0.545620   0.611574   0.024464   0.592051   0.620937   0.826515   0.638115   0.931608   0.603655   0.621907   0.032062   0.669313   0.610503   0.855813   0.690943   0.931395   0.659875   0.625737   0.039922   0.693784   0.608304   0.877439   0.731823   0.930673   0.703766   0.626189   0.046802   0.651725   0.615110   0.889525   0.755370   0.929655   0.729193   0.626084   0.051995   0.564207   0.627746   0.892021   0.760219   0.928389   0.734426   0.629084   0.054402   0.459885   0.642012   0.885949   0.748070   0.927552   0.721243   0.640437   0.051990   0.368261   0.655657   0.867224   0.711818   0.927423   0.682150   0.662936   0.044309   0.316489   0.668380   0.837091   0.655980   0.927724   0.622429   0.674872   0.043041   0.303142   0.674803   0.815681   0.617877   0.928393   0.581989   0.670395   0.046924   0.303027   0.675211   0.807050   0.603236   0.929115   0.566592   0.666918   0.046287   0.303299   0.675202   0.800473   0.592262   0.929573   0.555087   0.665782   0.044353   0.303654   0.675007   0.795066   0.583361   0.929767   0.545779   0.665623   0.042228   0.303905   0.674766   0.790375   0.575727   0.929831   0.537813   0.665877   0.040699   0.304022   0.674555   0.786173   0.568968   0.930077   0.530775   0.666252   0.039989   0.304044   0.674392   0.782317   0.562849   0.930616   0.524421   0.666601   0.039552 248850
