timestamp=                2021-11-17T11:35:21.073879
shape=                    (5, 5)
sigma=                    2.5
nepochs=                  4
thresh=                   None
rate=                     0.00725
neighborhood function=    gaussian
init weights=             pca
topology=                 hexagonal
activation distance=      euclidean
output type=              labels
mapfile_prefix=           full2018_5x5_4_00725_3_04
apply classification=     False
seed=                     None
random order=             True
custom init file=         None
order labels by size=     False
decay_function=           3

Quantization Error=       0.34743943
Topographic Error=        0.13132733

############ NEURONS #############
 25 192
  0   0.113071   0.681029   0.762980   0.534874   0.935884   0.495577   0.721294   0.024264   0.297852   0.689853   0.769047   0.544026   0.935427   0.505001   0.731282   0.025983   0.298614   0.688355   0.769845   0.545238   0.936614   0.506249   0.734596   0.026809   0.299130   0.687168   0.770433   0.546136   0.938872   0.507176   0.738463   0.026702   0.299497   0.686267   0.770168   0.545710   0.940302   0.506733   0.741485   0.026410   0.308519   0.683186   0.773665   0.551105   0.940486   0.512311   0.742626   0.025486   0.347381   0.673658   0.786182   0.570938   0.940002   0.532918   0.748858   0.023915   0.423797   0.658330   0.807066   0.605347   0.939049   0.568936   0.765054   0.024853   0.520242   0.642438   0.833799   0.651626   0.938064   0.617835   0.780400   0.030340   0.611519   0.629786   0.861735   0.702551   0.937865   0.672174   0.788512   0.037055   0.666213   0.623320   0.885015   0.747056   0.937639   0.720092   0.791148   0.042195   0.659076   0.625283   0.900567   0.777943   0.936952   0.753590   0.790347   0.046181   0.598436   0.634043   0.907558   0.792199   0.935916   0.769128   0.789941   0.049006   0.511474   0.646078   0.906196   0.789549   0.934518   0.766266   0.793469   0.049861   0.420093   0.658666   0.897051   0.771234   0.933716   0.746370   0.804757   0.047107   0.345415   0.670415   0.877249   0.732406   0.933700   0.704360   0.823229   0.041196   0.308019   0.679881   0.852257   0.684954   0.933993   0.653333   0.829513   0.040558   0.300481   0.684139   0.835808   0.654888   0.934639   0.621237   0.824608   0.043105   0.300006   0.684763   0.827203   0.639727   0.935363   0.605165   0.823739   0.042337   0.299731   0.685137   0.820023   0.627296   0.935782   0.592030   0.823774   0.040914   0.299584   0.685338   0.813841   0.616735   0.935789   0.580900   0.823749   0.039103   0.299554   0.685379   0.808598   0.607883   0.935758   0.571591   0.823510   0.037453   0.299560   0.685298   0.804211   0.600553   0.936067   0.563898   0.822748   0.036364   0.299474   0.685227   0.800277   0.594062   0.936695   0.557101   0.821562   0.035471 333037
  1   0.117307   0.682485   0.712432   0.463411   0.906607   0.422843   0.530507   0.033086   0.295479   0.692621   0.727265   0.484061   0.905508   0.443798   0.533714   0.032841   0.296207   0.691007   0.729669   0.487594   0.906186   0.447418   0.529834   0.031478   0.296629   0.689803   0.731042   0.489601   0.908135   0.449470   0.529607   0.030233   0.296998   0.688759   0.731710   0.490611   0.909282   0.450509   0.530469   0.029901   0.302802   0.685819   0.735829   0.496398   0.909373   0.456398   0.531597   0.028639   0.333503   0.676867   0.748921   0.515454   0.908913   0.475911   0.538163   0.024331   0.402499   0.661301   0.769983   0.547307   0.907895   0.508746   0.554211   0.021956   0.495327   0.643994   0.797015   0.590266   0.907135   0.553437   0.570838   0.026955   0.591122   0.629170   0.826992   0.640752   0.907061   0.606526   0.580320   0.035847   0.663188   0.619868   0.853399   0.687747   0.906697   0.656456   0.584437   0.045574   0.681071   0.619097   0.872155   0.722689   0.905972   0.693899   0.586878   0.054749   0.636600   0.626770   0.881749   0.741104   0.904991   0.713743   0.590429   0.061470   0.546621   0.640324   0.881641   0.740951   0.903733   0.713590   0.597402   0.063658   0.441925   0.655397   0.872930   0.724273   0.902981   0.695626   0.612576   0.058484   0.354065   0.669457   0.852312   0.685892   0.903073   0.654506   0.637122   0.046389   0.307806   0.681633   0.822904   0.633291   0.903573   0.598568   0.650872   0.040618   0.297474   0.687235   0.803120   0.599276   0.904420   0.562666   0.648937   0.041514   0.297516   0.687508   0.794687   0.585385   0.905274   0.548122   0.646319   0.040429   0.297765   0.687462   0.788032   0.574603   0.905715   0.536870   0.644600   0.039336   0.298049   0.687292   0.782461   0.565730   0.905885   0.527638   0.643190   0.038541   0.298255   0.687112   0.777562   0.558040   0.905939   0.519660   0.641889   0.037730   0.298441   0.686835   0.773430   0.551620   0.906117   0.513011   0.640649   0.036776   0.298667   0.686423   0.770156   0.546581   0.906592   0.507802   0.639112   0.035774 120805
  2   0.139898   0.689720   0.500331   0.234987   0.432572   0.200891   0.284506   0.061963   0.286161   0.707274   0.520162   0.251115   0.432053   0.215780   0.283949   0.067860   0.285734   0.705834   0.520876   0.251734   0.432378   0.216357   0.279740   0.068440   0.285575   0.704422   0.521084   0.251929   0.433727   0.216541   0.276527   0.070213   0.285413   0.703232   0.520687   0.251611   0.434525   0.216248   0.273568   0.073233   0.295810   0.692290   0.527869   0.257821   0.434431   0.222041   0.273818   0.075731   0.347739   0.658280   0.547276   0.275442   0.433756   0.238618   0.277769   0.082041   0.448737   0.610548   0.569927   0.297345   0.432676   0.259450   0.282039   0.102356   0.564381   0.568849   0.591904   0.319828   0.432177   0.281048   0.285983   0.128568   0.662264   0.542620   0.611684   0.340996   0.432324   0.301546   0.290608   0.146864   0.721867   0.535494   0.626256   0.357270   0.432194   0.317426   0.296987   0.159618   0.726382   0.549327   0.634193   0.366488   0.431889   0.326484   0.305350   0.169391   0.674246   0.580877   0.634033   0.366528   0.431515   0.326562   0.315067   0.174631   0.582959   0.621701   0.625485   0.356968   0.430994   0.317231   0.324205   0.172836   0.475762   0.663805   0.610534   0.340364   0.430510   0.301042   0.330557   0.162173   0.376332   0.700475   0.591802   0.320110   0.430516   0.281389   0.332987   0.140059   0.305814   0.726736   0.569955   0.297605   0.430930   0.259738   0.330034   0.110980   0.278569   0.735226   0.553423   0.281311   0.431501   0.244186   0.321929   0.094316   0.277223   0.731188   0.545974   0.274305   0.431916   0.237555   0.313484   0.091334   0.276954   0.727136   0.541029   0.269744   0.431948   0.233252   0.306579   0.091450   0.276591   0.723774   0.537026   0.266116   0.432014   0.229840   0.300293   0.092961   0.276461   0.720965   0.533261   0.262748   0.432064   0.226680   0.294927   0.093169   0.276471   0.718660   0.529498   0.259417   0.432088   0.223560   0.290119   0.092524   0.276444   0.716616   0.526184   0.256523   0.432360   0.220856   0.285582   0.092505 179302
  3   0.142809   0.684302   0.437272   0.186774   0.291779   0.156821   0.227938   0.214405   0.268642   0.695701   0.426509   0.179236   0.293836   0.150035   0.219090   0.354493   0.267839   0.692811   0.428603   0.180757   0.294073   0.151415   0.219652   0.378165   0.267424   0.690499   0.429891   0.181714   0.295231   0.152285   0.220372   0.391315   0.266613   0.688978   0.430054   0.181871   0.295882   0.152434   0.221026   0.405437   0.281183   0.683367   0.432102   0.183333   0.295772   0.153755   0.221335   0.416254   0.347914   0.662465   0.441402   0.190030   0.295198   0.159817   0.223704   0.409766   0.465500   0.629310   0.456900   0.201621   0.294322   0.170377   0.227053   0.407186   0.588620   0.598625   0.473738   0.214795   0.294146   0.182473   0.229609   0.417011   0.687816   0.576347   0.489384   0.227500   0.294655   0.194215   0.232058   0.414452   0.750858   0.565067   0.501580   0.237737   0.294865   0.203729   0.234122   0.407034   0.766252   0.567901   0.508780   0.243931   0.294843   0.209511   0.235988   0.401101   0.730754   0.584809   0.510130   0.245112   0.294635   0.210616   0.237574   0.396660   0.652321   0.612351   0.505288   0.240928   0.294158   0.206707   0.238423   0.390818   0.541614   0.647840   0.494467   0.231739   0.293577   0.198150   0.237983   0.385832   0.417610   0.687098   0.477906   0.218144   0.293301   0.185562   0.236061   0.387846   0.307758   0.722430   0.457175   0.201844   0.293344   0.170582   0.232243   0.400815   0.255460   0.736459   0.442741   0.190915   0.293632   0.160604   0.227588   0.419466   0.250987   0.731429   0.437564   0.187208   0.293891   0.157252   0.223982   0.432296   0.250878   0.725126   0.434276   0.184903   0.293862   0.155175   0.221346   0.442875   0.250862   0.719647   0.431464   0.182952   0.293916   0.153421   0.219218   0.451408   0.250967   0.715006   0.428966   0.181224   0.293979   0.151868   0.217234   0.452595   0.251144   0.711025   0.426894   0.179800   0.294005   0.150588   0.215255   0.451135   0.251224   0.707538   0.425267   0.178697   0.294238   0.149600   0.213571   0.451473 85230
  4   0.154964   0.686372   0.369922   0.141878   0.196036   0.116719   0.196656   0.129396   0.283581   0.699723   0.348333   0.128471   0.195713   0.104890   0.188430   0.189661   0.284407   0.696915   0.349890   0.129312   0.196105   0.105614   0.189953   0.199443   0.284975   0.694873   0.350678   0.129753   0.197296   0.105996   0.191289   0.207689   0.285360   0.693464   0.350601   0.129706   0.198003   0.105955   0.192154   0.216439   0.296036   0.685664   0.353357   0.131248   0.197973   0.107291   0.193188   0.223211   0.343962   0.660196   0.362509   0.136621   0.197482   0.111985   0.195086   0.232892   0.432722   0.622549   0.375300   0.144453   0.196683   0.118876   0.197326   0.249661   0.532850   0.587329   0.388777   0.152997   0.196492   0.126437   0.199870   0.262301   0.620477   0.561108   0.401695   0.161449   0.196959   0.133956   0.202477   0.263734   0.677508   0.549563   0.412048   0.168418   0.197174   0.140187   0.204796   0.262385   0.688493   0.556500   0.418349   0.172756   0.197160   0.144080   0.207021   0.261631   0.651211   0.580154   0.419740   0.173733   0.196945   0.144960   0.209003   0.260026   0.577322   0.614536   0.415937   0.171104   0.196440   0.142599   0.210051   0.254236   0.481810   0.654865   0.407449   0.165305   0.195887   0.137402   0.209562   0.246699   0.383695   0.695606   0.394374   0.156622   0.195688   0.129657   0.207781   0.241890   0.307275   0.727201   0.378287   0.146333   0.195776   0.120537   0.204886   0.235896   0.274989   0.737938   0.366302   0.138930   0.196065   0.114014   0.201401   0.232495   0.272649   0.733542   0.360398   0.135426   0.196324   0.110947   0.198151   0.233621   0.272793   0.728391   0.356090   0.132919   0.196315   0.108760   0.195472   0.237552   0.273295   0.723805   0.352303   0.130747   0.196340   0.106869   0.193442   0.241236   0.273360   0.720121   0.348900   0.128819   0.196338   0.105195   0.191431   0.239707   0.272763   0.717366   0.345936   0.127150   0.196320   0.103746   0.189082   0.237087   0.272176   0.714983   0.343502   0.125788   0.196521   0.102566   0.186886   0.237083 152112
  5   0.114845   0.679455   0.762418   0.533949   0.938709   0.494610   0.756276   0.021554   0.300415   0.686944   0.770408   0.546021   0.938161   0.507042   0.765271   0.021371   0.300851   0.685756   0.771556   0.547772   0.939170   0.508850   0.769636   0.022014   0.301228   0.684691   0.772598   0.549373   0.941435   0.510503   0.774484   0.022428   0.301551   0.683886   0.772653   0.549447   0.942821   0.510578   0.777887   0.022885   0.305020   0.682315   0.773822   0.551234   0.943077   0.512422   0.778849   0.022946   0.324052   0.677107   0.780333   0.561445   0.942741   0.523011   0.780384   0.022527   0.362970   0.668092   0.792257   0.580564   0.941872   0.542921   0.788944   0.022395   0.409378   0.658823   0.807418   0.605607   0.941035   0.569144   0.801104   0.024794   0.450661   0.651583   0.824242   0.634274   0.941134   0.599339   0.810508   0.029035   0.476682   0.647392   0.839409   0.660910   0.941236   0.627555   0.816764   0.032625   0.480042   0.646965   0.850652   0.681177   0.940828   0.649129   0.820670   0.035078   0.459226   0.650240   0.856989   0.692803   0.940000   0.661546   0.823273   0.036337   0.419886   0.656281   0.858001   0.694683   0.938732   0.663558   0.826061   0.035994   0.371010   0.663343   0.854162   0.687610   0.937966   0.655998   0.834453   0.032145   0.327783   0.670941   0.842033   0.665669   0.937916   0.632626   0.848894   0.027224   0.307178   0.677099   0.826188   0.637539   0.938147   0.602768   0.854619   0.028416   0.303806   0.679494   0.816485   0.620743   0.938734   0.585024   0.851075   0.032144   0.303411   0.680013   0.811068   0.611587   0.939387   0.575396   0.848716   0.032722   0.303126   0.680352   0.806444   0.603861   0.939697   0.567287   0.847124   0.032228   0.302940   0.680556   0.802368   0.597109   0.939609   0.560213   0.845769   0.031335   0.302802   0.680675   0.798851   0.591326   0.939533   0.554163   0.844502   0.030360   0.302708   0.680717   0.795897   0.586504   0.939789   0.549125   0.843077   0.029763   0.302615   0.680744   0.793270   0.582252   0.940340   0.544689   0.841443   0.029480 743699
  6   0.116066   0.680567   0.739388   0.500313   0.934399   0.460179   0.672861   0.025359   0.298613   0.689066   0.749904   0.515364   0.933616   0.475529   0.680329   0.024612   0.299147   0.687696   0.751327   0.517413   0.934489   0.477620   0.681774   0.024476   0.299500   0.686557   0.752479   0.519089   0.936584   0.479334   0.684137   0.024144   0.299757   0.685722   0.752620   0.519286   0.937804   0.479534   0.685466   0.024030   0.303790   0.684094   0.753950   0.521226   0.937902   0.481519   0.685162   0.023563   0.326557   0.678451   0.760819   0.531551   0.937457   0.492144   0.686118   0.022561   0.375815   0.667711   0.774033   0.551923   0.936541   0.513205   0.694406   0.022429   0.439571   0.655419   0.792519   0.581460   0.935836   0.543947   0.707083   0.025559   0.503272   0.644727   0.814419   0.617906   0.935941   0.582171   0.716547   0.030981   0.549630   0.637859   0.834831   0.653275   0.935870   0.619547   0.722036   0.036191   0.561365   0.636680   0.850211   0.680869   0.935353   0.648898   0.725509   0.040300   0.533440   0.641200   0.859131   0.697256   0.934485   0.666407   0.728614   0.043004   0.475027   0.649887   0.861106   0.700920   0.933261   0.670329   0.733044   0.043509   0.403465   0.660128   0.856532   0.692426   0.932461   0.661236   0.742248   0.039795   0.341196   0.670258   0.842744   0.667337   0.932359   0.634479   0.756570   0.033199   0.308476   0.678639   0.822715   0.631876   0.932613   0.596855   0.763466   0.032862   0.300983   0.682354   0.808826   0.608007   0.933231   0.571671   0.761224   0.036730   0.300610   0.682854   0.801893   0.596479   0.933900   0.559584   0.759501   0.037382   0.300434   0.683124   0.796090   0.586969   0.934236   0.549640   0.758581   0.036793   0.300343   0.683279   0.791009   0.578748   0.934311   0.541064   0.757753   0.035763   0.300313   0.683327   0.786624   0.571720   0.934357   0.533746   0.757000   0.034633   0.300300   0.683319   0.782864   0.565751   0.934599   0.527541   0.756025   0.033760   0.300247   0.683291   0.779552   0.560558   0.935115   0.522155   0.754787   0.033074 392271
  7   0.127317   0.678850   0.635662   0.368078   0.725865   0.328010   0.429300   0.041672   0.297371   0.685826   0.660059   0.395508   0.723504   0.354805   0.436043   0.040784   0.298012   0.684779   0.663428   0.399527   0.723955   0.358770   0.432777   0.036422   0.298676   0.683701   0.666828   0.403596   0.725647   0.362787   0.431563   0.033788   0.299244   0.682774   0.669217   0.406463   0.726694   0.365619   0.430624   0.032531   0.301103   0.680780   0.672769   0.410789   0.726767   0.369904   0.430209   0.031437   0.314268   0.674176   0.683280   0.424113   0.726377   0.383197   0.430769   0.027727   0.346083   0.663702   0.696880   0.441793   0.725557   0.400915   0.436345   0.025451   0.388515   0.653591   0.709224   0.458401   0.725204   0.417665   0.446229   0.029957   0.430850   0.645486   0.722408   0.476723   0.725504   0.436255   0.455424   0.038076   0.461114   0.640903   0.734172   0.493585   0.725437   0.453463   0.464148   0.046436   0.466436   0.641352   0.742236   0.505437   0.725080   0.465614   0.473101   0.053374   0.445222   0.646601   0.745136   0.509768   0.724551   0.470067   0.482584   0.057567   0.407046   0.654992   0.742080   0.505264   0.723704   0.465447   0.492493   0.057759   0.362924   0.664780   0.733662   0.492979   0.722922   0.452867   0.502677   0.052921   0.324676   0.674384   0.719909   0.473391   0.722783   0.432901   0.514136   0.043399   0.304331   0.681352   0.704167   0.451573   0.723096   0.410775   0.520036   0.037652   0.299863   0.683796   0.694792   0.438895   0.723651   0.397977   0.517828   0.037242   0.299949   0.683738   0.691300   0.434308   0.724173   0.393371   0.514496   0.036029   0.300070   0.683577   0.688533   0.430711   0.724397   0.389767   0.511736   0.035014   0.300165   0.683401   0.686160   0.427657   0.724584   0.386712   0.509287   0.034644   0.300218   0.683269   0.683952   0.424841   0.724633   0.383899   0.506863   0.034279   0.300243   0.683131   0.682001   0.422367   0.724656   0.381431   0.504434   0.033875   0.300302   0.682923   0.680427   0.420381   0.724993   0.379452   0.502263   0.033533 205139
  8   0.145576   0.687985   0.440432   0.188138   0.321736   0.157916   0.238883   0.082459   0.282173   0.704092   0.442443   0.189112   0.321521   0.158721   0.230396   0.101670   0.281551   0.702794   0.442932   0.189465   0.321892   0.159041   0.228118   0.105718   0.281349   0.701301   0.443147   0.189638   0.323174   0.159200   0.226541   0.110381   0.280836   0.700062   0.442672   0.189332   0.323924   0.158928   0.225122   0.117178   0.293386   0.688618   0.450256   0.194744   0.323842   0.163814   0.226725   0.123217   0.351546   0.656059   0.469931   0.209548   0.323240   0.177300   0.231033   0.135658   0.459406   0.614028   0.491907   0.227240   0.322291   0.193601   0.233932   0.165249   0.579851   0.578316   0.511933   0.244250   0.321941   0.209421   0.236131   0.194174   0.681644   0.553340   0.529519   0.259780   0.322255   0.223961   0.239053   0.204646   0.746086   0.542747   0.542888   0.272001   0.322310   0.235474   0.242822   0.206966   0.756005   0.550752   0.550497   0.279184   0.322157   0.242279   0.247794   0.208090   0.708401   0.576013   0.551213   0.279972   0.321853   0.243044   0.253667   0.207482   0.617754   0.612083   0.544730   0.273976   0.321328   0.237385   0.259073   0.202172   0.503953   0.652953   0.532189   0.262445   0.320812   0.226510   0.262297   0.192389   0.391513   0.692186   0.514629   0.246740   0.320721   0.211771   0.262800   0.175819   0.305471   0.724300   0.490744   0.226405   0.320976   0.192849   0.260297   0.148642   0.269521   0.737642   0.471445   0.210690   0.321406   0.178339   0.254080   0.132561   0.267445   0.734723   0.463092   0.204270   0.321744   0.172471   0.247317   0.132611   0.267631   0.730415   0.457757   0.200260   0.321757   0.168819   0.242390   0.135383   0.267890   0.726445   0.453267   0.196948   0.321798   0.165813   0.238407   0.138902   0.268218   0.722966   0.449144   0.193949   0.321816   0.163097   0.234848   0.139553   0.268277   0.720133   0.445316   0.191196   0.321819   0.160609   0.231287   0.138884   0.268302   0.717499   0.442152   0.188962   0.322056   0.158597   0.227881   0.139481 169269
  9   0.155448   0.680986   0.395397   0.157083   0.237192   0.130040   0.221414   0.056968   0.294736   0.689537   0.385685   0.150455   0.236588   0.124102   0.214958   0.069043   0.295739   0.687980   0.386897   0.151158   0.237014   0.124715   0.216603   0.072487   0.296159   0.687164   0.386994   0.151199   0.238306   0.124748   0.217835   0.075224   0.296341   0.686638   0.386562   0.150925   0.239117   0.124506   0.218509   0.077871   0.301325   0.681526   0.388662   0.152228   0.239121   0.125654   0.219565   0.080184   0.328962   0.662824   0.396245   0.157088   0.238620   0.129962   0.221745   0.085366   0.385282   0.634496   0.406491   0.163854   0.237787   0.135988   0.225511   0.098010   0.450180   0.609417   0.417031   0.170993   0.237501   0.142374   0.230920   0.112544   0.504639   0.593204   0.427389   0.178166   0.237896   0.148815   0.236935   0.121613   0.535333   0.589177   0.435566   0.183944   0.238086   0.154021   0.242829   0.127669   0.534566   0.598029   0.439982   0.187115   0.238027   0.156885   0.248063   0.131833   0.504433   0.616505   0.440198   0.187266   0.237767   0.157022   0.251741   0.132310   0.454934   0.639846   0.436447   0.184545   0.237227   0.154559   0.253249   0.126892   0.397183   0.664716   0.429586   0.179629   0.236663   0.150120   0.252530   0.117404   0.342781   0.688100   0.420248   0.173084   0.236520   0.144232   0.250086   0.106676   0.306604   0.704020   0.410090   0.166154   0.236704   0.138025   0.246352   0.096368   0.293948   0.708667   0.402944   0.161411   0.237064   0.133797   0.242170   0.091121   0.292853   0.707062   0.399162   0.158973   0.237369   0.131634   0.238508   0.090175   0.292523   0.705266   0.396128   0.157037   0.237395   0.129920   0.235513   0.092001   0.292505   0.703501   0.393320   0.155264   0.237430   0.128352   0.233049   0.094057   0.292177   0.702134   0.390615   0.153575   0.237420   0.126861   0.230510   0.093146   0.291528   0.701212   0.388106   0.152029   0.237406   0.125499   0.227671   0.091712   0.290937   0.700376   0.385963   0.150717   0.237628   0.124346   0.224896   0.091842 326753
 10   0.116878   0.678313   0.751898   0.518054   0.942479   0.478240   0.768352   0.018603   0.301883   0.684780   0.760976   0.531505   0.941890   0.492043   0.775040   0.017389   0.302219   0.683787   0.762424   0.533680   0.942761   0.494280   0.778933   0.018139   0.302557   0.682856   0.763723   0.535642   0.944876   0.496300   0.783369   0.018797   0.302845   0.682167   0.764032   0.536106   0.946246   0.496778   0.786340   0.019518   0.303677   0.681466   0.763942   0.535959   0.946565   0.496623   0.787773   0.019867   0.311637   0.678978   0.766322   0.539584   0.946304   0.500363   0.787379   0.020396   0.331664   0.673667   0.772405   0.548969   0.945497   0.510065   0.790269   0.020714   0.357673   0.667433   0.781106   0.562625   0.944764   0.524228   0.798450   0.021713   0.382101   0.662124   0.791727   0.579629   0.945033   0.541929   0.806569   0.024237   0.398372   0.658751   0.801895   0.596238   0.945290   0.559284   0.812378   0.026534   0.400506   0.658019   0.809653   0.609140   0.945059   0.572811   0.816006   0.027672   0.388385   0.659843   0.814207   0.616806   0.944453   0.580866   0.818131   0.027826   0.365975   0.663629   0.815085   0.618297   0.943393   0.582435   0.820188   0.026940   0.338464   0.668251   0.812648   0.614184   0.942703   0.578112   0.827216   0.023338   0.315368   0.673353   0.804427   0.600459   0.942618   0.563712   0.840428   0.020111   0.305529   0.677032   0.794769   0.584491   0.942767   0.546989   0.845833   0.021840   0.304414   0.678106   0.789628   0.576137   0.943259   0.538268   0.842332   0.024552   0.304243   0.678390   0.786354   0.570888   0.943837   0.532803   0.839685   0.025337   0.304092   0.678616   0.783375   0.566149   0.944078   0.527876   0.837325   0.025458   0.303963   0.678790   0.780606   0.561771   0.943943   0.523330   0.835257   0.025136   0.303880   0.678888   0.778198   0.557987   0.943822   0.519404   0.833548   0.024672   0.303835   0.678916   0.776210   0.554880   0.944010   0.516184   0.831957   0.024298   0.303829   0.678885   0.774559   0.552313   0.944483   0.513526   0.830452   0.024087 1180935
 11   0.118107   0.679203   0.737507   0.497320   0.934973   0.457072   0.708839   0.021539   0.301096   0.686485   0.747717   0.511924   0.934196   0.471961   0.715618   0.020530   0.301461   0.685339   0.749383   0.514337   0.934967   0.474427   0.718370   0.020759   0.301811   0.684268   0.750976   0.516664   0.937002   0.476808   0.722116   0.020441   0.302103   0.683468   0.751559   0.517511   0.938254   0.477674   0.724884   0.020511   0.303379   0.682546   0.751996   0.518136   0.938428   0.478311   0.725754   0.020552   0.314572   0.679204   0.755914   0.523962   0.938122   0.484294   0.725388   0.020237   0.341371   0.672241   0.764613   0.537117   0.937302   0.497844   0.730039   0.019592   0.375484   0.664141   0.776849   0.556065   0.936648   0.517449   0.740578   0.020315   0.407504   0.657314   0.791442   0.579287   0.936962   0.541596   0.750390   0.022976   0.429874   0.652937   0.805226   0.601839   0.937121   0.565168   0.757211   0.025872   0.435547   0.651798   0.815937   0.619805   0.936799   0.584035   0.761830   0.028167   0.422301   0.653959   0.822538   0.631073   0.936116   0.595908   0.765077   0.029430   0.393503   0.658754   0.824449   0.634367   0.934986   0.599384   0.768088   0.029084   0.356546   0.664658   0.822169   0.630445   0.934207   0.595246   0.775533   0.025896   0.323454   0.671093   0.812872   0.614676   0.934099   0.578652   0.789085   0.022190   0.307016   0.676458   0.799679   0.592611   0.934286   0.555494   0.796652   0.024007   0.304129   0.678633   0.791278   0.578829   0.934809   0.541081   0.795017   0.027974   0.303837   0.679093   0.786771   0.571592   0.935403   0.533543   0.792679   0.029076   0.303601   0.679435   0.782842   0.565346   0.935684   0.527049   0.790893   0.029129   0.303395   0.679699   0.779304   0.559774   0.935696   0.521266   0.789309   0.028759   0.303264   0.679856   0.776244   0.554990   0.935678   0.516308   0.787826   0.028307   0.303192   0.679926   0.773668   0.550989   0.935872   0.512166   0.786347   0.027868   0.303148   0.679945   0.771494   0.547628   0.936340   0.508691   0.784922   0.027322 870607
 12   0.127314   0.677493   0.654765   0.389547   0.737654   0.348979   0.540881   0.031466   0.300933   0.683430   0.669452   0.406462   0.736434   0.365568   0.548795   0.032797   0.301430   0.682880   0.669839   0.406953   0.736999   0.366057   0.548171   0.030357   0.301878   0.682210   0.670713   0.408052   0.738723   0.367152   0.549029   0.029073   0.302186   0.681730   0.670802   0.408178   0.739803   0.367279   0.549214   0.028778   0.303214   0.680916   0.670846   0.408244   0.739822   0.367347   0.548874   0.028449   0.313078   0.677148   0.674059   0.412344   0.739266   0.371442   0.549246   0.026951   0.338948   0.669733   0.679896   0.419800   0.738269   0.378890   0.555043   0.026380   0.373801   0.661902   0.686088   0.427769   0.737840   0.386861   0.566564   0.030101   0.405440   0.656153   0.692365   0.435951   0.738213   0.395065   0.578710   0.036605   0.425034   0.653317   0.697586   0.442840   0.738311   0.401989   0.589099   0.042460   0.426509   0.653869   0.700937   0.447298   0.738104   0.406476   0.596893   0.046079   0.409383   0.657688   0.701506   0.448053   0.737691   0.407235   0.601979   0.046645   0.380076   0.663767   0.698889   0.444553   0.736982   0.403709   0.604456   0.043603   0.347053   0.670854   0.693808   0.437808   0.736282   0.396924   0.604899   0.037456   0.319210   0.677605   0.686947   0.428778   0.736148   0.387854   0.604971   0.030873   0.304985   0.681836   0.680304   0.420111   0.736449   0.379163   0.602787   0.028022   0.302198   0.682814   0.676959   0.415788   0.736959   0.374836   0.597949   0.027873   0.302256   0.682515   0.675892   0.414434   0.737396   0.373484   0.593427   0.027561   0.302337   0.682223   0.674876   0.413156   0.737484   0.372212   0.589499   0.027499   0.302431   0.681961   0.673835   0.411855   0.737562   0.370917   0.586089   0.027832   0.302517   0.681741   0.672727   0.410478   0.737585   0.369549   0.582864   0.028239   0.302582   0.681526   0.671701   0.409210   0.737611   0.368289   0.579761   0.028464   0.302644   0.681268   0.671020   0.408372   0.737923   0.367459   0.576906   0.028690 324448
 13   0.144086   0.678780   0.509691   0.242248   0.442405   0.207537   0.324439   0.039190   0.298571   0.685858   0.520918   0.251010   0.441608   0.215559   0.326004   0.044203   0.299096   0.685211   0.520909   0.250950   0.442068   0.215495   0.326268   0.042995   0.299369   0.684547   0.520980   0.250989   0.443511   0.215527   0.326506   0.042861   0.299532   0.684015   0.520843   0.250862   0.444420   0.215407   0.326528   0.043427   0.302047   0.681390   0.522428   0.252232   0.444415   0.216684   0.327301   0.044095   0.320875   0.670869   0.528820   0.257947   0.443868   0.222043   0.329859   0.044185   0.363929   0.653360   0.536989   0.265414   0.442948   0.229072   0.336190   0.048584   0.415016   0.637170   0.544919   0.272819   0.442583   0.236069   0.345915   0.058878   0.455199   0.627225   0.552670   0.280177   0.442934   0.243043   0.356106   0.069691   0.473715   0.625083   0.558351   0.285661   0.443058   0.248256   0.365302   0.078435   0.467485   0.630625   0.561031   0.288298   0.442928   0.250770   0.372564   0.084235   0.441993   0.641469   0.560347   0.287655   0.442603   0.250163   0.377469   0.085699   0.405031   0.654923   0.556414   0.283835   0.442015   0.246528   0.379655   0.081539   0.363979   0.669165   0.549980   0.277629   0.441406   0.240630   0.379159   0.072393   0.327721   0.682085   0.542364   0.270403   0.441266   0.233782   0.376348   0.061137   0.305842   0.690367   0.535296   0.263822   0.441510   0.227566   0.371467   0.052887   0.299296   0.692501   0.531189   0.260058   0.441938   0.224022   0.365796   0.049941   0.298820   0.691767   0.529454   0.258505   0.442299   0.222565   0.360822   0.049727   0.298454   0.691125   0.527845   0.257081   0.442353   0.221232   0.356547   0.050696   0.298111   0.690570   0.526320   0.255741   0.442413   0.219979   0.352729   0.051848   0.297850   0.690043   0.524864   0.254467   0.442428   0.218789   0.349210   0.052255   0.297623   0.689571   0.523486   0.253271   0.442437   0.217673   0.345861   0.052293   0.297411   0.689120   0.522349   0.252291   0.442703   0.216760   0.342738   0.052510 340559
 14   0.149812   0.679069   0.455850   0.198903   0.344461   0.167597   0.274022   0.049170   0.297590   0.686305   0.460275   0.201646   0.343908   0.170004   0.271735   0.056634   0.298102   0.685449   0.460731   0.201948   0.344330   0.170272   0.272322   0.057626   0.298420   0.684680   0.461123   0.202228   0.345695   0.170525   0.272920   0.059013   0.298604   0.684064   0.461151   0.202250   0.346552   0.170544   0.273237   0.060851   0.301784   0.680938   0.462953   0.203620   0.346530   0.171794   0.274073   0.062451   0.322940   0.668714   0.469412   0.208649   0.346000   0.176400   0.276663   0.063957   0.369293   0.648805   0.478330   0.215769   0.345128   0.182948   0.281864   0.071210   0.424379   0.630370   0.487902   0.223592   0.344787   0.190173   0.288962   0.084026   0.469781   0.618484   0.497370   0.231459   0.345137   0.197459   0.296521   0.095224   0.494147   0.615194   0.504611   0.237584   0.345283   0.203149   0.303556   0.103818   0.491791   0.620900   0.508462   0.240907   0.345178   0.206248   0.309229   0.109542   0.465951   0.633407   0.508474   0.240935   0.344873   0.206277   0.313076   0.111153   0.425305   0.649380   0.504684   0.237669   0.344305   0.203233   0.314612   0.106833   0.377952   0.666671   0.497841   0.231829   0.343728   0.197799   0.313717   0.097050   0.334062   0.682960   0.489037   0.224459   0.343599   0.190964   0.310913   0.084776   0.306118   0.694030   0.479904   0.216983   0.343828   0.184058   0.306509   0.074782   0.297181   0.697262   0.473976   0.212224   0.344242   0.179676   0.301473   0.070904   0.296630   0.696276   0.471304   0.210126   0.344595   0.177752   0.297201   0.070795   0.296371   0.695255   0.469058   0.208387   0.344649   0.176161   0.293752   0.072365   0.296121   0.694351   0.466987   0.206797   0.344697   0.174709   0.290752   0.074025   0.295919   0.693457   0.465186   0.205423   0.344699   0.173455   0.287917   0.074043   0.295691   0.692683   0.463566   0.204199   0.344705   0.172340   0.285165   0.073477   0.295418   0.692019   0.462138   0.203135   0.344955   0.171372   0.282533   0.073507 386314
 15   0.118882   0.677674   0.735977   0.494832   0.939758   0.454478   0.744753   0.018909   0.302249   0.683597   0.744778   0.507417   0.939065   0.467308   0.749997   0.017482   0.302591   0.682775   0.746160   0.509415   0.939855   0.469349   0.752854   0.018314   0.302920   0.681987   0.747395   0.511214   0.941844   0.471188   0.756463   0.018955   0.303175   0.681423   0.747643   0.511572   0.943105   0.471554   0.759061   0.019414   0.303548   0.681006   0.747169   0.510868   0.943347   0.470832   0.760289   0.019643   0.308585   0.679413   0.748234   0.512427   0.943077   0.472428   0.759417   0.020482   0.322985   0.675502   0.752280   0.518414   0.942314   0.478570   0.760827   0.021309   0.342873   0.670555   0.758648   0.527959   0.941685   0.488385   0.767562   0.022370   0.362039   0.666209   0.766806   0.540380   0.942059   0.501195   0.775223   0.024792   0.375460   0.663339   0.774843   0.552818   0.942395   0.514061   0.780917   0.027150   0.377899   0.662585   0.781001   0.562494   0.942269   0.524099   0.784533   0.028295   0.368220   0.664036   0.784424   0.567930   0.941758   0.529750   0.786500   0.028265   0.350155   0.667150   0.784616   0.568253   0.940788   0.530088   0.788078   0.027096   0.329076   0.670885   0.782018   0.564144   0.940131   0.525820   0.793710   0.023611   0.312001   0.674908   0.775136   0.553330   0.940050   0.514603   0.802881   0.021050   0.304888   0.677679   0.767626   0.541627   0.940199   0.502480   0.804588   0.022959   0.304167   0.678420   0.763689   0.535584   0.940652   0.496239   0.800136   0.025238   0.304060   0.678622   0.761072   0.531611   0.941172   0.492143   0.797211   0.025500   0.303979   0.678760   0.758747   0.528102   0.941387   0.488531   0.794736   0.025188   0.303923   0.678874   0.756585   0.524856   0.941276   0.485192   0.792147   0.025023   0.303891   0.678954   0.754660   0.521981   0.941142   0.482237   0.789637   0.024984   0.303880   0.678968   0.753075   0.519622   0.941272   0.479815   0.787583   0.024688   0.303903   0.678918   0.751823   0.517764   0.941690   0.477908   0.785779   0.024459 1319339
 16   0.120036   0.679011   0.721545   0.474733   0.931320   0.434085   0.682192   0.023652   0.301391   0.686152   0.732858   0.490367   0.930446   0.449925   0.686337   0.021717   0.301708   0.685091   0.734520   0.492702   0.931106   0.452297   0.686711   0.021572   0.302013   0.684077   0.736121   0.494974   0.932962   0.454610   0.688452   0.020952   0.302256   0.683321   0.736756   0.495877   0.934060   0.455530   0.689792   0.020521   0.302866   0.682674   0.736748   0.495854   0.934138   0.455505   0.690058   0.020150   0.310054   0.680456   0.738859   0.498885   0.933771   0.458597   0.688419   0.019892   0.329427   0.675112   0.744799   0.507519   0.932963   0.467426   0.689560   0.019470   0.355258   0.668303   0.753863   0.520911   0.932462   0.481161   0.696776   0.020180   0.379843   0.662290   0.765171   0.537978   0.932865   0.498735   0.705087   0.022671   0.397682   0.658180   0.776375   0.555273   0.933047   0.516617   0.711279   0.025204   0.402727   0.656824   0.785435   0.569556   0.932788   0.531443   0.715531   0.026701   0.392448   0.658480   0.791122   0.578658   0.932200   0.540918   0.718820   0.027149   0.369983   0.662540   0.792719   0.581241   0.931196   0.543612   0.722333   0.026245   0.341758   0.667671   0.790633   0.577891   0.930464   0.540123   0.729390   0.022901   0.317208   0.673238   0.782672   0.565220   0.930366   0.526947   0.741500   0.020002   0.305616   0.677392   0.772554   0.549264   0.930590   0.510383   0.747743   0.022038   0.303826   0.678773   0.766780   0.540299   0.931127   0.501103   0.745499   0.025393   0.303713   0.679040   0.763496   0.535285   0.931681   0.495930   0.742938   0.026528   0.303615   0.679245   0.760552   0.530826   0.931905   0.491336   0.740995   0.026822   0.303533   0.679416   0.757829   0.526730   0.931933   0.487121   0.739327   0.026831   0.303469   0.679561   0.755322   0.522984   0.931912   0.483271   0.737647   0.026866   0.303428   0.679653   0.753120   0.519714   0.932039   0.479914   0.736069   0.026829   0.303418   0.679682   0.751238   0.516933   0.932454   0.477061   0.734777   0.026772 744716
 17   0.122222   0.678952   0.699663   0.445243   0.927566   0.404340   0.605606   0.024712   0.301217   0.686163   0.711405   0.460665   0.926539   0.419821   0.608188   0.023541   0.301461   0.685354   0.712397   0.461983   0.927080   0.421146   0.606489   0.023211   0.301717   0.684555   0.713376   0.463307   0.928763   0.422483   0.606877   0.022312   0.301951   0.683964   0.713504   0.463487   0.929796   0.422666   0.607271   0.022066   0.302398   0.683529   0.712951   0.462742   0.929924   0.421915   0.606934   0.022184   0.308248   0.681983   0.714291   0.464600   0.929629   0.423798   0.605229   0.022211   0.324631   0.677779   0.719335   0.471586   0.928940   0.430879   0.605542   0.021586   0.346883   0.671996   0.727210   0.482617   0.928593   0.442084   0.611796   0.021685   0.368120   0.666595   0.737061   0.496678   0.929051   0.456415   0.621016   0.023212   0.383168   0.662743   0.747133   0.511361   0.929266   0.471438   0.629057   0.024908   0.387421   0.661256   0.755499   0.523806   0.929076   0.484220   0.635150   0.026041   0.379211   0.662337   0.760753   0.531739   0.928516   0.492390   0.640270   0.026162   0.360397   0.665542   0.762114   0.533824   0.927489   0.494543   0.645866   0.024826   0.336069   0.669779   0.759936   0.530533   0.926710   0.491154   0.654166   0.021464   0.314753   0.674713   0.752035   0.518662   0.926545   0.478940   0.664689   0.019508   0.304755   0.678509   0.742427   0.504354   0.926725   0.464241   0.669357   0.021989   0.303239   0.679730   0.737236   0.496749   0.927267   0.456453   0.667676   0.024955   0.303172   0.679942   0.734335   0.492577   0.927847   0.452195   0.665695   0.025943   0.303141   0.680074   0.731839   0.489020   0.928128   0.448571   0.663888   0.026184   0.303146   0.680178   0.729523   0.485744   0.928206   0.445239   0.662350   0.026476   0.303184   0.680253   0.727404   0.482764   0.928173   0.442209   0.660692   0.027109   0.303239   0.680271   0.725595   0.480228   0.928256   0.439634   0.659175   0.027645   0.303338   0.680201   0.724157   0.478216   0.928597   0.437591   0.658168   0.027926 409238
 18   0.132859   0.677869   0.609873   0.338960   0.643906   0.299543   0.448847   0.035746   0.299855   0.684049   0.623742   0.352852   0.642598   0.312830   0.454600   0.038468   0.300445   0.683278   0.624755   0.353921   0.643136   0.313862   0.453673   0.035086   0.300934   0.682462   0.625929   0.355202   0.644777   0.315105   0.454340   0.033395   0.301236   0.681900   0.626167   0.355448   0.645802   0.315342   0.454914   0.032813   0.302710   0.680525   0.626942   0.356301   0.645819   0.316171   0.455342   0.032649   0.315574   0.674671   0.632111   0.362219   0.645275   0.321967   0.456927   0.031437   0.347693   0.664316   0.639573   0.370866   0.644314   0.330454   0.463732   0.032103   0.389042   0.654241   0.646554   0.379102   0.643916   0.338565   0.475532   0.037779   0.424953   0.647348   0.653530   0.387479   0.644282   0.346840   0.487776   0.045923   0.445429   0.644656   0.658850   0.393966   0.644382   0.353266   0.498767   0.053137   0.444407   0.646592   0.661522   0.397260   0.644200   0.356537   0.507641   0.057680   0.423415   0.652444   0.661066   0.396707   0.643820   0.355990   0.513888   0.058665   0.390206   0.660690   0.657406   0.392223   0.643151   0.351544   0.517209   0.055339   0.353354   0.669865   0.651348   0.384875   0.642477   0.344272   0.517751   0.048314   0.322105   0.678350   0.643945   0.376012   0.642331   0.335521   0.516929   0.040417   0.305290   0.683729   0.636909   0.367697   0.642605   0.327330   0.514087   0.036195   0.301374   0.685064   0.633221   0.363391   0.643081   0.323098   0.509201   0.035492   0.301351   0.684642   0.632090   0.362098   0.643489   0.321832   0.504573   0.035340   0.301354   0.684255   0.630981   0.360842   0.643570   0.320604   0.500644   0.035452   0.301369   0.683920   0.629884   0.359607   0.643648   0.319398   0.497217   0.035841   0.301413   0.683609   0.628821   0.358414   0.643672   0.318234   0.494008   0.036246   0.301448   0.683306   0.627864   0.357343   0.643690   0.317190   0.490891   0.036384   0.301474   0.682984   0.627161   0.356565   0.643990   0.316432   0.488006   0.036381 370291
 19   0.137497   0.678664   0.562626   0.290823   0.548657   0.253331   0.377954   0.038114   0.298276   0.685593   0.577650   0.304173   0.547431   0.265828   0.382203   0.041098   0.298904   0.684863   0.578320   0.304795   0.547935   0.266414   0.381659   0.037216   0.299277   0.684176   0.578548   0.305008   0.549471   0.266615   0.382033   0.036268   0.299503   0.683661   0.578268   0.304720   0.550434   0.266339   0.382401   0.036300   0.301799   0.681322   0.579767   0.306201   0.550441   0.267751   0.383211   0.036378   0.319783   0.672317   0.586497   0.313090   0.549883   0.274366   0.386091   0.035550   0.361632   0.657771   0.594697   0.321663   0.548927   0.282628   0.394011   0.038242   0.412720   0.644408   0.601988   0.329470   0.548547   0.290185   0.406035   0.046899   0.454000   0.636124   0.609175   0.337301   0.548899   0.297789   0.418249   0.056951   0.474279   0.634069   0.614289   0.342973   0.549005   0.303315   0.429296   0.065196   0.468910   0.638211   0.616450   0.345406   0.548852   0.305692   0.438337   0.070138   0.441453   0.647108   0.615202   0.344023   0.548503   0.304345   0.444773   0.070676   0.402148   0.658374   0.610615   0.338937   0.547886   0.299391   0.448265   0.066097   0.360594   0.670120   0.603784   0.331451   0.547266   0.292114   0.448702   0.057308   0.325501   0.680599   0.596079   0.323148   0.547137   0.284068   0.446644   0.047177   0.305430   0.687290   0.589086   0.315744   0.547394   0.276915   0.442386   0.040639   0.299912   0.689025   0.585331   0.311828   0.547843   0.273143   0.436823   0.038822   0.299598   0.688492   0.584042   0.310519   0.548222   0.271888   0.431579   0.038707   0.299331   0.688042   0.582806   0.309278   0.548279   0.270701   0.426867   0.039294   0.299101   0.687642   0.581636   0.308111   0.548340   0.269585   0.422527   0.040118   0.298951   0.687249   0.580476   0.306960   0.548354   0.268486   0.418526   0.040586   0.298849   0.686885   0.579328   0.305822   0.548366   0.267399   0.414834   0.040735   0.298731   0.686548   0.578350   0.304861   0.548648   0.266483   0.411379   0.040946 328340
 20   0.120496   0.677438   0.721376   0.474355   0.928981   0.433675   0.712794   0.023140   0.302626   0.683324   0.729874   0.486068   0.928270   0.445537   0.716754   0.021515   0.302876   0.682835   0.730244   0.486577   0.928961   0.446051   0.717837   0.021716   0.303097   0.682299   0.730701   0.487225   0.930845   0.446711   0.719480   0.021743   0.303277   0.681977   0.730230   0.486564   0.932050   0.446039   0.720068   0.022210   0.303472   0.681868   0.728860   0.484636   0.932222   0.444079   0.719289   0.022847   0.307093   0.680979   0.728380   0.483970   0.931902   0.443405   0.716536   0.024226   0.318736   0.678107   0.730304   0.486714   0.931166   0.446200   0.714949   0.025766   0.335804   0.674050   0.734407   0.492583   0.930668   0.452184   0.717866   0.027506   0.352554   0.670320   0.740121   0.500830   0.931121   0.460606   0.722661   0.030120   0.364466   0.667785   0.745887   0.509244   0.931497   0.469216   0.726480   0.032619   0.366936   0.667044   0.750317   0.515774   0.931459   0.475911   0.728900   0.033808   0.358965   0.668180   0.752555   0.519090   0.931030   0.479314   0.730189   0.033204   0.343606   0.670788   0.752121   0.518440   0.930136   0.478646   0.731044   0.030860   0.325527   0.674050   0.749473   0.514507   0.929456   0.474608   0.733961   0.026360   0.310732   0.677381   0.744073   0.506538   0.929308   0.466436   0.739080   0.022724   0.304391   0.679449   0.738578   0.498491   0.929441   0.458197   0.739644   0.023143   0.303782   0.679892   0.735699   0.494326   0.929881   0.453942   0.736172   0.024553   0.303801   0.679948   0.733798   0.491596   0.930367   0.451156   0.733594   0.024673   0.303816   0.679954   0.732125   0.489208   0.930551   0.448722   0.731256   0.024394   0.303834   0.679939   0.730624   0.487077   0.930469   0.446552   0.728864   0.024504   0.303858   0.679912   0.729296   0.485200   0.930318   0.444643   0.726517   0.025009   0.303885   0.679831   0.728244   0.483718   0.930369   0.443137   0.724609   0.025271   0.303932   0.679703   0.727447   0.482602   0.930706   0.442003   0.723059   0.025380 691251
 21   0.122693   0.678000   0.694794   0.439244   0.824073   0.398386   0.621249   0.030438   0.301368   0.684362   0.711046   0.460248   0.823095   0.419414   0.626366   0.031959   0.301916   0.683773   0.711580   0.461069   0.823698   0.420261   0.624632   0.030024   0.302358   0.683171   0.712050   0.461780   0.825500   0.420992   0.624752   0.029242   0.302664   0.682726   0.711693   0.461339   0.826655   0.420554   0.624667   0.029256   0.303423   0.682157   0.710958   0.460375   0.826705   0.419588   0.624215   0.028811   0.311430   0.679373   0.712894   0.463130   0.826147   0.422395   0.624000   0.027278   0.333478   0.673256   0.717677   0.469820   0.825131   0.429188   0.628896   0.026238   0.364343   0.666166   0.723543   0.478014   0.824679   0.437508   0.639670   0.028700   0.393960   0.660388   0.730298   0.487549   0.825060   0.447209   0.650999   0.033587   0.414601   0.656823   0.736731   0.496744   0.825146   0.456585   0.660528   0.038097   0.419638   0.656226   0.741558   0.503709   0.824890   0.463699   0.667827   0.041211   0.406158   0.658945   0.743542   0.506572   0.824414   0.466624   0.672801   0.041920   0.378699   0.664311   0.742011   0.504308   0.823635   0.464302   0.675557   0.039334   0.346199   0.670988   0.737440   0.497634   0.822905   0.457469   0.677329   0.034011   0.318530   0.677449   0.730220   0.487184   0.822779   0.446789   0.680182   0.028401   0.304815   0.681427   0.722916   0.476710   0.823092   0.436104   0.680241   0.026132   0.302459   0.682307   0.719183   0.471417   0.823625   0.430715   0.676146   0.026168   0.302567   0.682036   0.717933   0.469669   0.824081   0.428941   0.671889   0.026002   0.302692   0.681761   0.716874   0.468202   0.824175   0.427454   0.667908   0.026146   0.302816   0.681538   0.715775   0.466694   0.824242   0.425927   0.664337   0.026788   0.302922   0.681358   0.714652   0.465166   0.824258   0.424385   0.660869   0.027497   0.303007   0.681180   0.713642   0.463801   0.824298   0.423007   0.657356   0.027896   0.303093   0.680985   0.712760   0.462615   0.824641   0.421811   0.654276   0.028187 283240
 22   0.119522   0.680809   0.715833   0.467293   0.924129   0.426630   0.595085   0.027166   0.299629   0.689545   0.729665   0.486211   0.923041   0.445764   0.599649   0.026073   0.300101   0.688152   0.731668   0.489038   0.923660   0.448639   0.597754   0.025682   0.300493   0.686906   0.733419   0.491530   0.925521   0.451178   0.598065   0.024803   0.300811   0.685933   0.734208   0.492670   0.926613   0.452343   0.598752   0.024395   0.302521   0.684841   0.735014   0.493826   0.926694   0.453522   0.598624   0.023942   0.316355   0.680990   0.739955   0.500995   0.926295   0.460852   0.599436   0.022043   0.349131   0.672641   0.750232   0.516081   0.925364   0.476310   0.606430   0.019873   0.391387   0.662550   0.764330   0.537253   0.924794   0.498093   0.619870   0.020942   0.432615   0.653738   0.781469   0.563834   0.925106   0.525608   0.632416   0.024548   0.464507   0.647646   0.798250   0.590760   0.925131   0.553654   0.640970   0.028412   0.475742   0.645618   0.811632   0.612918   0.924722   0.576870   0.647497   0.031379   0.459320   0.648379   0.819867   0.626873   0.923970   0.591553   0.653181   0.032897   0.420799   0.654913   0.822120   0.630741   0.922800   0.595634   0.659520   0.032603   0.371933   0.662802   0.819176   0.625706   0.921980   0.590326   0.669471   0.029145   0.328628   0.671301   0.807577   0.606158   0.921874   0.569779   0.683432   0.024577   0.306652   0.678475   0.790772   0.578393   0.922117   0.540700   0.691124   0.025891   0.302299   0.681285   0.780142   0.561274   0.922708   0.522859   0.690012   0.029987   0.302149   0.681606   0.775006   0.553215   0.923322   0.514501   0.687588   0.031308   0.302061   0.681822   0.770622   0.546416   0.923590   0.507463   0.685480   0.031698   0.302044   0.681935   0.766793   0.540534   0.923692   0.501387   0.683783   0.031784   0.302053   0.681992   0.763390   0.535354   0.923737   0.496045   0.682306   0.031815   0.302077   0.682003   0.760401   0.530842   0.923901   0.491398   0.681013   0.031700   0.302119   0.681940   0.757869   0.527041   0.924358   0.487488   0.680141   0.031306 390786
 23   0.122009   0.678903   0.687282   0.430422   0.818001   0.389711   0.482829   0.040402   0.298445   0.685702   0.712741   0.463078   0.816596   0.422370   0.485221   0.040285   0.299182   0.684478   0.716904   0.468783   0.817075   0.428143   0.481319   0.036329   0.299807   0.683528   0.719566   0.472414   0.818869   0.431812   0.481168   0.034423   0.300321   0.682686   0.721397   0.474910   0.819993   0.434336   0.481098   0.034005   0.301909   0.681166   0.724095   0.478613   0.820107   0.438084   0.481067   0.032874   0.313311   0.676219   0.733316   0.491731   0.819781   0.451449   0.482685   0.028111   0.340944   0.667888   0.746299   0.510566   0.819004   0.470708   0.491219   0.022778   0.378150   0.659257   0.758342   0.528547   0.818632   0.489190   0.505112   0.023173   0.416000   0.651904   0.770986   0.547992   0.818943   0.509290   0.518139   0.028396   0.444473   0.647238   0.782234   0.565778   0.818899   0.527771   0.530069   0.035019   0.452110   0.646684   0.789959   0.578275   0.818527   0.540812   0.541773   0.041230   0.435473   0.650384   0.792758   0.582867   0.817927   0.545617   0.553563   0.045396   0.401253   0.657130   0.789985   0.578354   0.816963   0.540902   0.565295   0.046048   0.359614   0.665360   0.782101   0.565623   0.816180   0.527621   0.578065   0.042300   0.323195   0.673843   0.767796   0.543109   0.816106   0.504248   0.592993   0.034599   0.304613   0.680220   0.751185   0.517645   0.816438   0.477944   0.601112   0.030393   0.301037   0.682469   0.741712   0.503481   0.817029   0.463381   0.599617   0.030282   0.301121   0.682493   0.738214   0.498408   0.817606   0.458195   0.596120   0.029598   0.301247   0.682410   0.735504   0.494528   0.817879   0.454238   0.592799   0.029346   0.301398   0.682297   0.733094   0.491117   0.818044   0.450766   0.590086   0.029795   0.301500   0.682208   0.730884   0.488011   0.818039   0.447610   0.587408   0.030601   0.301600   0.682056   0.729124   0.485542   0.818055   0.445100   0.584863   0.030861   0.301707   0.681836   0.727759   0.483636   0.818410   0.443165   0.582806   0.030806 233181
 24   0.129256   0.690440   0.580852   0.309974   0.602215   0.271818   0.347166   0.065409   0.285463   0.708034   0.615614   0.345237   0.598524   0.305650   0.349519   0.065099   0.285594   0.705306   0.618793   0.348696   0.598706   0.309008   0.341777   0.065799   0.286071   0.703079   0.620017   0.350067   0.600121   0.310347   0.338755   0.066279   0.286416   0.701494   0.619569   0.349599   0.600985   0.309895   0.336915   0.067006   0.294994   0.692706   0.626655   0.357259   0.600919   0.317327   0.337478   0.067189   0.340074   0.666016   0.647296   0.380898   0.600227   0.340499   0.341119   0.073726   0.431656   0.628967   0.672188   0.411337   0.599059   0.370686   0.345164   0.097772   0.540772   0.597449   0.696809   0.443420   0.598448   0.402876   0.347978   0.130666   0.636648   0.578915   0.719418   0.474329   0.598461   0.434162   0.350841   0.158136   0.696088   0.575015   0.735336   0.496981   0.598177   0.457260   0.356876   0.178252   0.701348   0.585303   0.742832   0.507992   0.597788   0.468554   0.366682   0.191085   0.651110   0.607513   0.741061   0.505596   0.597429   0.466136   0.379010   0.195770   0.562937   0.636876   0.730255   0.490248   0.596971   0.450490   0.391783   0.191094   0.460531   0.668274   0.712411   0.465432   0.596514   0.425288   0.402708   0.175652   0.367900   0.695999   0.691018   0.436548   0.596559   0.396111   0.409824   0.146969   0.305472   0.715811   0.667565   0.406152   0.597062   0.365634   0.410715   0.109898   0.282874   0.722123   0.650646   0.385045   0.597705   0.344618   0.405116   0.086675   0.282134   0.719032   0.643557   0.376642   0.598147   0.336330   0.397514   0.080716   0.281940   0.716030   0.638960   0.371330   0.598188   0.331115   0.390467   0.078747   0.281549   0.713592   0.635297   0.367171   0.598296   0.327045   0.383595   0.078818   0.281360   0.711540   0.631896   0.363350   0.598379   0.323313   0.377268   0.079013   0.281458   0.709765   0.628393   0.359437   0.598415   0.319494   0.371658   0.078694   0.281665   0.708142   0.625106   0.355793   0.598739   0.315942   0.366764   0.078498 92103
