timestamp=                2021-11-13T10:29:34.076261
shape=                    (5, 5)
sigma=                    2.5
nepochs=                  3
thresh=                   None
rate=                     0.01
neighborhood function=    gaussian
init weights=             pca
topology=                 hexagonal
activation distance=      euclidean
output type=              labels
mapfile_prefix=           full2020_5x5_3_01_3_09
apply classification=     False
seed=                     None
random order=             True
custom init file=         None
order labels by size=     False
decay_function=           3

Quantization Error=       0.35743640
Topographic Error=        0.13798585

############ NEURONS #############
 25 192
  0   0.159457   0.706818   0.372055   0.148182   0.194569   0.122822   0.209128   0.137539   0.283351   0.721619   0.344026   0.130660   0.194004   0.107315   0.196788   0.209349   0.283451   0.718883   0.345028   0.131210   0.194575   0.107791   0.196884   0.227017   0.283049   0.716662   0.345686   0.131580   0.196266   0.108113   0.197094   0.244722   0.282959   0.714870   0.345405   0.131413   0.197155   0.107966   0.197336   0.260961   0.298951   0.705238   0.348698   0.133295   0.196996   0.109607   0.198103   0.272382   0.361548   0.675729   0.359817   0.139944   0.196307   0.115446   0.200391   0.283118   0.468605   0.633689   0.374843   0.149314   0.195185   0.123732   0.203356   0.298203   0.584565   0.595018   0.390320   0.159327   0.194892   0.132643   0.206669   0.308340   0.680627   0.567358   0.404808   0.169015   0.195498   0.141312   0.210149   0.305733   0.740835   0.555468   0.416242   0.176898   0.195816   0.148403   0.213315   0.300674   0.752333   0.562619   0.423250   0.181853   0.195905   0.152879   0.216279   0.298596   0.710326   0.588054   0.424706   0.182910   0.195681   0.153839   0.218711   0.296440   0.627262   0.625143   0.420527   0.179952   0.195053   0.151167   0.219685   0.288887   0.519616   0.669025   0.411411   0.173580   0.194438   0.145421   0.218785   0.281047   0.407099   0.714520   0.397104   0.163856   0.194253   0.136695   0.216413   0.281142   0.316381   0.751143   0.378972   0.151949   0.194363   0.126072   0.212709   0.280434   0.276632   0.764153   0.365241   0.143216   0.194725   0.118322   0.208336   0.279359   0.273365   0.758991   0.358640   0.139185   0.194961   0.114771   0.204311   0.282922   0.273500   0.752586   0.353982   0.136415   0.194790   0.112340   0.201102   0.290618   0.273907   0.747021   0.349809   0.133970   0.194697   0.110200   0.198620   0.296614   0.274113   0.742451   0.346084   0.131811   0.194605   0.108315   0.196214   0.293616   0.274029   0.738721   0.342960   0.130010   0.194558   0.106743   0.193832   0.288858   0.273588   0.735528   0.340491   0.128599   0.194838   0.105514   0.191842   0.289007 115377
  1   0.161012   0.704366   0.379389   0.152176   0.216039   0.126271   0.220796   0.060381   0.293549   0.717165   0.362171   0.141032   0.215110   0.116354   0.210044   0.077525   0.294257   0.715449   0.363180   0.141605   0.215739   0.116853   0.210996   0.083171   0.294295   0.714525   0.363239   0.141646   0.217568   0.116889   0.211288   0.089306   0.294271   0.713947   0.362426   0.141169   0.218600   0.116472   0.211168   0.094553   0.304262   0.703873   0.367386   0.144093   0.218513   0.119033   0.212754   0.098768   0.348695   0.673964   0.380223   0.152022   0.217829   0.126033   0.216091   0.107215   0.429183   0.634711   0.394141   0.161074   0.216685   0.134091   0.219948   0.123643   0.517513   0.601795   0.407637   0.170137   0.216311   0.142203   0.225240   0.139070   0.590338   0.581476   0.420104   0.178740   0.216812   0.149939   0.231322   0.146751   0.632319   0.577196   0.429577   0.185446   0.217067   0.155996   0.237522   0.152167   0.632850   0.589433   0.434854   0.189256   0.217113   0.159449   0.243313   0.156848   0.591216   0.614923   0.435115   0.189453   0.216835   0.159629   0.247527   0.157830   0.523158   0.646497   0.430737   0.186274   0.216144   0.156746   0.249277   0.152010   0.444183   0.679544   0.422915   0.180664   0.215518   0.151668   0.248596   0.141732   0.367789   0.710951   0.411906   0.172959   0.215434   0.144722   0.245941   0.130207   0.313489   0.733959   0.398447   0.163827   0.215696   0.136534   0.241479   0.116776   0.292028   0.742244   0.387554   0.156672   0.216155   0.130153   0.235774   0.108136   0.289333   0.740925   0.381039   0.152554   0.216445   0.126504   0.230035   0.106873   0.288414   0.738755   0.375990   0.149416   0.216317   0.123733   0.225254   0.110209   0.288180   0.736372   0.371471   0.146647   0.216224   0.121292   0.221471   0.113448   0.287779   0.734489   0.366996   0.143941   0.216079   0.118911   0.217856   0.111749   0.287325   0.732883   0.363191   0.141662   0.216000   0.116910   0.214343   0.109169   0.286933   0.731411   0.360240   0.139910   0.216297   0.115374   0.211356   0.109460 277977
  2   0.158483   0.698302   0.435359   0.189577   0.298567   0.159734   0.271194   0.047627   0.302291   0.705583   0.428902   0.184423   0.297787   0.154987   0.264186   0.059855   0.302715   0.704634   0.429468   0.184790   0.298448   0.155313   0.265318   0.062932   0.302836   0.704006   0.429715   0.184967   0.300360   0.155474   0.265967   0.066600   0.303000   0.703540   0.429226   0.184626   0.301456   0.155167   0.266184   0.070249   0.307566   0.699326   0.431442   0.186173   0.301377   0.156561   0.267310   0.073040   0.334128   0.683966   0.439017   0.191658   0.300673   0.161532   0.270647   0.075168   0.388895   0.660661   0.448494   0.198732   0.299480   0.167977   0.276389   0.082965   0.451115   0.640543   0.458227   0.206158   0.299043   0.174768   0.284180   0.095951   0.499689   0.629368   0.467452   0.213313   0.299522   0.181329   0.292597   0.106939   0.523476   0.628599   0.474113   0.218563   0.299790   0.186157   0.300192   0.115923   0.519361   0.636807   0.477565   0.221329   0.299831   0.188708   0.305728   0.122540   0.491375   0.650784   0.477540   0.221325   0.299528   0.188708   0.308444   0.124427   0.448494   0.667161   0.474108   0.218571   0.298805   0.186167   0.308164   0.119319   0.397574   0.684774   0.467959   0.213664   0.298165   0.181645   0.305458   0.109280   0.347796   0.702162   0.459659   0.207163   0.298107   0.175673   0.300971   0.097446   0.313959   0.714979   0.450239   0.199955   0.298413   0.169079   0.294946   0.086592   0.301736   0.719595   0.443316   0.194784   0.298931   0.164367   0.288651   0.081497   0.300168   0.719206   0.439524   0.192038   0.299274   0.161877   0.283256   0.081141   0.299331   0.718480   0.436374   0.189781   0.299177   0.159835   0.278740   0.083650   0.298966   0.717498   0.433593   0.187800   0.299092   0.158045   0.274974   0.086201   0.298624   0.716603   0.430924   0.185914   0.298950   0.156342   0.271417   0.085775   0.298126   0.715971   0.428344   0.184110   0.298894   0.154717   0.267961   0.084771   0.297657   0.715327   0.426129   0.182581   0.299232   0.153343   0.264974   0.085241 287850
  3   0.146863   0.698148   0.535628   0.271344   0.488960   0.235422   0.370070   0.037657   0.303390   0.705500   0.546539   0.280750   0.487365   0.244203   0.369015   0.041762   0.303929   0.704861   0.546494   0.280688   0.488133   0.244141   0.368796   0.040978   0.304082   0.704436   0.545883   0.280118   0.490274   0.243601   0.369040   0.041717   0.304130   0.704181   0.544771   0.279089   0.491492   0.242629   0.368499   0.042662   0.307773   0.700685   0.547223   0.281354   0.491410   0.244769   0.369602   0.043078   0.332455   0.688568   0.555716   0.289449   0.490640   0.252462   0.374544   0.042354   0.384992   0.670902   0.564409   0.297969   0.489323   0.260598   0.383961   0.046306   0.446161   0.655440   0.571961   0.305533   0.488830   0.267849   0.396782   0.057410   0.493742   0.646378   0.579326   0.312998   0.489302   0.275021   0.409706   0.069406   0.513366   0.645518   0.584260   0.318056   0.489524   0.279890   0.420889   0.079360   0.503229   0.651899   0.586150   0.320006   0.489521   0.281770   0.429054   0.085748   0.470953   0.662754   0.584747   0.318535   0.489169   0.280348   0.433285   0.086513   0.427624   0.675273   0.580424   0.314040   0.488381   0.276010   0.433424   0.080841   0.381455   0.687838   0.574374   0.307829   0.487677   0.270031   0.430059   0.070297   0.339997   0.699448   0.567356   0.300758   0.487606   0.263245   0.424311   0.057969   0.313801   0.707826   0.560029   0.293511   0.487952   0.256314   0.416842   0.049127   0.305089   0.710875   0.555241   0.288860   0.488520   0.251879   0.408653   0.046054   0.303963   0.710820   0.553084   0.286829   0.488882   0.249953   0.401473   0.045584   0.303305   0.710514   0.551251   0.285117   0.488773   0.248333   0.395506   0.046186   0.302906   0.710088   0.549594   0.283579   0.488706   0.246878   0.390334   0.047165   0.302596   0.709700   0.547759   0.281879   0.488595   0.245270   0.385685   0.047525   0.302207   0.709484   0.545804   0.280078   0.488566   0.243568   0.381205   0.047600   0.301883   0.709254   0.544135   0.278553   0.488960   0.242130   0.376972   0.047821 291610
  4   0.141878   0.697545   0.581277   0.315598   0.583042   0.277618   0.429565   0.036870   0.304501   0.704374   0.596693   0.330552   0.581570   0.291871   0.431137   0.040982   0.305017   0.703764   0.597155   0.331008   0.582383   0.292308   0.429636   0.038789   0.305316   0.703197   0.597054   0.330898   0.584646   0.292201   0.430029   0.038525   0.305473   0.702805   0.596350   0.330163   0.585934   0.291491   0.429800   0.038876   0.308246   0.700223   0.598078   0.331940   0.585870   0.293202   0.430151   0.039342   0.329464   0.690903   0.605575   0.339936   0.585096   0.300952   0.434289   0.038354   0.376927   0.676741   0.614031   0.349152   0.583753   0.309919   0.444232   0.040442   0.434648   0.663932   0.621357   0.357315   0.583251   0.317894   0.458091   0.049268   0.482636   0.655864   0.628616   0.365537   0.583742   0.325948   0.471891   0.060064   0.506945   0.653838   0.633638   0.371304   0.583963   0.331613   0.483880   0.069060   0.501854   0.657860   0.635661   0.373646   0.583946   0.333916   0.492828   0.074563   0.471368   0.666366   0.634288   0.372050   0.583565   0.332346   0.497761   0.075053   0.427350   0.676855   0.629901   0.366989   0.582715   0.327371   0.498509   0.069747   0.380324   0.687739   0.623759   0.359988   0.581965   0.320504   0.495733   0.060186   0.338941   0.697856   0.616773   0.352143   0.581886   0.312830   0.490602   0.049857   0.313611   0.705179   0.609387   0.343970   0.582237   0.304856   0.483462   0.043622   0.305979   0.707715   0.604810   0.338972   0.582829   0.299992   0.475439   0.042122   0.305426   0.707486   0.603153   0.337221   0.583217   0.298298   0.468377   0.041917   0.305112   0.707115   0.601680   0.335676   0.583124   0.296805   0.462537   0.042156   0.304902   0.706730   0.600363   0.334299   0.583068   0.295475   0.457492   0.042728   0.304741   0.706388   0.598947   0.332826   0.582959   0.294053   0.452762   0.043078   0.304597   0.706067   0.597601   0.331434   0.582939   0.292712   0.448226   0.043147   0.304379   0.705833   0.596432   0.330236   0.583361   0.291559   0.443892   0.043448 312789
  5   0.150612   0.700463   0.458693   0.207653   0.318418   0.176314   0.269450   0.159407   0.282041   0.709186   0.446085   0.198034   0.321042   0.167515   0.256321   0.260888   0.281224   0.706882   0.448095   0.199544   0.321535   0.168894   0.255266   0.290508   0.279902   0.705073   0.449677   0.200738   0.323284   0.169985   0.255085   0.315888   0.278834   0.703780   0.450160   0.201109   0.324148   0.170324   0.255081   0.338540   0.294783   0.697992   0.452876   0.203139   0.323886   0.172176   0.255485   0.354369   0.359142   0.678223   0.462993   0.210932   0.323094   0.179319   0.258551   0.351587   0.466788   0.648589   0.478201   0.223085   0.321884   0.190531   0.263140   0.348502   0.578695   0.621259   0.494317   0.236483   0.321599   0.202976   0.267525   0.353757   0.669154   0.601022   0.509031   0.249102   0.322229   0.214762   0.272000   0.347348   0.725915   0.590802   0.519993   0.258795   0.322534   0.223864   0.276057   0.336959   0.737730   0.593426   0.526135   0.264372   0.322611   0.229126   0.279651   0.329014   0.701023   0.609242   0.526575   0.264810   0.322391   0.229546   0.282453   0.322958   0.625851   0.634682   0.521411   0.260145   0.321764   0.225149   0.283753   0.314895   0.524750   0.666519   0.511470   0.251278   0.321104   0.216811   0.282747   0.309473   0.414546   0.701194   0.497059   0.238781   0.320869   0.205115   0.278994   0.315638   0.318111   0.732564   0.478328   0.223155   0.320968   0.190591   0.272745   0.331961   0.271474   0.745916   0.464520   0.212000   0.321326   0.180281   0.265913   0.352242   0.266554   0.742499   0.459340   0.208009   0.321517   0.176623   0.260580   0.368486   0.266089   0.737489   0.456036   0.205520   0.321285   0.174350   0.256731   0.383157   0.266053   0.732977   0.453159   0.203371   0.321214   0.172391   0.253852   0.394100   0.266297   0.729142   0.450489   0.201383   0.321187   0.170579   0.251359   0.394224   0.266457   0.725892   0.448129   0.199636   0.321184   0.168988   0.248907   0.390495   0.266130   0.723068   0.446295   0.198295   0.321524   0.167771   0.246661   0.389702 77768
  6   0.151454   0.709157   0.432637   0.188230   0.333308   0.158605   0.253378   0.063330   0.286440   0.726956   0.435827   0.190082   0.332322   0.160213   0.245402   0.071084   0.286222   0.725413   0.436741   0.190737   0.332944   0.160806   0.242931   0.073317   0.285503   0.724227   0.437059   0.190997   0.334813   0.161046   0.240276   0.078904   0.284662   0.723323   0.436244   0.190454   0.335806   0.160561   0.237561   0.085554   0.300154   0.708396   0.447037   0.198255   0.335643   0.167632   0.240057   0.090178   0.365171   0.669465   0.471587   0.216901   0.334876   0.184681   0.246533   0.100239   0.477645   0.623950   0.495119   0.236111   0.333590   0.202460   0.251163   0.125070   0.598695   0.587389   0.515776   0.253894   0.333104   0.219070   0.255625   0.149848   0.698075   0.563999   0.533683   0.269912   0.333514   0.234131   0.261044   0.161251   0.758399   0.556275   0.546787   0.282045   0.333626   0.245610   0.267511   0.166651   0.764272   0.566617   0.554033   0.288980   0.333540   0.252208   0.274837   0.170701   0.713256   0.593703   0.554377   0.289428   0.333184   0.252655   0.282009   0.172158   0.620855   0.630792   0.547759   0.283214   0.332466   0.246762   0.287470   0.167949   0.508107   0.671449   0.535574   0.271840   0.331843   0.235986   0.290094   0.158352   0.398236   0.709931   0.519083   0.256853   0.331785   0.221854   0.289270   0.142749   0.313675   0.741958   0.496044   0.236937   0.332121   0.203236   0.284782   0.116454   0.277662   0.756207   0.475797   0.220190   0.332684   0.187700   0.276349   0.098498   0.274754   0.754546   0.465677   0.212245   0.333034   0.180396   0.267399   0.096340   0.274349   0.751107   0.459149   0.207242   0.332917   0.175816   0.260661   0.098230   0.274213   0.747800   0.453715   0.203152   0.332859   0.172084   0.255060   0.101151   0.274642   0.744682   0.448706   0.199436   0.332783   0.168700   0.250265   0.100868   0.275131   0.741950   0.444086   0.196056   0.332759   0.165630   0.246001   0.099562   0.275287   0.739597   0.440088   0.193179   0.333094   0.163024   0.241939   0.099717 212692
  7   0.152675   0.699249   0.483900   0.226836   0.391463   0.193853   0.314844   0.040951   0.302238   0.707521   0.488633   0.230022   0.390368   0.196695   0.311797   0.046904   0.302711   0.706619   0.488954   0.230238   0.391054   0.196887   0.312024   0.047560   0.302798   0.705992   0.489140   0.230382   0.393060   0.197019   0.311974   0.049467   0.302843   0.705547   0.488602   0.229950   0.394210   0.196621   0.311414   0.051717   0.307366   0.701266   0.491480   0.232270   0.394120   0.198762   0.312705   0.053417   0.335027   0.686261   0.500638   0.239937   0.393369   0.205887   0.317160   0.054249   0.393202   0.663686   0.511207   0.249085   0.392095   0.214434   0.324425   0.060500   0.460125   0.643665   0.521651   0.258341   0.391613   0.223120   0.334221   0.073327   0.511743   0.632159   0.531389   0.267129   0.392064   0.231393   0.344794   0.085926   0.534598   0.631012   0.538210   0.273417   0.392277   0.237335   0.354308   0.096487   0.525664   0.639172   0.541579   0.276600   0.392270   0.240356   0.361368   0.104125   0.492482   0.653214   0.540981   0.276068   0.391935   0.239857   0.365316   0.106702   0.445796   0.669573   0.536548   0.271922   0.391190   0.235929   0.365851   0.102485   0.393746   0.686380   0.529386   0.265284   0.390529   0.229651   0.363308   0.091978   0.345863   0.701853   0.520692   0.257381   0.390478   0.222202   0.358507   0.077784   0.314116   0.713065   0.511202   0.248971   0.390833   0.214310   0.351837   0.065460   0.302894   0.717139   0.504317   0.243007   0.391404   0.208736   0.344390   0.059939   0.301516   0.716813   0.500810   0.240053   0.391766   0.205988   0.337870   0.059081   0.300602   0.716325   0.497961   0.237685   0.391658   0.203791   0.332275   0.060216   0.299922   0.715779   0.495401   0.235578   0.391586   0.201839   0.327320   0.061714   0.299548   0.715085   0.492924   0.233558   0.391473   0.199971   0.322951   0.061586   0.299195   0.714478   0.490547   0.231634   0.391433   0.198193   0.318874   0.061053   0.298788   0.714007   0.488398   0.229909   0.391791   0.196602   0.315077   0.061450 348135
  8   0.137489   0.696921   0.620532   0.357100   0.668990   0.317800   0.491322   0.034647   0.305815   0.703175   0.638776   0.376921   0.667080   0.337078   0.496167   0.039089   0.306357   0.702553   0.639902   0.378194   0.667926   0.338325   0.493836   0.036713   0.306805   0.701842   0.640856   0.379274   0.670311   0.339383   0.493952   0.035586   0.307039   0.701373   0.640826   0.379224   0.671678   0.339331   0.493548   0.035500   0.308877   0.699803   0.641726   0.380257   0.671637   0.340346   0.493053   0.035481   0.325353   0.693323   0.647906   0.387590   0.670862   0.347589   0.495493   0.033528   0.364347   0.682636   0.656066   0.397379   0.669513   0.357279   0.504538   0.033557   0.414623   0.672265   0.663736   0.406741   0.669020   0.366574   0.518029   0.039969   0.461022   0.664717   0.671900   0.416894   0.669516   0.376690   0.531168   0.049329   0.489381   0.661554   0.678275   0.424989   0.669717   0.384786   0.542417   0.057823   0.490292   0.663391   0.681804   0.429551   0.669662   0.389365   0.550930   0.063391   0.464946   0.669439   0.681716   0.429474   0.669223   0.389295   0.556161   0.064569   0.423893   0.677831   0.678054   0.424807   0.668299   0.384624   0.557927   0.060481   0.378268   0.686991   0.671964   0.417087   0.667491   0.376905   0.556740   0.052412   0.337596   0.695750   0.664374   0.407574   0.667402   0.367413   0.553933   0.043204   0.313413   0.702232   0.655801   0.396975   0.667770   0.356864   0.548688   0.038358   0.306829   0.704557   0.650487   0.390484   0.668389   0.350418   0.541111   0.038259   0.306607   0.704392   0.648789   0.388466   0.668810   0.348424   0.534192   0.038238   0.306564   0.704107   0.647229   0.386632   0.668750   0.346615   0.528644   0.038030   0.306588   0.703788   0.645856   0.385025   0.668722   0.345031   0.523800   0.038241   0.306597   0.703518   0.644439   0.383371   0.668620   0.343402   0.519311   0.038275   0.306548   0.703307   0.643085   0.381803   0.668603   0.341861   0.515002   0.038092   0.306457   0.703103   0.642068   0.380642   0.669051   0.340721   0.510961   0.038210 355377
  9   0.133343   0.696919   0.653400   0.394861   0.745767   0.354903   0.550303   0.032929   0.306364   0.703091   0.672568   0.417423   0.743878   0.377162   0.557766   0.036458   0.306905   0.702310   0.674824   0.420239   0.744729   0.379970   0.554341   0.034203   0.307351   0.701531   0.676641   0.422515   0.747196   0.382240   0.553623   0.033056   0.307624   0.701027   0.677054   0.423024   0.748630   0.382746   0.552659   0.032851   0.308940   0.699956   0.677532   0.423603   0.748632   0.383320   0.551490   0.032359   0.321944   0.695184   0.682866   0.430466   0.747884   0.390200   0.552306   0.029929   0.354390   0.686679   0.690849   0.440807   0.746538   0.400578   0.560140   0.028392   0.397730   0.678000   0.698550   0.450899   0.746043   0.410729   0.573564   0.032343   0.440130   0.671098   0.707245   0.462521   0.746558   0.422461   0.586144   0.039638   0.469443   0.667237   0.715051   0.473177   0.746759   0.433259   0.596298   0.046711   0.474701   0.667501   0.720385   0.480578   0.746681   0.440781   0.604116   0.051821   0.454911   0.671678   0.721916   0.482740   0.746190   0.442987   0.609562   0.053595   0.418514   0.678376   0.719433   0.479302   0.745178   0.439493   0.612307   0.050918   0.375283   0.686277   0.713897   0.471652   0.744313   0.431723   0.612821   0.044029   0.335684   0.694088   0.705872   0.460669   0.744215   0.420589   0.613316   0.035271   0.312827   0.700100   0.695912   0.447229   0.744587   0.406999   0.610966   0.031419   0.307218   0.702402   0.689589   0.438808   0.745230   0.398505   0.604218   0.032096   0.307159   0.702333   0.687640   0.436287   0.745690   0.395976   0.597383   0.032153   0.307207   0.702155   0.685937   0.434108   0.745666   0.393794   0.591769   0.031893   0.307290   0.701951   0.684293   0.432018   0.745650   0.391703   0.587089   0.031829   0.307316   0.701835   0.682542   0.429797   0.745542   0.389483   0.582616   0.031909   0.307344   0.701693   0.681054   0.427924   0.745530   0.387613   0.578235   0.032092   0.307358   0.701503   0.679983   0.426592   0.746001   0.386286   0.574239   0.032406 378647
 10   0.145607   0.709686   0.500796   0.241709   0.449055   0.207791   0.310607   0.055551   0.290462   0.728264   0.522659   0.259712   0.447985   0.224482   0.310244   0.058658   0.289940   0.726961   0.523585   0.260535   0.448576   0.225256   0.304323   0.059805   0.289380   0.725968   0.523817   0.260775   0.450552   0.225486   0.300035   0.062925   0.288703   0.725425   0.522657   0.259783   0.451590   0.224561   0.295986   0.066741   0.302082   0.711508   0.531030   0.267228   0.451385   0.231553   0.296420   0.069215   0.361789   0.671371   0.553056   0.287721   0.450523   0.250956   0.301885   0.074868   0.470332   0.619475   0.576544   0.310916   0.449089   0.273146   0.307519   0.093196   0.590422   0.576174   0.598644   0.333898   0.448485   0.295336   0.312693   0.117029   0.689426   0.550596   0.618740   0.355709   0.448772   0.316556   0.318522   0.135466   0.748707   0.545578   0.633269   0.372140   0.448736   0.332660   0.326188   0.149954   0.753969   0.561204   0.640846   0.381027   0.448539   0.341426   0.335914   0.161502   0.702292   0.593685   0.640437   0.380736   0.448132   0.341172   0.346078   0.167977   0.607901   0.636271   0.631811   0.370927   0.447422   0.331549   0.354479   0.166211   0.494692   0.681181   0.616905   0.354135   0.446837   0.315101   0.359586   0.154885   0.389843   0.720051   0.598615   0.334057   0.446877   0.295526   0.360412   0.132845   0.314521   0.747869   0.577405   0.311783   0.447362   0.273980   0.355774   0.103194   0.283988   0.757368   0.560447   0.294703   0.448049   0.257582   0.346322   0.084503   0.281683   0.753766   0.551690   0.286275   0.448444   0.249555   0.336506   0.080156   0.281108   0.749877   0.545870   0.280798   0.448315   0.244361   0.328022   0.079542   0.280377   0.746774   0.541069   0.276359   0.448280   0.240163   0.320161   0.080777   0.280214   0.744015   0.536490   0.272185   0.448247   0.236226   0.313344   0.080910   0.280380   0.741681   0.531976   0.268113   0.448253   0.232392   0.307555   0.080254   0.280477   0.739676   0.527946   0.264524   0.448640   0.229020   0.302472   0.079935 175734
 11   0.135776   0.707218   0.585053   0.320751   0.625972   0.282797   0.404208   0.052880   0.293174   0.723293   0.617886   0.354227   0.621752   0.315009   0.405931   0.053544   0.293208   0.721685   0.620649   0.357311   0.622361   0.318024   0.395448   0.052403   0.293338   0.720222   0.622148   0.358992   0.624575   0.319668   0.389089   0.053500   0.293316   0.719248   0.621858   0.358693   0.625770   0.319380   0.384555   0.055271   0.303793   0.709555   0.630052   0.367809   0.625615   0.328286   0.384687   0.055438   0.355670   0.682077   0.651368   0.392553   0.624711   0.352646   0.391984   0.056979   0.454324   0.646831   0.674012   0.420352   0.623215   0.380292   0.402344   0.070655   0.567111   0.618044   0.694764   0.447277   0.622626   0.407340   0.411755   0.094072   0.664878   0.601314   0.713704   0.472842   0.622913   0.433209   0.420385   0.116054   0.726332   0.597625   0.727240   0.491731   0.622804   0.452439   0.430061   0.133500   0.731418   0.607084   0.734174   0.501678   0.622537   0.462617   0.440784   0.144605   0.675895   0.628028   0.733149   0.500415   0.622102   0.461363   0.451574   0.148467   0.581098   0.655473   0.723795   0.487462   0.621370   0.448193   0.461240   0.143831   0.473505   0.684502   0.708039   0.465909   0.620752   0.426325   0.468560   0.128920   0.378180   0.710093   0.689351   0.440895   0.620795   0.401046   0.472129   0.104935   0.315377   0.728706   0.668718   0.414227   0.621307   0.374270   0.468508   0.079920   0.292417   0.735455   0.653362   0.395037   0.621997   0.355121   0.458310   0.065783   0.290720   0.733881   0.646061   0.386321   0.622353   0.346496   0.447604   0.060959   0.289969   0.732068   0.640947   0.380346   0.622179   0.340607   0.438409   0.058941   0.289436   0.730258   0.637304   0.376156   0.622126   0.336490   0.429980   0.059405   0.289198   0.728648   0.633986   0.372393   0.622051   0.332801   0.422287   0.060238   0.289172   0.727322   0.630403   0.368349   0.622021   0.328839   0.415262   0.060545   0.289127   0.726155   0.626939   0.364481   0.622450   0.325057   0.408647   0.060785 117097
 12   0.130572   0.698405   0.664519   0.409162   0.783007   0.369237   0.531226   0.046613   0.303187   0.705533   0.692616   0.443781   0.781029   0.403690   0.529952   0.050620   0.303949   0.704096   0.699671   0.453156   0.781842   0.413144   0.520616   0.045342   0.304519   0.703121   0.704205   0.459191   0.784344   0.419233   0.516152   0.042924   0.304871   0.702456   0.706441   0.462185   0.785786   0.422256   0.512654   0.042591   0.309130   0.699176   0.712102   0.469713   0.785839   0.429850   0.511138   0.041417   0.335440   0.689939   0.727082   0.490386   0.785170   0.450848   0.517881   0.035623   0.392894   0.676951   0.744314   0.514913   0.783903   0.475900   0.535393   0.030935   0.466087   0.664484   0.759887   0.537843   0.783352   0.499466   0.553958   0.034701   0.539063   0.654472   0.776258   0.562727   0.783670   0.525192   0.567065   0.043151   0.596123   0.648186   0.790931   0.585745   0.783573   0.549128   0.577455   0.051969   0.611172   0.648288   0.801207   0.602296   0.783167   0.566424   0.587328   0.059617   0.576358   0.655035   0.804814   0.608238   0.782407   0.572659   0.597271   0.064476   0.509969   0.665610   0.801367   0.602651   0.781192   0.566814   0.606820   0.064153   0.430572   0.677751   0.792058   0.587613   0.780287   0.551091   0.616531   0.058190   0.358322   0.689411   0.776517   0.563033   0.780263   0.525494   0.627817   0.046440   0.315968   0.699530   0.754578   0.529530   0.780695   0.490830   0.630586   0.039667   0.304823   0.704489   0.739350   0.506911   0.781391   0.467549   0.621606   0.040212   0.304603   0.704775   0.734393   0.499829   0.781941   0.460313   0.611824   0.039351   0.304699   0.704670   0.730768   0.494712   0.782049   0.455095   0.604415   0.038252   0.304881   0.704444   0.727703   0.490420   0.782093   0.450726   0.598183   0.038060   0.304881   0.704361   0.724698   0.486246   0.781971   0.446483   0.592025   0.038099   0.304718   0.704393   0.721877   0.482366   0.781974   0.442545   0.585885   0.037801   0.304569   0.704387   0.719479   0.479104   0.782505   0.439242   0.580267   0.037639 208814
 13   0.126335   0.701626   0.705286   0.460137   0.946940   0.420097   0.607578   0.031206   0.303944   0.712248   0.711740   0.468522   0.945438   0.428517   0.606628   0.030779   0.304428   0.710953   0.711126   0.467590   0.946440   0.427555   0.601952   0.029663   0.304840   0.709677   0.711385   0.467877   0.948928   0.427834   0.599653   0.028272   0.305109   0.708727   0.710709   0.466924   0.950215   0.426862   0.597527   0.027677   0.307448   0.707236   0.710353   0.466368   0.950049   0.426287   0.595112   0.027201   0.325236   0.701591   0.714562   0.472022   0.949058   0.431999   0.594629   0.027217   0.368647   0.690307   0.725285   0.486851   0.947368   0.447060   0.598602   0.029514   0.430993   0.676513   0.742623   0.511644   0.946651   0.472398   0.606103   0.035848   0.497986   0.663547   0.764836   0.544735   0.947023   0.506473   0.613930   0.043359   0.549869   0.654179   0.787702   0.580399   0.946888   0.543515   0.619706   0.048258   0.569569   0.650869   0.808024   0.613532   0.946338   0.578214   0.623209   0.050724   0.548697   0.654682   0.822837   0.638593   0.945418   0.604643   0.625051   0.051733   0.492277   0.664640   0.830009   0.651081   0.944129   0.617885   0.625998   0.051484   0.418073   0.678041   0.829107   0.649581   0.943149   0.616309   0.628255   0.048312   0.351362   0.691094   0.818841   0.631988   0.942922   0.597710   0.635318   0.041399   0.314273   0.701332   0.798992   0.598905   0.943283   0.562916   0.640297   0.037311   0.304790   0.705882   0.782109   0.571468   0.944135   0.534197   0.638455   0.037918   0.304714   0.706292   0.772755   0.556804   0.944795   0.518954   0.636022   0.038034   0.304679   0.706712   0.763871   0.543159   0.944834   0.504822   0.633933   0.037184   0.304589   0.707087   0.755736   0.530880   0.944911   0.492148   0.631500   0.036253   0.304591   0.707271   0.748654   0.520359   0.945059   0.481320   0.628948   0.035066   0.304654   0.707299   0.742653   0.511579   0.945321   0.472308   0.626513   0.033645   0.304772   0.707160   0.737757   0.504507   0.945945   0.465067   0.624369   0.032863 197057
 14   0.128875   0.697503   0.694501   0.445791   0.838409   0.405624   0.628123   0.033313   0.306914   0.704338   0.710255   0.466136   0.836943   0.426034   0.633503   0.036410   0.307498   0.703733   0.711348   0.467694   0.837906   0.427625   0.628694   0.034362   0.307964   0.703051   0.712241   0.468963   0.840492   0.428920   0.626789   0.033272   0.308285   0.702577   0.711849   0.468477   0.842016   0.428437   0.624855   0.033317   0.309084   0.702027   0.710749   0.467034   0.842066   0.426985   0.622751   0.033142   0.318595   0.698900   0.713286   0.470670   0.841315   0.430701   0.621868   0.031315   0.344236   0.692289   0.718858   0.478462   0.839902   0.438631   0.627644   0.029572   0.379764   0.684744   0.725395   0.487550   0.839366   0.447872   0.639918   0.031870   0.415025   0.678304   0.733540   0.499029   0.839941   0.459573   0.651941   0.036997   0.441978   0.673904   0.741618   0.510613   0.840230   0.471419   0.661457   0.041769   0.450978   0.672633   0.748161   0.520126   0.840185   0.481171   0.668370   0.045178   0.437015   0.675148   0.751508   0.525025   0.839638   0.486200   0.672704   0.046102   0.405667   0.680635   0.750993   0.524235   0.838527   0.485382   0.674535   0.043692   0.366688   0.687641   0.747248   0.518689   0.837631   0.479677   0.674971   0.037946   0.331115   0.694737   0.740023   0.508093   0.837534   0.468798   0.677148   0.030813   0.311648   0.700080   0.730380   0.494106   0.837890   0.454466   0.676407   0.028478   0.307578   0.701972   0.724347   0.485457   0.838546   0.445624   0.670356   0.029788   0.307638   0.701838   0.722384   0.482720   0.839034   0.442840   0.664365   0.029995   0.307731   0.701673   0.720603   0.480263   0.839017   0.440346   0.659211   0.029869   0.307856   0.701511   0.718863   0.477877   0.838959   0.437927   0.654672   0.030087   0.307985   0.701399   0.717053   0.475409   0.838829   0.435427   0.650264   0.030743   0.308077   0.701310   0.715396   0.473167   0.838851   0.433159   0.646029   0.031327   0.308163   0.701143   0.714234   0.471615   0.839354   0.431592   0.642212   0.031702 331951
 15   0.125409   0.699784   0.715952   0.474337   0.918338   0.434423   0.630579   0.027526   0.302562   0.708511   0.723739   0.484963   0.917180   0.445189   0.633857   0.029701   0.303090   0.707304   0.725618   0.487641   0.918239   0.447924   0.632299   0.029978   0.303580   0.706226   0.727453   0.490245   0.920826   0.450583   0.632170   0.030533   0.304043   0.705338   0.728193   0.491298   0.922278   0.451658   0.631681   0.031101   0.308896   0.702545   0.732175   0.496840   0.922418   0.457294   0.631441   0.030011   0.336003   0.694180   0.745729   0.516333   0.921870   0.477238   0.635602   0.025763   0.393309   0.681151   0.766241   0.546905   0.920615   0.508723   0.649479   0.022874   0.465797   0.667927   0.790106   0.584162   0.919870   0.547424   0.666899   0.026016   0.538883   0.657012   0.815647   0.626000   0.920164   0.591277   0.678481   0.032486   0.594355   0.650024   0.838512   0.665214   0.920185   0.632731   0.684137   0.038970   0.610251   0.648827   0.855729   0.695910   0.919738   0.665418   0.686431   0.044022   0.577283   0.654024   0.865383   0.713605   0.918788   0.684359   0.687971   0.047234   0.511375   0.663285   0.867201   0.717036   0.917305   0.688052   0.691141   0.047536   0.432990   0.674024   0.861818   0.707155   0.916361   0.677473   0.698118   0.044194   0.359643   0.685346   0.845909   0.678471   0.916240   0.646863   0.710605   0.038248   0.316590   0.696950   0.819012   0.631642   0.916436   0.597218   0.715322   0.037387   0.305125   0.703417   0.798422   0.596944   0.917074   0.560658   0.709106   0.040562   0.304493   0.704212   0.789395   0.582416   0.917723   0.545483   0.703707   0.040795   0.304187   0.704659   0.782086   0.570872   0.917934   0.533468   0.699594   0.039966   0.304100   0.704842   0.775980   0.561367   0.917847   0.523601   0.696061   0.039102   0.304136   0.704845   0.770925   0.553588   0.917699   0.515542   0.692628   0.038400   0.304147   0.704804   0.766605   0.547011   0.917872   0.508743   0.689368   0.037832   0.304234   0.704634   0.763078   0.541690   0.918492   0.503252   0.686718   0.037160 436538
 16   0.123396   0.699105   0.739291   0.506533   0.932298   0.467107   0.701377   0.023355   0.303417   0.707211   0.743857   0.513067   0.931260   0.473785   0.707526   0.025013   0.303951   0.706095   0.744722   0.514307   0.932544   0.475053   0.709532   0.025974   0.304319   0.705161   0.745628   0.515622   0.935318   0.476400   0.711835   0.026958   0.304575   0.704503   0.745375   0.515258   0.936841   0.476027   0.712653   0.027810   0.309669   0.701929   0.748336   0.519531   0.937001   0.480401   0.713329   0.026850   0.336727   0.693813   0.760198   0.537146   0.936400   0.498527   0.717488   0.023753   0.393621   0.681050   0.779278   0.566488   0.935074   0.528916   0.730031   0.022398   0.467521   0.667839   0.802801   0.604337   0.934162   0.568449   0.746393   0.025847   0.544851   0.656465   0.828617   0.647885   0.934380   0.614341   0.758600   0.031570   0.602565   0.649143   0.852024   0.689198   0.934487   0.658250   0.765420   0.036586   0.612724   0.648703   0.869359   0.720986   0.934068   0.692278   0.767603   0.040414   0.572065   0.654858   0.878680   0.738537   0.933016   0.711161   0.767639   0.043141   0.501263   0.664688   0.879843   0.740791   0.931405   0.713599   0.768970   0.043903   0.422887   0.675602   0.873721   0.729254   0.930497   0.701184   0.774925   0.041836   0.354326   0.686512   0.857581   0.699471   0.930453   0.669264   0.786462   0.037367   0.315632   0.696858   0.832729   0.655009   0.930689   0.621888   0.789598   0.037402   0.306215   0.702183   0.814480   0.623338   0.931415   0.588334   0.783453   0.040486   0.305737   0.702743   0.806105   0.609392   0.932211   0.573675   0.780184   0.040352   0.305561   0.702977   0.799356   0.598331   0.932530   0.562083   0.778345   0.039319   0.305493   0.703088   0.793503   0.588859   0.932370   0.552180   0.776918   0.037906   0.305498   0.703088   0.788531   0.580907   0.932183   0.543884   0.775668   0.036266   0.305564   0.702971   0.784481   0.574492   0.932430   0.537204   0.774333   0.035155   0.305583   0.702859   0.780948   0.568941   0.933119   0.531432   0.772739   0.034680 654977
 17   0.124431   0.698275   0.734916   0.500171   0.931346   0.460587   0.707298   0.022451   0.304509   0.705672   0.739898   0.507224   0.930294   0.467780   0.712867   0.023346   0.305014   0.704680   0.740848   0.508574   0.931522   0.469158   0.714627   0.024269   0.305445   0.703761   0.742005   0.510231   0.934246   0.470851   0.716942   0.025343   0.305788   0.703082   0.742131   0.510405   0.935765   0.471028   0.717777   0.026206   0.308421   0.701455   0.743716   0.512670   0.935965   0.473342   0.717912   0.025978   0.325610   0.695828   0.751826   0.524554   0.935428   0.485539   0.719138   0.023966   0.363227   0.686381   0.765650   0.545289   0.934152   0.506914   0.727158   0.022226   0.409725   0.676810   0.782434   0.571308   0.933350   0.533900   0.740585   0.024323   0.453790   0.669060   0.801110   0.601269   0.933732   0.565175   0.751770   0.028650   0.485693   0.664010   0.818306   0.629808   0.934006   0.595155   0.759191   0.032514   0.493904   0.662827   0.831546   0.652429   0.933790   0.619048   0.763784   0.035182   0.474715   0.665843   0.839437   0.666188   0.932943   0.633635   0.766393   0.036583   0.434649   0.672071   0.841473   0.669787   0.931493   0.637460   0.768431   0.036458   0.384298   0.679627   0.838376   0.664356   0.930626   0.631696   0.774256   0.033145   0.337925   0.687924   0.826498   0.643843   0.930549   0.609987   0.786187   0.028144   0.312856   0.696057   0.807289   0.611381   0.930747   0.575770   0.789399   0.029567   0.307620   0.700033   0.793634   0.588862   0.931402   0.552143   0.783202   0.034110   0.307161   0.700567   0.786977   0.578228   0.932099   0.541053   0.779539   0.035076   0.306877   0.700899   0.781446   0.569508   0.932344   0.531981   0.776771   0.034752   0.306740   0.701068   0.776717   0.562132   0.932173   0.524322   0.774542   0.033744   0.306681   0.701127   0.772678   0.555889   0.931963   0.517852   0.772566   0.032719   0.306651   0.701128   0.769316   0.550738   0.932156   0.512521   0.770582   0.031951   0.306615   0.701098   0.766459   0.546398   0.932801   0.508036   0.768498   0.031364 1036013
 18   0.126488   0.698221   0.714842   0.472469   0.906487   0.432463   0.661315   0.027283   0.304840   0.705509   0.723921   0.484805   0.905265   0.444952   0.665017   0.028806   0.305415   0.704468   0.725898   0.487567   0.906335   0.447763   0.663728   0.028683   0.305909   0.703499   0.727927   0.490416   0.909005   0.450663   0.663932   0.028825   0.306393   0.702706   0.728934   0.491830   0.910533   0.452104   0.663421   0.029292   0.308172   0.701418   0.730366   0.493823   0.910673   0.454130   0.662368   0.029108   0.321482   0.696836   0.737482   0.503989   0.910103   0.464518   0.661857   0.026600   0.352073   0.688667   0.749473   0.521392   0.908855   0.482350   0.668165   0.023648   0.390976   0.680001   0.763176   0.541790   0.908256   0.503348   0.682005   0.024675   0.428643   0.672742   0.778681   0.565567   0.908751   0.527961   0.694937   0.028633   0.456129   0.667979   0.793209   0.588506   0.909009   0.551835   0.703928   0.032730   0.464345   0.666593   0.804381   0.606597   0.908862   0.570753   0.710219   0.035695   0.449837   0.668953   0.810895   0.617336   0.908148   0.582019   0.714590   0.037066   0.417036   0.674383   0.812242   0.619583   0.906814   0.584382   0.718064   0.036157   0.374306   0.681316   0.809064   0.614319   0.905877   0.578855   0.724222   0.031837   0.334059   0.689087   0.798238   0.596651   0.905754   0.560353   0.735977   0.026450   0.312185   0.696555   0.781069   0.569175   0.905982   0.531685   0.740151   0.027446   0.307608   0.700107   0.769180   0.550557   0.906593   0.512339   0.734703   0.031430   0.307315   0.700500   0.763818   0.542399   0.907153   0.503907   0.730531   0.032074   0.307206   0.700680   0.759527   0.535941   0.907263   0.497246   0.727205   0.031528   0.307195   0.700727   0.755939   0.530587   0.907183   0.491733   0.724149   0.031163   0.307154   0.700775   0.752708   0.525806   0.907014   0.486816   0.720739   0.031437   0.307092   0.700797   0.749966   0.521776   0.907105   0.482678   0.717420   0.031709   0.307077   0.700744   0.747790   0.518601   0.907678   0.479422   0.714502   0.031766 542616
 19   0.126049   0.697511   0.724478   0.485502   0.923818   0.445645   0.703189   0.024729   0.306095   0.704367   0.729064   0.491822   0.922758   0.452060   0.706540   0.025422   0.306604   0.703729   0.729136   0.491903   0.923919   0.452138   0.706723   0.025907   0.307004   0.703007   0.729668   0.492634   0.926680   0.452880   0.708138   0.026214   0.307337   0.702483   0.729266   0.492056   0.928298   0.452288   0.708305   0.026778   0.308131   0.701961   0.728388   0.490806   0.928512   0.451013   0.707307   0.027248   0.316208   0.699472   0.730335   0.493548   0.927960   0.453806   0.706460   0.027954   0.336504   0.694307   0.735621   0.501060   0.926646   0.461472   0.709430   0.028672   0.362825   0.688594   0.742900   0.511552   0.925982   0.472209   0.716892   0.031165   0.387269   0.683904   0.751640   0.524353   0.926578   0.485347   0.724746   0.035237   0.404570   0.680825   0.759745   0.536425   0.927075   0.497775   0.730759   0.038535   0.409831   0.679755   0.766101   0.546032   0.927122   0.507692   0.734533   0.040276   0.400300   0.681037   0.769820   0.551711   0.926509   0.513566   0.735917   0.040177   0.378501   0.684454   0.770295   0.552454   0.925245   0.514337   0.735454   0.037969   0.350010   0.689148   0.768010   0.548975   0.924406   0.510741   0.735697   0.032730   0.323418   0.694479   0.761054   0.538436   0.924313   0.499856   0.739769   0.026699   0.309844   0.698803   0.751224   0.523698   0.924492   0.484666   0.738593   0.026662   0.307600   0.700430   0.744892   0.514344   0.925055   0.475050   0.731966   0.029536   0.307465   0.700589   0.741702   0.509712   0.925589   0.470304   0.727859   0.029812   0.307401   0.700658   0.738965   0.505770   0.925640   0.466271   0.724101   0.029273   0.307423   0.700644   0.736572   0.502348   0.925388   0.462774   0.720512   0.029104   0.307481   0.700599   0.734480   0.499372   0.925092   0.459737   0.717051   0.029419   0.307532   0.700517   0.732782   0.496972   0.925140   0.457290   0.713983   0.029702   0.307601   0.700379   0.731469   0.495127   0.925645   0.455411   0.711467   0.029929 609258
 20   0.122251   0.701316   0.734979   0.501108   0.929591   0.461701   0.639719   0.028081   0.300639   0.711524   0.738117   0.505599   0.928547   0.466292   0.645147   0.031383   0.301099   0.710323   0.738466   0.506180   0.929746   0.466900   0.645131   0.032233   0.301319   0.709435   0.738720   0.506609   0.932484   0.467350   0.645341   0.033040   0.301411   0.708842   0.737769   0.505297   0.934037   0.466017   0.644543   0.033898   0.311111   0.704205   0.744033   0.514111   0.934321   0.475000   0.647818   0.032139   0.354562   0.691924   0.764008   0.543622   0.933866   0.505350   0.657861   0.028447   0.441578   0.674826   0.792110   0.587697   0.932553   0.551177   0.673610   0.029142   0.554381   0.657449   0.824636   0.641974   0.931552   0.608275   0.687790   0.037037   0.664799   0.643545   0.857848   0.700820   0.931523   0.670882   0.690985   0.047507   0.734546   0.636386   0.885301   0.752165   0.931345   0.726067   0.684697   0.055814   0.737985   0.637734   0.903771   0.788249   0.930792   0.765169   0.675871   0.061032   0.683748   0.645528   0.912997   0.806795   0.929744   0.785375   0.670603   0.063018   0.596653   0.656694   0.913954   0.808798   0.928188   0.787574   0.670510   0.062190   0.493800   0.669843   0.906964   0.794770   0.927287   0.772296   0.676089   0.059277   0.392605   0.683416   0.888942   0.759403   0.927183   0.733938   0.690784   0.052522   0.324016   0.698436   0.854410   0.694775   0.927333   0.664467   0.700757   0.049096   0.301214   0.707774   0.824650   0.641240   0.927992   0.607348   0.696637   0.051274   0.300182   0.708934   0.811468   0.619056   0.928758   0.583977   0.691274   0.051606   0.300078   0.709319   0.801239   0.602267   0.929117   0.566373   0.688681   0.050075   0.300366   0.709323   0.792799   0.588666   0.929038   0.552159   0.686952   0.047847   0.300771   0.709091   0.786097   0.578029   0.928871   0.541073   0.685360   0.045595   0.301178   0.708726   0.780824   0.569751   0.929109   0.532463   0.683957   0.043508   0.301516   0.708316   0.776346   0.562789   0.929805   0.525236   0.682898   0.041952 251240
 21   0.121121   0.699551   0.758481   0.534759   0.935530   0.496101   0.718138   0.025092   0.303271   0.708009   0.762508   0.540759   0.934673   0.502278   0.726100   0.026976   0.303898   0.706706   0.763418   0.542114   0.936211   0.503674   0.729226   0.027901   0.304260   0.705683   0.764174   0.543256   0.939203   0.504852   0.732361   0.028994   0.304383   0.705071   0.763471   0.542207   0.940895   0.503772   0.733871   0.029715   0.311705   0.701999   0.766985   0.547477   0.941171   0.509204   0.735206   0.028935   0.348298   0.692353   0.780995   0.569153   0.940567   0.531680   0.741148   0.026714   0.424199   0.677325   0.803532   0.605515   0.939170   0.569680   0.755909   0.027016   0.523148   0.661662   0.831228   0.652575   0.938135   0.619343   0.773039   0.032413   0.623857   0.648466   0.860508   0.705064   0.938165   0.675298   0.784538   0.039345   0.690988   0.640993   0.885907   0.752900   0.938084   0.726772   0.789179   0.044501   0.687654   0.642583   0.903435   0.787265   0.937518   0.764033   0.788598   0.047918   0.622801   0.651481   0.911652   0.803821   0.936355   0.782077   0.787321   0.049914   0.532688   0.663193   0.911133   0.802861   0.934682   0.781049   0.789176   0.050141   0.441376   0.675311   0.902526   0.785688   0.933816   0.762365   0.796431   0.048730   0.363471   0.686868   0.883867   0.749246   0.933831   0.722881   0.809940   0.044383   0.318212   0.697208   0.857355   0.699245   0.934134   0.669063   0.815766   0.043370   0.306537   0.702402   0.837990   0.663938   0.934940   0.631305   0.811532   0.045851   0.306004   0.703067   0.828666   0.647635   0.935814   0.614010   0.808863   0.045459   0.305751   0.703474   0.820936   0.634350   0.936240   0.599962   0.807530   0.044006   0.305657   0.703654   0.814296   0.623099   0.936089   0.588096   0.806864   0.042110   0.305585   0.703739   0.808552   0.613496   0.935871   0.577994   0.806114   0.040302   0.305396   0.703832   0.803519   0.605190   0.936168   0.569278   0.804776   0.039073   0.305225   0.703865   0.799127   0.598027   0.936923   0.561777   0.802866   0.038347 429040
 22   0.121752   0.698330   0.760016   0.536815   0.939026   0.498174   0.755090   0.022520   0.304692   0.705785   0.764560   0.543590   0.938195   0.505150   0.762311   0.023302   0.305139   0.704786   0.765131   0.544432   0.939502   0.506015   0.765006   0.024491   0.305569   0.703824   0.765993   0.545723   0.942301   0.507346   0.767973   0.025732   0.305888   0.703123   0.765822   0.545452   0.943933   0.507063   0.769256   0.026734   0.309051   0.701419   0.767317   0.547705   0.944177   0.509388   0.769084   0.026873   0.328658   0.695434   0.775680   0.560598   0.943621   0.522746   0.770551   0.025357   0.371618   0.685266   0.789997   0.583190   0.942341   0.546255   0.779779   0.023935   0.425078   0.674930   0.807617   0.611966   0.941436   0.576392   0.793196   0.026058   0.475401   0.666701   0.827164   0.645049   0.941727   0.611275   0.803723   0.030263   0.510555   0.661603   0.844850   0.676044   0.942038   0.644170   0.810783   0.033807   0.519972   0.660576   0.858348   0.700417   0.941776   0.670184   0.814661   0.036187   0.499151   0.663938   0.866387   0.715231   0.940829   0.686056   0.816238   0.037809   0.454328   0.670721   0.868368   0.718929   0.939304   0.690027   0.817453   0.038565   0.397790   0.678983   0.864826   0.712360   0.938446   0.682980   0.822809   0.036541   0.344137   0.687788   0.852448   0.689789   0.938376   0.658846   0.834949   0.031324   0.314234   0.696219   0.832339   0.654003   0.938574   0.620756   0.839330   0.031387   0.307670   0.700415   0.817719   0.628625   0.939257   0.593870   0.833807   0.035388   0.307241   0.700901   0.810775   0.616947   0.940035   0.581573   0.830234   0.036016   0.306974   0.701185   0.804967   0.607314   0.940395   0.571456   0.827636   0.035579   0.306857   0.701303   0.799916   0.599032   0.940203   0.562777   0.825520   0.034599   0.306824   0.701317   0.795616   0.592053   0.940016   0.555476   0.823706   0.033373   0.306816   0.701274   0.792045   0.586306   0.940342   0.549474   0.821890   0.032506   0.306795   0.701212   0.788918   0.581311   0.941068   0.544264   0.819920   0.032096 741887
 23   0.122568   0.697569   0.754513   0.528491   0.939160   0.489580   0.765617   0.021297   0.305372   0.704346   0.758822   0.534857   0.938329   0.496125   0.771235   0.021722   0.305855   0.703489   0.759308   0.535567   0.939728   0.496852   0.773389   0.022985   0.306293   0.702638   0.760129   0.536781   0.942607   0.498100   0.775867   0.024416   0.306615   0.702024   0.759948   0.536497   0.944280   0.497805   0.776520   0.025555   0.308079   0.701051   0.760051   0.536631   0.944581   0.497939   0.776076   0.026016   0.320134   0.697080   0.764907   0.543962   0.944080   0.505504   0.776484   0.025336   0.348110   0.689879   0.774370   0.558463   0.942823   0.520512   0.782547   0.024250   0.383460   0.682472   0.786086   0.576855   0.941993   0.539631   0.793099   0.025827   0.416398   0.676517   0.799480   0.598411   0.942431   0.562143   0.802409   0.029405   0.438981   0.672748   0.811856   0.618824   0.942906   0.583561   0.809060   0.032398   0.443318   0.671890   0.821323   0.634773   0.942862   0.600361   0.813086   0.034177   0.427624   0.674185   0.826735   0.644020   0.942131   0.610128   0.814830   0.035062   0.398011   0.678894   0.827652   0.645606   0.940787   0.611807   0.815540   0.034870   0.361406   0.684633   0.824809   0.640750   0.940033   0.606677   0.819556   0.031146   0.327936   0.691127   0.814979   0.624161   0.939997   0.589198   0.829911   0.025716   0.310983   0.696967   0.800652   0.600335   0.940178   0.564160   0.831057   0.026585   0.308023   0.699443   0.791236   0.584977   0.940795   0.548081   0.823222   0.030401   0.307726   0.699761   0.786288   0.577081   0.941462   0.539847   0.819213   0.031026   0.307557   0.699935   0.782061   0.570403   0.941685   0.532897   0.815934   0.030492   0.307433   0.700061   0.778208   0.564373   0.941378   0.526633   0.812711   0.029697   0.307340   0.700136   0.774804   0.559088   0.941056   0.521151   0.809509   0.029165   0.307331   0.700107   0.772046   0.554836   0.941241   0.516746   0.806622   0.028799   0.307383   0.700010   0.769789   0.551380   0.941854   0.513169   0.803986   0.028480 1012624
 24   0.124549   0.697357   0.738124   0.504642   0.934102   0.465134   0.733824   0.021025   0.305594   0.703940   0.742551   0.510961   0.933146   0.471588   0.739138   0.021532   0.306111   0.703118   0.743214   0.511903   0.934472   0.472550   0.740860   0.022779   0.306548   0.702302   0.744177   0.513288   0.937339   0.473965   0.743192   0.024062   0.306897   0.701716   0.744107   0.513175   0.939016   0.473847   0.744086   0.024984   0.308081   0.700891   0.744025   0.513034   0.939306   0.473700   0.744022   0.025263   0.318282   0.697481   0.747918   0.518709   0.938800   0.479517   0.744738   0.024916   0.342016   0.691251   0.755823   0.530381   0.937536   0.491515   0.750570   0.024470   0.371499   0.684917   0.765709   0.545281   0.936755   0.506887   0.760916   0.026288   0.398805   0.679849   0.777056   0.562747   0.937247   0.524978   0.770638   0.029663   0.417658   0.676629   0.787428   0.579060   0.937754   0.541942   0.777855   0.032482   0.421493   0.675847   0.795311   0.591684   0.937782   0.555114   0.782425   0.034107   0.408733   0.677658   0.799683   0.598773   0.937101   0.562529   0.784454   0.034441   0.384165   0.681521   0.800181   0.599597   0.935757   0.563393   0.784830   0.033477   0.353068   0.686514   0.797501   0.595255   0.934967   0.558853   0.787224   0.029565   0.324298   0.692385   0.788736   0.581204   0.934918   0.544188   0.794776   0.024750   0.310150   0.697399   0.776473   0.561805   0.935092   0.523994   0.793998   0.026092   0.307966   0.699339   0.768742   0.549795   0.935697   0.511533   0.785925   0.029911   0.307753   0.699569   0.764711   0.543645   0.936321   0.505174   0.781982   0.030504   0.307622   0.699711   0.761240   0.538398   0.936470   0.499756   0.778494   0.029815   0.307536   0.699811   0.758071   0.533646   0.936135   0.494859   0.774878   0.029234   0.307472   0.699869   0.755226   0.529415   0.935742   0.490505   0.771183   0.029262   0.307450   0.699858   0.752904   0.525987   0.935817   0.486981   0.767922   0.029071   0.307477   0.699778   0.751085   0.523319   0.936374   0.484242   0.765149   0.028668 1299138
