timestamp=                2021-11-22T19:19:30.748574
shape=                    (5, 5)
sigma=                    2.5
nepochs=                  3
thresh=                   None
rate=                     0.00726
neighborhood function=    gaussian
init weights=             pca
topology=                 hexagonal
activation distance=      euclidean
output type=              labels
mapfile_prefix=           full2017_5x5_3_00726_3_10
apply classification=     False
seed=                     None
random order=             True
custom init file=         None
order labels by size=     False
decay_function=           3

Quantization Error=       0.34745561
Topographic Error=        0.15834485

############ NEURONS #############
 25 192
  0   0.127553   0.669957   0.701719   0.446519   0.923323   0.405634   0.522497   0.028002   0.304216   0.678781   0.716114   0.465420   0.922287   0.424600   0.526120   0.028002   0.304598   0.677670   0.717385   0.467068   0.923047   0.426249   0.523048   0.027873   0.304954   0.676639   0.718468   0.468500   0.924847   0.427687   0.523115   0.026859   0.305237   0.675802   0.718921   0.469109   0.925918   0.428301   0.524289   0.026268   0.306362   0.674976   0.719197   0.469485   0.925998   0.428681   0.524973   0.026061   0.317531   0.671806   0.723782   0.475944   0.925511   0.435245   0.526617   0.024662   0.345625   0.664414   0.734656   0.491398   0.924690   0.450976   0.534510   0.021856   0.382678   0.655227   0.749162   0.512452   0.924223   0.472491   0.548473   0.021769   0.419010   0.647002   0.765890   0.537600   0.924510   0.498353   0.563305   0.024848   0.446914   0.641114   0.782440   0.563449   0.924649   0.525123   0.575518   0.028540   0.456311   0.638998   0.795824   0.585064   0.924347   0.547648   0.584748   0.031387   0.442476   0.641089   0.803899   0.598433   0.923630   0.561645   0.593173   0.032545   0.409415   0.646407   0.806000   0.601976   0.922590   0.565367   0.602776   0.031288   0.366415   0.653382   0.802222   0.595677   0.921913   0.558763   0.615582   0.027675   0.328967   0.661413   0.789049   0.574087   0.921846   0.536203   0.630201   0.025436   0.310467   0.668251   0.771939   0.546620   0.922089   0.507612   0.636755   0.028434   0.306877   0.670888   0.762176   0.531363   0.922645   0.491810   0.634627   0.032237   0.306821   0.671083   0.757795   0.524704   0.923238   0.484950   0.631579   0.033446   0.306862   0.671147   0.754241   0.519370   0.923542   0.479467   0.629015   0.033989   0.306944   0.671150   0.751179   0.514831   0.923608   0.474813   0.627054   0.034225   0.307020   0.671144   0.748460   0.510829   0.923559   0.470714   0.625465   0.034233   0.307110   0.671102   0.746078   0.507343   0.923704   0.467148   0.624497   0.034043   0.307209   0.671033   0.743956   0.504264   0.924144   0.464002   0.624140   0.034039 248432
  1   0.144707   0.666052   0.574630   0.300457   0.571349   0.262364   0.400593   0.041118   0.305508   0.671366   0.596107   0.320273   0.570327   0.281033   0.405196   0.045966   0.305991   0.670868   0.597469   0.321654   0.570921   0.282356   0.404482   0.040409   0.306308   0.670322   0.598077   0.322277   0.572571   0.282953   0.405272   0.038528   0.306481   0.669959   0.597826   0.322010   0.573517   0.282695   0.406056   0.037815   0.308032   0.668312   0.598775   0.322981   0.573470   0.283627   0.407026   0.037507   0.322585   0.660610   0.605610   0.330305   0.572843   0.290710   0.409586   0.035925   0.358517   0.647465   0.614603   0.340098   0.571831   0.300208   0.417391   0.036657   0.403933   0.635234   0.621791   0.348113   0.571472   0.308016   0.429779   0.043407   0.442380   0.627184   0.628841   0.356134   0.571913   0.315858   0.442301   0.052658   0.462973   0.624631   0.634147   0.362282   0.572088   0.321889   0.453554   0.060884   0.460311   0.627697   0.636672   0.365250   0.571956   0.324807   0.462895   0.065927   0.436932   0.635226   0.635874   0.364334   0.571589   0.323910   0.469886   0.066523   0.401025   0.645484   0.631735   0.359543   0.570936   0.319212   0.474070   0.062192   0.361861   0.656698   0.625186   0.352037   0.570290   0.311864   0.475329   0.053924   0.328905   0.666913   0.617378   0.343211   0.570148   0.303245   0.474660   0.044611   0.310776   0.673373   0.610085   0.335094   0.570440   0.295341   0.471813   0.039128   0.306275   0.674982   0.606294   0.330933   0.570919   0.291299   0.467023   0.037875   0.306197   0.674469   0.605197   0.329755   0.571281   0.290160   0.462257   0.037718   0.306133   0.674019   0.604197   0.328695   0.571298   0.289137   0.457992   0.038102   0.306052   0.673676   0.603140   0.327589   0.571349   0.288072   0.454099   0.038835   0.306022   0.673355   0.602024   0.326429   0.571382   0.286955   0.450527   0.039442   0.306016   0.673015   0.601019   0.325387   0.571410   0.285954   0.447230   0.039801   0.305985   0.672691   0.600283   0.324631   0.571709   0.285228   0.444146   0.040189 349581
  2   0.156999   0.666659   0.463700   0.202724   0.361920   0.170892   0.290233   0.047354   0.304851   0.672284   0.476752   0.211856   0.361346   0.179094   0.290382   0.055367   0.305261   0.671382   0.478456   0.213124   0.361847   0.180245   0.290727   0.054413   0.305543   0.670545   0.480040   0.214346   0.363295   0.181361   0.291437   0.055206   0.305722   0.669945   0.480890   0.215010   0.364133   0.181969   0.291951   0.056662   0.308140   0.667472   0.482736   0.216472   0.364066   0.183311   0.292849   0.057859   0.326708   0.656060   0.489775   0.222196   0.363463   0.188586   0.295196   0.058210   0.369305   0.636358   0.499561   0.230316   0.362520   0.196098   0.300638   0.063400   0.421184   0.617807   0.509210   0.238538   0.362185   0.203738   0.308513   0.075000   0.465465   0.605480   0.518880   0.246952   0.362599   0.211587   0.316647   0.086467   0.490019   0.601748   0.526312   0.253559   0.362790   0.217773   0.324178   0.095581   0.488412   0.607023   0.530377   0.257261   0.362701   0.221253   0.330356   0.101495   0.464016   0.619114   0.530652   0.257561   0.362382   0.221544   0.334774   0.102939   0.424557   0.635294   0.526916   0.254212   0.361791   0.218404   0.337191   0.098718   0.378675   0.653058   0.519873   0.247916   0.361199   0.212503   0.337442   0.089412   0.337185   0.669428   0.510878   0.240014   0.361059   0.205120   0.335698   0.077388   0.311523   0.680238   0.501883   0.232284   0.361313   0.197925   0.332019   0.067625   0.303631   0.683281   0.496214   0.227498   0.361751   0.193484   0.327300   0.063993   0.303247   0.682379   0.493685   0.225406   0.362090   0.191550   0.323008   0.063796   0.303028   0.681455   0.491695   0.223789   0.362102   0.190059   0.319286   0.065289   0.302820   0.680634   0.489974   0.222406   0.362138   0.188787   0.315888   0.067357   0.302619   0.679894   0.488323   0.221089   0.362157   0.187577   0.312815   0.067830   0.302422   0.679244   0.486709   0.219810   0.362178   0.186403   0.310037   0.067479   0.302165   0.678673   0.485338   0.218738   0.362446   0.185421   0.307438   0.067733 406627
  3   0.162243   0.674071   0.368404   0.138683   0.200931   0.113670   0.204571   0.096926   0.290361   0.686141   0.355492   0.130605   0.200451   0.106541   0.196753   0.137804   0.291215   0.683784   0.357758   0.131861   0.200973   0.107628   0.198212   0.146379   0.291698   0.682236   0.358605   0.132344   0.202262   0.108047   0.199554   0.152532   0.291985   0.681128   0.358591   0.132338   0.202982   0.108042   0.200401   0.158431   0.301823   0.672144   0.363255   0.135015   0.202936   0.110370   0.202123   0.163804   0.347089   0.643759   0.375739   0.142524   0.202394   0.116953   0.204938   0.173582   0.431039   0.603926   0.390459   0.151819   0.201552   0.125166   0.207847   0.191834   0.523835   0.569154   0.404172   0.160801   0.201329   0.133152   0.211423   0.207683   0.602128   0.545543   0.416685   0.169250   0.201804   0.140704   0.215384   0.212555   0.650159   0.537101   0.426602   0.176133   0.202059   0.146886   0.219106   0.213116   0.654313   0.546747   0.432429   0.180269   0.202040   0.150614   0.222721   0.212999   0.614874   0.571722   0.433288   0.180892   0.201788   0.151179   0.225934   0.210819   0.545227   0.605499   0.429060   0.177879   0.201265   0.148462   0.227890   0.203668   0.459646   0.643554   0.420477   0.171848   0.200705   0.143034   0.228015   0.194864   0.374948   0.680618   0.407969   0.163299   0.200508   0.135376   0.226502   0.187091   0.311100   0.708960   0.392304   0.152971   0.200642   0.126182   0.223650   0.176683   0.284738   0.719248   0.380005   0.145142   0.200964   0.119253   0.219715   0.169813   0.282603   0.716440   0.373748   0.141331   0.201214   0.115905   0.215728   0.169095   0.282317   0.712778   0.369303   0.138675   0.201188   0.113580   0.212600   0.172331   0.282434   0.709333   0.365521   0.136441   0.201202   0.111628   0.210175   0.176115   0.282465   0.706403   0.362178   0.134487   0.201200   0.109923   0.207886   0.175268   0.282165   0.704141   0.359248   0.132792   0.201199   0.108448   0.205517   0.172749   0.281800   0.702193   0.356852   0.131428   0.201422   0.107262   0.203252   0.172640 210740
  4   0.153065   0.672852   0.420872   0.173151   0.261878   0.144355   0.227667   0.203782   0.277964   0.683483   0.410228   0.165941   0.263289   0.137901   0.218852   0.338190   0.277783   0.680469   0.412620   0.167556   0.263713   0.139348   0.219922   0.360327   0.277729   0.678255   0.414035   0.168545   0.264990   0.140237   0.221059   0.373614   0.277221   0.676858   0.414293   0.168758   0.265650   0.140434   0.221943   0.388081   0.291523   0.670762   0.416486   0.170246   0.265526   0.141766   0.222639   0.398724   0.354429   0.648675   0.425786   0.176665   0.264882   0.147530   0.225046   0.394443   0.465416   0.613869   0.441012   0.187577   0.263967   0.157392   0.228359   0.393038   0.582683   0.581491   0.457273   0.199744   0.263773   0.168470   0.231280   0.400781   0.676632   0.558371   0.471925   0.211110   0.264298   0.178884   0.234366   0.395841   0.733731   0.547669   0.483005   0.219965   0.264603   0.187039   0.237177   0.385376   0.743052   0.552398   0.489260   0.225069   0.264636   0.191757   0.239752   0.376580   0.703412   0.572015   0.489943   0.225632   0.264407   0.192279   0.241944   0.369884   0.624383   0.602523   0.484867   0.221464   0.263912   0.188422   0.243096   0.362943   0.518581   0.640337   0.474296   0.212950   0.263341   0.180570   0.242574   0.359255   0.405106   0.680298   0.458405   0.200582   0.263071   0.169232   0.240369   0.364609   0.309327   0.713909   0.439036   0.186115   0.263148   0.156062   0.236466   0.378824   0.266283   0.725907   0.425769   0.176553   0.263446   0.147413   0.231856   0.395182   0.263357   0.720521   0.420875   0.173206   0.263669   0.144412   0.228112   0.405690   0.263261   0.714445   0.417607   0.171015   0.263598   0.142454   0.225443   0.415663   0.263346   0.709085   0.414888   0.169210   0.263600   0.140844   0.223538   0.424457   0.263466   0.704480   0.412610   0.167709   0.263631   0.139507   0.221837   0.426131   0.263312   0.700688   0.410655   0.166425   0.263668   0.138364   0.220058   0.424560   0.262983   0.697390   0.409193   0.165472   0.263923   0.137517   0.218284   0.424559 110801
  5   0.128152   0.667437   0.709601   0.456063   0.890204   0.415059   0.673138   0.029553   0.307696   0.674255   0.721659   0.472082   0.889273   0.431163   0.677600   0.028870   0.308013   0.673986   0.720733   0.470807   0.890027   0.429872   0.675719   0.028755   0.308283   0.673591   0.720069   0.469909   0.891961   0.428967   0.675297   0.028545   0.308487   0.673355   0.718659   0.467981   0.893072   0.427020   0.674268   0.028795   0.308770   0.673231   0.716707   0.465299   0.893098   0.424307   0.672445   0.029191   0.313693   0.671845   0.716122   0.464506   0.892556   0.423507   0.670062   0.029796   0.329155   0.667602   0.718467   0.467754   0.891602   0.426797   0.670446   0.030372   0.352019   0.661767   0.723304   0.474477   0.891199   0.433610   0.676219   0.032078   0.374285   0.656591   0.729701   0.483478   0.891736   0.442752   0.684571   0.035286   0.389919   0.653136   0.736125   0.492632   0.892066   0.452071   0.692470   0.038219   0.393876   0.652066   0.741208   0.499969   0.891972   0.459558   0.698639   0.039435   0.384370   0.653618   0.744034   0.504100   0.891499   0.463782   0.702631   0.038621   0.364478   0.657374   0.744036   0.504123   0.890637   0.463810   0.704802   0.035915   0.340272   0.662296   0.741443   0.500340   0.889906   0.459943   0.706643   0.030954   0.319792   0.667133   0.736196   0.492690   0.889728   0.452122   0.709689   0.026419   0.310178   0.669986   0.730738   0.484779   0.889950   0.444043   0.710052   0.025658   0.308786   0.670514   0.727952   0.480782   0.890439   0.439969   0.706940   0.026465   0.308850   0.670338   0.726706   0.479013   0.890876   0.438170   0.704027   0.026530   0.308912   0.670133   0.725682   0.477577   0.890945   0.436712   0.701459   0.026363   0.308971   0.669947   0.724745   0.476277   0.890906   0.435395   0.699073   0.026621   0.309021   0.669822   0.723761   0.474921   0.890829   0.434023   0.696554   0.027321   0.309077   0.669691   0.722857   0.473682   0.890876   0.432771   0.694162   0.027931   0.309150   0.669503   0.722195   0.472783   0.891243   0.431864   0.692211   0.028414 334431
  6   0.139826   0.665501   0.623477   0.351257   0.663076   0.311283   0.494456   0.036009   0.307282   0.670282   0.640757   0.369280   0.661679   0.328635   0.499279   0.040875   0.307712   0.669752   0.641846   0.370517   0.662298   0.329844   0.497800   0.036891   0.308129   0.669108   0.642767   0.371588   0.664041   0.330894   0.498783   0.034987   0.308340   0.668728   0.642551   0.371341   0.665035   0.330654   0.499577   0.034194   0.309207   0.667939   0.642556   0.371336   0.664970   0.330646   0.499728   0.033706   0.319665   0.663138   0.646965   0.376553   0.664322   0.335781   0.500628   0.032169   0.347806   0.653676   0.654188   0.385175   0.663254   0.344282   0.507183   0.031564   0.385480   0.644098   0.660815   0.393205   0.662858   0.352220   0.519495   0.035784   0.419203   0.637327   0.667278   0.401168   0.663327   0.360116   0.532445   0.043136   0.439252   0.634415   0.672227   0.407357   0.663510   0.366269   0.543990   0.049869   0.439395   0.635817   0.674828   0.410644   0.663358   0.369544   0.553180   0.054070   0.420158   0.641099   0.674467   0.410206   0.662972   0.369111   0.559517   0.054549   0.388770   0.648935   0.671046   0.405915   0.662289   0.364843   0.562718   0.050937   0.354400   0.657729   0.665455   0.398949   0.661598   0.357921   0.563017   0.044213   0.325926   0.665795   0.658718   0.390634   0.661434   0.349673   0.561980   0.037225   0.311146   0.670733   0.652659   0.383234   0.661738   0.342348   0.558964   0.033772   0.308022   0.671860   0.649722   0.379683   0.662240   0.338839   0.554029   0.033311   0.308097   0.671481   0.648870   0.378673   0.662621   0.337844   0.549409   0.033148   0.308174   0.671132   0.648003   0.377652   0.662643   0.336840   0.545422   0.033291   0.308237   0.670840   0.647070   0.376555   0.662705   0.335762   0.542012   0.033870   0.308293   0.670583   0.646115   0.375442   0.662756   0.334669   0.538734   0.034452   0.308332   0.670322   0.645316   0.374518   0.662792   0.333763   0.535501   0.034807   0.308382   0.670006   0.644851   0.373985   0.663107   0.333243   0.532636   0.035061 310815
  7   0.150950   0.667330   0.516684   0.246245   0.460279   0.211110   0.336481   0.042954   0.304467   0.673708   0.537263   0.262962   0.459513   0.226518   0.339062   0.048883   0.304902   0.672990   0.538427   0.263979   0.460044   0.227467   0.338793   0.045539   0.305072   0.672387   0.539036   0.264521   0.461570   0.227975   0.338932   0.044964   0.305147   0.671957   0.539069   0.264552   0.462443   0.228004   0.338713   0.045340   0.307689   0.669125   0.541128   0.266402   0.462377   0.229739   0.339538   0.045650   0.327265   0.657302   0.549536   0.274256   0.461750   0.237154   0.342569   0.044677   0.372197   0.637798   0.559668   0.283949   0.460754   0.246345   0.349762   0.047605   0.426993   0.619602   0.568276   0.292411   0.460394   0.254407   0.360517   0.057276   0.472202   0.607870   0.576805   0.300974   0.460804   0.262596   0.371436   0.068365   0.495001   0.604895   0.583116   0.307454   0.460966   0.268817   0.381381   0.077780   0.490025   0.610810   0.586158   0.310655   0.460847   0.271905   0.389772   0.083990   0.461352   0.623314   0.585491   0.309995   0.460509   0.271276   0.396112   0.085519   0.418945   0.639155   0.581009   0.305364   0.459904   0.266824   0.400028   0.081263   0.373173   0.655640   0.573694   0.297882   0.459291   0.259645   0.401245   0.071799   0.334159   0.670097   0.565167   0.289319   0.459147   0.251456   0.399876   0.059854   0.311241   0.679099   0.557254   0.281540   0.459426   0.244045   0.395916   0.050797   0.304507   0.681414   0.552630   0.277072   0.459885   0.239800   0.390234   0.047492   0.304062   0.680640   0.550757   0.275304   0.460225   0.238129   0.384675   0.047092   0.303733   0.679921   0.549174   0.273844   0.460225   0.236753   0.379712   0.047888   0.303426   0.679333   0.547653   0.272460   0.460267   0.235452   0.375218   0.049291   0.303195   0.678799   0.546125   0.271068   0.460295   0.234144   0.371258   0.050149   0.303000   0.678316   0.544624   0.269703   0.460316   0.232860   0.367737   0.050510   0.302771   0.677911   0.543345   0.268553   0.460597   0.231781   0.364436   0.050977 385785
  8   0.162294   0.667195   0.409424   0.163977   0.260192   0.135937   0.242124   0.054377   0.302686   0.673057   0.410011   0.163887   0.259698   0.135784   0.238109   0.067766   0.303309   0.671886   0.411975   0.165130   0.260213   0.136882   0.239702   0.069589   0.303671   0.671164   0.412646   0.165569   0.261605   0.137273   0.240998   0.071387   0.303865   0.670675   0.412773   0.165661   0.262408   0.137356   0.241712   0.073151   0.307516   0.666941   0.414934   0.167103   0.262357   0.138641   0.242635   0.074810   0.331257   0.650948   0.422885   0.172544   0.261794   0.143513   0.244796   0.077517   0.382030   0.625215   0.433646   0.180096   0.260905   0.150302   0.249052   0.086787   0.441597   0.602246   0.443998   0.187564   0.260616   0.157049   0.255148   0.100293   0.492922   0.586986   0.454167   0.195080   0.261065   0.163868   0.261562   0.110052   0.522764   0.582286   0.462115   0.201082   0.261296   0.169332   0.267662   0.116721   0.522655   0.589383   0.466368   0.204358   0.261246   0.172325   0.273082   0.120720   0.495335   0.605545   0.466584   0.204536   0.260971   0.172490   0.277130   0.120786   0.449723   0.626724   0.462873   0.201671   0.260410   0.169871   0.279222   0.115250   0.395624   0.650060   0.456025   0.196441   0.259832   0.165101   0.279159   0.106047   0.344914   0.672164   0.446721   0.189488   0.259678   0.158782   0.277260   0.095789   0.311853   0.687206   0.436675   0.182172   0.259886   0.152161   0.273760   0.086145   0.300741   0.691654   0.429837   0.177310   0.260273   0.147780   0.269495   0.081420   0.300074   0.690217   0.426544   0.175031   0.260574   0.145735   0.265726   0.080857   0.299881   0.688653   0.423961   0.173261   0.260575   0.144151   0.262701   0.083221   0.299734   0.687302   0.421477   0.171578   0.260602   0.142647   0.260089   0.086140   0.299428   0.686169   0.419130   0.170011   0.260608   0.141249   0.257478   0.086333   0.299038   0.685204   0.417070   0.168648   0.260616   0.140036   0.254925   0.085537   0.298586   0.684459   0.415204   0.167432   0.260863   0.138955   0.252546   0.085860 356633
  9   0.150877   0.677426   0.456236   0.198240   0.368994   0.166980   0.253494   0.079728   0.286969   0.694033   0.469680   0.207719   0.368852   0.175515   0.246682   0.096096   0.286102   0.692977   0.471485   0.209109   0.369273   0.176785   0.242656   0.098248   0.286071   0.691335   0.472866   0.210178   0.370590   0.177764   0.240218   0.101942   0.285803   0.689903   0.473334   0.210576   0.371293   0.178133   0.238258   0.107744   0.297796   0.677765   0.482658   0.217696   0.371158   0.184632   0.240441   0.112567   0.355428   0.642077   0.506572   0.237095   0.370482   0.202523   0.246271   0.120162   0.462795   0.596035   0.532302   0.259550   0.369477   0.223491   0.250975   0.143639   0.581099   0.558775   0.553871   0.279656   0.369105   0.242482   0.255157   0.172109   0.679665   0.534834   0.572231   0.297539   0.369414   0.259503   0.260210   0.187097   0.739912   0.526865   0.585516   0.310986   0.369479   0.272390   0.266480   0.193599   0.745683   0.537618   0.592601   0.318429   0.369301   0.279570   0.273830   0.197171   0.695777   0.564853   0.592539   0.318534   0.368946   0.279700   0.281541   0.198168   0.606021   0.601835   0.585149   0.311030   0.368417   0.272505   0.288286   0.194210   0.496753   0.642346   0.571680   0.297429   0.367894   0.259474   0.292582   0.184435   0.390602   0.680284   0.553521   0.279613   0.367790   0.242491   0.293855   0.165580   0.310215   0.711241   0.529004   0.256907   0.368098   0.221065   0.291050   0.138313   0.277124   0.724035   0.509144   0.239375   0.368578   0.204658   0.283289   0.123847   0.275417   0.721137   0.500581   0.232222   0.368909   0.198027   0.274919   0.123828   0.275411   0.717144   0.495203   0.227807   0.368903   0.193947   0.268848   0.126155   0.275511   0.713484   0.490801   0.224255   0.368955   0.190675   0.264077   0.129577   0.275841   0.710293   0.486704   0.221003   0.369003   0.187688   0.260156   0.130499   0.276230   0.707526   0.482990   0.218089   0.369031   0.185015   0.256519   0.130125   0.276487   0.704983   0.480013   0.215772   0.369289   0.182893   0.253015   0.130397 201141
 10   0.125155   0.667010   0.739997   0.498222   0.931044   0.457775   0.755721   0.027047   0.308164   0.673230   0.749555   0.511952   0.930256   0.471773   0.761594   0.023640   0.308437   0.672693   0.749882   0.512414   0.931050   0.472242   0.762316   0.024410   0.308676   0.672149   0.750118   0.512755   0.933053   0.472590   0.763516   0.025198   0.308845   0.671861   0.749289   0.511528   0.934270   0.471332   0.763350   0.026146   0.309057   0.671822   0.747459   0.508834   0.934381   0.468573   0.761613   0.027359   0.313058   0.670992   0.746400   0.507288   0.933928   0.466992   0.758253   0.029541   0.325709   0.668068   0.747704   0.509233   0.933088   0.468990   0.756409   0.031719   0.344347   0.663807   0.751356   0.514667   0.932600   0.474565   0.759188   0.033765   0.362611   0.659822   0.756854   0.522914   0.933177   0.483039   0.764463   0.036459   0.375673   0.657028   0.762539   0.531531   0.933660   0.491912   0.769220   0.038433   0.379141   0.656037   0.767008   0.538372   0.933601   0.498968   0.772505   0.038866   0.371166   0.657053   0.769452   0.542138   0.933083   0.502857   0.774247   0.037552   0.354366   0.659764   0.769306   0.541914   0.932115   0.502626   0.774842   0.034513   0.334033   0.663318   0.766843   0.538118   0.931406   0.498705   0.777056   0.029297   0.317193   0.666856   0.761614   0.530092   0.931262   0.490423   0.782419   0.024589   0.309934   0.668990   0.756099   0.521681   0.931417   0.481753   0.784001   0.024292   0.309189   0.669451   0.753097   0.517149   0.931866   0.477091   0.780827   0.025618   0.309200   0.669457   0.751255   0.514391   0.932327   0.474258   0.778174   0.025692   0.309214   0.669403   0.749664   0.512022   0.932456   0.471826   0.775910   0.025321   0.309250   0.669329   0.748247   0.509923   0.932324   0.469675   0.773576   0.025305   0.309289   0.669241   0.747018   0.508112   0.932171   0.467820   0.771287   0.025657   0.309336   0.669085   0.746111   0.506781   0.932275   0.466457   0.769603   0.025667   0.309418   0.668864   0.745512   0.505906   0.932690   0.465563   0.768403   0.025552 704599
 11   0.127016   0.668787   0.719231   0.469169   0.933183   0.428294   0.661144   0.027913   0.306734   0.676514   0.732336   0.487128   0.932200   0.446448   0.664875   0.024736   0.307000   0.675445   0.733816   0.489176   0.933000   0.448521   0.663767   0.024519   0.307316   0.674390   0.735293   0.491251   0.934910   0.450628   0.664246   0.024012   0.307592   0.673584   0.735856   0.492036   0.935955   0.451424   0.664614   0.023676   0.308417   0.672923   0.735760   0.491878   0.935900   0.451259   0.664169   0.023486   0.317179   0.670511   0.738022   0.495131   0.935298   0.454575   0.662834   0.023187   0.339266   0.664600   0.744687   0.504835   0.934333   0.464494   0.664423   0.022500   0.367827   0.656991   0.754800   0.519837   0.933772   0.479879   0.671952   0.023053   0.394550   0.650240   0.767376   0.538963   0.934154   0.499583   0.681265   0.025372   0.412926   0.645750   0.779915   0.558534   0.934342   0.519843   0.688400   0.027888   0.416965   0.644407   0.789979   0.574621   0.934055   0.536571   0.693631   0.029416   0.404810   0.646348   0.796208   0.584750   0.933383   0.547138   0.698067   0.029537   0.379970   0.650830   0.798011   0.587715   0.932362   0.550236   0.703191   0.028198   0.349304   0.656455   0.795645   0.583854   0.931656   0.546207   0.711642   0.024596   0.323201   0.662614   0.786771   0.569516   0.931569   0.531268   0.723238   0.022212   0.311012   0.667111   0.775979   0.552250   0.931825   0.513312   0.728677   0.024696   0.308996   0.668540   0.769990   0.542832   0.932371   0.503548   0.726664   0.027875   0.308842   0.668855   0.766436   0.537344   0.932894   0.497879   0.724298   0.029063   0.308739   0.669083   0.763257   0.532479   0.933078   0.492861   0.722378   0.029537   0.308685   0.669240   0.760405   0.528151   0.933076   0.488403   0.720774   0.029779   0.308642   0.669361   0.757843   0.524287   0.933026   0.484429   0.719298   0.029987   0.308608   0.669441   0.755632   0.520972   0.933154   0.481023   0.718017   0.029828   0.308632   0.669413   0.753878   0.518355   0.933577   0.478336   0.717038   0.029328 643237
 12   0.134147   0.665596   0.663774   0.398227   0.755529   0.357428   0.559179   0.035128   0.307166   0.670366   0.685775   0.424270   0.754178   0.383079   0.565125   0.037741   0.307638   0.669753   0.687312   0.426249   0.754831   0.385057   0.563397   0.034230   0.308089   0.669123   0.688620   0.427944   0.756675   0.386753   0.564632   0.032706   0.308386   0.668692   0.688963   0.428397   0.757723   0.387208   0.564930   0.032073   0.309009   0.668168   0.689023   0.428479   0.757681   0.387291   0.564304   0.031582   0.317025   0.664873   0.692986   0.433736   0.757082   0.392572   0.563531   0.029498   0.339777   0.657787   0.700070   0.443167   0.756041   0.402056   0.568485   0.026859   0.371642   0.650070   0.706877   0.452338   0.755639   0.411299   0.580314   0.028476   0.402127   0.644062   0.713865   0.461915   0.756126   0.420980   0.592729   0.033966   0.422926   0.640716   0.719953   0.470390   0.756297   0.429573   0.603430   0.039666   0.426913   0.640713   0.724086   0.476219   0.756092   0.435498   0.612047   0.043701   0.412243   0.644142   0.725234   0.477875   0.755634   0.437187   0.618652   0.044760   0.384275   0.650165   0.722885   0.474581   0.754852   0.433844   0.623301   0.042309   0.351724   0.657407   0.717568   0.467127   0.754109   0.426276   0.626647   0.036785   0.324311   0.664399   0.709577   0.456008   0.753961   0.415004   0.630405   0.030847   0.310648   0.668859   0.701608   0.445043   0.754298   0.403911   0.630866   0.028810   0.308113   0.669982   0.697591   0.439586   0.754844   0.398404   0.626942   0.028929   0.308192   0.669798   0.696172   0.437691   0.755280   0.396497   0.622880   0.028431   0.308285   0.669622   0.694890   0.436000   0.755364   0.394800   0.619136   0.028311   0.308377   0.669459   0.693705   0.434452   0.755461   0.393249   0.615640   0.028672   0.308448   0.669320   0.692582   0.432998   0.755511   0.391795   0.612247   0.029194   0.308513   0.669148   0.691681   0.431838   0.755550   0.390636   0.608904   0.029508   0.308594   0.668907   0.691161   0.431179   0.755890   0.389978   0.605793   0.029785 367446
 13   0.136921   0.668368   0.615911   0.344116   0.683950   0.304537   0.400824   0.049038   0.301958   0.675595   0.646442   0.376685   0.680992   0.336041   0.405429   0.049986   0.302674   0.674533   0.650168   0.380943   0.681547   0.340206   0.401927   0.043360   0.303230   0.673601   0.653001   0.384209   0.683270   0.343406   0.401192   0.039673   0.303690   0.672806   0.654664   0.386125   0.684265   0.345283   0.400981   0.038281   0.305875   0.670253   0.658369   0.390460   0.684256   0.349543   0.401684   0.037219   0.322704   0.660878   0.671154   0.406152   0.683707   0.365096   0.403791   0.033832   0.363392   0.646308   0.687481   0.426849   0.682766   0.385727   0.409962   0.033891   0.415868   0.633122   0.701704   0.445700   0.682374   0.404673   0.419264   0.042180   0.464894   0.623643   0.716394   0.465848   0.682654   0.425050   0.427835   0.053923   0.496994   0.619416   0.728917   0.483542   0.682605   0.443044   0.436164   0.065189   0.499742   0.621585   0.736883   0.495066   0.682264   0.454814   0.444958   0.073703   0.472911   0.629418   0.738864   0.498008   0.681739   0.457833   0.454434   0.078252   0.427662   0.640697   0.734453   0.491671   0.680973   0.451367   0.464233   0.077314   0.376656   0.653232   0.724568   0.477580   0.680296   0.437013   0.474016   0.070315   0.333011   0.665081   0.709491   0.456588   0.680221   0.415721   0.484510   0.058222   0.309251   0.673440   0.692392   0.433452   0.680618   0.392380   0.489613   0.049662   0.303575   0.676115   0.682196   0.420001   0.681191   0.378873   0.487287   0.047121   0.303754   0.675640   0.678811   0.415663   0.681648   0.374539   0.483852   0.044807   0.303979   0.675104   0.676433   0.412637   0.681801   0.371521   0.480812   0.043118   0.304186   0.674604   0.674506   0.410208   0.681972   0.369102   0.477981   0.042498   0.304350   0.674177   0.672707   0.407962   0.682051   0.366870   0.475158   0.042310   0.304435   0.673826   0.670933   0.405772   0.682093   0.364697   0.472381   0.041991   0.304448   0.673557   0.669266   0.403738   0.682430   0.362684   0.469734   0.041633 195393
 14   0.140092   0.679941   0.548323   0.276124   0.543148   0.239405   0.314808   0.074905   0.288447   0.698365   0.580122   0.305575   0.541463   0.267205   0.313958   0.079383   0.288025   0.696247   0.583266   0.308737   0.541722   0.270232   0.307147   0.079960   0.288338   0.694117   0.584705   0.310263   0.543122   0.271707   0.304027   0.081675   0.288715   0.692426   0.584615   0.310225   0.543902   0.271679   0.302061   0.083740   0.298409   0.681572   0.592977   0.318608   0.543749   0.279699   0.303770   0.085209   0.349706   0.648092   0.617471   0.344744   0.542980   0.304986   0.309245   0.092554   0.451320   0.603098   0.645402   0.376667   0.541821   0.336248   0.314477   0.118131   0.566613   0.566860   0.669291   0.405962   0.541304   0.365303   0.318599   0.150522   0.663586   0.545818   0.690270   0.432918   0.541457   0.392265   0.322996   0.173943   0.723140   0.541579   0.705357   0.453093   0.541341   0.412592   0.329629   0.190090   0.727827   0.554613   0.713023   0.463725   0.541041   0.423374   0.338924   0.200392   0.676762   0.581244   0.712123   0.462738   0.540647   0.422422   0.350220   0.204103   0.587129   0.615451   0.702568   0.449996   0.540143   0.409590   0.362130   0.199906   0.480083   0.652226   0.685931   0.428090   0.539656   0.387575   0.372484   0.186964   0.380504   0.685179   0.665140   0.401468   0.539645   0.360958   0.379013   0.162159   0.310733   0.709440   0.640699   0.371624   0.540122   0.331373   0.379342   0.126893   0.284513   0.717510   0.622418   0.350217   0.540732   0.310312   0.373130   0.104088   0.283623   0.713923   0.614830   0.341787   0.541109   0.302097   0.365015   0.098954   0.283550   0.710320   0.609973   0.336522   0.541111   0.296991   0.357811   0.097786   0.283325   0.707379   0.606037   0.332326   0.541190   0.292933   0.351171   0.098725   0.283195   0.705000   0.602210   0.328292   0.541263   0.289039   0.345325   0.099363   0.283216   0.703077   0.598246   0.324162   0.541307   0.285060   0.340080   0.099541   0.283315   0.701324   0.594696   0.320513   0.541616   0.281554   0.335220   0.099680 95441
 15   0.123947   0.666520   0.754996   0.520233   0.938816   0.480304   0.785785   0.022023   0.308523   0.672076   0.765642   0.536090   0.938206   0.496577   0.795443   0.018432   0.308822   0.671237   0.767044   0.538211   0.939082   0.498761   0.799072   0.019337   0.309103   0.670454   0.768224   0.540011   0.941181   0.500616   0.803250   0.020301   0.309305   0.669948   0.768258   0.540056   0.942431   0.500661   0.805981   0.021230   0.309578   0.669672   0.767369   0.538682   0.942557   0.499241   0.806969   0.022184   0.314399   0.668335   0.767842   0.539416   0.942088   0.500001   0.805599   0.023654   0.328900   0.664574   0.771368   0.544893   0.941180   0.505664   0.806377   0.024842   0.349222   0.659584   0.777393   0.554336   0.940542   0.515447   0.812728   0.025838   0.368539   0.655207   0.785243   0.566816   0.941018   0.528410   0.820203   0.028118   0.381666   0.652384   0.792888   0.579157   0.941450   0.541265   0.825768   0.030364   0.383936   0.651662   0.798591   0.588493   0.941336   0.551016   0.829224   0.031253   0.374380   0.653089   0.801616   0.593491   0.940794   0.556245   0.830968   0.030744   0.356098   0.656224   0.801510   0.593327   0.939811   0.556074   0.832261   0.028894   0.334564   0.660032   0.798607   0.588547   0.939192   0.551077   0.837839   0.024661   0.317580   0.663945   0.791764   0.577361   0.939142   0.539398   0.847240   0.021662   0.310770   0.666529   0.784584   0.565724   0.939313   0.527267   0.849354   0.023411   0.310082   0.667226   0.780825   0.559722   0.939797   0.521028   0.845105   0.025535   0.310010   0.667426   0.778297   0.555726   0.940347   0.516882   0.841865   0.025887   0.309946   0.667569   0.776008   0.552126   0.940566   0.513150   0.838951   0.025667   0.309891   0.667683   0.773866   0.548776   0.940444   0.509681   0.836123   0.025393   0.309855   0.667760   0.771963   0.545813   0.940329   0.506615   0.833405   0.025418   0.309839   0.667777   0.770393   0.543379   0.940523   0.504099   0.830992   0.025465   0.309846   0.667736   0.769108   0.541397   0.941017   0.502051   0.828996   0.025450 1077481
 16   0.125753   0.667838   0.736798   0.493795   0.930976   0.453292   0.714569   0.024608   0.307639   0.674561   0.749974   0.512609   0.930135   0.472453   0.721913   0.021806   0.307925   0.673448   0.752031   0.515609   0.930957   0.475519   0.723900   0.021539   0.308213   0.672428   0.753805   0.518221   0.933003   0.478195   0.726988   0.021106   0.308443   0.671688   0.754442   0.519155   0.934161   0.479150   0.729339   0.021070   0.309076   0.671092   0.754388   0.519057   0.934195   0.479047   0.730191   0.021183   0.316737   0.668898   0.756685   0.522501   0.933727   0.482585   0.728777   0.021352   0.336468   0.663610   0.763009   0.532086   0.932806   0.492453   0.730664   0.020707   0.362242   0.656904   0.772391   0.546551   0.932173   0.507393   0.739470   0.020734   0.386366   0.651045   0.784039   0.564916   0.932555   0.526439   0.749304   0.022813   0.402652   0.647249   0.795373   0.583200   0.932779   0.545483   0.756543   0.025144   0.405638   0.646221   0.804143   0.597649   0.932523   0.560592   0.761720   0.026560   0.394042   0.648009   0.809329   0.606313   0.931920   0.569675   0.765670   0.026777   0.371472   0.651931   0.810450   0.608201   0.930906   0.571657   0.769786   0.025568   0.344110   0.656700   0.807925   0.603968   0.930223   0.567216   0.778197   0.022198   0.321341   0.661945   0.799370   0.589785   0.930147   0.552369   0.791655   0.020269   0.311339   0.665799   0.789290   0.573237   0.930344   0.535077   0.798351   0.023257   0.309980   0.666991   0.783975   0.564655   0.930853   0.526138   0.796406   0.026461   0.309836   0.667272   0.780839   0.559665   0.931399   0.520953   0.794285   0.027203   0.309728   0.667475   0.778053   0.555263   0.931625   0.516387   0.792450   0.027383   0.309639   0.667644   0.775478   0.551223   0.931613   0.512201   0.790679   0.027470   0.309569   0.667779   0.773155   0.547603   0.931565   0.508455   0.788912   0.027489   0.309531   0.667855   0.771174   0.544535   0.931727   0.505283   0.787148   0.027444   0.309529   0.667852   0.769567   0.542060   0.932193   0.502727   0.785673   0.027277 947190
 17   0.124837   0.669385   0.735498   0.492449   0.932356   0.452015   0.643965   0.026387   0.305835   0.677499   0.749714   0.512544   0.931502   0.472446   0.651573   0.025307   0.306267   0.676118   0.751800   0.515559   0.932393   0.475524   0.652395   0.025391   0.306613   0.674903   0.753523   0.518085   0.934447   0.478108   0.654368   0.024812   0.306851   0.674014   0.754100   0.518924   0.935593   0.478966   0.655707   0.024234   0.308991   0.673088   0.754557   0.519590   0.935611   0.479646   0.655303   0.023830   0.325059   0.669222   0.759388   0.526894   0.935124   0.487163   0.654770   0.022477   0.361627   0.660531   0.770354   0.543729   0.934231   0.504540   0.661026   0.020221   0.408328   0.649986   0.786156   0.568708   0.933604   0.530461   0.674051   0.020700   0.454437   0.640733   0.805498   0.600426   0.933851   0.563604   0.685487   0.024339   0.489072   0.634523   0.824055   0.632021   0.933914   0.596850   0.692676   0.028443   0.499276   0.632885   0.838326   0.657141   0.933481   0.623448   0.697747   0.032116   0.479606   0.636190   0.846685   0.672199   0.932699   0.639461   0.702279   0.034867   0.436517   0.643106   0.848582   0.675664   0.931577   0.643156   0.708277   0.035262   0.383151   0.651141   0.844829   0.668849   0.930848   0.635899   0.719224   0.031545   0.336779   0.659579   0.832004   0.646000   0.930757   0.611651   0.734573   0.027231   0.313054   0.666789   0.814083   0.614695   0.930983   0.578551   0.742701   0.029339   0.308063   0.669791   0.802705   0.595320   0.931532   0.558165   0.741604   0.033566   0.307798   0.670235   0.797029   0.585953   0.932128   0.548366   0.739644   0.034506   0.307608   0.670541   0.792242   0.578153   0.932435   0.540227   0.737975   0.034454   0.307490   0.670740   0.788001   0.571317   0.932491   0.533108   0.736532   0.034176   0.307450   0.670827   0.784314   0.565432   0.932491   0.526990   0.735088   0.033899   0.307453   0.670819   0.781220   0.560532   0.932690   0.521904   0.733657   0.033555   0.307515   0.670746   0.778565   0.556355   0.933178   0.517572   0.732585   0.033157 504050
 18   0.129937   0.666173   0.704236   0.449823   0.836038   0.408946   0.594564   0.038597   0.307186   0.671025   0.732751   0.487904   0.834995   0.447273   0.589973   0.042166   0.307852   0.669715   0.738241   0.495769   0.835650   0.455287   0.582512   0.038131   0.308434   0.668751   0.741825   0.500951   0.837596   0.460578   0.580243   0.036469   0.308832   0.668097   0.743586   0.503514   0.838711   0.463196   0.579170   0.036462   0.309662   0.667394   0.744744   0.505207   0.838724   0.464929   0.578520   0.035917   0.318276   0.664185   0.751131   0.514732   0.838279   0.474707   0.578892   0.031988   0.340552   0.657679   0.761392   0.530201   0.837368   0.490621   0.587154   0.025496   0.370485   0.650572   0.770518   0.544262   0.836931   0.505145   0.603068   0.023227   0.400104   0.644586   0.779838   0.558926   0.837339   0.520350   0.618175   0.026350   0.421910   0.640787   0.788061   0.572096   0.837428   0.534051   0.630929   0.031310   0.428323   0.640122   0.793522   0.580974   0.837124   0.543314   0.642108   0.036085   0.415987   0.642843   0.795292   0.583879   0.836562   0.546351   0.652135   0.039115   0.388350   0.648289   0.792676   0.579610   0.835642   0.541893   0.661644   0.038740   0.354071   0.655105   0.785890   0.568618   0.834917   0.530432   0.672704   0.034611   0.324720   0.662198   0.773719   0.549284   0.834892   0.510349   0.686306   0.029812   0.310752   0.667151   0.760967   0.529398   0.835288   0.489764   0.693154   0.029197   0.308533   0.668651   0.754540   0.519580   0.835892   0.479640   0.690923   0.030305   0.308590   0.668709   0.751946   0.515699   0.836424   0.475652   0.687276   0.030022   0.308681   0.668686   0.749895   0.512658   0.836636   0.472535   0.683623   0.030092   0.308795   0.668626   0.748223   0.510197   0.836773   0.470013   0.679866   0.030711   0.308903   0.668558   0.746828   0.508153   0.836783   0.467922   0.675797   0.031660   0.308992   0.668448   0.745765   0.506602   0.836811   0.466336   0.671746   0.032339   0.309090   0.668280   0.745070   0.505596   0.837174   0.465310   0.668158   0.032645 244656
 19   0.129950   0.667696   0.672851   0.410447   0.786976   0.369739   0.442496   0.048140   0.302601   0.674213   0.701286   0.445522   0.785404   0.404557   0.447616   0.048651   0.303352   0.673296   0.705256   0.450852   0.786026   0.409927   0.445421   0.042092   0.303879   0.672643   0.707574   0.453890   0.787866   0.412973   0.445770   0.038700   0.304312   0.671951   0.709222   0.456045   0.788925   0.415132   0.445831   0.037583   0.306231   0.669947   0.713069   0.461139   0.788946   0.420252   0.446022   0.036079   0.320845   0.662822   0.726172   0.479381   0.788443   0.438754   0.447780   0.030556   0.356400   0.651534   0.743904   0.504831   0.787533   0.464708   0.455124   0.025618   0.402588   0.640938   0.759699   0.528420   0.787096   0.488940   0.466200   0.028053   0.447204   0.632553   0.775598   0.553046   0.787310   0.514409   0.475804   0.035005   0.478956   0.627628   0.789618   0.575507   0.787173   0.537786   0.484672   0.043120   0.485328   0.627667   0.799460   0.591745   0.786702   0.554780   0.494087   0.050890   0.463400   0.632649   0.803480   0.598516   0.786014   0.561895   0.504545   0.056622   0.421509   0.641163   0.800744   0.593959   0.785082   0.557116   0.516066   0.058629   0.372354   0.651381   0.791387   0.578506   0.784391   0.540941   0.529611   0.055784   0.330559   0.661784   0.773721   0.550205   0.784407   0.511485   0.545821   0.046787   0.309269   0.669605   0.753052   0.518112   0.784878   0.478278   0.554546   0.040204   0.305031   0.672349   0.741466   0.500645   0.785540   0.460306   0.553343   0.038751   0.305310   0.672261   0.737575   0.494964   0.786104   0.454496   0.550749   0.036936   0.305587   0.672030   0.734791   0.490939   0.786354   0.450386   0.548182   0.035858   0.305852   0.671755   0.732491   0.487648   0.786546   0.447033   0.545960   0.035665   0.306055   0.671512   0.730390   0.484675   0.786588   0.444010   0.543871   0.035899   0.306161   0.671316   0.728549   0.482099   0.786626   0.441397   0.541787   0.035727   0.306230   0.671111   0.727090   0.480082   0.786989   0.439354   0.539712   0.035460 182937
 20   0.123363   0.666622   0.762421   0.531439   0.942805   0.491833   0.797130   0.020846   0.308673   0.672133   0.774603   0.549926   0.942108   0.510871   0.809189   0.016541   0.308935   0.671028   0.776868   0.553442   0.942977   0.514507   0.814689   0.017295   0.309241   0.670034   0.778728   0.556349   0.945138   0.517517   0.820509   0.018519   0.309486   0.669351   0.779339   0.557302   0.946385   0.518504   0.824411   0.019629   0.310357   0.668742   0.779434   0.557447   0.946553   0.518653   0.825893   0.020407   0.319519   0.666027   0.782454   0.562255   0.946157   0.523648   0.825231   0.020701   0.341989   0.659960   0.789819   0.574103   0.945234   0.535981   0.829686   0.020246   0.370292   0.652983   0.800036   0.590848   0.944491   0.553473   0.840792   0.020659   0.395919   0.647322   0.812055   0.611001   0.944817   0.574615   0.851020   0.022798   0.412412   0.643949   0.823154   0.630033   0.945100   0.594667   0.857865   0.024883   0.414088   0.643475   0.831349   0.644368   0.944842   0.609826   0.861922   0.026186   0.400131   0.645792   0.835998   0.652607   0.944210   0.618560   0.864104   0.026440   0.375329   0.650066   0.836823   0.654087   0.943117   0.620132   0.866258   0.025395   0.346326   0.654961   0.834262   0.649546   0.942427   0.615318   0.874300   0.022100   0.322743   0.660163   0.825893   0.634868   0.942321   0.599789   0.888424   0.020151   0.312716   0.663902   0.816143   0.617911   0.942441   0.581876   0.894934   0.023016   0.311431   0.665049   0.810972   0.609050   0.942932   0.572543   0.892398   0.026233   0.311257   0.665381   0.807764   0.603634   0.943534   0.566854   0.889881   0.027176   0.311093   0.665647   0.804871   0.598787   0.943808   0.561769   0.887898   0.027248   0.310929   0.665873   0.802160   0.594272   0.943717   0.557038   0.886257   0.026740   0.310789   0.666043   0.799772   0.590320   0.943662   0.552903   0.884886   0.026043   0.310703   0.666152   0.797756   0.587006   0.943919   0.549440   0.883394   0.025781   0.310668   0.666204   0.796041   0.584204   0.944475   0.546514   0.881830   0.025691 881529
 21   0.124507   0.667797   0.749108   0.511689   0.936078   0.471577   0.734068   0.021844   0.307742   0.674419   0.761629   0.530066   0.935380   0.490388   0.743690   0.019786   0.308074   0.673188   0.763890   0.533454   0.936303   0.493868   0.748078   0.020298   0.308406   0.672074   0.765844   0.536408   0.938440   0.496908   0.753123   0.020572   0.308669   0.671284   0.766557   0.537478   0.939649   0.498007   0.756959   0.020969   0.309815   0.670555   0.766767   0.537781   0.939737   0.498317   0.758872   0.021313   0.320457   0.667625   0.770178   0.543050   0.939341   0.503760   0.759264   0.021501   0.345781   0.661075   0.778310   0.555774   0.938466   0.516937   0.764794   0.020719   0.377470   0.653343   0.789895   0.574297   0.937732   0.536197   0.776741   0.020966   0.406869   0.646834   0.803906   0.597295   0.937998   0.560229   0.787755   0.023380   0.427146   0.642701   0.817153   0.619638   0.938157   0.583695   0.795145   0.025850   0.430866   0.641802   0.827211   0.637014   0.937825   0.602025   0.799959   0.027540   0.415991   0.644173   0.833077   0.647311   0.937157   0.612922   0.803323   0.028312   0.387739   0.648885   0.834440   0.649722   0.936086   0.615476   0.806863   0.027745   0.353916   0.654263   0.831973   0.645364   0.935429   0.610860   0.815829   0.024326   0.325545   0.660087   0.822639   0.629121   0.935376   0.593700   0.830493   0.021729   0.312750   0.664570   0.810975   0.609047   0.935561   0.572538   0.838097   0.024793   0.310884   0.666065   0.804562   0.598204   0.936086   0.561145   0.836767   0.028671   0.310666   0.666441   0.800851   0.592036   0.936689   0.554686   0.834991   0.029682   0.310471   0.666729   0.797583   0.586651   0.936983   0.549055   0.833698   0.029771   0.310292   0.666969   0.794571   0.581724   0.936953   0.543910   0.832779   0.029277   0.310158   0.667136   0.791931   0.577434   0.936896   0.539435   0.831969   0.028651   0.310081   0.667228   0.789726   0.573873   0.937107   0.535726   0.830893   0.028369   0.310036   0.667264   0.787846   0.570854   0.937615   0.532585   0.829785   0.028073 1091952
 22   0.122404   0.668181   0.756449   0.522747   0.939038   0.482950   0.718564   0.022946   0.305970   0.675174   0.768180   0.540216   0.938308   0.500879   0.730428   0.021603   0.306323   0.673944   0.770102   0.543132   0.939217   0.503882   0.735777   0.022306   0.306610   0.672870   0.771683   0.545547   0.941372   0.506372   0.741320   0.022994   0.306829   0.672114   0.772033   0.546069   0.942609   0.506908   0.745260   0.023782   0.310992   0.670862   0.773007   0.547562   0.942730   0.508448   0.746421   0.024551   0.333555   0.665803   0.779289   0.557443   0.942346   0.518693   0.748947   0.024489   0.380923   0.655812   0.792175   0.578170   0.941462   0.540270   0.760161   0.024069   0.440691   0.644598   0.810126   0.608071   0.940653   0.571604   0.775744   0.026559   0.498569   0.635222   0.830919   0.644084   0.940778   0.609620   0.787862   0.031721   0.539106   0.629454   0.849852   0.678150   0.940746   0.645841   0.795527   0.036383   0.544824   0.628955   0.863908   0.704277   0.940227   0.673792   0.799705   0.039613   0.511318   0.633830   0.871710   0.719073   0.939446   0.689681   0.801833   0.041693   0.453747   0.641982   0.872899   0.721313   0.938324   0.692082   0.805185   0.042347   0.390777   0.650208   0.868508   0.712851   0.937715   0.682968   0.816671   0.038011   0.339678   0.658046   0.855335   0.688108   0.937760   0.656447   0.834341   0.031912   0.314934   0.664185   0.838895   0.657888   0.938007   0.624188   0.842182   0.033330   0.309986   0.666540   0.829230   0.640606   0.938591   0.605836   0.840218   0.037287   0.309614   0.667111   0.823761   0.631051   0.939274   0.595735   0.838862   0.037548   0.309345   0.667533   0.819024   0.622876   0.939631   0.587111   0.838517   0.036610   0.309082   0.667866   0.814762   0.615593   0.939604   0.579444   0.838660   0.035091   0.308840   0.668118   0.811031   0.609268   0.939565   0.572794   0.838666   0.033611   0.308635   0.668305   0.807809   0.603853   0.939840   0.567111   0.838097   0.032797   0.308509   0.668409   0.805014   0.599192   0.940414   0.562226   0.837297   0.032193 434492
 23   0.121977   0.669865   0.744147   0.504533   0.939697   0.464275   0.660021   0.022265   0.302648   0.678443   0.754226   0.519203   0.938962   0.479269   0.669697   0.023484   0.303183   0.677044   0.755803   0.521546   0.939887   0.481672   0.672775   0.024763   0.303555   0.675909   0.756839   0.523093   0.941908   0.483261   0.676139   0.025346   0.303747   0.675168   0.756606   0.522737   0.943038   0.482894   0.678239   0.025811   0.312074   0.673049   0.758634   0.525754   0.943083   0.485990   0.677761   0.025889   0.351779   0.664717   0.768603   0.541032   0.942646   0.501754   0.681552   0.024515   0.434797   0.648859   0.789330   0.574132   0.941785   0.536173   0.696459   0.024060   0.541832   0.631216   0.819275   0.624662   0.940890   0.589266   0.712335   0.028619   0.644115   0.616873   0.852002   0.683295   0.940767   0.651577   0.720156   0.035126   0.711195   0.608781   0.880031   0.736423   0.940506   0.708641   0.720253   0.039952   0.713211   0.609592   0.899680   0.775388   0.939761   0.750851   0.714509   0.043757   0.649166   0.618672   0.909868   0.796146   0.938784   0.773452   0.708155   0.047107   0.548111   0.632123   0.910837   0.798075   0.937569   0.775545   0.707645   0.048900   0.442287   0.645287   0.903613   0.783144   0.936922   0.759244   0.720952   0.046133   0.358700   0.657128   0.883621   0.743113   0.936902   0.715803   0.746472   0.040630   0.315795   0.667147   0.856851   0.691422   0.937117   0.660094   0.759210   0.042342   0.305509   0.671781   0.839484   0.659308   0.937689   0.625767   0.756932   0.046829   0.304879   0.672677   0.830297   0.642990   0.938380   0.608459   0.756188   0.046439   0.304529   0.673278   0.822583   0.629548   0.938820   0.594252   0.756771   0.044808   0.304424   0.673526   0.816125   0.618471   0.938864   0.582579   0.757808   0.042596   0.304501   0.673450   0.810922   0.609655   0.938820   0.573310   0.759047   0.040553   0.304635   0.673207   0.806778   0.602718   0.939078   0.566032   0.760020   0.039011   0.304777   0.672931   0.803276   0.596922   0.939652   0.559965   0.760687   0.037573 194140
 24   0.125044   0.671174   0.713398   0.462007   0.917118   0.421203   0.522456   0.031558   0.301834   0.680859   0.729297   0.483657   0.916196   0.443071   0.527672   0.032003   0.302452   0.679372   0.731740   0.487126   0.916929   0.446601   0.524628   0.031565   0.302654   0.678436   0.732672   0.488431   0.918684   0.447926   0.524144   0.030272   0.302719   0.677752   0.732580   0.488313   0.919692   0.447807   0.524412   0.029891   0.306992   0.675615   0.735382   0.492322   0.919671   0.451895   0.524962   0.028875   0.334592   0.667770   0.747393   0.510029   0.919090   0.470042   0.530420   0.024016   0.397890   0.653046   0.768308   0.541886   0.918158   0.502891   0.546239   0.020075   0.482930   0.636217   0.795782   0.585888   0.917526   0.548689   0.565639   0.023570   0.572232   0.621498   0.826921   0.638728   0.917589   0.604285   0.578507   0.031827   0.645521   0.611449   0.854902   0.688951   0.917354   0.657684   0.585166   0.041124   0.670647   0.609291   0.875272   0.727236   0.916644   0.698743   0.589574   0.049480   0.632784   0.615855   0.886182   0.748361   0.915648   0.721527   0.594094   0.055734   0.551000   0.628154   0.887584   0.751069   0.914429   0.724445   0.601157   0.058597   0.452657   0.642343   0.880437   0.737015   0.913608   0.709245   0.614763   0.056281   0.365070   0.656162   0.860853   0.699658   0.913514   0.669073   0.638253   0.047415   0.315531   0.668939   0.830164   0.643628   0.913871   0.609315   0.651105   0.044072   0.303114   0.675237   0.808873   0.606251   0.914575   0.569749   0.647356   0.046323   0.303257   0.675394   0.801025   0.593123   0.915313   0.555979   0.643682   0.044703   0.303670   0.675186   0.795252   0.583610   0.915781   0.546029   0.641849   0.042609   0.304202   0.674761   0.790772   0.576288   0.916009   0.538382   0.641209   0.040653   0.304629   0.674321   0.786963   0.570110   0.916071   0.531941   0.640790   0.039452   0.304822   0.674019   0.783395   0.564397   0.916273   0.525996   0.640311   0.039056   0.304840   0.673848   0.780018   0.559063   0.916783   0.520462   0.639974   0.038675 193436
