timestamp=                2021-11-22T16:42:45.962724
shape=                    (5, 5)
sigma=                    2.5
nepochs=                  3
thresh=                   None
rate=                     0.00726
neighborhood function=    gaussian
init weights=             pca
topology=                 hexagonal
activation distance=      euclidean
output type=              labels
mapfile_prefix=           full2017_5x5_3_00726_3_03
apply classification=     False
seed=                     None
random order=             True
custom init file=         None
order labels by size=     False
decay_function=           3

Quantization Error=       0.34745084
Topographic Error=        0.15768955

############ NEURONS #############
 25 192
  0   0.125039   0.671142   0.713607   0.462301   0.917106   0.421502   0.522234   0.031717   0.301860   0.680797   0.729509   0.483961   0.916173   0.443382   0.527507   0.032206   0.302481   0.679313   0.731885   0.487333   0.916904   0.446813   0.524536   0.031677   0.302673   0.678396   0.732738   0.488522   0.918661   0.448018   0.524159   0.030410   0.302733   0.677720   0.732629   0.488374   0.919676   0.447868   0.524548   0.029951   0.306979   0.675597   0.735398   0.492329   0.919658   0.451898   0.525199   0.028931   0.334268   0.667845   0.747349   0.509934   0.919076   0.469939   0.530544   0.024160   0.397339   0.653188   0.768186   0.541667   0.918139   0.502659   0.546132   0.020164   0.482339   0.636347   0.795621   0.585603   0.917500   0.548388   0.565391   0.023556   0.571956   0.621564   0.826867   0.638605   0.917558   0.604149   0.578184   0.031792   0.645551   0.611482   0.854936   0.688972   0.917326   0.657699   0.584874   0.041085   0.670496   0.609359   0.875292   0.727232   0.916620   0.698730   0.589409   0.049368   0.632692   0.615887   0.886225   0.748401   0.915627   0.721560   0.593986   0.055578   0.551083   0.628131   0.887692   0.751245   0.914407   0.724628   0.600999   0.058479   0.452628   0.642328   0.880550   0.737203   0.913585   0.709441   0.614638   0.056210   0.364989   0.656144   0.860935   0.699781   0.913490   0.669198   0.638154   0.047469   0.315600   0.668829   0.830342   0.643914   0.913848   0.609611   0.651010   0.044203   0.303210   0.675094   0.809139   0.606693   0.914555   0.570211   0.647059   0.046415   0.303310   0.675315   0.801253   0.593502   0.915295   0.556376   0.643344   0.044706   0.303730   0.675119   0.795463   0.583955   0.915764   0.546389   0.641837   0.042508   0.304268   0.674686   0.790964   0.576596   0.915992   0.538703   0.641362   0.040604   0.304665   0.674284   0.787064   0.570274   0.916051   0.532111   0.641052   0.039414   0.304826   0.674038   0.783377   0.564366   0.916253   0.525964   0.640753   0.038983   0.304849   0.673886   0.779939   0.558936   0.916765   0.520329   0.640502   0.038609 192165
  1   0.129894   0.667738   0.673228   0.410876   0.787386   0.370159   0.440967   0.048495   0.302497   0.674291   0.701421   0.445702   0.785882   0.404738   0.445948   0.049092   0.303261   0.673354   0.705457   0.451122   0.786501   0.410198   0.443807   0.042436   0.303782   0.672706   0.707790   0.454187   0.788331   0.413273   0.444146   0.038893   0.304193   0.672043   0.709351   0.456238   0.789394   0.415331   0.444139   0.037694   0.306154   0.670000   0.713248   0.461398   0.789422   0.420516   0.444378   0.036194   0.321004   0.662770   0.726566   0.479938   0.788920   0.439320   0.446373   0.030599   0.356995   0.651413   0.744433   0.505605   0.788013   0.465499   0.453947   0.025693   0.403907   0.640733   0.760322   0.529374   0.787577   0.489924   0.465148   0.028194   0.449245   0.632272   0.776346   0.554244   0.787785   0.515656   0.474926   0.035322   0.481441   0.627331   0.790471   0.576921   0.787642   0.539268   0.483923   0.043575   0.488044   0.627371   0.800381   0.593307   0.787168   0.556424   0.493479   0.051327   0.465815   0.632416   0.804420   0.600122   0.786478   0.563586   0.504048   0.057065   0.423259   0.640987   0.801701   0.595580   0.785546   0.558822   0.515517   0.059022   0.373465   0.651235   0.792372   0.580126   0.784852   0.542634   0.529063   0.056122   0.331032   0.661711   0.774662   0.551681   0.784865   0.513015   0.545300   0.047100   0.309298   0.669625   0.753803   0.519238   0.785336   0.479435   0.554005   0.040357   0.304943   0.672427   0.742048   0.501491   0.786002   0.461170   0.552762   0.038836   0.305245   0.672324   0.738144   0.495783   0.786566   0.455331   0.550158   0.037039   0.305545   0.672071   0.735357   0.491747   0.786820   0.451210   0.547648   0.035841   0.305800   0.671792   0.733045   0.488441   0.787013   0.447842   0.545419   0.035644   0.305994   0.671543   0.730919   0.485435   0.787054   0.444786   0.543295   0.036008   0.306110   0.671329   0.729107   0.482897   0.787090   0.442209   0.541196   0.035968   0.306177   0.671123   0.727632   0.480855   0.787456   0.440141   0.539110   0.035725 180878
  2   0.140090   0.679912   0.548536   0.276274   0.543768   0.239538   0.314979   0.074941   0.288471   0.698325   0.579949   0.305383   0.542046   0.267018   0.314175   0.079503   0.288012   0.696278   0.583133   0.308593   0.542303   0.270093   0.307301   0.080011   0.288310   0.694204   0.584505   0.310042   0.543701   0.271492   0.304192   0.081664   0.288661   0.692547   0.584309   0.309897   0.544481   0.271362   0.302273   0.083755   0.298389   0.681724   0.592722   0.318342   0.544329   0.279443   0.303955   0.085273   0.349890   0.648306   0.617369   0.344653   0.543562   0.304901   0.309438   0.092852   0.451831   0.603492   0.645334   0.376617   0.542408   0.336205   0.314755   0.118479   0.567198   0.567558   0.669209   0.405898   0.541892   0.365247   0.318896   0.150642   0.664349   0.546656   0.690214   0.432883   0.542044   0.392237   0.323375   0.173850   0.724223   0.542376   0.705272   0.453015   0.541932   0.412521   0.330186   0.189971   0.728824   0.555286   0.712930   0.463638   0.541634   0.423294   0.339484   0.200313   0.677214   0.581817   0.712037   0.462664   0.541243   0.422355   0.350638   0.204114   0.587182   0.615906   0.702398   0.449810   0.540739   0.409409   0.362480   0.200038   0.480331   0.652283   0.685751   0.427905   0.540247   0.387399   0.372764   0.187217   0.380776   0.684903   0.665028   0.401387   0.540232   0.360888   0.379152   0.162784   0.310749   0.709187   0.640471   0.371389   0.540707   0.331148   0.379514   0.127405   0.284456   0.717333   0.622101   0.349857   0.541317   0.309960   0.373478   0.104204   0.283628   0.713717   0.614609   0.341535   0.541694   0.301851   0.365476   0.098974   0.283572   0.710120   0.609800   0.336327   0.541696   0.296800   0.358268   0.097753   0.283289   0.707240   0.605879   0.332162   0.541775   0.292775   0.351565   0.098915   0.283106   0.704914   0.602069   0.328161   0.541846   0.288916   0.345621   0.099670   0.283111   0.702974   0.598181   0.324106   0.541887   0.285010   0.340311   0.099806   0.283172   0.701225   0.594647   0.320466   0.542194   0.281511   0.335437   0.100099 95373
  3   0.150900   0.677625   0.456191   0.198227   0.369070   0.166971   0.253284   0.079809   0.286939   0.694425   0.469593   0.207681   0.368888   0.175484   0.246451   0.096143   0.286028   0.693387   0.471306   0.209004   0.369311   0.176693   0.242353   0.098360   0.285913   0.691776   0.472629   0.210032   0.370630   0.177635   0.239817   0.102205   0.285655   0.690288   0.473121   0.210445   0.371334   0.178018   0.237746   0.107994   0.297827   0.677929   0.482586   0.217668   0.371200   0.184610   0.239898   0.112767   0.355696   0.641848   0.506574   0.237122   0.370525   0.202553   0.245780   0.120272   0.463355   0.595391   0.532386   0.259657   0.369518   0.223597   0.250445   0.143647   0.581665   0.557975   0.554036   0.279852   0.369141   0.242673   0.254544   0.172197   0.679604   0.534141   0.572317   0.297669   0.369452   0.259635   0.259608   0.186879   0.739326   0.526223   0.585531   0.311049   0.369520   0.272459   0.265870   0.193095   0.744703   0.537111   0.592651   0.318529   0.369342   0.279675   0.273105   0.196609   0.694665   0.564502   0.592641   0.318688   0.368986   0.279856   0.280682   0.197648   0.605536   0.601520   0.585326   0.311252   0.368455   0.272724   0.287378   0.193789   0.496828   0.642230   0.571893   0.297680   0.367928   0.259720   0.291778   0.184264   0.390643   0.680499   0.553715   0.279839   0.367822   0.242713   0.293191   0.165827   0.310149   0.711675   0.529222   0.257136   0.368130   0.221285   0.290523   0.138629   0.277102   0.724515   0.509270   0.239512   0.368613   0.204790   0.282813   0.123927   0.275343   0.721649   0.500528   0.232200   0.368945   0.198011   0.274434   0.123791   0.275345   0.717627   0.495164   0.227788   0.368941   0.193932   0.268358   0.126059   0.275525   0.713863   0.490858   0.224310   0.368995   0.190728   0.263536   0.129236   0.275862   0.710606   0.486775   0.221063   0.369044   0.187743   0.259658   0.130141   0.276193   0.707853   0.483005   0.218100   0.369074   0.185026   0.256069   0.129881   0.276418   0.705380   0.479948   0.215729   0.369331   0.182855   0.252490   0.130248 200461
  4   0.153068   0.672896   0.420820   0.173128   0.260996   0.144336   0.227795   0.202846   0.278004   0.683556   0.410080   0.165827   0.262470   0.137799   0.218730   0.335891   0.277845   0.680558   0.412433   0.167416   0.262901   0.139222   0.219732   0.357205   0.277753   0.678394   0.413767   0.168350   0.264175   0.140062   0.220849   0.370312   0.277234   0.677003   0.413965   0.168527   0.264831   0.140227   0.221644   0.384872   0.291701   0.670756   0.416198   0.170044   0.264709   0.141585   0.222302   0.395650   0.354839   0.648388   0.425581   0.176516   0.264066   0.147396   0.224684   0.392057   0.465586   0.613357   0.440828   0.187443   0.263156   0.157271   0.227966   0.391280   0.582561   0.580835   0.457086   0.199605   0.262963   0.168345   0.230851   0.399086   0.676686   0.557602   0.471806   0.211023   0.263481   0.178807   0.233819   0.394554   0.733919   0.546860   0.482988   0.219965   0.263780   0.187042   0.236481   0.384512   0.743214   0.551667   0.489282   0.225105   0.263812   0.191794   0.239000   0.375835   0.703435   0.571471   0.489952   0.225661   0.263583   0.192310   0.241246   0.369018   0.624502   0.602141   0.484874   0.221492   0.263090   0.188453   0.242460   0.361845   0.518708   0.640187   0.474270   0.212950   0.262521   0.180575   0.242008   0.357890   0.405002   0.680495   0.458329   0.200537   0.262255   0.169194   0.239918   0.362743   0.309330   0.714334   0.438949   0.186054   0.262333   0.156010   0.236176   0.376377   0.266409   0.726400   0.425602   0.176436   0.262629   0.147309   0.231682   0.392376   0.263422   0.720994   0.420602   0.173020   0.262852   0.144247   0.227933   0.403047   0.263192   0.714885   0.417259   0.170783   0.262780   0.142248   0.225188   0.413375   0.263209   0.709489   0.414478   0.168942   0.262783   0.140607   0.223167   0.422257   0.263353   0.704851   0.412148   0.167409   0.262813   0.139242   0.221382   0.423885   0.263324   0.700972   0.410162   0.166106   0.262851   0.138081   0.219532   0.422165   0.263029   0.697613   0.408671   0.165135   0.263104   0.137218   0.217650   0.422306 112816
  5   0.122105   0.669811   0.744105   0.504467   0.939763   0.464205   0.659759   0.022179   0.302813   0.678346   0.754239   0.519213   0.939023   0.479277   0.669407   0.023321   0.303299   0.676983   0.755789   0.521516   0.939945   0.481639   0.672477   0.024543   0.303629   0.675876   0.756797   0.523025   0.941965   0.483190   0.675865   0.025171   0.303847   0.675121   0.756596   0.522716   0.943097   0.482872   0.678053   0.025709   0.312059   0.673037   0.758589   0.525681   0.943140   0.485914   0.677633   0.025857   0.351467   0.664771   0.768474   0.540836   0.942700   0.501552   0.681299   0.024570   0.434227   0.648956   0.789145   0.573843   0.941839   0.535874   0.695978   0.024075   0.541202   0.631345   0.819017   0.624233   0.940945   0.588818   0.711754   0.028538   0.643537   0.616968   0.851723   0.682798   0.940824   0.651049   0.719638   0.035071   0.710628   0.608856   0.879770   0.735926   0.940566   0.708106   0.719806   0.039929   0.713300   0.609597   0.899504   0.775037   0.939819   0.750469   0.713985   0.043769   0.649787   0.618579   0.909794   0.795985   0.938841   0.773276   0.707427   0.047169   0.548817   0.631989   0.910807   0.798001   0.937621   0.775461   0.706736   0.048898   0.443037   0.645147   0.903620   0.783151   0.936968   0.759251   0.719925   0.046099   0.359007   0.657049   0.883689   0.743244   0.936944   0.715944   0.745426   0.040609   0.315828   0.667159   0.856842   0.691413   0.937156   0.660085   0.758169   0.042263   0.305528   0.671871   0.839314   0.659008   0.937726   0.625449   0.755822   0.046766   0.304907   0.672754   0.830141   0.642718   0.938417   0.608172   0.755038   0.046446   0.304598   0.673311   0.822488   0.629380   0.938858   0.594074   0.755645   0.044846   0.304512   0.673556   0.816037   0.618312   0.938905   0.582410   0.756713   0.042673   0.304576   0.673504   0.810778   0.609407   0.938863   0.573048   0.757966   0.040621   0.304640   0.673333   0.806462   0.602199   0.939121   0.565490   0.758893   0.039162   0.304722   0.673106   0.802859   0.596247   0.939695   0.559262   0.759607   0.037842 194446
  6   0.129904   0.666166   0.704024   0.449570   0.835990   0.408696   0.593993   0.038146   0.307137   0.671006   0.732800   0.487971   0.834961   0.447340   0.589498   0.041511   0.307795   0.669710   0.738234   0.495751   0.835614   0.455268   0.581991   0.037625   0.308366   0.668762   0.741728   0.500806   0.837565   0.460429   0.579829   0.035931   0.308766   0.668104   0.743461   0.503330   0.838681   0.463009   0.578826   0.035891   0.309597   0.667395   0.744647   0.505065   0.838694   0.464783   0.578165   0.035486   0.318141   0.664192   0.751054   0.514619   0.838247   0.474591   0.578459   0.031630   0.340442   0.657673   0.761275   0.530025   0.837333   0.490439   0.586700   0.025142   0.370500   0.650548   0.770377   0.544040   0.836892   0.504914   0.602707   0.022919   0.400261   0.644548   0.779632   0.558595   0.837298   0.520005   0.617942   0.026184   0.422226   0.640729   0.787776   0.571637   0.837388   0.533574   0.630825   0.031197   0.428608   0.640079   0.793223   0.580489   0.837084   0.542808   0.642062   0.035891   0.416143   0.642849   0.794933   0.583301   0.836521   0.545748   0.652206   0.038755   0.388468   0.648325   0.792244   0.578924   0.835598   0.541180   0.661869   0.038254   0.354242   0.655148   0.785446   0.567924   0.834869   0.529714   0.672965   0.034226   0.324863   0.662243   0.773359   0.548732   0.834843   0.509779   0.686526   0.029533   0.310769   0.667169   0.760752   0.529077   0.835241   0.489433   0.693433   0.028932   0.308494   0.668643   0.754413   0.519391   0.835847   0.479445   0.691329   0.030042   0.308557   0.668699   0.751842   0.515539   0.836383   0.475488   0.687708   0.029801   0.308661   0.668672   0.749804   0.512520   0.836597   0.472392   0.684099   0.029893   0.308781   0.668612   0.748149   0.510086   0.836735   0.469900   0.680378   0.030502   0.308894   0.668553   0.746750   0.508040   0.836748   0.467807   0.676357   0.031438   0.308987   0.668453   0.745660   0.506450   0.836778   0.466181   0.672364   0.032080   0.309084   0.668286   0.744966   0.505444   0.837144   0.465154   0.668708   0.032372 244257
  7   0.136850   0.668314   0.616567   0.344785   0.685042   0.305179   0.401881   0.049025   0.301990   0.675475   0.646728   0.377001   0.681965   0.336348   0.406308   0.049861   0.302684   0.674426   0.650429   0.381236   0.682523   0.340492   0.402771   0.043196   0.303205   0.673518   0.653207   0.384443   0.684248   0.343635   0.402063   0.039599   0.303648   0.672717   0.654873   0.386368   0.685242   0.345521   0.401950   0.038152   0.305837   0.670205   0.658543   0.390659   0.685235   0.349737   0.402665   0.036986   0.322523   0.660976   0.671231   0.406236   0.684687   0.365177   0.404587   0.033633   0.363039   0.646572   0.687474   0.426830   0.683749   0.385707   0.410582   0.033703   0.415476   0.633514   0.701623   0.445579   0.683362   0.404549   0.419851   0.041991   0.464529   0.624056   0.716280   0.465679   0.683646   0.424877   0.428405   0.053544   0.496767   0.619742   0.728820   0.483404   0.683596   0.442904   0.436738   0.064693   0.499889   0.621760   0.736850   0.495028   0.683254   0.454777   0.445638   0.073331   0.473373   0.629427   0.738959   0.498154   0.682726   0.457984   0.455303   0.077909   0.428092   0.640618   0.734668   0.491992   0.681953   0.451698   0.465179   0.077121   0.376997   0.653122   0.724842   0.477986   0.681270   0.437430   0.474932   0.070300   0.333227   0.664938   0.709777   0.456997   0.681196   0.416139   0.485403   0.058215   0.309279   0.673280   0.692675   0.433828   0.681594   0.392758   0.490475   0.049589   0.303516   0.675994   0.682443   0.420312   0.682167   0.379183   0.488041   0.047028   0.303689   0.675555   0.679062   0.415979   0.682626   0.374855   0.484477   0.044842   0.303923   0.675038   0.676684   0.412953   0.682779   0.371835   0.481386   0.043280   0.304133   0.674568   0.674648   0.410394   0.682952   0.369289   0.478572   0.042706   0.304323   0.674135   0.672797   0.408083   0.683032   0.366992   0.475899   0.042526   0.304414   0.673796   0.670981   0.405835   0.683075   0.364761   0.473332   0.042129   0.304384   0.673573   0.669211   0.403670   0.683416   0.362616   0.470772   0.041650 196823
  8   0.162285   0.667083   0.410680   0.164796   0.261286   0.136664   0.243509   0.054232   0.302930   0.672872   0.411216   0.164673   0.260790   0.136482   0.239556   0.067719   0.303533   0.671738   0.413140   0.165896   0.261306   0.137563   0.241052   0.069832   0.303928   0.670978   0.413862   0.166371   0.262700   0.137986   0.242263   0.071615   0.304128   0.670494   0.413979   0.166456   0.263503   0.138063   0.242970   0.073248   0.307679   0.666898   0.416031   0.167829   0.263452   0.139287   0.243856   0.074702   0.330988   0.651268   0.423808   0.173168   0.262894   0.144070   0.245985   0.077192   0.381096   0.625934   0.434422   0.180629   0.262007   0.150780   0.250234   0.086363   0.440055   0.603180   0.444747   0.188092   0.261715   0.157524   0.256287   0.099769   0.490789   0.588132   0.454914   0.195624   0.262163   0.164359   0.262651   0.109630   0.520952   0.583293   0.462908   0.201675   0.262393   0.169871   0.268613   0.116561   0.521933   0.589892   0.467235   0.205016   0.262342   0.172925   0.273841   0.120686   0.495268   0.605737   0.467497   0.205230   0.262067   0.173122   0.277773   0.120816   0.449954   0.626684   0.463862   0.202418   0.261506   0.170552   0.279776   0.115401   0.395930   0.649854   0.457026   0.197186   0.260928   0.165777   0.279675   0.106323   0.345070   0.671935   0.447722   0.190215   0.260776   0.159439   0.277781   0.096090   0.311870   0.687007   0.437624   0.182843   0.260985   0.152766   0.274278   0.086529   0.300711   0.691514   0.430698   0.177904   0.261373   0.148313   0.270045   0.081860   0.300034   0.690128   0.427389   0.175608   0.261674   0.146252   0.266248   0.081205   0.299846   0.688603   0.424782   0.173821   0.261675   0.144651   0.263130   0.083495   0.299737   0.687217   0.422334   0.172160   0.261701   0.143167   0.260520   0.086377   0.299475   0.686052   0.420023   0.170610   0.261704   0.141784   0.257973   0.086422   0.299095   0.685112   0.417936   0.169226   0.261710   0.140551   0.255385   0.085454   0.298632   0.684367   0.416052   0.167995   0.261956   0.139458   0.252929   0.085787 356142
  9   0.162636   0.673746   0.368319   0.138618   0.200221   0.113611   0.205066   0.095089   0.291118   0.685441   0.355542   0.130626   0.199727   0.106558   0.197243   0.134649   0.292001   0.683105   0.357791   0.131873   0.200252   0.107637   0.198689   0.142943   0.292424   0.681640   0.358705   0.132397   0.201546   0.108092   0.199975   0.149193   0.292622   0.680610   0.358791   0.132449   0.202268   0.108137   0.200743   0.154969   0.302176   0.671810   0.363355   0.135071   0.202224   0.110418   0.202401   0.160048   0.346740   0.643666   0.375653   0.142464   0.201681   0.116899   0.205222   0.169936   0.429781   0.604014   0.390186   0.151633   0.200836   0.125000   0.208183   0.188598   0.521742   0.569392   0.403730   0.160499   0.200612   0.132882   0.211825   0.204598   0.598964   0.546139   0.416087   0.168834   0.201087   0.140330   0.215844   0.209417   0.645425   0.538240   0.425806   0.175565   0.201343   0.146372   0.219674   0.210030   0.649087   0.547982   0.431501   0.179596   0.201327   0.150005   0.223378   0.209999   0.610374   0.572697   0.432312   0.180184   0.201076   0.150537   0.226633   0.207958   0.541791   0.606098   0.428115   0.177197   0.200552   0.147844   0.228577   0.201053   0.457585   0.643692   0.419664   0.171268   0.199993   0.142510   0.228620   0.192369   0.374119   0.680380   0.407287   0.162828   0.199797   0.134954   0.227034   0.184485   0.311308   0.708354   0.391835   0.152665   0.199933   0.125909   0.224130   0.173980   0.285360   0.718508   0.379739   0.144979   0.200257   0.119109   0.220187   0.167148   0.283266   0.715720   0.373589   0.141232   0.200509   0.115818   0.216239   0.166297   0.283036   0.712099   0.369240   0.138632   0.200482   0.113541   0.213128   0.169292   0.283198   0.708706   0.365510   0.136426   0.200495   0.111614   0.210718   0.172777   0.283257   0.705830   0.362162   0.134475   0.200492   0.109912   0.208406   0.171743   0.282930   0.703643   0.359236   0.132791   0.200490   0.108447   0.206004   0.169405   0.282568   0.701728   0.356912   0.131465   0.200713   0.107295   0.203767   0.169335 213652
 10   0.122346   0.668114   0.756306   0.522537   0.938988   0.482735   0.718980   0.022965   0.305922   0.675043   0.768086   0.540073   0.938264   0.500732   0.730827   0.021636   0.306271   0.673828   0.770017   0.543003   0.939172   0.503750   0.736124   0.022296   0.306539   0.672770   0.771603   0.545429   0.941321   0.506251   0.741639   0.022978   0.306761   0.672016   0.771985   0.546001   0.942554   0.506838   0.745486   0.023832   0.310953   0.670770   0.772982   0.547527   0.942672   0.508412   0.746607   0.024683   0.333592   0.665764   0.779246   0.557376   0.942285   0.518623   0.749182   0.024664   0.381269   0.655849   0.792098   0.578042   0.941400   0.540135   0.760433   0.024193   0.441398   0.644718   0.810018   0.607884   0.940591   0.571406   0.775999   0.026651   0.499318   0.635432   0.830743   0.643770   0.940716   0.609287   0.788016   0.031795   0.539599   0.629731   0.849570   0.677631   0.940683   0.645287   0.795631   0.036479   0.545068   0.629260   0.863558   0.703614   0.940166   0.673080   0.799773   0.039747   0.511717   0.634083   0.871331   0.718349   0.939386   0.688902   0.801845   0.041832   0.454302   0.642125   0.872500   0.720550   0.938263   0.691262   0.805187   0.042447   0.391229   0.650261   0.868079   0.712040   0.937648   0.682098   0.816485   0.038093   0.339967   0.658035   0.854940   0.687379   0.937688   0.655668   0.833980   0.032032   0.314981   0.664128   0.838584   0.657331   0.937934   0.623596   0.841845   0.033514   0.309897   0.666481   0.828946   0.640110   0.938514   0.605311   0.839907   0.037449   0.309508   0.667060   0.823473   0.630556   0.939193   0.595212   0.838597   0.037621   0.309240   0.667481   0.818737   0.622383   0.939549   0.586592   0.838240   0.036723   0.308984   0.667814   0.814477   0.615105   0.939520   0.578930   0.838395   0.035235   0.308740   0.668072   0.810743   0.608777   0.939480   0.572277   0.838482   0.033749   0.308545   0.668253   0.807555   0.603418   0.939754   0.566653   0.837911   0.032912   0.308419   0.668352   0.804809   0.598841   0.940326   0.561856   0.837115   0.032219 435641
 11   0.124906   0.669330   0.735501   0.492470   0.932127   0.452040   0.643844   0.026304   0.305915   0.677389   0.749688   0.512519   0.931247   0.472423   0.651546   0.025219   0.306360   0.676002   0.751793   0.515561   0.932133   0.475528   0.652510   0.025287   0.306711   0.674794   0.753515   0.518079   0.934189   0.478103   0.654635   0.024732   0.306939   0.673925   0.754056   0.518862   0.935334   0.478903   0.656113   0.024233   0.309024   0.673005   0.754510   0.519527   0.935353   0.479583   0.655731   0.023842   0.325012   0.669163   0.759381   0.526890   0.934869   0.487161   0.655028   0.022429   0.361364   0.660546   0.770361   0.543747   0.933980   0.504560   0.661169   0.020133   0.407815   0.650067   0.786112   0.568635   0.933355   0.530386   0.674188   0.020601   0.453790   0.640855   0.805377   0.600211   0.933606   0.563377   0.685630   0.024281   0.488751   0.634639   0.823936   0.631796   0.933672   0.596609   0.692890   0.028522   0.499760   0.632896   0.838284   0.657047   0.933237   0.623344   0.697933   0.032185   0.480556   0.636093   0.846726   0.672264   0.932453   0.639529   0.702397   0.034823   0.437275   0.642968   0.848713   0.675898   0.931326   0.643404   0.708393   0.035203   0.383530   0.651011   0.844981   0.669124   0.930597   0.636190   0.719400   0.031538   0.336895   0.659470   0.832076   0.646130   0.930508   0.611788   0.734769   0.027228   0.313084   0.666711   0.814035   0.614617   0.930731   0.578469   0.742884   0.029351   0.308130   0.669726   0.802625   0.595194   0.931279   0.558034   0.741744   0.033579   0.307855   0.670169   0.796986   0.585886   0.931874   0.548297   0.739679   0.034486   0.307684   0.670454   0.792251   0.578166   0.932184   0.540240   0.738003   0.034458   0.307567   0.670645   0.788059   0.571406   0.932242   0.533199   0.736504   0.034120   0.307490   0.670753   0.784374   0.565521   0.932240   0.527082   0.734992   0.033866   0.307475   0.670770   0.781256   0.560584   0.932441   0.521957   0.733493   0.033685   0.307516   0.670723   0.778556   0.556338   0.932930   0.517555   0.732339   0.033321 504086
 12   0.134110   0.665583   0.664218   0.398770   0.756538   0.357966   0.559610   0.034952   0.307151   0.670346   0.686120   0.424725   0.755261   0.383535   0.565578   0.037509   0.307630   0.669744   0.687638   0.426683   0.755918   0.385494   0.563914   0.034113   0.308082   0.669125   0.688905   0.428323   0.757765   0.387135   0.565203   0.032437   0.308366   0.668707   0.689191   0.428700   0.758815   0.387513   0.565551   0.031775   0.309004   0.668179   0.689247   0.428775   0.758773   0.387587   0.564945   0.031442   0.317113   0.664848   0.693256   0.434093   0.758173   0.392931   0.564259   0.029323   0.340002   0.657750   0.700352   0.443548   0.757129   0.402440   0.569292   0.026736   0.371948   0.650062   0.707118   0.452667   0.756726   0.411630   0.581230   0.028455   0.402674   0.644022   0.714108   0.462247   0.757211   0.421315   0.593738   0.033909   0.423632   0.640639   0.720255   0.470805   0.757377   0.429993   0.604426   0.039579   0.427554   0.640618   0.724435   0.476704   0.757169   0.435989   0.612981   0.043582   0.412788   0.644036   0.725628   0.478426   0.756713   0.437747   0.619497   0.044701   0.384690   0.650067   0.723260   0.475112   0.755934   0.434383   0.624026   0.042328   0.352015   0.657331   0.717909   0.467605   0.755188   0.426761   0.627274   0.036863   0.324433   0.664365   0.709929   0.456490   0.755037   0.415492   0.631025   0.030929   0.310656   0.668853   0.701951   0.445507   0.755368   0.404379   0.631490   0.028829   0.308095   0.669988   0.697946   0.440064   0.755909   0.398886   0.627469   0.029091   0.308181   0.669794   0.696602   0.438267   0.756343   0.397077   0.623271   0.028738   0.308267   0.669607   0.695382   0.436654   0.756426   0.395458   0.619474   0.028718   0.308351   0.669452   0.694161   0.435056   0.756526   0.393856   0.616012   0.029143   0.308437   0.669308   0.693008   0.433558   0.756582   0.392357   0.612658   0.029605   0.308509   0.669128   0.692115   0.432408   0.756622   0.391207   0.609311   0.029859   0.308594   0.668889   0.691596   0.431747   0.756961   0.390548   0.606184   0.030094 368027
 13   0.151004   0.667326   0.516747   0.246311   0.460465   0.211173   0.336270   0.042823   0.304485   0.673722   0.537488   0.263172   0.459798   0.226716   0.339055   0.048575   0.304887   0.673052   0.538610   0.264147   0.460332   0.227625   0.338717   0.045246   0.305082   0.672434   0.539244   0.264711   0.461854   0.228154   0.338891   0.044671   0.305193   0.671953   0.539354   0.264809   0.462727   0.228245   0.338767   0.044974   0.307709   0.669157   0.541336   0.266589   0.462663   0.229914   0.339579   0.045294   0.327108   0.657331   0.549771   0.274474   0.462033   0.237360   0.342430   0.044269   0.371727   0.637704   0.560017   0.284281   0.461036   0.246659   0.349388   0.047070   0.426473   0.619340   0.568655   0.292781   0.460677   0.254758   0.359988   0.056773   0.472164   0.607364   0.577219   0.301390   0.461084   0.262993   0.370840   0.067946   0.495493   0.604206   0.583657   0.308012   0.461241   0.269354   0.380770   0.077353   0.490659   0.610204   0.586775   0.311298   0.461120   0.272523   0.389195   0.083540   0.461999   0.622900   0.586035   0.310561   0.460782   0.271820   0.395690   0.085035   0.419659   0.638926   0.581512   0.305882   0.460175   0.267322   0.399704   0.080907   0.373789   0.655578   0.574177   0.298369   0.459563   0.260111   0.400900   0.071638   0.334441   0.670175   0.565560   0.289705   0.459424   0.251823   0.399571   0.059624   0.311217   0.679291   0.557590   0.281860   0.459705   0.244348   0.395643   0.050493   0.304427   0.681577   0.552984   0.277409   0.460165   0.240120   0.390067   0.047191   0.304044   0.680728   0.551139   0.275669   0.460505   0.238475   0.384668   0.046605   0.303698   0.680014   0.549575   0.274220   0.460503   0.237108   0.379743   0.047430   0.303347   0.679444   0.548096   0.272868   0.460541   0.235837   0.375225   0.048971   0.303151   0.678878   0.546633   0.271537   0.460568   0.234586   0.371228   0.049723   0.303020   0.678354   0.545186   0.270221   0.460590   0.233349   0.367634   0.050064   0.302790   0.677952   0.543887   0.269051   0.460870   0.232250   0.364264   0.050589 383186
 14   0.156972   0.666700   0.464434   0.203279   0.362520   0.171397   0.291345   0.047275   0.304878   0.672396   0.477339   0.212321   0.362047   0.179520   0.291245   0.055536   0.305252   0.671547   0.478962   0.213528   0.362548   0.180616   0.291455   0.054673   0.305520   0.670733   0.480457   0.214681   0.363998   0.181670   0.292062   0.055487   0.305699   0.670102   0.481371   0.215395   0.364833   0.182323   0.292439   0.057115   0.308207   0.667518   0.483430   0.217024   0.364762   0.183817   0.293256   0.058358   0.327140   0.655884   0.490689   0.222940   0.364155   0.189272   0.295627   0.058564   0.370298   0.635882   0.500619   0.231205   0.363208   0.196921   0.301102   0.063378   0.422681   0.617070   0.510371   0.239535   0.362874   0.204666   0.309019   0.074770   0.467211   0.604548   0.520045   0.247974   0.363289   0.212541   0.317248   0.086234   0.491565   0.600892   0.527427   0.254552   0.363479   0.218703   0.324890   0.095356   0.489512   0.606445   0.531435   0.258215   0.363391   0.222149   0.331150   0.101220   0.464772   0.618795   0.531639   0.258457   0.363073   0.222386   0.335577   0.102627   0.425025   0.635187   0.527876   0.255079   0.362484   0.219218   0.337946   0.098406   0.378804   0.653139   0.520789   0.248728   0.361892   0.213263   0.338219   0.089124   0.337117   0.669648   0.511729   0.240747   0.361753   0.205803   0.336542   0.077060   0.311520   0.680394   0.502760   0.233017   0.362010   0.198604   0.332922   0.067275   0.303731   0.683347   0.497140   0.228259   0.362449   0.194188   0.328248   0.063658   0.303356   0.682435   0.494622   0.226169   0.362787   0.192253   0.323964   0.063375   0.303091   0.681546   0.492606   0.224522   0.362796   0.190734   0.320222   0.064849   0.302810   0.680777   0.490811   0.223080   0.362829   0.189407   0.316763   0.067053   0.302594   0.680034   0.489141   0.221745   0.362848   0.188180   0.313628   0.067764   0.302450   0.679313   0.487599   0.220517   0.362869   0.187052   0.310848   0.067565   0.302223   0.678714   0.486275   0.219475   0.363138   0.186096   0.308251   0.067731 405709
 15   0.124500   0.667806   0.749003   0.511522   0.936213   0.471404   0.734550   0.021878   0.307732   0.674434   0.761492   0.529855   0.935499   0.490169   0.743984   0.019773   0.308071   0.673199   0.763772   0.533273   0.936418   0.493681   0.748292   0.020270   0.308401   0.672086   0.765717   0.536211   0.938553   0.496704   0.753344   0.020530   0.308661   0.671290   0.766435   0.537291   0.939757   0.497814   0.757190   0.020894   0.309812   0.670555   0.766663   0.537622   0.939843   0.498153   0.759097   0.021244   0.320508   0.667610   0.770087   0.542910   0.939447   0.503615   0.759504   0.021396   0.345876   0.661042   0.778228   0.555643   0.938570   0.516801   0.765053   0.020510   0.377769   0.653271   0.789856   0.574235   0.937829   0.536133   0.777040   0.020777   0.407345   0.646744   0.803943   0.597359   0.938095   0.560297   0.788113   0.023266   0.427364   0.642648   0.817200   0.619719   0.938257   0.583780   0.795601   0.025740   0.430807   0.641782   0.827219   0.637027   0.937925   0.602040   0.800491   0.027426   0.415983   0.644154   0.833075   0.647308   0.937258   0.612919   0.803837   0.028191   0.387896   0.648851   0.834468   0.649771   0.936187   0.615529   0.807273   0.027584   0.354066   0.654251   0.832015   0.645437   0.935534   0.610937   0.816079   0.024162   0.325608   0.660065   0.822754   0.629317   0.935483   0.593906   0.830706   0.021569   0.312783   0.664516   0.811144   0.609332   0.935668   0.572837   0.838440   0.024630   0.310906   0.666021   0.804695   0.598424   0.936192   0.561375   0.837168   0.028541   0.310681   0.666407   0.800982   0.592251   0.936794   0.554910   0.835291   0.029591   0.310481   0.666704   0.797703   0.586848   0.937088   0.549260   0.833903   0.029710   0.310314   0.666932   0.794698   0.581931   0.937055   0.544125   0.833049   0.029217   0.310185   0.667089   0.792076   0.577668   0.936995   0.539679   0.832272   0.028576   0.310099   0.667190   0.789862   0.574091   0.937208   0.535953   0.831165   0.028277   0.310046   0.667233   0.787980   0.571068   0.937719   0.532808   0.830142   0.028012 1086704
 16   0.125673   0.667881   0.737037   0.494147   0.931251   0.453653   0.714490   0.024653   0.307607   0.674641   0.750188   0.512928   0.930424   0.472780   0.721918   0.021813   0.307898   0.673518   0.752253   0.515941   0.931252   0.475860   0.723888   0.021500   0.308191   0.672489   0.754030   0.518558   0.933304   0.478541   0.727000   0.021058   0.308429   0.671745   0.754661   0.519480   0.934464   0.479484   0.729375   0.021054   0.309055   0.671152   0.754583   0.519347   0.934504   0.479343   0.730368   0.021178   0.316644   0.668972   0.756808   0.522684   0.934040   0.482773   0.729194   0.021301   0.336293   0.663691   0.763073   0.532183   0.933114   0.492553   0.731207   0.020635   0.361986   0.656966   0.772461   0.546661   0.932481   0.507507   0.739976   0.020667   0.386129   0.651069   0.784092   0.565002   0.932865   0.526529   0.749883   0.022682   0.402497   0.647233   0.795425   0.583288   0.933090   0.545575   0.757188   0.024942   0.405557   0.646191   0.804207   0.597758   0.932836   0.560706   0.762278   0.026330   0.393999   0.647999   0.809365   0.606377   0.932235   0.569742   0.766133   0.026563   0.371388   0.651956   0.810453   0.608211   0.931221   0.571668   0.770221   0.025360   0.344055   0.656755   0.807924   0.603970   0.930539   0.567219   0.778674   0.022000   0.321319   0.661998   0.799418   0.589866   0.930465   0.552454   0.792113   0.020125   0.311321   0.665834   0.789408   0.573428   0.930668   0.535276   0.798753   0.023132   0.309970   0.667011   0.784140   0.564918   0.931183   0.526411   0.796835   0.026339   0.309833   0.667283   0.781023   0.559954   0.931733   0.521253   0.794718   0.027096   0.309725   0.667482   0.778260   0.555590   0.931960   0.516725   0.792833   0.027248   0.309641   0.667644   0.775714   0.551593   0.931949   0.512584   0.791070   0.027274   0.309569   0.667779   0.773402   0.547986   0.931900   0.508851   0.789341   0.027272   0.309535   0.667855   0.771418   0.544911   0.932059   0.505671   0.787603   0.027275   0.309538   0.667849   0.769809   0.542430   0.932524   0.503109   0.786159   0.027130 949709
 17   0.127087   0.668733   0.719129   0.469040   0.933155   0.428165   0.661392   0.027778   0.306808   0.676403   0.732288   0.487065   0.932154   0.446385   0.665209   0.024546   0.307072   0.675342   0.733765   0.489107   0.932943   0.448451   0.664225   0.024329   0.307381   0.674306   0.735219   0.491151   0.934846   0.450527   0.664800   0.023849   0.307647   0.673506   0.735777   0.491928   0.935887   0.451315   0.665351   0.023490   0.308434   0.672844   0.735680   0.491767   0.935832   0.451147   0.665130   0.023267   0.317119   0.670443   0.737966   0.495054   0.935228   0.454498   0.663801   0.022987   0.339123   0.664549   0.744692   0.504845   0.934258   0.464504   0.665359   0.022317   0.367669   0.656949   0.754814   0.519856   0.933698   0.479898   0.673001   0.022888   0.394403   0.650236   0.767346   0.538911   0.934081   0.499529   0.682332   0.025292   0.412867   0.645758   0.779854   0.558433   0.934270   0.519739   0.689434   0.027818   0.417024   0.644387   0.789912   0.574509   0.933981   0.536454   0.694649   0.029344   0.404880   0.646318   0.796146   0.584644   0.933311   0.547026   0.699004   0.029486   0.379920   0.650799   0.797944   0.587601   0.932290   0.550116   0.704013   0.028137   0.349132   0.656428   0.795583   0.583744   0.931584   0.546090   0.712360   0.024531   0.323145   0.662567   0.786715   0.569417   0.931498   0.531163   0.723850   0.022163   0.311090   0.667036   0.775938   0.552180   0.931753   0.513237   0.729290   0.024710   0.309073   0.668460   0.769958   0.542777   0.932302   0.503490   0.727387   0.027894   0.308912   0.668780   0.766395   0.537278   0.932830   0.497810   0.725139   0.028996   0.308789   0.669023   0.763226   0.532429   0.933015   0.492809   0.723103   0.029363   0.308718   0.669194   0.760392   0.528127   0.933016   0.488378   0.721254   0.029582   0.308681   0.669327   0.757817   0.524247   0.932972   0.484387   0.719650   0.029858   0.308659   0.669399   0.755606   0.520929   0.933105   0.480978   0.718320   0.029752   0.308681   0.669369   0.753862   0.518327   0.933531   0.478307   0.717252   0.029335 644813
 18   0.139781   0.665504   0.623474   0.351243   0.663108   0.311269   0.494794   0.035842   0.307283   0.670278   0.640635   0.369136   0.661845   0.328493   0.499915   0.040689   0.307710   0.669756   0.641745   0.370400   0.662465   0.329729   0.498291   0.036774   0.308120   0.669120   0.642672   0.371475   0.664204   0.330783   0.499300   0.034810   0.308338   0.668724   0.642522   0.371306   0.665197   0.330618   0.500167   0.033960   0.309196   0.667939   0.642554   0.371336   0.665132   0.330647   0.500281   0.033538   0.319599   0.663177   0.646917   0.376505   0.664480   0.335735   0.501109   0.032073   0.347523   0.653768   0.654098   0.385081   0.663413   0.344191   0.507651   0.031426   0.385102   0.644186   0.660769   0.393163   0.663019   0.352181   0.519995   0.035624   0.418743   0.637436   0.667279   0.401183   0.663487   0.360133   0.532929   0.043028   0.438726   0.634563   0.672196   0.407337   0.663674   0.366252   0.544377   0.049791   0.439006   0.635923   0.674771   0.410590   0.663526   0.369493   0.553466   0.053900   0.419937   0.641151   0.674462   0.410208   0.663140   0.369114   0.559702   0.054365   0.388787   0.648939   0.671097   0.405982   0.662460   0.364909   0.562835   0.050877   0.354496   0.657702   0.665519   0.399029   0.661769   0.358001   0.563142   0.044191   0.325965   0.665773   0.658747   0.390675   0.661603   0.349715   0.562114   0.037222   0.311149   0.670725   0.652630   0.383207   0.661907   0.342323   0.559093   0.033898   0.308011   0.671861   0.649669   0.379629   0.662408   0.338788   0.554179   0.033450   0.308086   0.671479   0.648841   0.378648   0.662786   0.337822   0.549643   0.033282   0.308160   0.671115   0.648026   0.377687   0.662803   0.336876   0.545681   0.033394   0.308227   0.670802   0.647142   0.376648   0.662865   0.335855   0.542232   0.033779   0.308293   0.670533   0.646193   0.375542   0.662917   0.334769   0.539027   0.034256   0.308343   0.670272   0.645362   0.374578   0.662954   0.333824   0.535915   0.034629   0.308384   0.669969   0.644903   0.374053   0.663269   0.333310   0.533037   0.034889 312396
 19   0.144673   0.666146   0.574069   0.299927   0.571238   0.261862   0.399549   0.041232   0.305421   0.671503   0.596141   0.320317   0.570085   0.281077   0.404207   0.046025   0.305930   0.670973   0.597598   0.321796   0.570682   0.282494   0.403481   0.040498   0.306248   0.670436   0.598105   0.322312   0.572329   0.282988   0.404352   0.038682   0.306439   0.670044   0.597844   0.322035   0.573276   0.282720   0.405198   0.037986   0.307994   0.668369   0.598857   0.323076   0.573229   0.283719   0.406213   0.037469   0.322363   0.660726   0.605735   0.330446   0.572603   0.290848   0.408793   0.035715   0.357818   0.647702   0.614662   0.340168   0.571596   0.300277   0.416585   0.036381   0.402723   0.635555   0.621826   0.348155   0.571239   0.308057   0.428869   0.043105   0.441165   0.627468   0.628932   0.356238   0.571679   0.315960   0.441248   0.052377   0.462273   0.624750   0.634253   0.362411   0.571855   0.322016   0.452418   0.060674   0.459892   0.627728   0.636790   0.365400   0.571724   0.324957   0.461700   0.065794   0.436472   0.635303   0.635965   0.364453   0.571357   0.324030   0.468694   0.066414   0.400808   0.645542   0.631784   0.359606   0.570706   0.319275   0.473005   0.062116   0.361861   0.656716   0.625204   0.352062   0.570062   0.311889   0.474455   0.053867   0.328872   0.666949   0.617355   0.343191   0.569920   0.303227   0.473929   0.044546   0.310767   0.673384   0.610106   0.335121   0.570210   0.295368   0.471129   0.039008   0.306297   0.674967   0.606367   0.331014   0.570686   0.291378   0.466311   0.037768   0.306235   0.674459   0.605240   0.329803   0.571049   0.290207   0.461502   0.037601   0.306198   0.673997   0.604231   0.328734   0.571066   0.289175   0.457203   0.038079   0.306140   0.673612   0.603243   0.327700   0.571117   0.288179   0.453327   0.038895   0.306097   0.673292   0.602146   0.326557   0.571150   0.287079   0.449838   0.039428   0.306056   0.673001   0.601096   0.325469   0.571180   0.286033   0.446548   0.039770   0.305991   0.672705   0.600340   0.324694   0.571479   0.285289   0.443410   0.040108 349662
 20   0.123355   0.666670   0.762430   0.531456   0.942885   0.491852   0.796628   0.020828   0.308651   0.672225   0.774587   0.549902   0.942185   0.510847   0.808708   0.016541   0.308916   0.671110   0.776844   0.553407   0.943059   0.514472   0.814238   0.017265   0.309222   0.670105   0.778713   0.556330   0.945224   0.517498   0.820061   0.018434   0.309468   0.669412   0.779338   0.557304   0.946471   0.518506   0.823904   0.019544   0.310362   0.668790   0.779447   0.557470   0.946638   0.518678   0.825371   0.020348   0.319564   0.666045   0.782478   0.562297   0.946243   0.523692   0.824836   0.020637   0.342116   0.659927   0.789879   0.574203   0.945321   0.536086   0.829409   0.020174   0.370488   0.652896   0.800155   0.591045   0.944580   0.553680   0.840616   0.020609   0.396105   0.647206   0.812216   0.611274   0.944906   0.574903   0.850948   0.022772   0.412440   0.643840   0.823325   0.630329   0.945188   0.594979   0.857821   0.024842   0.414106   0.643371   0.831522   0.644672   0.944929   0.610148   0.861849   0.026135   0.400148   0.645712   0.836171   0.652916   0.944294   0.618888   0.864005   0.026425   0.375231   0.650036   0.836998   0.654397   0.943202   0.620461   0.866096   0.025397   0.346233   0.654955   0.834444   0.649869   0.942513   0.615661   0.874078   0.022078   0.322682   0.660181   0.826062   0.635164   0.942405   0.600102   0.888169   0.020113   0.312710   0.663936   0.816291   0.618165   0.942523   0.582144   0.894707   0.022952   0.311435   0.665086   0.811102   0.609269   0.943014   0.572773   0.892282   0.026137   0.311265   0.665416   0.807883   0.603833   0.943614   0.567062   0.889806   0.027118   0.311100   0.665677   0.804992   0.598986   0.943883   0.561978   0.887837   0.027181   0.310936   0.665897   0.802291   0.594488   0.943789   0.557265   0.886257   0.026642   0.310798   0.666068   0.799892   0.590518   0.943729   0.553110   0.884884   0.026025   0.310714   0.666183   0.797848   0.587158   0.943981   0.549598   0.883407   0.025722   0.310676   0.666236   0.796125   0.584341   0.944533   0.546657   0.881851   0.025573 879871
 21   0.123942   0.666536   0.754899   0.520077   0.939078   0.480142   0.786146   0.022183   0.308510   0.672109   0.765517   0.535892   0.938454   0.496372   0.795808   0.018453   0.308806   0.671266   0.766917   0.538010   0.939331   0.498552   0.799397   0.019295   0.309086   0.670482   0.768082   0.539786   0.941435   0.500382   0.803525   0.020271   0.309289   0.669973   0.768115   0.539830   0.942686   0.500426   0.806216   0.021191   0.309569   0.669688   0.767246   0.538489   0.942808   0.499042   0.807065   0.022118   0.314408   0.668336   0.767740   0.539258   0.942335   0.499836   0.805652   0.023603   0.328924   0.664548   0.771307   0.544797   0.941424   0.505565   0.806461   0.024797   0.349230   0.659536   0.777335   0.554242   0.940792   0.515349   0.812715   0.025780   0.368579   0.655141   0.785161   0.566683   0.941274   0.528271   0.820163   0.027983   0.381655   0.652322   0.792799   0.579010   0.941707   0.541112   0.825689   0.030209   0.383923   0.651623   0.798475   0.588302   0.941591   0.550816   0.829079   0.031184   0.374417   0.653073   0.801491   0.593285   0.941046   0.556029   0.830753   0.030794   0.356180   0.656211   0.801426   0.593189   0.940061   0.555930   0.831941   0.028963   0.334689   0.660025   0.798579   0.588502   0.939438   0.551031   0.837362   0.024644   0.317635   0.663957   0.791800   0.577421   0.939386   0.539461   0.846700   0.021626   0.310784   0.666537   0.784665   0.565855   0.939562   0.527403   0.849011   0.023439   0.310074   0.667240   0.780879   0.559809   0.940049   0.521118   0.844903   0.025608   0.309993   0.667448   0.778314   0.555752   0.940598   0.516909   0.841733   0.025854   0.309928   0.667586   0.776020   0.552147   0.940817   0.513172   0.838918   0.025541   0.309880   0.667697   0.773876   0.548794   0.940695   0.509700   0.836035   0.025337   0.309850   0.667775   0.771963   0.545817   0.940580   0.506619   0.833230   0.025453   0.309837   0.667789   0.770399   0.543392   0.940773   0.504112   0.830838   0.025530   0.309837   0.667740   0.769131   0.541437   0.941266   0.502093   0.828889   0.025485 1078198
 22   0.125211   0.667010   0.740014   0.498250   0.930832   0.457804   0.755454   0.027062   0.308224   0.673236   0.749557   0.511951   0.930068   0.471770   0.761304   0.023768   0.308486   0.672711   0.749843   0.512351   0.930863   0.472176   0.761915   0.024559   0.308724   0.672175   0.750056   0.512661   0.932864   0.472493   0.762955   0.025351   0.308893   0.671887   0.749223   0.511430   0.934076   0.471232   0.762677   0.026178   0.309097   0.671843   0.747386   0.508727   0.934190   0.468464   0.760940   0.027202   0.313088   0.671013   0.746312   0.507162   0.933738   0.466864   0.757614   0.029384   0.325694   0.668089   0.747624   0.509121   0.932895   0.468875   0.755802   0.031623   0.344266   0.663823   0.751292   0.514579   0.932408   0.474475   0.758615   0.033632   0.362473   0.659849   0.756762   0.522782   0.932986   0.482905   0.763928   0.036315   0.375477   0.657067   0.762438   0.531385   0.933470   0.491763   0.768732   0.038314   0.378809   0.656089   0.766891   0.538202   0.933412   0.498795   0.772072   0.038786   0.370856   0.657114   0.769271   0.541868   0.932895   0.502579   0.773873   0.037550   0.354327   0.659794   0.769092   0.541592   0.931929   0.502294   0.774484   0.034555   0.334129   0.663326   0.766622   0.537784   0.931215   0.498361   0.776720   0.029357   0.317258   0.666870   0.761399   0.529769   0.931068   0.490091   0.782105   0.024608   0.309979   0.669007   0.755904   0.521390   0.931225   0.481454   0.783722   0.024301   0.309240   0.669464   0.752929   0.516900   0.931676   0.476835   0.780628   0.025615   0.309253   0.669457   0.751132   0.514210   0.932138   0.474072   0.778059   0.025667   0.309264   0.669400   0.749556   0.511862   0.932268   0.471663   0.775816   0.025331   0.309291   0.669331   0.748126   0.509746   0.932139   0.469494   0.773520   0.025266   0.309333   0.669247   0.746889   0.507923   0.931987   0.467627   0.771274   0.025600   0.309390   0.669096   0.745973   0.506578   0.932091   0.466250   0.769529   0.025611   0.309463   0.668870   0.745381   0.505714   0.932507   0.465367   0.768285   0.025420 703107
 23   0.128111   0.667454   0.710096   0.456722   0.890536   0.415722   0.672848   0.029868   0.307683   0.674276   0.722039   0.472614   0.889635   0.431702   0.677166   0.029115   0.308010   0.673998   0.721069   0.471281   0.890392   0.430354   0.675406   0.029056   0.308296   0.673614   0.720350   0.470307   0.892322   0.429371   0.674930   0.028987   0.308505   0.673371   0.718980   0.468432   0.893434   0.427477   0.673829   0.029117   0.308793   0.673236   0.717075   0.465813   0.893456   0.424829   0.671896   0.029502   0.313761   0.671843   0.716505   0.465038   0.892904   0.424047   0.669397   0.030275   0.329358   0.667587   0.718823   0.468255   0.891949   0.427305   0.669651   0.030888   0.352289   0.661740   0.723630   0.474941   0.891550   0.434083   0.675254   0.032520   0.374638   0.656535   0.729991   0.483893   0.892092   0.443175   0.683578   0.035698   0.390396   0.653049   0.736395   0.493024   0.892425   0.452471   0.691451   0.038520   0.394280   0.651992   0.741506   0.500402   0.892332   0.460000   0.697642   0.039682   0.384659   0.653583   0.744299   0.504486   0.891859   0.464178   0.701795   0.038887   0.364631   0.657394   0.744209   0.504378   0.890997   0.464071   0.704119   0.036136   0.340292   0.662369   0.741528   0.500465   0.890268   0.460071   0.706026   0.031203   0.319775   0.667223   0.736216   0.492718   0.890088   0.452150   0.709009   0.026726   0.310152   0.670072   0.730741   0.484784   0.890312   0.444048   0.709275   0.025997   0.308772   0.670581   0.728000   0.480852   0.890801   0.440041   0.706116   0.026765   0.308834   0.670394   0.726781   0.479123   0.891236   0.438282   0.703218   0.026788   0.308899   0.670192   0.725755   0.477683   0.891304   0.436820   0.700612   0.026702   0.308960   0.670007   0.724807   0.476366   0.891268   0.435486   0.698175   0.026935   0.309006   0.669873   0.723828   0.475018   0.891195   0.434123   0.695678   0.027567   0.309061   0.669731   0.722950   0.473817   0.891247   0.432909   0.693323   0.028196   0.309142   0.669543   0.722298   0.472933   0.891615   0.432017   0.691298   0.028789 333769
 24   0.127490   0.669937   0.702310   0.447292   0.923774   0.406410   0.524061   0.027856   0.304222   0.678746   0.716486   0.465944   0.922720   0.425132   0.527637   0.027885   0.304615   0.677636   0.717748   0.467580   0.923481   0.426770   0.524575   0.027916   0.304981   0.676605   0.718828   0.469010   0.925286   0.428206   0.524674   0.026889   0.305261   0.675780   0.719264   0.469595   0.926359   0.428796   0.525782   0.026288   0.306388   0.674959   0.719546   0.469978   0.926438   0.429182   0.526402   0.026073   0.317563   0.671801   0.724129   0.476431   0.925952   0.435740   0.527934   0.024623   0.345716   0.664425   0.734961   0.491823   0.925132   0.451407   0.535633   0.021814   0.382925   0.655230   0.749488   0.512916   0.924663   0.472962   0.549554   0.021781   0.419516   0.646973   0.766307   0.538227   0.924948   0.498997   0.564455   0.024940   0.447594   0.641077   0.782947   0.564251   0.925085   0.525956   0.576547   0.028642   0.457100   0.638965   0.796396   0.586001   0.924780   0.548627   0.585592   0.031533   0.443355   0.641031   0.804518   0.599461   0.924061   0.562721   0.593982   0.032771   0.410045   0.646341   0.806636   0.603034   0.923016   0.566475   0.603599   0.031504   0.366687   0.653329   0.802845   0.596709   0.922335   0.559844   0.616407   0.027796   0.329060   0.661364   0.789656   0.575075   0.922263   0.537233   0.630980   0.025484   0.310490   0.668200   0.772547   0.547573   0.922502   0.508599   0.637411   0.028475   0.306896   0.670840   0.762788   0.532296   0.923055   0.492772   0.635063   0.032255   0.306858   0.671024   0.758442   0.525682   0.923646   0.485956   0.631905   0.033383   0.306901   0.671091   0.754882   0.520328   0.923953   0.480451   0.629424   0.033954   0.306967   0.671107   0.751770   0.515704   0.924022   0.475707   0.627594   0.034329   0.307050   0.671093   0.749027   0.511659   0.923972   0.471562   0.626146   0.034397   0.307118   0.671079   0.746582   0.508078   0.924119   0.467899   0.625206   0.034233   0.307191   0.671035   0.744415   0.504934   0.924565   0.464688   0.624825   0.034206 251074
