timestamp=                2021-11-17T17:29:15.655097
shape=                    (5, 5)
sigma=                    2.5
nepochs=                  1
thresh=                   None
rate=                     0.005
neighborhood function=    gaussian
init weights=             pca
topology=                 hexagonal
activation distance=      euclidean
output type=              labels
mapfile_prefix=           full2018_5x5_1_005_3_09
apply classification=     False
seed=                     None
random order=             True
custom init file=         None
order labels by size=     False
decay_function=           3

Quantization Error=       0.34811702
Topographic Error=        0.13003228

############ NEURONS #############
 25 192
  0   0.122085   0.679473   0.696347   0.441036   0.920381   0.400142   0.555939   0.025591   0.300349   0.687091   0.709823   0.458628   0.919215   0.417784   0.558503   0.025132   0.300704   0.686109   0.711359   0.460667   0.919706   0.419835   0.555486   0.024570   0.301033   0.685174   0.712708   0.462477   0.921358   0.421659   0.555698   0.023568   0.301321   0.684443   0.713235   0.463188   0.922390   0.422376   0.556581   0.023385   0.301927   0.683830   0.713215   0.463162   0.922542   0.422351   0.557081   0.023382   0.308912   0.681820   0.715955   0.466952   0.922302   0.426191   0.557086   0.022439   0.327601   0.676882   0.723024   0.476789   0.921651   0.436170   0.560851   0.020184   0.352441   0.670402   0.732653   0.490394   0.921334   0.450011   0.571430   0.019364   0.375936   0.664508   0.743952   0.506723   0.921784   0.466692   0.584639   0.020810   0.392902   0.660336   0.755251   0.523452   0.921970   0.483859   0.595849   0.022584   0.398634   0.658666   0.764523   0.537501   0.921747   0.498338   0.604458   0.024036   0.390606   0.659770   0.770283   0.546383   0.921149   0.507522   0.611998   0.024663   0.369843   0.663266   0.771702   0.548616   0.920070   0.509840   0.619887   0.023776   0.341979   0.667962   0.769121   0.544653   0.919242   0.505746   0.630212   0.020902   0.317043   0.673632   0.759712   0.530299   0.919047   0.490934   0.642284   0.019236   0.304834   0.678422   0.747623   0.512042   0.919206   0.472131   0.647805   0.022252   0.302775   0.680149   0.740875   0.502035   0.919749   0.461858   0.646303   0.025761   0.302665   0.680403   0.737461   0.497092   0.920353   0.456807   0.644165   0.026782   0.302603   0.680585   0.734542   0.492914   0.920664   0.452546   0.642163   0.027074   0.302632   0.680681   0.731927   0.489205   0.920789   0.448770   0.640520   0.027354   0.302716   0.680724   0.729607   0.485935   0.920795   0.445445   0.638833   0.027956   0.302834   0.680711   0.727649   0.483188   0.920890   0.442655   0.637307   0.028548   0.302979   0.680610   0.726073   0.480985   0.921242   0.440418   0.636509   0.028742 272076
  1   0.132427   0.677455   0.616971   0.346555   0.655400   0.306898   0.470708   0.033861   0.300581   0.683300   0.628950   0.358644   0.654275   0.318473   0.476167   0.036721   0.301114   0.682655   0.629580   0.359308   0.654817   0.319113   0.475333   0.033819   0.301572   0.681902   0.630623   0.360466   0.656460   0.320242   0.476003   0.032370   0.301853   0.681385   0.630790   0.360647   0.657484   0.320417   0.476522   0.031927   0.303100   0.680280   0.631177   0.361073   0.657485   0.320831   0.476690   0.031784   0.314944   0.675168   0.635310   0.365841   0.656924   0.325507   0.477979   0.030852   0.344974   0.665756   0.641809   0.373410   0.655948   0.332943   0.484716   0.031488   0.384077   0.656371   0.648179   0.380927   0.655541   0.340345   0.496707   0.036574   0.417507   0.650020   0.654354   0.388315   0.655917   0.347638   0.509365   0.044001   0.435883   0.647618   0.658957   0.393886   0.656033   0.353149   0.520423   0.050516   0.434602   0.649311   0.661322   0.396768   0.655860   0.356004   0.528828   0.054471   0.415094   0.654498   0.660952   0.396319   0.655487   0.355560   0.534204   0.054916   0.384160   0.661928   0.657710   0.392375   0.654827   0.351655   0.536370   0.051439   0.349778   0.670318   0.652325   0.385873   0.654153   0.345226   0.535775   0.044827   0.320823   0.678130   0.645725   0.377984   0.654003   0.337439   0.533965   0.037911   0.305398   0.683033   0.639594   0.370731   0.654277   0.330294   0.530374   0.034627   0.301951   0.684179   0.636528   0.367139   0.654754   0.326762   0.525237   0.034252   0.301969   0.683774   0.635614   0.366090   0.655162   0.325733   0.520722   0.034164   0.302007   0.683398   0.634700   0.365049   0.655233   0.324715   0.516891   0.034331   0.302040   0.683072   0.633774   0.363999   0.655304   0.323688   0.513486   0.034663   0.302078   0.682779   0.632829   0.362927   0.655329   0.322641   0.510286   0.034990   0.302115   0.682491   0.631967   0.361954   0.655350   0.321690   0.507225   0.035142   0.302125   0.682194   0.631367   0.361282   0.655648   0.321034   0.504427   0.035126 322766
  2   0.143932   0.679715   0.507113   0.240122   0.438098   0.205571   0.320119   0.040611   0.297717   0.687607   0.519125   0.249541   0.437304   0.214202   0.321537   0.045447   0.298273   0.686812   0.519243   0.249601   0.437755   0.214251   0.321418   0.044061   0.298539   0.686080   0.519378   0.249696   0.439192   0.214337   0.321284   0.044016   0.298720   0.685463   0.519300   0.249618   0.440095   0.214262   0.320983   0.044913   0.301793   0.682239   0.521367   0.251406   0.440086   0.215929   0.321637   0.045652   0.323041   0.670014   0.528713   0.257975   0.439528   0.222090   0.324312   0.045866   0.370509   0.650167   0.537949   0.266452   0.438592   0.230076   0.330594   0.050896   0.427202   0.631787   0.547012   0.274989   0.438212   0.238156   0.340059   0.062185   0.472433   0.620363   0.555859   0.283490   0.438542   0.246231   0.349978   0.073719   0.494087   0.617772   0.562382   0.289888   0.438644   0.252331   0.359114   0.082845   0.488073   0.624034   0.565587   0.293103   0.438495   0.255409   0.366719   0.088972   0.459086   0.636855   0.564962   0.292515   0.438163   0.254853   0.372300   0.090771   0.416943   0.652752   0.560531   0.288131   0.437582   0.250667   0.375248   0.086904   0.370783   0.669112   0.553236   0.280977   0.436985   0.243846   0.375349   0.077543   0.330386   0.683616   0.544642   0.272713   0.436859   0.235996   0.372932   0.065221   0.305896   0.692889   0.536561   0.265117   0.437117   0.228809   0.368091   0.055637   0.298319   0.695316   0.531712   0.260645   0.437556   0.224592   0.362086   0.051906   0.297738   0.694433   0.529566   0.258716   0.437920   0.222781   0.356729   0.051374   0.297301   0.693672   0.527640   0.257009   0.437969   0.221183   0.352028   0.052210   0.296888   0.693028   0.525868   0.255455   0.438027   0.219730   0.347720   0.053438   0.296564   0.692434   0.524211   0.254007   0.438045   0.218378   0.343838   0.053870   0.296355   0.691847   0.522681   0.252677   0.438053   0.217136   0.340297   0.053825   0.296173   0.691279   0.521364   0.251546   0.438318   0.216082   0.336972   0.054063 427083
  3   0.155554   0.683090   0.384461   0.150356   0.220723   0.124116   0.211243   0.072311   0.291487   0.693534   0.371083   0.141661   0.220200   0.116388   0.203553   0.093060   0.292528   0.691613   0.372411   0.142413   0.220624   0.117040   0.204847   0.097761   0.292994   0.690510   0.372655   0.142538   0.221890   0.117147   0.205898   0.101822   0.293198   0.689770   0.372288   0.142305   0.222676   0.116941   0.206474   0.106106   0.300113   0.683071   0.375206   0.144053   0.222674   0.118473   0.207616   0.109811   0.334718   0.660524   0.384301   0.149722   0.222174   0.123475   0.209853   0.117302   0.402506   0.627525   0.396012   0.157292   0.221349   0.130195   0.213063   0.132920   0.479737   0.598156   0.407895   0.165200   0.221088   0.137249   0.217481   0.148135   0.545721   0.578309   0.419365   0.173030   0.221498   0.144265   0.222365   0.155482   0.585189   0.572107   0.428494   0.179412   0.221690   0.150006   0.227180   0.159688   0.587457   0.581229   0.433670   0.183102   0.221640   0.153337   0.231684   0.162679   0.553343   0.602730   0.434237   0.183506   0.221390   0.153703   0.235271   0.162741   0.493654   0.631254   0.430202   0.180601   0.220861   0.151077   0.237153   0.157302   0.422551   0.662130   0.422473   0.175116   0.220303   0.146130   0.236925   0.148098   0.354532   0.691250   0.411782   0.167718   0.220152   0.139486   0.234941   0.138009   0.306708   0.711923   0.399518   0.159503   0.220315   0.132149   0.231580   0.126972   0.288564   0.718474   0.390426   0.153602   0.220656   0.126906   0.227557   0.120594   0.287012   0.716277   0.385602   0.150575   0.220946   0.124233   0.223767   0.119651   0.286662   0.713699   0.381854   0.148259   0.220961   0.122192   0.220662   0.121669   0.286675   0.711288   0.378395   0.146148   0.220992   0.120335   0.218185   0.123918   0.286400   0.709344   0.375136   0.144178   0.220981   0.118606   0.215664   0.122842   0.285795   0.707855   0.372273   0.142467   0.220964   0.117107   0.212853   0.121056   0.285303   0.706493   0.369920   0.141074   0.221179   0.115888   0.210163   0.121043 371070
  4   0.147304   0.685532   0.409342   0.167704   0.249155   0.139716   0.213271   0.190408   0.272979   0.698188   0.393089   0.156931   0.250192   0.130102   0.204561   0.305354   0.272602   0.695334   0.394632   0.157926   0.250500   0.130987   0.205585   0.322875   0.272491   0.693001   0.395613   0.158580   0.251663   0.131571   0.206543   0.334380   0.272132   0.691390   0.395616   0.158606   0.252325   0.131599   0.207246   0.346883   0.286065   0.684788   0.397862   0.160067   0.252238   0.132899   0.207787   0.356304   0.348428   0.661491   0.407309   0.166365   0.251694   0.138525   0.209900   0.356669   0.459769   0.625339   0.422278   0.176734   0.250844   0.147850   0.212662   0.362586   0.579397   0.591516   0.438339   0.188333   0.250661   0.158357   0.214981   0.373394   0.678074   0.566655   0.453347   0.199566   0.251156   0.168594   0.217268   0.371104   0.741467   0.554408   0.465057   0.208615   0.251372   0.176888   0.219230   0.364636   0.756089   0.558474   0.471994   0.214106   0.251359   0.181942   0.221075   0.359826   0.718697   0.578494   0.473381   0.215221   0.251150   0.182970   0.222688   0.356278   0.639175   0.609867   0.468909   0.211655   0.250664   0.179684   0.223514   0.350584   0.529472   0.649140   0.458796   0.203729   0.250103   0.172403   0.222968   0.344982   0.409803   0.691202   0.443159   0.191884   0.249861   0.161584   0.221036   0.345042   0.307528   0.727358   0.423477   0.177566   0.249918   0.148598   0.217548   0.350391   0.260293   0.741076   0.409382   0.167679   0.250206   0.139687   0.213263   0.359849   0.256600   0.735799   0.403768   0.163948   0.250467   0.136355   0.209728   0.368242   0.256750   0.729344   0.400026   0.161519   0.250445   0.134195   0.207130   0.376450   0.257003   0.723746   0.396804   0.159458   0.250483   0.132366   0.205113   0.383571   0.257025   0.719122   0.393931   0.157639   0.250517   0.130756   0.203158   0.384177   0.256786   0.715318   0.391460   0.156085   0.250524   0.129380   0.201097   0.382102   0.256660   0.711929   0.389506   0.154869   0.250743   0.128307   0.199289   0.382106 149174
  5   0.121489   0.677842   0.710868   0.460051   0.926906   0.419221   0.682403   0.024810   0.302404   0.684157   0.720208   0.472598   0.926122   0.431869   0.685337   0.023180   0.302626   0.683709   0.720357   0.472782   0.926759   0.432051   0.684879   0.023387   0.302831   0.683201   0.720622   0.473152   0.928539   0.432427   0.685187   0.023036   0.303006   0.682892   0.720017   0.472333   0.929656   0.431599   0.684741   0.023129   0.303253   0.682781   0.718578   0.470362   0.929786   0.429606   0.683115   0.023739   0.307260   0.681865   0.718092   0.469713   0.929426   0.428952   0.679761   0.025109   0.319714   0.678828   0.720251   0.472734   0.928684   0.432020   0.677458   0.026387   0.337741   0.674419   0.724930   0.479294   0.928266   0.438684   0.679804   0.027783   0.355343   0.670267   0.731462   0.488542   0.928730   0.448096   0.684497   0.030063   0.367957   0.667326   0.738254   0.498288   0.929039   0.458039   0.688483   0.032231   0.371141   0.666238   0.743814   0.506373   0.928948   0.466307   0.691366   0.033141   0.363301   0.667217   0.747117   0.511219   0.928480   0.471272   0.693384   0.032495   0.347080   0.669876   0.747521   0.511816   0.927557   0.471883   0.695378   0.030110   0.327652   0.673328   0.745311   0.508560   0.926852   0.468545   0.699505   0.025529   0.311582   0.676991   0.739664   0.500285   0.926707   0.460071   0.706007   0.022214   0.304487   0.679358   0.733635   0.491511   0.926867   0.451098   0.707994   0.023039   0.303658   0.679901   0.730550   0.487081   0.927341   0.446577   0.705211   0.024681   0.303674   0.679958   0.728637   0.484361   0.927845   0.443808   0.702898   0.025154   0.303686   0.679974   0.726958   0.481990   0.928045   0.441396   0.700901   0.025139   0.303691   0.679983   0.725406   0.479813   0.928023   0.439184   0.698933   0.025311   0.303718   0.679984   0.723969   0.477805   0.927907   0.437145   0.696897   0.025954   0.303762   0.679921   0.722823   0.476209   0.927949   0.435527   0.695230   0.026320   0.303817   0.679788   0.722007   0.475075   0.928278   0.434377   0.693944   0.026418 501617
  6   0.127044   0.677557   0.656273   0.391388   0.743309   0.350802   0.541086   0.032006   0.300847   0.683539   0.671734   0.409265   0.742124   0.368347   0.549220   0.033305   0.301341   0.682967   0.672232   0.409877   0.742695   0.368955   0.548441   0.030871   0.301803   0.682277   0.673206   0.411091   0.744429   0.370162   0.549330   0.029665   0.302138   0.681767   0.673369   0.411297   0.745516   0.370366   0.549574   0.029388   0.303130   0.680985   0.673377   0.411308   0.745542   0.370378   0.549283   0.029050   0.312667   0.677327   0.676591   0.415417   0.744996   0.374482   0.549554   0.027455   0.337951   0.670025   0.682470   0.422956   0.744012   0.382019   0.555085   0.026565   0.372032   0.662311   0.688605   0.430886   0.743589   0.389957   0.566384   0.030085   0.403140   0.656576   0.694967   0.439209   0.743968   0.398307   0.578292   0.036420   0.422940   0.653602   0.700436   0.446453   0.744062   0.405591   0.588545   0.042044   0.425005   0.653981   0.704067   0.451306   0.743845   0.410480   0.596375   0.045572   0.408508   0.657664   0.704877   0.452387   0.743425   0.411569   0.601652   0.046239   0.379670   0.663672   0.702381   0.449023   0.742705   0.408175   0.604467   0.043471   0.346899   0.670727   0.697317   0.442256   0.741996   0.401359   0.605296   0.037567   0.319150   0.677468   0.690341   0.433026   0.741858   0.392081   0.605868   0.031158   0.304940   0.681723   0.683479   0.424035   0.742158   0.383058   0.604109   0.028439   0.302168   0.682729   0.679983   0.419503   0.742667   0.378519   0.599357   0.028355   0.302229   0.682453   0.678828   0.418033   0.743107   0.377053   0.594783   0.028149   0.302313   0.682184   0.677715   0.416632   0.743204   0.375657   0.590911   0.028101   0.302408   0.681936   0.676606   0.415243   0.743287   0.374275   0.587579   0.028290   0.302491   0.681735   0.675455   0.413807   0.743310   0.372847   0.584386   0.028757   0.302552   0.681535   0.674432   0.412539   0.743333   0.371586   0.581252   0.029012   0.302607   0.681284   0.673735   0.411679   0.743644   0.370733   0.578425   0.029057 323385
  7   0.137172   0.678338   0.567039   0.295175   0.557909   0.257484   0.384291   0.037765   0.298640   0.685002   0.581880   0.308466   0.556747   0.269943   0.388880   0.040802   0.299240   0.684319   0.582519   0.309065   0.557260   0.270509   0.388366   0.036901   0.299616   0.683622   0.582871   0.309404   0.558808   0.270831   0.388795   0.035895   0.299836   0.683134   0.582636   0.309160   0.559775   0.270597   0.389165   0.035734   0.301912   0.681029   0.583945   0.310472   0.559784   0.271852   0.389956   0.035726   0.318790   0.672713   0.590292   0.317045   0.559230   0.278176   0.392691   0.034853   0.358610   0.659077   0.598212   0.325401   0.558282   0.286242   0.400494   0.037161   0.407242   0.646548   0.605132   0.332859   0.557908   0.293469   0.412586   0.045221   0.446607   0.638701   0.611953   0.340334   0.558272   0.300735   0.424785   0.054683   0.466114   0.636555   0.616918   0.345863   0.558385   0.306126   0.435700   0.062529   0.461143   0.640243   0.619072   0.348299   0.558233   0.308507   0.444574   0.067445   0.435381   0.648432   0.617963   0.347066   0.557883   0.307306   0.450857   0.068025   0.398264   0.658910   0.613658   0.342262   0.557255   0.302620   0.454231   0.063572   0.358511   0.669952   0.607161   0.335093   0.556623   0.295644   0.454602   0.055116   0.324673   0.679957   0.599718   0.327013   0.556486   0.287804   0.452678   0.045481   0.305416   0.686385   0.592900   0.319732   0.556741   0.280759   0.448688   0.039439   0.300237   0.688051   0.589261   0.315899   0.557193   0.277060   0.443333   0.037835   0.299997   0.687537   0.588067   0.314673   0.557579   0.275882   0.438291   0.037663   0.299812   0.687091   0.586898   0.313486   0.557641   0.274744   0.433865   0.038106   0.299611   0.686746   0.585728   0.312308   0.557703   0.273616   0.429797   0.038929   0.299504   0.686381   0.584604   0.311179   0.557717   0.272535   0.426055   0.039429   0.299435   0.686017   0.583562   0.310132   0.557729   0.271533   0.422569   0.039633   0.299310   0.685719   0.582652   0.309231   0.558012   0.270673   0.419272   0.039903 353810
  8   0.150695   0.679053   0.446879   0.192287   0.327776   0.161593   0.266172   0.050002   0.297390   0.686214   0.449005   0.193326   0.327225   0.162453   0.263198   0.058176   0.297934   0.685330   0.449497   0.193647   0.327651   0.162739   0.264057   0.059629   0.298244   0.684600   0.449783   0.193850   0.329011   0.162921   0.264891   0.061125   0.298425   0.684018   0.449731   0.193815   0.329865   0.162890   0.265358   0.062954   0.301751   0.680794   0.451430   0.195065   0.329849   0.164023   0.266193   0.064627   0.323264   0.668208   0.457743   0.199829   0.329325   0.168363   0.268699   0.066308   0.369761   0.647971   0.466494   0.206599   0.328462   0.174557   0.273778   0.073796   0.424697   0.629345   0.475900   0.214044   0.328129   0.181395   0.280698   0.086431   0.470259   0.617219   0.485305   0.221614   0.328483   0.188368   0.288061   0.097062   0.494747   0.613979   0.492558   0.227556   0.328635   0.193858   0.294913   0.105356   0.492902   0.619793   0.496462   0.230818   0.328538   0.196883   0.300381   0.111092   0.467936   0.632272   0.496611   0.230961   0.328236   0.197018   0.303954   0.112579   0.427211   0.648540   0.493023   0.227967   0.327668   0.194243   0.305242   0.108105   0.379225   0.666337   0.486393   0.222475   0.327093   0.189159   0.304253   0.098650   0.334653   0.683161   0.477662   0.215380   0.326962   0.182612   0.301424   0.086981   0.306115   0.694621   0.468541   0.208138   0.327183   0.175958   0.297070   0.077214   0.296938   0.697943   0.462616   0.203529   0.327587   0.171737   0.292273   0.073290   0.296330   0.696952   0.459871   0.201442   0.327935   0.169833   0.288235   0.073107   0.296054   0.695891   0.457557   0.199703   0.327988   0.168251   0.284990   0.074664   0.295853   0.694897   0.455463   0.198144   0.328034   0.166834   0.282207   0.076439   0.295624   0.693972   0.453628   0.196791   0.328032   0.165606   0.279511   0.076402   0.295348   0.693169   0.451991   0.195594   0.328034   0.164521   0.276800   0.075737   0.295039   0.692500   0.450539   0.194545   0.328280   0.163572   0.274162   0.075982 421909
  9   0.143427   0.688509   0.463789   0.205757   0.365206   0.173974   0.254522   0.076016   0.283270   0.705296   0.472989   0.212338   0.365056   0.179915   0.248760   0.090150   0.282435   0.704224   0.473349   0.212643   0.365404   0.180198   0.245493   0.092895   0.282168   0.702793   0.473663   0.212910   0.366706   0.180446   0.243099   0.096207   0.281790   0.701552   0.473305   0.212670   0.367467   0.180233   0.240993   0.101408   0.293712   0.690058   0.481064   0.218621   0.367377   0.185671   0.242165   0.106156   0.350312   0.656545   0.501234   0.234934   0.366744   0.200717   0.246551   0.115884   0.456875   0.612283   0.524314   0.254938   0.365739   0.219387   0.249830   0.142319   0.576885   0.574573   0.545917   0.274784   0.365333   0.238097   0.252277   0.171899   0.678346   0.549269   0.564752   0.292848   0.365587   0.255258   0.255578   0.186146   0.741856   0.539958   0.578790   0.306841   0.365570   0.268642   0.260170   0.192011   0.751096   0.549750   0.586745   0.315068   0.365354   0.276562   0.266229   0.195965   0.703224   0.576645   0.587324   0.315825   0.365019   0.277318   0.273314   0.197489   0.612510   0.614112   0.580186   0.308650   0.364493   0.270445   0.279925   0.193801   0.499665   0.655478   0.566645   0.295112   0.363983   0.257488   0.284242   0.183978   0.389277   0.694196   0.548200   0.277200   0.363924   0.240432   0.285505   0.165000   0.305652   0.725275   0.523877   0.254839   0.364243   0.219342   0.282973   0.136433   0.271097   0.737696   0.504445   0.237794   0.364733   0.203398   0.275912   0.120251   0.269153   0.734428   0.496060   0.230815   0.365103   0.196929   0.268307   0.119698   0.269268   0.730077   0.490774   0.226498   0.365125   0.192941   0.262621   0.121627   0.269440   0.726183   0.486372   0.222967   0.365185   0.189689   0.257844   0.124490   0.269724   0.722854   0.482220   0.219687   0.365224   0.186676   0.253767   0.124993   0.269873   0.720159   0.478246   0.216586   0.365237   0.183833   0.249882   0.124278   0.269975   0.717650   0.474977   0.214076   0.365486   0.181539   0.246134   0.124541 223324
 10   0.119975   0.677656   0.726578   0.481572   0.934020   0.440993   0.719379   0.021271   0.302366   0.683606   0.735737   0.494368   0.933287   0.453982   0.723857   0.019743   0.302655   0.682849   0.736932   0.496052   0.934006   0.455694   0.725726   0.019980   0.302930   0.682107   0.738056   0.497654   0.935899   0.457326   0.728465   0.019985   0.303144   0.681608   0.738170   0.497811   0.937078   0.457485   0.730335   0.020198   0.303423   0.681293   0.737462   0.496787   0.937242   0.456440   0.730963   0.020406   0.307804   0.679960   0.738065   0.497650   0.936936   0.457319   0.729269   0.021186   0.321036   0.676375   0.741529   0.502666   0.936190   0.462444   0.729025   0.022008   0.339723   0.671620   0.747365   0.511210   0.935648   0.471192   0.734052   0.023174   0.357807   0.667362   0.754941   0.522467   0.936067   0.482750   0.740763   0.025647   0.370544   0.664540   0.762428   0.533771   0.936402   0.494390   0.745837   0.028231   0.373213   0.663759   0.768146   0.542538   0.936299   0.503443   0.749088   0.029677   0.364609   0.665119   0.771198   0.547273   0.935823   0.508344   0.751011   0.029687   0.347739   0.668135   0.771131   0.547197   0.934902   0.508270   0.752662   0.028153   0.327830   0.671797   0.768423   0.543033   0.934242   0.503968   0.757483   0.024243   0.311618   0.675667   0.761900   0.533053   0.934141   0.493665   0.765507   0.021237   0.304726   0.678262   0.754914   0.522445   0.934305   0.482730   0.767456   0.022599   0.304009   0.678937   0.751244   0.516953   0.934770   0.477084   0.763587   0.024684   0.303960   0.679099   0.748825   0.513370   0.935279   0.473408   0.760745   0.025061   0.303919   0.679211   0.746656   0.510175   0.935481   0.470132   0.758342   0.024887   0.303898   0.679297   0.744670   0.507266   0.935401   0.467154   0.755910   0.024833   0.303887   0.679352   0.742906   0.504695   0.935273   0.464524   0.753491   0.024941   0.303889   0.679352   0.741439   0.502567   0.935362   0.462348   0.751395   0.024929   0.303910   0.679299   0.740252   0.500850   0.935737   0.460594   0.749744   0.024823 987713
 11   0.119886   0.680200   0.718697   0.470992   0.931387   0.430331   0.639807   0.025354   0.300726   0.688437   0.731095   0.488002   0.930380   0.447543   0.644498   0.023251   0.301065   0.687207   0.732697   0.490245   0.931004   0.449821   0.643853   0.022919   0.301373   0.686049   0.734249   0.492442   0.932861   0.452056   0.644786   0.022142   0.301633   0.685155   0.734870   0.493325   0.933949   0.452955   0.645582   0.021714   0.302624   0.684315   0.735086   0.493620   0.934020   0.453255   0.645302   0.021492   0.312489   0.681446   0.738145   0.498019   0.933634   0.457744   0.644166   0.020716   0.337246   0.674797   0.745652   0.508953   0.932759   0.468929   0.647138   0.019570   0.369278   0.666468   0.756728   0.525395   0.932243   0.485809   0.656461   0.020340   0.399544   0.659190   0.770436   0.546272   0.932628   0.507343   0.666275   0.023106   0.421793   0.654196   0.783989   0.567490   0.932736   0.529340   0.673348   0.025884   0.428943   0.652422   0.795036   0.585232   0.932406   0.547823   0.678635   0.027615   0.417115   0.654345   0.802158   0.596894   0.931738   0.560015   0.683104   0.028175   0.389601   0.659316   0.804536   0.600840   0.930650   0.564151   0.687849   0.027489   0.353860   0.665590   0.802610   0.597673   0.929865   0.560838   0.695889   0.024362   0.321844   0.672467   0.793540   0.582876   0.929751   0.545378   0.708101   0.020865   0.306098   0.677967   0.780798   0.562335   0.929978   0.523965   0.715025   0.022652   0.303347   0.679958   0.772991   0.549981   0.930544   0.511133   0.713958   0.026626   0.303220   0.680243   0.768910   0.543662   0.931127   0.504595   0.711761   0.028130   0.303130   0.680442   0.765343   0.538193   0.931363   0.498947   0.710069   0.028625   0.303068   0.680593   0.762111   0.533280   0.931436   0.493882   0.708640   0.028877   0.303017   0.680729   0.759122   0.528774   0.931456   0.489243   0.707312   0.029011   0.302994   0.680821   0.756447   0.524764   0.931600   0.485119   0.706206   0.028927   0.303009   0.680837   0.754159   0.521353   0.932033   0.481615   0.705266   0.028862 576136
 12   0.122648   0.677949   0.696229   0.441124   0.825731   0.400273   0.620655   0.031129   0.301366   0.684199   0.713245   0.463252   0.824807   0.422450   0.624816   0.032854   0.301942   0.683534   0.714263   0.464736   0.825405   0.423969   0.622841   0.030703   0.302406   0.682881   0.715067   0.465904   0.827217   0.425163   0.622899   0.029658   0.302732   0.682390   0.714996   0.465857   0.828378   0.425124   0.622734   0.029522   0.303527   0.681784   0.714512   0.465237   0.828431   0.424505   0.622243   0.029156   0.311707   0.678901   0.716942   0.468712   0.827892   0.428048   0.622112   0.027488   0.334006   0.672699   0.722280   0.476244   0.826897   0.435710   0.627254   0.025961   0.365012   0.665589   0.728525   0.485060   0.826450   0.444679   0.638284   0.028001   0.394916   0.659738   0.735612   0.495186   0.826829   0.455003   0.649720   0.032766   0.416154   0.656093   0.742206   0.504724   0.826910   0.464751   0.659480   0.037473   0.421540   0.655500   0.747022   0.511754   0.826647   0.471948   0.667115   0.040906   0.407758   0.658295   0.748956   0.514576   0.826164   0.474837   0.672461   0.041855   0.379930   0.663703   0.747351   0.512171   0.825371   0.472362   0.675730   0.039363   0.347051   0.670415   0.742616   0.505173   0.824635   0.465184   0.678124   0.034031   0.318857   0.676997   0.734965   0.493977   0.824512   0.453717   0.681861   0.028385   0.304868   0.681129   0.727078   0.482555   0.824827   0.442044   0.682550   0.026290   0.302449   0.682111   0.722993   0.476712   0.825359   0.436087   0.678444   0.026535   0.302558   0.681885   0.721567   0.474705   0.825821   0.434046   0.674072   0.026370   0.302684   0.681644   0.720351   0.473009   0.825930   0.432325   0.670128   0.026470   0.302806   0.681433   0.719183   0.471394   0.826003   0.430688   0.666495   0.026965   0.302920   0.681259   0.718010   0.469787   0.826017   0.429062   0.662885   0.027602   0.303017   0.681088   0.716933   0.468320   0.826057   0.427580   0.659366   0.028128   0.303099   0.680899   0.716040   0.467110   0.826404   0.426359   0.656270   0.028455 286380
 13   0.129152   0.681866   0.609885   0.339839   0.668329   0.300543   0.389361   0.046472   0.294487   0.691553   0.637848   0.369477   0.664774   0.329196   0.395047   0.045652   0.295199   0.690055   0.640983   0.372987   0.665184   0.332620   0.390695   0.041089   0.295865   0.688721   0.643533   0.375868   0.666805   0.335434   0.389445   0.038591   0.296439   0.687605   0.644959   0.377477   0.667812   0.337006   0.388854   0.037498   0.299884   0.683920   0.649345   0.382524   0.667859   0.341956   0.389139   0.036546   0.321222   0.672229   0.662359   0.398180   0.667369   0.357431   0.391134   0.034470   0.369591   0.654673   0.678488   0.418335   0.666436   0.377490   0.396862   0.037914   0.431733   0.638545   0.693868   0.438463   0.666010   0.397693   0.405110   0.050271   0.490220   0.627387   0.709527   0.459697   0.666220   0.419148   0.413069   0.065086   0.528493   0.623074   0.722108   0.477260   0.666092   0.436989   0.421891   0.078335   0.531801   0.626597   0.729342   0.487562   0.665743   0.447492   0.432072   0.088112   0.499190   0.637079   0.729866   0.488324   0.665290   0.448271   0.443436   0.092832   0.444463   0.651675   0.723470   0.479253   0.664596   0.439028   0.454824   0.091045   0.383970   0.667250   0.711613   0.462736   0.663935   0.422255   0.464962   0.081830   0.332876   0.681019   0.696137   0.441726   0.663851   0.401022   0.473942   0.065956   0.304300   0.690127   0.679850   0.420256   0.664199   0.379441   0.477616   0.052713   0.296731   0.692850   0.669699   0.407208   0.664744   0.366388   0.474747   0.047302   0.296633   0.692094   0.665810   0.402373   0.665212   0.361580   0.470399   0.044653   0.296584   0.691332   0.662927   0.398847   0.665359   0.358085   0.466264   0.043151   0.296502   0.690681   0.660554   0.395978   0.665508   0.355247   0.462267   0.042742   0.296459   0.690134   0.658313   0.393287   0.665561   0.352587   0.458273   0.042571   0.296460   0.689648   0.656113   0.390663   0.665583   0.349999   0.454376   0.042244   0.296483   0.689169   0.654181   0.388376   0.665916   0.347744   0.450982   0.041922 172048
 14   0.133586   0.691858   0.544971   0.274934   0.522925   0.238406   0.313084   0.071036   0.283545   0.711290   0.574426   0.302351   0.521699   0.264319   0.314938   0.076291   0.283009   0.709067   0.576474   0.304420   0.521878   0.266304   0.308421   0.079081   0.283123   0.707007   0.576975   0.304966   0.523213   0.266834   0.305045   0.081244   0.283070   0.705588   0.576101   0.304124   0.524003   0.266033   0.302305   0.083585   0.293610   0.694621   0.583499   0.311431   0.523887   0.273011   0.302389   0.085265   0.347024   0.660620   0.605026   0.333936   0.523168   0.294723   0.305965   0.094574   0.451628   0.613584   0.630622   0.362509   0.522003   0.322610   0.309434   0.122607   0.571568   0.573762   0.655020   0.391440   0.521419   0.351156   0.311750   0.156252   0.673289   0.550467   0.676804   0.418546   0.521474   0.378136   0.314428   0.181158   0.736609   0.545625   0.692470   0.438902   0.521251   0.398557   0.319580   0.198993   0.744554   0.558963   0.700493   0.449714   0.520900   0.409475   0.327840   0.210395   0.695599   0.587117   0.699925   0.449197   0.520532   0.408999   0.338254   0.214798   0.604260   0.624319   0.690538   0.437045   0.520045   0.396817   0.348928   0.210991   0.491261   0.664908   0.673676   0.415500   0.519587   0.375265   0.357892   0.197377   0.383835   0.701254   0.652293   0.388912   0.519627   0.348797   0.363091   0.170053   0.306285   0.727947   0.627290   0.359177   0.520121   0.319432   0.362328   0.130912   0.276062   0.736617   0.608491   0.337725   0.520766   0.298405   0.355304   0.106113   0.274863   0.732157   0.600409   0.328978   0.521207   0.289914   0.346680   0.101181   0.274752   0.727797   0.595246   0.323535   0.521236   0.284657   0.339268   0.100382   0.274429   0.724305   0.591141   0.319289   0.521320   0.280569   0.332275   0.101435   0.274226   0.721509   0.587210   0.315279   0.521392   0.276718   0.326091   0.101885   0.274288   0.719181   0.583252   0.311280   0.521426   0.272884   0.320705   0.101671   0.274530   0.716968   0.579747   0.307767   0.521721   0.269520   0.315883   0.101778 107171
 15   0.118401   0.677684   0.739955   0.500533   0.940991   0.460292   0.753990   0.018591   0.302232   0.683618   0.748608   0.513016   0.940325   0.473039   0.759498   0.017166   0.302584   0.682797   0.749913   0.514919   0.941136   0.474986   0.762610   0.018149   0.302919   0.682004   0.751107   0.516671   0.943170   0.476780   0.766355   0.018941   0.303183   0.681431   0.751333   0.516999   0.944473   0.477115   0.768953   0.019483   0.303572   0.681008   0.750826   0.516240   0.944750   0.476336   0.770229   0.019804   0.308678   0.679410   0.751849   0.517750   0.944492   0.477884   0.769499   0.020694   0.323246   0.675489   0.755818   0.523668   0.943728   0.483963   0.771105   0.021537   0.343392   0.670531   0.762094   0.533142   0.943073   0.493718   0.777993   0.022598   0.362927   0.666169   0.770196   0.545562   0.943424   0.506543   0.785664   0.024981   0.376553   0.663284   0.778181   0.558001   0.943755   0.519426   0.791343   0.027239   0.378855   0.662527   0.784300   0.567674   0.943619   0.529472   0.794966   0.028176   0.369060   0.663970   0.787751   0.573186   0.943092   0.535207   0.796879   0.028111   0.350916   0.667078   0.788020   0.573628   0.942104   0.535669   0.798379   0.027117   0.329547   0.670832   0.785481   0.569583   0.941441   0.531462   0.804035   0.023731   0.312146   0.674874   0.778613   0.558718   0.941355   0.520177   0.813504   0.021113   0.304899   0.677639   0.771111   0.546949   0.941495   0.507972   0.815353   0.022931   0.304166   0.678377   0.767180   0.540876   0.941946   0.501692   0.810736   0.025219   0.304054   0.678579   0.764553   0.536860   0.942473   0.497547   0.807733   0.025541   0.303960   0.678714   0.762217   0.533312   0.942693   0.493890   0.805228   0.025214   0.303898   0.678831   0.760023   0.529998   0.942574   0.490477   0.802604   0.025033   0.303869   0.678911   0.758062   0.527048   0.942435   0.487441   0.800024   0.025000   0.303861   0.678925   0.756458   0.524646   0.942572   0.484972   0.797836   0.024771   0.303887   0.678870   0.755204   0.522773   0.943001   0.483047   0.795922   0.024585 1011380
 16   0.118647   0.679023   0.733003   0.490804   0.934780   0.450414   0.709032   0.021321   0.301131   0.686138   0.743334   0.505457   0.933951   0.465330   0.715004   0.020197   0.301494   0.685014   0.745106   0.508009   0.934679   0.467935   0.717357   0.020478   0.301845   0.683956   0.746802   0.510470   0.936687   0.470451   0.720728   0.020180   0.302144   0.683167   0.747477   0.511450   0.937920   0.471453   0.723233   0.020190   0.303252   0.682316   0.747867   0.512007   0.938077   0.472020   0.724011   0.020154   0.313441   0.679226   0.751397   0.517207   0.937776   0.477350   0.723477   0.019918   0.338253   0.672680   0.759427   0.529223   0.936960   0.489703   0.727604   0.019438   0.369899   0.665021   0.770861   0.546719   0.936324   0.507765   0.737541   0.020157   0.399672   0.658515   0.784594   0.568275   0.936670   0.530123   0.747108   0.022676   0.420339   0.654347   0.797594   0.589223   0.936857   0.551957   0.753873   0.025308   0.425279   0.653267   0.807713   0.605918   0.936571   0.569435   0.758369   0.027246   0.412413   0.655314   0.813932   0.616352   0.935929   0.580391   0.761509   0.028146   0.385300   0.659855   0.815709   0.619361   0.934835   0.583557   0.764437   0.027599   0.351274   0.665426   0.813558   0.615727   0.934078   0.579735   0.771641   0.024482   0.321199   0.671541   0.804693   0.600948   0.933985   0.564233   0.784999   0.021212   0.306579   0.676513   0.792457   0.580804   0.934173   0.543154   0.792365   0.023268   0.304115   0.678420   0.784935   0.568638   0.934689   0.530465   0.790520   0.027110   0.303868   0.678824   0.780812   0.562102   0.935272   0.523674   0.788074   0.028236   0.303653   0.679138   0.777177   0.556396   0.935537   0.517756   0.786085   0.028380   0.303484   0.679375   0.773912   0.551311   0.935541   0.512489   0.784453   0.028048   0.303366   0.679531   0.771050   0.546883   0.935512   0.507910   0.783028   0.027569   0.303286   0.679609   0.768623   0.543155   0.935684   0.504058   0.781645   0.027122   0.303248   0.679622   0.766593   0.540051   0.936137   0.500854   0.780392   0.026639 905011
 17   0.116887   0.680495   0.739236   0.500083   0.933180   0.459943   0.670257   0.024736   0.299676   0.688919   0.750081   0.515595   0.932387   0.475760   0.677718   0.023861   0.300174   0.687554   0.751607   0.517797   0.933241   0.478008   0.679461   0.023721   0.300536   0.686398   0.752869   0.519642   0.935325   0.479897   0.682173   0.023427   0.300817   0.685536   0.753118   0.519998   0.936532   0.480260   0.683796   0.023447   0.303816   0.684097   0.754184   0.521544   0.936627   0.481840   0.683716   0.023196   0.322882   0.679025   0.760442   0.530939   0.936200   0.491506   0.684332   0.022257   0.365345   0.669084   0.772885   0.550065   0.935310   0.511267   0.692041   0.021701   0.419948   0.657652   0.790201   0.577575   0.934642   0.539869   0.704958   0.024069   0.474108   0.647791   0.810747   0.611498   0.934808   0.575391   0.715115   0.028781   0.513455   0.641440   0.829978   0.644482   0.934797   0.610179   0.721287   0.033424   0.523749   0.640171   0.844552   0.670313   0.934323   0.637591   0.725440   0.037220   0.500873   0.644005   0.853098   0.685799   0.933483   0.654093   0.729095   0.039752   0.451486   0.651687   0.855093   0.689447   0.932267   0.657987   0.733820   0.040150   0.390114   0.660807   0.851095   0.682121   0.931464   0.650164   0.743135   0.036569   0.336181   0.670111   0.838143   0.658850   0.931359   0.625405   0.757448   0.030418   0.308154   0.678041   0.819057   0.625411   0.931599   0.589998   0.764769   0.030648   0.302200   0.681551   0.806004   0.603175   0.932200   0.566577   0.762859   0.034850   0.301850   0.682052   0.799592   0.592581   0.932857   0.555483   0.760954   0.035624   0.301694   0.682301   0.794279   0.583917   0.933193   0.546433   0.760072   0.035171   0.301647   0.682410   0.789680   0.576502   0.933269   0.538702   0.759400   0.034336   0.301622   0.682472   0.785638   0.570045   0.933312   0.531983   0.758642   0.033378   0.301569   0.682529   0.782087   0.564423   0.933549   0.526142   0.757641   0.032543   0.301522   0.682524   0.779036   0.559637   0.934055   0.521179   0.756487   0.031825 460849
 18   0.119066   0.679724   0.713410   0.464815   0.857518   0.424273   0.511508   0.038462   0.298596   0.687161   0.737783   0.498087   0.856287   0.457922   0.511129   0.038186   0.299324   0.685692   0.742483   0.504882   0.856805   0.464866   0.504564   0.035564   0.299891   0.684664   0.745081   0.508630   0.858664   0.468693   0.503307   0.034200   0.300359   0.683773   0.746746   0.511040   0.859832   0.471156   0.503458   0.034161   0.302647   0.681961   0.750022   0.515840   0.859937   0.476074   0.503643   0.032951   0.318141   0.676225   0.760844   0.532157   0.859572   0.492877   0.507195   0.027012   0.353895   0.666466   0.776199   0.555837   0.858728   0.517365   0.519256   0.020952   0.401403   0.655969   0.791624   0.580468   0.858254   0.543003   0.536140   0.021862   0.450309   0.646902   0.808250   0.607964   0.858460   0.571812   0.551442   0.028138   0.488280   0.641136   0.823054   0.633247   0.858313   0.598463   0.564754   0.036640   0.500139   0.640360   0.833196   0.651037   0.857824   0.617310   0.577557   0.044912   0.479711   0.644735   0.837308   0.658369   0.857085   0.625102   0.590513   0.050591   0.434171   0.652886   0.834805   0.653919   0.856012   0.620374   0.603961   0.051596   0.378017   0.662648   0.826264   0.638856   0.855250   0.604400   0.619930   0.046821   0.329661   0.672524   0.809522   0.610148   0.855258   0.574117   0.639610   0.036782   0.305435   0.680253   0.788975   0.575989   0.855658   0.538292   0.651244   0.031231   0.300935   0.683159   0.776804   0.556368   0.856317   0.517834   0.650860   0.031302   0.301012   0.683202   0.772220   0.549202   0.856961   0.510407   0.647496   0.030482   0.301141   0.683080   0.768883   0.544042   0.857280   0.505068   0.643793   0.030148   0.301291   0.682911   0.766056   0.539705   0.857432   0.500589   0.640353   0.030607   0.301405   0.682767   0.763516   0.535836   0.857409   0.496597   0.636967   0.031400   0.301476   0.682610   0.761398   0.532628   0.857462   0.493291   0.633611   0.031736   0.301578   0.682376   0.759734   0.530115   0.857863   0.490703   0.630614   0.031654 159755
 19   0.124312   0.678648   0.664380   0.401966   0.775706   0.361408   0.459838   0.041723   0.297999   0.685338   0.689625   0.432516   0.774023   0.391644   0.465693   0.041168   0.298675   0.684271   0.693305   0.437285   0.774491   0.396422   0.463023   0.036980   0.299321   0.683302   0.696321   0.441166   0.776252   0.400303   0.462855   0.034580   0.299868   0.682448   0.698431   0.443878   0.777342   0.403016   0.462429   0.033539   0.301523   0.680797   0.701494   0.447851   0.777434   0.406996   0.462035   0.032207   0.313358   0.675282   0.711307   0.461102   0.777083   0.420368   0.462769   0.027796   0.342169   0.666258   0.724720   0.479631   0.776286   0.439144   0.469127   0.023601   0.381022   0.657184   0.737088   0.497244   0.775917   0.457093   0.480154   0.025343   0.420607   0.649533   0.750202   0.516515   0.776214   0.476846   0.490435   0.031477   0.450240   0.644766   0.762045   0.534467   0.776140   0.495354   0.499988   0.038724   0.457241   0.644449   0.770313   0.547336   0.775758   0.508689   0.509615   0.045297   0.438710   0.648665   0.773473   0.552342   0.775184   0.513892   0.519807   0.049874   0.402934   0.656013   0.770737   0.548061   0.774266   0.509453   0.530392   0.050891   0.360489   0.664805   0.762654   0.535509   0.773474   0.496453   0.541767   0.047038   0.323593   0.673674   0.748459   0.514040   0.773372   0.474328   0.555094   0.038472   0.304443   0.680291   0.731929   0.489714   0.773705   0.449386   0.562018   0.033395   0.300547   0.682661   0.722310   0.475909   0.774288   0.435298   0.560012   0.033099   0.300646   0.682684   0.718761   0.470968   0.774846   0.430286   0.556712   0.032106   0.300747   0.682622   0.715919   0.467061   0.775100   0.426330   0.553831   0.031451   0.300859   0.682537   0.713361   0.463580   0.775282   0.422813   0.551468   0.031402   0.300947   0.682465   0.710948   0.460321   0.775307   0.419525   0.549251   0.031719   0.301022   0.682356   0.708916   0.457590   0.775324   0.416772   0.547109   0.031889   0.301118   0.682160   0.707391   0.455552   0.775669   0.414719   0.545239   0.031720 224228
 20   0.116784   0.678382   0.751986   0.518186   0.942301   0.478376   0.767480   0.018831   0.301775   0.684907   0.761074   0.531653   0.941713   0.492195   0.774213   0.017585   0.302113   0.683899   0.762545   0.533865   0.942579   0.494471   0.778024   0.018301   0.302451   0.682963   0.763859   0.535850   0.944695   0.496514   0.782444   0.018923   0.302737   0.682265   0.764179   0.536330   0.946064   0.497009   0.785489   0.019589   0.303649   0.681533   0.764133   0.536247   0.946376   0.496920   0.786918   0.019927   0.311939   0.678957   0.766637   0.540060   0.946116   0.500853   0.786618   0.020392   0.332587   0.673502   0.772925   0.549761   0.945312   0.510882   0.789724   0.020575   0.359278   0.667134   0.781889   0.563840   0.944576   0.525486   0.798042   0.021539   0.384254   0.661742   0.792787   0.581313   0.944837   0.543680   0.806217   0.024158   0.400836   0.658321   0.803206   0.598362   0.945080   0.561501   0.812026   0.026554   0.403273   0.657543   0.811167   0.611633   0.944836   0.575420   0.815594   0.027781   0.390944   0.659408   0.815827   0.619501   0.944222   0.583692   0.817622   0.028059   0.367755   0.663308   0.816740   0.621056   0.943155   0.585330   0.819614   0.027192   0.339562   0.668029   0.814295   0.616916   0.942461   0.580975   0.826632   0.023524   0.315803   0.673229   0.805957   0.602959   0.942374   0.566324   0.840079   0.020137   0.305554   0.677016   0.796071   0.586575   0.942525   0.549158   0.845746   0.021773   0.304350   0.678155   0.790755   0.577915   0.943021   0.540114   0.842308   0.024563   0.304167   0.678453   0.787393   0.572515   0.943599   0.534490   0.839694   0.025422   0.304007   0.678689   0.784335   0.567642   0.943843   0.529421   0.837369   0.025577   0.303870   0.678872   0.781469   0.563107   0.943712   0.524711   0.835353   0.025258   0.303780   0.678972   0.778983   0.559195   0.943595   0.520652   0.833658   0.024765   0.303738   0.678993   0.776953   0.556020   0.943783   0.517361   0.832116   0.024341   0.303734   0.678959   0.775270   0.553398   0.944254   0.514645   0.830710   0.024141 1057928
 21   0.115217   0.679395   0.761130   0.532011   0.938828   0.492616   0.752672   0.021464   0.300780   0.686831   0.769573   0.544724   0.938237   0.505700   0.761557   0.021106   0.301191   0.685639   0.770842   0.546658   0.939205   0.507695   0.765966   0.021629   0.301571   0.684553   0.772022   0.548467   0.941448   0.509564   0.770915   0.021907   0.301880   0.683735   0.772178   0.548700   0.942818   0.509802   0.774433   0.022286   0.304470   0.682413   0.772956   0.549881   0.943079   0.511020   0.775564   0.022333   0.320394   0.677942   0.778394   0.558376   0.942761   0.519823   0.776323   0.022092   0.354080   0.669800   0.788932   0.575153   0.941902   0.537270   0.783344   0.021708   0.394397   0.661169   0.802706   0.597672   0.941101   0.560805   0.794717   0.023280   0.430751   0.654278   0.818398   0.624079   0.941258   0.588553   0.803995   0.026841   0.454833   0.650074   0.832817   0.649053   0.941398   0.614937   0.810267   0.029982   0.459562   0.649255   0.843733   0.668451   0.941028   0.635531   0.814355   0.032044   0.442847   0.651908   0.850188   0.680134   0.940248   0.647977   0.817072   0.033031   0.408650   0.657338   0.851690   0.682891   0.939017   0.650920   0.819664   0.032721   0.364872   0.663811   0.848729   0.677518   0.938251   0.645194   0.827973   0.029035   0.325891   0.670912   0.837759   0.657905   0.938181   0.624350   0.842657   0.024528   0.307293   0.676709   0.823021   0.631973   0.938391   0.596871   0.849367   0.026189   0.304275   0.678917   0.814048   0.616544   0.938952   0.580592   0.846711   0.030142   0.303910   0.679414   0.809007   0.608068   0.939580   0.571688   0.844484   0.031011   0.303628   0.679763   0.804632   0.600789   0.939870   0.564056   0.842926   0.030818   0.303437   0.679989   0.800751   0.594388   0.939781   0.557355   0.841597   0.030069   0.303289   0.680132   0.797376   0.588866   0.939707   0.551583   0.840364   0.029170   0.303193   0.680187   0.794553   0.584281   0.939955   0.546796   0.838928   0.028657   0.303114   0.680204   0.792099   0.580321   0.940492   0.542669   0.837302   0.028432 702303
 22   0.113187   0.680221   0.762659   0.534328   0.937143   0.495003   0.750119   0.022911   0.297932   0.688349   0.768433   0.543054   0.936763   0.503991   0.759821   0.024459   0.298587   0.687056   0.769168   0.544164   0.937940   0.505134   0.763555   0.025473   0.299032   0.686000   0.769747   0.545044   0.940221   0.506040   0.767694   0.025955   0.299403   0.685166   0.769523   0.544684   0.941690   0.505666   0.770746   0.026189   0.307580   0.682221   0.772858   0.549822   0.941927   0.510977   0.771689   0.025558   0.342772   0.673442   0.784573   0.568313   0.941492   0.530176   0.777343   0.024489   0.410070   0.660084   0.803152   0.598690   0.940583   0.561926   0.792242   0.026022   0.493083   0.646745   0.825824   0.637410   0.939579   0.602732   0.807264   0.031939   0.568003   0.636613   0.849268   0.679240   0.939419   0.647181   0.817157   0.039120   0.608237   0.632053   0.868751   0.715402   0.939310   0.685894   0.822411   0.044680   0.599889   0.633989   0.881635   0.740060   0.938712   0.712446   0.824407   0.048721   0.550576   0.641097   0.887126   0.750767   0.937706   0.724015   0.826257   0.051137   0.479201   0.650925   0.885235   0.747115   0.936315   0.720077   0.830431   0.051065   0.402327   0.661394   0.876550   0.730351   0.935518   0.701995   0.839809   0.046895   0.338108   0.671527   0.858722   0.696715   0.935496   0.665874   0.853905   0.039850   0.306694   0.679467   0.837448   0.657719   0.935775   0.624225   0.856422   0.038592   0.300903   0.682869   0.823999   0.633887   0.936418   0.598936   0.849506   0.040875   0.300366   0.683502   0.816684   0.621320   0.937135   0.585679   0.846741   0.040167   0.299983   0.683931   0.810473   0.610816   0.937528   0.574630   0.844985   0.039021   0.299701   0.684205   0.805008   0.601688   0.937483   0.565051   0.843580   0.037489   0.299549   0.684301   0.800359   0.593993   0.937414   0.556990   0.842383   0.035968   0.299468   0.684256   0.796524   0.587702   0.937709   0.550411   0.840925   0.034907   0.299395   0.684151   0.793212   0.582332   0.938323   0.544807   0.839200   0.034127 352285
 23   0.113782   0.681610   0.759452   0.529792   0.932111   0.490388   0.676551   0.026286   0.298474   0.690975   0.767995   0.542515   0.931493   0.503458   0.685587   0.026907   0.299225   0.689332   0.769163   0.544285   0.932555   0.505283   0.687530   0.027041   0.299747   0.688004   0.770019   0.545586   0.934749   0.506625   0.690560   0.026070   0.300094   0.687028   0.769924   0.545419   0.936060   0.506448   0.692957   0.025340   0.307909   0.684411   0.772733   0.549746   0.936146   0.510921   0.693369   0.024352   0.344089   0.675447   0.784033   0.567633   0.935626   0.529505   0.698222   0.022130   0.418319   0.659543   0.804735   0.601662   0.934631   0.565110   0.713629   0.021364   0.516661   0.641892   0.833107   0.650731   0.933760   0.616953   0.728585   0.025348   0.617152   0.626770   0.864124   0.707386   0.933601   0.677434   0.735112   0.031640   0.687881   0.617722   0.890836   0.758792   0.933269   0.732857   0.735974   0.036986   0.695028   0.618029   0.909651   0.796576   0.932513   0.773923   0.733789   0.041191   0.635884   0.627050   0.919405   0.816696   0.931478   0.795901   0.732100   0.044565   0.539893   0.640838   0.920075   0.818082   0.930120   0.797417   0.734906   0.046555   0.437451   0.655432   0.912124   0.801655   0.929321   0.779465   0.747707   0.045451   0.353014   0.668978   0.891682   0.760500   0.929322   0.734714   0.771248   0.040663   0.309549   0.680004   0.863732   0.706264   0.929664   0.676150   0.783126   0.040728   0.300411   0.684953   0.844750   0.670935   0.930349   0.638305   0.781388   0.044002   0.300093   0.685547   0.835096   0.653673   0.931091   0.619954   0.782415   0.043309   0.300065   0.685778   0.827336   0.640027   0.931512   0.605495   0.784267   0.041471   0.300181   0.685789   0.820828   0.628723   0.931588   0.593544   0.785902   0.039428   0.300329   0.685707   0.815280   0.619212   0.931615   0.583512   0.786883   0.037657   0.300479   0.685539   0.810671   0.611411   0.931916   0.575305   0.787296   0.036289   0.300501   0.685410   0.806542   0.604518   0.932524   0.568071   0.787133   0.035208 173132
 24   0.117000   0.682388   0.705101   0.452860   0.939739   0.412075   0.573667   0.027259   0.293927   0.692624   0.714122   0.465105   0.938585   0.424439   0.579953   0.026909   0.294587   0.691124   0.715200   0.466620   0.939296   0.425978   0.579401   0.026520   0.294985   0.689834   0.716390   0.468294   0.941216   0.427678   0.580141   0.025906   0.295306   0.688833   0.716684   0.468728   0.942323   0.428122   0.581128   0.025563   0.301675   0.686571   0.718842   0.471554   0.942438   0.430961   0.582183   0.024900   0.333733   0.679278   0.727309   0.483201   0.941954   0.442759   0.586597   0.023398   0.403126   0.665534   0.743652   0.506714   0.940885   0.466768   0.598418   0.023574   0.495497   0.649460   0.767848   0.543358   0.940081   0.504540   0.611749   0.028837   0.591124   0.635167   0.796590   0.589419   0.940064   0.552523   0.618938   0.036206   0.664369   0.625529   0.823512   0.634944   0.939796   0.600428   0.620468   0.042641   0.685035   0.623707   0.844142   0.671457   0.939129   0.639179   0.619175   0.048013   0.642534   0.630208   0.856325   0.693696   0.938166   0.662920   0.617862   0.051555   0.553654   0.642648   0.859422   0.699383   0.936884   0.668999   0.619207   0.052488   0.448882   0.656500   0.854535   0.690199   0.936101   0.659143   0.628282   0.047938   0.359121   0.669271   0.838173   0.660400   0.936100   0.627351   0.646606   0.039455   0.309333   0.680475   0.812659   0.615619   0.936486   0.579904   0.656100   0.038102   0.296504   0.685793   0.794588   0.585072   0.937263   0.547766   0.652918   0.041662   0.296314   0.686263   0.785848   0.570919   0.938065   0.532998   0.650389   0.042164   0.296379   0.686521   0.778402   0.559067   0.938453   0.520669   0.649259   0.041383   0.296542   0.686579   0.772134   0.549249   0.938605   0.510488   0.648668   0.040077   0.296677   0.686509   0.766774   0.540989   0.938734   0.501947   0.648246   0.038729   0.296762   0.686365   0.762121   0.533907   0.938989   0.494643   0.648015   0.037598   0.296817   0.686151   0.758188   0.527997   0.939491   0.488561   0.647784   0.036435 130432
