timestamp=                2021-11-19T17:14:36.767386
shape=                    (5, 5)
sigma=                    2.5
nepochs=                  4
thresh=                   None
rate=                     0.007
neighborhood function=    gaussian
init weights=             pca
topology=                 hexagonal
activation distance=      euclidean
output type=              labels
mapfile_prefix=           full2017_5x5_4_007_3_01
apply classification=     False
seed=                     None
random order=             True
custom init file=         None
order labels by size=     False
decay_function=           3

Quantization Error=       0.34773820
Topographic Error=        0.14025774

############ NEURONS #############
 25 192
  0   0.128492   0.668112   0.704775   0.450344   0.887609   0.409437   0.558936   0.032742   0.305845   0.675070   0.725573   0.477981   0.886553   0.437225   0.558728   0.033949   0.306340   0.673951   0.728393   0.481945   0.887265   0.441252   0.553319   0.032255   0.306802   0.672981   0.730430   0.484827   0.889132   0.444182   0.552048   0.030924   0.307160   0.672227   0.731441   0.486269   0.890212   0.445650   0.552003   0.030422   0.307943   0.671499   0.732070   0.487176   0.890253   0.446576   0.551778   0.029962   0.316503   0.668707   0.737027   0.494399   0.889795   0.453960   0.552312   0.027613   0.338442   0.662522   0.746796   0.508706   0.888964   0.468601   0.559484   0.023110   0.367002   0.655183   0.757670   0.524877   0.888549   0.485197   0.573568   0.021385   0.394652   0.648708   0.769525   0.542923   0.888933   0.503796   0.588679   0.023660   0.414982   0.644270   0.780929   0.560705   0.889090   0.522205   0.601832   0.027122   0.420632   0.642976   0.789765   0.574791   0.888830   0.536848   0.612414   0.030142   0.408996   0.645015   0.794356   0.582231   0.888215   0.544605   0.621956   0.031530   0.383448   0.649615   0.794102   0.581839   0.887245   0.544200   0.631989   0.030361   0.351114   0.655543   0.789213   0.573930   0.886551   0.535956   0.644313   0.026791   0.323232   0.662386   0.777077   0.554590   0.886496   0.515854   0.657927   0.024598   0.310207   0.667639   0.763394   0.533137   0.886793   0.493624   0.663923   0.026952   0.308199   0.669294   0.756519   0.522601   0.887351   0.482753   0.661656   0.029747   0.308200   0.669414   0.753439   0.517972   0.887891   0.477995   0.658396   0.030467   0.308245   0.669442   0.750933   0.514243   0.888123   0.474167   0.655436   0.030838   0.308313   0.669435   0.748789   0.511079   0.888189   0.470925   0.652615   0.031458   0.308384   0.669429   0.746829   0.508205   0.888142   0.467984   0.649855   0.032347   0.308457   0.669410   0.745103   0.505691   0.888214   0.465414   0.647508   0.032797   0.308543   0.669337   0.743745   0.503733   0.888604   0.463417   0.645533   0.032922 370194
  1   0.144042   0.666095   0.580390   0.306229   0.582989   0.267886   0.407937   0.041140   0.305551   0.671432   0.601815   0.326265   0.581864   0.286806   0.412876   0.046041   0.306048   0.670920   0.603240   0.327730   0.582463   0.288214   0.412007   0.040584   0.306392   0.670343   0.603912   0.328432   0.584122   0.288889   0.412821   0.038663   0.306578   0.669951   0.603700   0.328204   0.585073   0.288668   0.413748   0.037856   0.308039   0.668386   0.604597   0.329131   0.585026   0.289560   0.414765   0.037409   0.322032   0.660977   0.611325   0.336423   0.584401   0.296626   0.417246   0.035726   0.356874   0.648219   0.620228   0.346231   0.583392   0.306159   0.424909   0.036220   0.401244   0.636253   0.627453   0.354377   0.583031   0.314109   0.437130   0.042690   0.439089   0.628305   0.634551   0.362537   0.583474   0.322100   0.449563   0.051730   0.459861   0.625596   0.639862   0.368757   0.583648   0.328214   0.460811   0.059705   0.458031   0.628325   0.642527   0.371938   0.583509   0.331350   0.470057   0.064633   0.435412   0.635618   0.641901   0.371234   0.583137   0.330664   0.476969   0.065387   0.400051   0.645708   0.637815   0.366461   0.582479   0.325976   0.481198   0.061339   0.361342   0.656726   0.631278   0.358882   0.581827   0.318541   0.482591   0.053388   0.328703   0.666804   0.623432   0.349895   0.581684   0.309744   0.482130   0.044427   0.310772   0.673187   0.616099   0.341618   0.581977   0.301664   0.479413   0.039127   0.306344   0.674775   0.612337   0.337432   0.582457   0.297589   0.474580   0.037921   0.306299   0.674255   0.611292   0.336296   0.582820   0.296487   0.469769   0.037625   0.306273   0.673795   0.610310   0.335238   0.582839   0.295463   0.465537   0.037976   0.306213   0.673448   0.609247   0.334111   0.582892   0.294375   0.461696   0.038866   0.306191   0.673131   0.608130   0.332932   0.582928   0.293238   0.458128   0.039490   0.306185   0.672809   0.607127   0.331875   0.582959   0.292219   0.454823   0.039851   0.306139   0.672494   0.606407   0.331127   0.583262   0.291499   0.451756   0.040237 354442
  2   0.156421   0.666978   0.468188   0.206230   0.371205   0.174103   0.294061   0.045800   0.304706   0.672908   0.482556   0.216479   0.370658   0.183339   0.294367   0.052916   0.305108   0.671976   0.484320   0.217810   0.371156   0.184551   0.294427   0.051775   0.305394   0.671157   0.485822   0.218977   0.372614   0.185619   0.294983   0.052325   0.305564   0.670573   0.486573   0.219570   0.373455   0.186162   0.295299   0.053478   0.308122   0.667883   0.488683   0.221261   0.373387   0.187717   0.296083   0.054347   0.327295   0.655952   0.496255   0.227504   0.372783   0.193485   0.298424   0.054416   0.371124   0.635602   0.506370   0.236029   0.371829   0.201392   0.303965   0.059225   0.424665   0.616470   0.516234   0.244574   0.371486   0.209356   0.312108   0.070897   0.470202   0.603858   0.526067   0.253272   0.371895   0.217492   0.320555   0.082917   0.494946   0.600164   0.533570   0.260057   0.372076   0.223863   0.328362   0.092429   0.492565   0.605772   0.537666   0.263857   0.371977   0.227448   0.334849   0.098582   0.466938   0.618397   0.537863   0.264096   0.371652   0.227683   0.339573   0.100255   0.426274   0.635044   0.533987   0.260562   0.371059   0.224360   0.342235   0.096165   0.379349   0.653180   0.526751   0.253981   0.370465   0.218174   0.342725   0.086652   0.337292   0.669738   0.517635   0.245836   0.370327   0.210540   0.341150   0.073982   0.311527   0.680539   0.508594   0.237935   0.370590   0.203166   0.337493   0.063744   0.303639   0.683571   0.502847   0.233001   0.371037   0.198575   0.332604   0.059869   0.303247   0.682683   0.500257   0.230827   0.371379   0.196559   0.328088   0.059363   0.303004   0.681774   0.498266   0.229183   0.371389   0.195039   0.324181   0.060617   0.302723   0.681023   0.496475   0.227720   0.371425   0.193689   0.320599   0.062555   0.302480   0.680344   0.494710   0.226288   0.371446   0.192370   0.317365   0.063090   0.302304   0.679674   0.493085   0.224978   0.371467   0.191165   0.314471   0.062779   0.302057   0.679113   0.491692   0.223869   0.371736   0.190145   0.311744   0.062997 424277
  3   0.163158   0.673065   0.368277   0.138509   0.198278   0.113503   0.206372   0.091059   0.292472   0.684101   0.355234   0.130324   0.197791   0.106278   0.198722   0.128672   0.293470   0.681787   0.357511   0.131587   0.198315   0.107370   0.200327   0.136842   0.294043   0.680307   0.358387   0.132087   0.199615   0.107804   0.201789   0.142735   0.294314   0.679340   0.358434   0.132117   0.200344   0.107830   0.202674   0.148002   0.303034   0.671257   0.362427   0.134388   0.200301   0.109802   0.204233   0.152690   0.344804   0.644315   0.373805   0.141164   0.199759   0.115732   0.206860   0.161910   0.423634   0.605650   0.387718   0.149849   0.198916   0.123389   0.209831   0.179572   0.511171   0.571883   0.400857   0.158351   0.198689   0.130932   0.213589   0.195251   0.585016   0.549208   0.412931   0.166401   0.199166   0.138109   0.217677   0.200409   0.629625   0.541549   0.422412   0.172889   0.199426   0.143920   0.221594   0.201397   0.632179   0.551517   0.427912   0.176733   0.199410   0.147375   0.225351   0.201533   0.594310   0.575877   0.428669   0.177268   0.199162   0.147858   0.228488   0.199419   0.528807   0.608295   0.424616   0.174415   0.198639   0.145291   0.230240   0.192380   0.448639   0.644719   0.416464   0.168765   0.198080   0.140220   0.230153   0.183382   0.369767   0.680075   0.404571   0.160746   0.197889   0.133056   0.228511   0.175587   0.311315   0.706531   0.390047   0.151305   0.198028   0.124673   0.225654   0.165967   0.287597   0.715821   0.378805   0.144247   0.198353   0.118442   0.221898   0.159668   0.285599   0.713231   0.372944   0.140710   0.198603   0.115341   0.218073   0.158909   0.285307   0.709866   0.368757   0.138225   0.198577   0.113167   0.215013   0.162130   0.285418   0.706664   0.365175   0.136120   0.198590   0.111330   0.212636   0.165578   0.285350   0.704012   0.361920   0.134228   0.198588   0.109681   0.210306   0.164456   0.284904   0.702045   0.359028   0.132566   0.198586   0.108236   0.207878   0.162172   0.284438   0.700368   0.356663   0.131221   0.198810   0.107068   0.205591   0.162024 219358
  4   0.153474   0.673075   0.414381   0.168849   0.251055   0.140520   0.222672   0.210225   0.277374   0.683844   0.402188   0.160727   0.252371   0.133273   0.214037   0.348941   0.277231   0.680807   0.404484   0.162248   0.252806   0.134630   0.215357   0.370808   0.277076   0.678637   0.405810   0.163161   0.254072   0.135449   0.216531   0.384204   0.276660   0.677242   0.405947   0.163289   0.254728   0.135569   0.217388   0.398507   0.291246   0.671065   0.407949   0.164620   0.254610   0.136757   0.217980   0.409084   0.354914   0.648494   0.416995   0.170725   0.253971   0.142218   0.220201   0.404692   0.466768   0.612834   0.432004   0.181243   0.253067   0.151689   0.223390   0.402091   0.584830   0.579650   0.448154   0.193065   0.252883   0.162414   0.226247   0.408533   0.679636   0.556037   0.462829   0.204216   0.253411   0.172597   0.229155   0.403491   0.737674   0.545066   0.474052   0.213015   0.253717   0.180674   0.231733   0.393245   0.747469   0.549798   0.480460   0.218153   0.253754   0.185410   0.234113   0.384367   0.707369   0.569930   0.481262   0.218809   0.253528   0.186017   0.236107   0.377396   0.627717   0.601237   0.476294   0.214810   0.253037   0.182329   0.237093   0.370265   0.521026   0.640075   0.465754   0.206477   0.252469   0.174668   0.236520   0.366643   0.406107   0.681272   0.449782   0.194280   0.252198   0.163521   0.234365   0.372661   0.308972   0.715813   0.430412   0.180100   0.252268   0.150656   0.230558   0.388414   0.265273   0.727978   0.417180   0.170765   0.252559   0.142240   0.226076   0.405502   0.262330   0.722277   0.412230   0.167452   0.252782   0.139280   0.222452   0.415661   0.262259   0.715951   0.408874   0.165247   0.252712   0.137317   0.219845   0.425604   0.262316   0.710439   0.406057   0.163416   0.252712   0.135689   0.217979   0.434120   0.262424   0.705729   0.403701   0.161897   0.252740   0.134341   0.216345   0.435415   0.262284   0.701824   0.401708   0.160619   0.252776   0.133207   0.214592   0.433593   0.261916   0.698441   0.400208   0.159661   0.253026   0.132358   0.212788   0.433605 102146
  5   0.127864   0.667390   0.714138   0.462176   0.899436   0.421221   0.682230   0.030095   0.307786   0.674104   0.725929   0.478044   0.898571   0.437209   0.685704   0.029226   0.308095   0.673752   0.725429   0.477351   0.899332   0.436508   0.683821   0.029235   0.308385   0.673320   0.725039   0.476826   0.901276   0.435978   0.683257   0.029186   0.308593   0.673049   0.723881   0.475228   0.902388   0.434362   0.682124   0.029347   0.308860   0.672911   0.722082   0.472730   0.902425   0.431830   0.680261   0.029624   0.313629   0.671628   0.721614   0.472100   0.901915   0.431196   0.677567   0.030360   0.328561   0.667645   0.724042   0.475523   0.900999   0.434674   0.677393   0.030829   0.350590   0.662098   0.728851   0.482298   0.900583   0.441557   0.682691   0.032147   0.372107   0.657100   0.735234   0.491391   0.901118   0.450813   0.690724   0.035030   0.387332   0.653681   0.741759   0.500814   0.901467   0.460430   0.698237   0.037536   0.391262   0.652555   0.747023   0.508512   0.901376   0.468304   0.704126   0.038487   0.382068   0.653984   0.749979   0.512883   0.900884   0.472784   0.708170   0.037765   0.362808   0.657500   0.750034   0.512979   0.899985   0.472885   0.710744   0.035189   0.339290   0.662118   0.747450   0.509151   0.899257   0.468960   0.713605   0.030399   0.319359   0.666767   0.741921   0.500980   0.899094   0.460585   0.717991   0.026273   0.310146   0.669585   0.736070   0.492392   0.899309   0.451796   0.719070   0.026045   0.308895   0.670154   0.733068   0.488038   0.899795   0.447349   0.716029   0.027126   0.308947   0.670043   0.731633   0.485979   0.900247   0.445251   0.713174   0.027298   0.308999   0.669890   0.730447   0.484291   0.900347   0.443533   0.710661   0.027227   0.309052   0.669753   0.729334   0.482726   0.900303   0.441943   0.708368   0.027440   0.309106   0.669656   0.728216   0.481164   0.900209   0.440359   0.706064   0.028063   0.309166   0.669533   0.727273   0.479854   0.900265   0.439032   0.703899   0.028607   0.309231   0.669349   0.726610   0.478940   0.900638   0.438107   0.702078   0.029009 417627
  6   0.139041   0.665683   0.625970   0.354204   0.675179   0.314182   0.489108   0.037070   0.306765   0.670586   0.645802   0.375216   0.673604   0.334472   0.494333   0.041341   0.307247   0.669976   0.647360   0.376997   0.674227   0.336214   0.492392   0.037008   0.307708   0.669276   0.648734   0.378594   0.675990   0.337781   0.493162   0.034634   0.307985   0.668821   0.649003   0.378909   0.676995   0.338090   0.493813   0.033633   0.308887   0.667956   0.649445   0.379421   0.676937   0.338593   0.493797   0.033081   0.319192   0.663084   0.654631   0.385678   0.676306   0.344773   0.494428   0.031160   0.346851   0.653704   0.662707   0.395513   0.675259   0.354505   0.500728   0.030056   0.383962   0.644266   0.669945   0.404473   0.674872   0.363396   0.512786   0.034135   0.417720   0.637454   0.677122   0.413529   0.675331   0.372415   0.525360   0.041703   0.438504   0.634355   0.682880   0.420931   0.675494   0.379811   0.536562   0.048760   0.439363   0.635533   0.686201   0.425266   0.675325   0.384155   0.545657   0.053240   0.420620   0.640619   0.686284   0.425417   0.674922   0.384314   0.552362   0.054155   0.389536   0.648281   0.682968   0.421156   0.674217   0.380057   0.556457   0.050973   0.354866   0.657026   0.677034   0.413551   0.673519   0.372461   0.558217   0.044357   0.325798   0.665244   0.669258   0.403677   0.673364   0.362617   0.559186   0.037075   0.310790   0.670409   0.661883   0.394422   0.673678   0.353410   0.557539   0.033776   0.307676   0.671670   0.658209   0.389865   0.674188   0.348886   0.552875   0.033740   0.307760   0.671329   0.657116   0.388531   0.674581   0.347565   0.548419   0.033541   0.307844   0.671009   0.656067   0.387265   0.674622   0.346315   0.544652   0.033509   0.307919   0.670744   0.654973   0.385956   0.674698   0.345024   0.541355   0.033967   0.307989   0.670514   0.653904   0.384684   0.674749   0.343771   0.538217   0.034495   0.308047   0.670277   0.652989   0.383602   0.674782   0.342706   0.535211   0.034694   0.308114   0.669983   0.652430   0.382947   0.675101   0.342062   0.532418   0.034788 377829
  7   0.150215   0.666472   0.525626   0.254055   0.474914   0.218406   0.347524   0.041430   0.305199   0.672102   0.545976   0.270921   0.474013   0.234004   0.350803   0.047157   0.305648   0.671528   0.546995   0.271831   0.474566   0.234856   0.350809   0.043682   0.305897   0.670952   0.547495   0.272285   0.476119   0.235283   0.351299   0.042839   0.306024   0.670551   0.547404   0.272200   0.477016   0.235202   0.351466   0.042707   0.307971   0.668402   0.548781   0.273472   0.476961   0.236401   0.352255   0.042704   0.324922   0.658539   0.556047   0.280409   0.476335   0.242976   0.354942   0.041371   0.365142   0.641778   0.565115   0.289213   0.475341   0.251344   0.362168   0.043476   0.414396   0.626201   0.572593   0.296637   0.474989   0.258430   0.373292   0.052114   0.454896   0.616211   0.580024   0.304148   0.475417   0.265621   0.384518   0.062441   0.475436   0.613596   0.585520   0.309804   0.475597   0.271054   0.394595   0.071272   0.471100   0.618350   0.588124   0.312532   0.475489   0.273683   0.402853   0.076876   0.445832   0.628564   0.587389   0.311778   0.475150   0.272959   0.408835   0.077805   0.408325   0.641785   0.583261   0.307497   0.474536   0.268842   0.412279   0.073391   0.367129   0.655909   0.576620   0.300688   0.473916   0.262305   0.413010   0.064526   0.331596   0.668633   0.568835   0.292835   0.473771   0.254790   0.411372   0.053682   0.311071   0.676575   0.561768   0.285833   0.474045   0.248110   0.407450   0.045996   0.305385   0.678516   0.557954   0.282106   0.474500   0.244564   0.402116   0.043498   0.305083   0.677826   0.556641   0.280854   0.474843   0.243378   0.396971   0.043264   0.304813   0.677261   0.555434   0.279728   0.474844   0.242315   0.392331   0.044071   0.304546   0.676827   0.554171   0.278559   0.474877   0.241212   0.388139   0.045223   0.304371   0.676430   0.552822   0.277312   0.474898   0.240037   0.384380   0.045988   0.304221   0.676067   0.551522   0.276114   0.474919   0.238909   0.380976   0.046375   0.304041   0.675724   0.550465   0.275149   0.475203   0.238001   0.377860   0.046720 346549
  8   0.162139   0.666680   0.413757   0.166810   0.266362   0.138455   0.246582   0.051864   0.303519   0.672085   0.415477   0.167480   0.265837   0.138978   0.243214   0.063846   0.304086   0.671044   0.417259   0.168619   0.266361   0.139987   0.244861   0.065155   0.304420   0.670390   0.417887   0.169036   0.267763   0.140358   0.246144   0.066490   0.304609   0.669947   0.418007   0.169123   0.268569   0.140437   0.246881   0.067755   0.307830   0.666647   0.419844   0.170367   0.268517   0.141548   0.247752   0.068917   0.329795   0.651751   0.427219   0.175477   0.267955   0.146133   0.249822   0.070920   0.377472   0.627323   0.437418   0.182695   0.267063   0.152632   0.254166   0.079264   0.433762   0.605385   0.447358   0.189922   0.266766   0.159169   0.260470   0.092264   0.482007   0.591002   0.457169   0.197225   0.267214   0.165802   0.267127   0.102309   0.510595   0.586457   0.464875   0.203082   0.267447   0.171139   0.273359   0.109457   0.511594   0.592760   0.469103   0.206356   0.267395   0.174133   0.278757   0.113813   0.486123   0.607989   0.469367   0.206575   0.267117   0.174336   0.282721   0.114198   0.442866   0.628118   0.465872   0.203866   0.266549   0.171859   0.284604   0.108922   0.391346   0.650287   0.459341   0.198846   0.265968   0.167275   0.284385   0.099773   0.342951   0.671394   0.450394   0.192110   0.265817   0.161145   0.282425   0.089550   0.311832   0.685592   0.440851   0.185102   0.266031   0.154795   0.278921   0.080180   0.301693   0.689635   0.434522   0.180556   0.266425   0.150692   0.274717   0.075529   0.301117   0.688288   0.431472   0.178421   0.266731   0.148774   0.270916   0.074738   0.300912   0.686899   0.428994   0.176706   0.266735   0.147235   0.267782   0.076824   0.300768   0.685656   0.426657   0.175102   0.266763   0.145798   0.265114   0.079589   0.300488   0.684609   0.424448   0.173606   0.266767   0.144461   0.262535   0.079722   0.300147   0.683729   0.422508   0.172307   0.266775   0.143302   0.260002   0.078971   0.299707   0.683042   0.420756   0.171150   0.267023   0.142273   0.257578   0.079528 343215
  9   0.152841   0.675731   0.438438   0.184859   0.330241   0.154798   0.244261   0.092961   0.286510   0.690380   0.444148   0.188352   0.330389   0.157860   0.235613   0.122997   0.285986   0.688935   0.446270   0.189874   0.330840   0.159235   0.232837   0.129369   0.286020   0.687127   0.447908   0.191065   0.332152   0.160313   0.231553   0.135536   0.285783   0.685586   0.448599   0.191600   0.332855   0.160801   0.230726   0.143031   0.297705   0.674783   0.457121   0.197690   0.332735   0.166297   0.233291   0.149380   0.353761   0.643868   0.478298   0.213737   0.332091   0.180923   0.238739   0.158015   0.456972   0.604206   0.501211   0.232391   0.331141   0.198131   0.242842   0.181306   0.569994   0.571478   0.520662   0.249201   0.330830   0.213798   0.246408   0.206797   0.663582   0.549211   0.537214   0.264071   0.331208   0.227752   0.250792   0.215974   0.721093   0.540222   0.549430   0.275416   0.331349   0.238459   0.255878   0.217165   0.727779   0.547840   0.556130   0.281838   0.331235   0.244555   0.261542   0.216937   0.682369   0.570669   0.556333   0.282148   0.330915   0.244867   0.267232   0.215435   0.598823   0.603164   0.549811   0.276042   0.330387   0.239096   0.271983   0.210156   0.494722   0.640289   0.537609   0.264687   0.329840   0.228375   0.274664   0.201484   0.390901   0.676681   0.520613   0.249307   0.329686   0.213923   0.274814   0.187457   0.310284   0.707444   0.497269   0.229226   0.329922   0.195220   0.272020   0.166128   0.276725   0.720523   0.478425   0.213741   0.330339   0.180911   0.265479   0.155776   0.274901   0.718007   0.470477   0.207595   0.330637   0.175290   0.258502   0.157959   0.274938   0.714122   0.465637   0.203930   0.330619   0.171952   0.253588   0.162020   0.275157   0.710398   0.461671   0.200979   0.330657   0.169271   0.249857   0.166748   0.275538   0.707053   0.458000   0.198284   0.330689   0.166828   0.246770   0.168012   0.275839   0.704187   0.454713   0.195899   0.330712   0.164671   0.243776   0.167763   0.275941   0.701659   0.452055   0.193998   0.330961   0.162956   0.240876   0.168528 170279
 10   0.124895   0.666908   0.743003   0.502566   0.932185   0.462208   0.762878   0.026194   0.308255   0.673022   0.752568   0.516403   0.931445   0.476334   0.769417   0.022827   0.308532   0.672475   0.752916   0.516901   0.932247   0.476840   0.770571   0.023665   0.308772   0.671910   0.753234   0.517367   0.934255   0.477318   0.772142   0.024504   0.308939   0.671601   0.752489   0.516258   0.935477   0.476180   0.772394   0.025474   0.309144   0.671544   0.750727   0.513646   0.935595   0.473502   0.771052   0.026710   0.313168   0.670683   0.749788   0.512269   0.935144   0.472093   0.767947   0.029039   0.325840   0.667727   0.751253   0.514469   0.934300   0.474353   0.766380   0.031342   0.344446   0.663474   0.754996   0.520082   0.933801   0.480121   0.769347   0.033368   0.362764   0.659511   0.760514   0.528427   0.934386   0.488709   0.774595   0.036022   0.375799   0.656765   0.766199   0.537118   0.934880   0.497671   0.779199   0.038034   0.379127   0.655846   0.770591   0.543894   0.934822   0.504670   0.782250   0.038643   0.371115   0.656914   0.772890   0.547458   0.934300   0.508356   0.783690   0.037447   0.354338   0.659643   0.772626   0.547049   0.933327   0.507932   0.783976   0.034429   0.334005   0.663197   0.770071   0.543082   0.932618   0.503830   0.786039   0.029131   0.317168   0.666737   0.764717   0.534811   0.932479   0.495285   0.791368   0.024317   0.309969   0.668871   0.759110   0.526206   0.932636   0.486405   0.792909   0.024082   0.309254   0.669342   0.756055   0.521566   0.933089   0.481625   0.789623   0.025455   0.309268   0.669358   0.754176   0.518735   0.933555   0.478715   0.786766   0.025518   0.309271   0.669315   0.752538   0.516281   0.933687   0.476193   0.784313   0.025137   0.309292   0.669255   0.751047   0.514057   0.933550   0.473911   0.781856   0.025061   0.309336   0.669176   0.749773   0.512168   0.933402   0.471973   0.779439   0.025410   0.309388   0.669027   0.748826   0.510769   0.933520   0.470540   0.777569   0.025436   0.309458   0.668810   0.748186   0.509828   0.933946   0.469576   0.776226   0.025233 759476
 11   0.126983   0.668662   0.720989   0.471592   0.931665   0.430746   0.668864   0.027853   0.306915   0.676227   0.734524   0.490233   0.930696   0.449606   0.672887   0.024659   0.307179   0.675122   0.736243   0.492641   0.931489   0.452050   0.672045   0.024282   0.307491   0.674058   0.737871   0.494953   0.933406   0.454402   0.672697   0.023752   0.307763   0.673243   0.738538   0.495896   0.934463   0.455360   0.673143   0.023397   0.308521   0.672575   0.738505   0.495828   0.934414   0.455287   0.672700   0.023219   0.317168   0.670124   0.740879   0.499266   0.933813   0.458798   0.671252   0.023050   0.339218   0.664149   0.747634   0.509163   0.932834   0.468924   0.673035   0.022414   0.367880   0.656515   0.757754   0.524261   0.932263   0.484423   0.681083   0.023049   0.394596   0.649799   0.770301   0.543447   0.932644   0.504210   0.690563   0.025535   0.413082   0.645329   0.782755   0.562992   0.932828   0.524463   0.697639   0.028102   0.417293   0.643985   0.792728   0.579015   0.932533   0.541140   0.702835   0.029769   0.405056   0.645988   0.798856   0.589028   0.931866   0.551594   0.707120   0.030013   0.380099   0.650558   0.800519   0.591776   0.930847   0.554470   0.711966   0.028585   0.349342   0.656239   0.798073   0.587764   0.930136   0.550278   0.720152   0.024797   0.323254   0.662412   0.789199   0.573358   0.930045   0.535255   0.731782   0.022191   0.311144   0.666918   0.778375   0.555960   0.930299   0.517147   0.737445   0.024641   0.309156   0.668361   0.772345   0.546433   0.930852   0.507261   0.735511   0.027841   0.308985   0.668687   0.768779   0.540904   0.931382   0.501545   0.733056   0.028909   0.308870   0.668919   0.765606   0.536029   0.931567   0.496514   0.730985   0.029223   0.308789   0.669098   0.762735   0.531653   0.931570   0.492004   0.729157   0.029388   0.308737   0.669234   0.760156   0.527749   0.931530   0.487985   0.727494   0.029609   0.308725   0.669302   0.757960   0.524439   0.931666   0.484581   0.726079   0.029521   0.308746   0.669290   0.756165   0.521751   0.932097   0.481820   0.724903   0.029175 716216
 12   0.133470   0.666961   0.650219   0.382850   0.749316   0.342396   0.448491   0.045374   0.303629   0.672872   0.678878   0.416106   0.747384   0.375045   0.454325   0.045950   0.304281   0.671998   0.682560   0.420720   0.747986   0.379636   0.451492   0.040267   0.304824   0.671223   0.685606   0.424536   0.749799   0.383430   0.451008   0.036938   0.305268   0.670523   0.687657   0.427108   0.750831   0.385989   0.450413   0.035679   0.306794   0.668874   0.690914   0.431236   0.750829   0.390104   0.449915   0.034597   0.319468   0.662503   0.702275   0.446267   0.750318   0.405204   0.450482   0.030012   0.351292   0.652058   0.717708   0.467198   0.749403   0.426326   0.456563   0.025877   0.393287   0.642151   0.731352   0.486387   0.749003   0.445818   0.466923   0.028610   0.433682   0.634306   0.745588   0.507089   0.749292   0.466978   0.475908   0.035615   0.462048   0.629737   0.758395   0.526320   0.749227   0.486753   0.483847   0.043335   0.467407   0.629790   0.767468   0.540333   0.748831   0.501237   0.492010   0.050233   0.447401   0.634464   0.771181   0.546196   0.748220   0.507323   0.500865   0.054812   0.410055   0.642374   0.768749   0.542464   0.747331   0.503471   0.510342   0.055581   0.366414   0.651865   0.760499   0.529776   0.746597   0.490365   0.521310   0.051833   0.328896   0.661585   0.745163   0.506744   0.746542   0.466680   0.534749   0.043609   0.309477   0.668863   0.727229   0.480528   0.746960   0.439856   0.541508   0.039105   0.305469   0.671440   0.717027   0.466005   0.747572   0.425071   0.539474   0.038966   0.305665   0.671427   0.713482   0.461102   0.748089   0.420106   0.536816   0.037356   0.305910   0.671268   0.710871   0.457518   0.748308   0.416481   0.534522   0.036098   0.306146   0.671057   0.708694   0.454560   0.748505   0.413496   0.532484   0.035637   0.306344   0.670849   0.706745   0.451935   0.748577   0.410850   0.530388   0.035632   0.306449   0.670665   0.705063   0.449686   0.748620   0.408587   0.528211   0.035368   0.306502   0.670477   0.703711   0.447899   0.748971   0.406792   0.526051   0.035027 232602
 13   0.136898   0.675793   0.586137   0.313008   0.623344   0.274548   0.348217   0.065602   0.293469   0.689928   0.618594   0.345820   0.619847   0.305994   0.348563   0.065839   0.293798   0.687896   0.622456   0.350038   0.620193   0.310089   0.342106   0.062353   0.294168   0.686290   0.624323   0.352114   0.621714   0.312110   0.339901   0.061282   0.294579   0.685008   0.624622   0.352451   0.622600   0.312439   0.339084   0.061245   0.301052   0.677789   0.631952   0.360457   0.622517   0.320214   0.341251   0.060819   0.339629   0.654981   0.653947   0.385991   0.621818   0.345284   0.346411   0.063460   0.421946   0.623647   0.679627   0.417728   0.620711   0.376793   0.352361   0.080264   0.520213   0.598068   0.702237   0.447641   0.620192   0.406860   0.357816   0.106619   0.606011   0.582598   0.723249   0.476695   0.620312   0.436302   0.362860   0.129586   0.659383   0.578500   0.738974   0.499279   0.620129   0.459347   0.369799   0.147098   0.661867   0.586583   0.747241   0.511545   0.619759   0.471940   0.379558   0.158665   0.613185   0.604727   0.746680   0.510962   0.619315   0.471388   0.391785   0.163472   0.532537   0.628296   0.737504   0.497800   0.618750   0.457959   0.404861   0.160133   0.441465   0.653452   0.721610   0.475238   0.618218   0.434979   0.416683   0.147843   0.361185   0.675987   0.701633   0.447572   0.618215   0.406927   0.425771   0.125237   0.310034   0.692358   0.678520   0.416874   0.618702   0.376040   0.428937   0.097181   0.293219   0.697866   0.662124   0.395899   0.619315   0.355082   0.425393   0.079393   0.293095   0.695838   0.655978   0.388416   0.619729   0.347673   0.419748   0.073423   0.293261   0.693709   0.652159   0.383854   0.619797   0.343171   0.414402   0.070985   0.293285   0.691932   0.649159   0.380321   0.619930   0.339694   0.409247   0.070704   0.293329   0.690470   0.646227   0.376907   0.620021   0.336342   0.404507   0.070541   0.293401   0.689286   0.643110   0.373309   0.620070   0.332813   0.400074   0.069950   0.293375   0.688324   0.640097   0.369876   0.620406   0.329454   0.395699   0.069460 104376
 14   0.147382   0.678364   0.496438   0.230042   0.443853   0.196196   0.282888   0.068292   0.290090   0.695720   0.521563   0.250064   0.443271   0.214610   0.280768   0.075896   0.289373   0.694544   0.523627   0.251874   0.443631   0.216302   0.275866   0.075327   0.289445   0.693005   0.524794   0.252933   0.444985   0.217297   0.272714   0.077051   0.289487   0.691665   0.525065   0.253209   0.445712   0.217560   0.270036   0.080258   0.299872   0.679883   0.533587   0.260615   0.445563   0.224470   0.271433   0.082942   0.352494   0.643423   0.556654   0.281840   0.444846   0.244472   0.277085   0.087787   0.453997   0.594170   0.582154   0.306920   0.443762   0.268381   0.282915   0.106628   0.568218   0.553231   0.603991   0.329846   0.443303   0.290489   0.288577   0.133057   0.663786   0.528155   0.623185   0.350920   0.443528   0.310973   0.294979   0.152151   0.721450   0.521916   0.637223   0.366981   0.443493   0.326701   0.302839   0.165129   0.724014   0.536462   0.644605   0.375764   0.443235   0.335361   0.312181   0.174090   0.670946   0.568032   0.644079   0.375373   0.442843   0.335016   0.322332   0.178570   0.581221   0.608048   0.635643   0.365732   0.442315   0.325577   0.331708   0.176279   0.476622   0.649440   0.620912   0.349000   0.441815   0.309211   0.338614   0.165568   0.379626   0.685695   0.602330   0.328436   0.441770   0.289192   0.341728   0.144010   0.310574   0.712312   0.580148   0.305107   0.442173   0.266684   0.339144   0.115416   0.283753   0.721570   0.563046   0.287923   0.442733   0.250237   0.330811   0.099323   0.282404   0.718105   0.555281   0.280499   0.443103   0.243195   0.321732   0.096743   0.282185   0.714373   0.550178   0.275708   0.443107   0.238665   0.314398   0.096798   0.281880   0.711330   0.545939   0.271803   0.443174   0.234984   0.307891   0.098648   0.281749   0.708804   0.541872   0.268111   0.443240   0.231514   0.302376   0.099516   0.281868   0.706588   0.538014   0.264644   0.443281   0.228261   0.297493   0.099456   0.281963   0.704610   0.534666   0.261667   0.443562   0.225472   0.292982   0.099602 151405
 15   0.123856   0.666546   0.756015   0.521750   0.939555   0.481861   0.786923   0.021867   0.308520   0.672099   0.766878   0.537973   0.938938   0.498518   0.796932   0.018191   0.308813   0.671208   0.768421   0.540316   0.939821   0.500931   0.800862   0.018987   0.309103   0.670385   0.769716   0.542298   0.941938   0.502975   0.805250   0.019901   0.309318   0.669842   0.769858   0.542509   0.943182   0.503192   0.808179   0.020754   0.309635   0.669516   0.769125   0.541372   0.943304   0.502016   0.809328   0.021606   0.314910   0.667999   0.769968   0.542682   0.942838   0.503371   0.808098   0.022896   0.330289   0.663910   0.774092   0.549117   0.941922   0.510032   0.809404   0.023754   0.351501   0.658606   0.780773   0.559655   0.941263   0.520961   0.816445   0.024521   0.371626   0.653996   0.789287   0.573301   0.941705   0.535157   0.824373   0.026676   0.385178   0.651065   0.797517   0.586710   0.942100   0.549149   0.830156   0.028843   0.387285   0.650366   0.803687   0.596915   0.941957   0.559827   0.833659   0.029710   0.377183   0.651911   0.807064   0.602557   0.941402   0.565742   0.835446   0.029289   0.358142   0.655213   0.807173   0.602753   0.940412   0.565951   0.836976   0.027621   0.335758   0.659176   0.804394   0.598128   0.939798   0.561105   0.843202   0.023616   0.318086   0.663292   0.797298   0.586394   0.939758   0.548827   0.853740   0.021080   0.311005   0.666046   0.789715   0.573958   0.939935   0.535835   0.856717   0.023276   0.310289   0.666796   0.785778   0.567605   0.940429   0.529217   0.852722   0.025573   0.310195   0.667025   0.783113   0.563350   0.940993   0.524794   0.849638   0.025991   0.310115   0.667191   0.780708   0.559533   0.941224   0.520830   0.846928   0.025869   0.310046   0.667321   0.778478   0.556009   0.941110   0.517175   0.844359   0.025584   0.309993   0.667418   0.776491   0.552885   0.941009   0.513937   0.841834   0.025602   0.309968   0.667455   0.774835   0.550295   0.941211   0.511254   0.839549   0.025678   0.309972   0.667430   0.773475   0.548177   0.941709   0.509063   0.837574   0.025606 1137952
 16   0.125519   0.667762   0.739255   0.497306   0.932638   0.456869   0.720962   0.023889   0.307715   0.674405   0.752148   0.515819   0.931843   0.475742   0.728881   0.021109   0.308009   0.673281   0.754225   0.518865   0.932679   0.478859   0.731520   0.021043   0.308306   0.672252   0.756019   0.521519   0.934744   0.481580   0.735182   0.020740   0.308542   0.671519   0.756636   0.522427   0.935906   0.482509   0.737888   0.020789   0.309157   0.670942   0.756531   0.522252   0.935949   0.482326   0.739092   0.020949   0.316742   0.668763   0.758750   0.525594   0.935502   0.485762   0.738079   0.021128   0.336378   0.663476   0.765005   0.535117   0.934582   0.495575   0.740267   0.020434   0.362002   0.656794   0.774375   0.549629   0.933930   0.510575   0.749231   0.020400   0.386032   0.650965   0.786039   0.568099   0.934306   0.529746   0.759112   0.022454   0.402161   0.647216   0.797346   0.586417   0.934535   0.548840   0.766258   0.024705   0.405034   0.646236   0.806040   0.600797   0.934283   0.563887   0.771228   0.026076   0.393437   0.648051   0.811151   0.609369   0.933685   0.572881   0.774945   0.026402   0.370878   0.651987   0.812232   0.611196   0.932668   0.574801   0.778815   0.025345   0.343655   0.656720   0.809740   0.607002   0.932000   0.570397   0.787208   0.022058   0.321128   0.661892   0.801255   0.592880   0.931935   0.555603   0.800893   0.020179   0.311392   0.665655   0.791346   0.576547   0.932128   0.538522   0.807603   0.023161   0.310129   0.666789   0.786211   0.568220   0.932640   0.529842   0.805599   0.026330   0.309992   0.667066   0.783120   0.563277   0.933194   0.524703   0.803524   0.027145   0.309876   0.667277   0.780344   0.558870   0.933427   0.520127   0.801769   0.027364   0.309778   0.667451   0.777775   0.554819   0.933411   0.515925   0.800150   0.027332   0.309693   0.667597   0.775449   0.551176   0.933363   0.512151   0.798431   0.027259   0.309654   0.667677   0.773465   0.548087   0.933532   0.508955   0.796686   0.027248   0.309656   0.667680   0.771844   0.545576   0.934004   0.506360   0.795306   0.027103 1025748
 17   0.124746   0.669294   0.739291   0.497829   0.928756   0.457489   0.648496   0.026536   0.306290   0.677290   0.753588   0.518212   0.927906   0.478244   0.655984   0.025511   0.306742   0.675892   0.755740   0.521357   0.928822   0.481461   0.656842   0.025498   0.307103   0.674687   0.757457   0.523896   0.930919   0.484063   0.658940   0.025017   0.307363   0.673801   0.758038   0.524748   0.932089   0.484936   0.660340   0.024526   0.309256   0.672866   0.758533   0.525475   0.932117   0.485680   0.660044   0.024021   0.324160   0.669080   0.763517   0.533072   0.931655   0.493510   0.659580   0.022434   0.358294   0.660689   0.774476   0.550039   0.930778   0.511048   0.665974   0.019963   0.401668   0.650597   0.789787   0.574433   0.930162   0.536400   0.679385   0.020190   0.443531   0.641871   0.808292   0.604979   0.930424   0.568356   0.691241   0.023597   0.473827   0.636189   0.825855   0.635023   0.930498   0.599997   0.698839   0.027606   0.481963   0.634818   0.839126   0.658448   0.930079   0.624813   0.704433   0.031203   0.463303   0.638019   0.846657   0.672035   0.929314   0.639265   0.709698   0.033810   0.423604   0.644540   0.847999   0.674501   0.928196   0.641898   0.716410   0.034150   0.374875   0.652015   0.844004   0.667279   0.927480   0.634212   0.727808   0.030404   0.333063   0.659980   0.831101   0.644362   0.927410   0.609906   0.743336   0.026234   0.312594   0.666699   0.813788   0.614157   0.927637   0.577978   0.751658   0.028533   0.308742   0.669371   0.803257   0.596226   0.928177   0.559111   0.750703   0.032683   0.308485   0.669796   0.797941   0.587429   0.928771   0.549904   0.748581   0.033548   0.308285   0.670096   0.793435   0.580063   0.929080   0.542214   0.746730   0.033507   0.308129   0.670312   0.789395   0.573526   0.929130   0.535402   0.745182   0.033306   0.308038   0.670427   0.785850   0.567850   0.929118   0.529497   0.743598   0.033178   0.308024   0.670441   0.782896   0.563157   0.929309   0.524623   0.741950   0.033072   0.308112   0.670361   0.780408   0.559226   0.929801   0.520545   0.740806   0.032778 488297
 18   0.133179   0.665619   0.672948   0.409396   0.770050   0.368487   0.580490   0.034603   0.307420   0.670420   0.694067   0.435050   0.768804   0.393872   0.585636   0.037403   0.307872   0.669839   0.695325   0.436738   0.769467   0.395572   0.583918   0.033881   0.308307   0.669261   0.696231   0.437957   0.771324   0.396800   0.585600   0.032246   0.308596   0.668862   0.696292   0.438063   0.772390   0.396911   0.586144   0.031637   0.309165   0.668397   0.696133   0.437874   0.772347   0.396725   0.585463   0.031248   0.316895   0.665330   0.699552   0.442512   0.771734   0.401405   0.584552   0.029284   0.339145   0.658497   0.706080   0.451361   0.770676   0.410332   0.589324   0.026824   0.370741   0.650853   0.712583   0.460253   0.770264   0.419318   0.601152   0.028446   0.401262   0.644824   0.719380   0.469695   0.770752   0.428888   0.613700   0.033829   0.422359   0.641403   0.725384   0.478163   0.770921   0.437495   0.624398   0.039357   0.426872   0.641268   0.729475   0.484001   0.770712   0.443442   0.632984   0.043267   0.412493   0.644594   0.730660   0.485719   0.770253   0.445197   0.639463   0.044431   0.384475   0.650567   0.728342   0.482420   0.769471   0.441838   0.643767   0.042160   0.351876   0.657777   0.723083   0.474936   0.768724   0.434220   0.646637   0.036850   0.324443   0.664673   0.715412   0.464099   0.768573   0.423201   0.649981   0.030788   0.310751   0.669004   0.707793   0.453451   0.768907   0.412398   0.650378   0.028337   0.308244   0.670070   0.703912   0.448093   0.769455   0.406975   0.646521   0.028301   0.308327   0.669865   0.702587   0.446293   0.769893   0.405158   0.642399   0.027811   0.308416   0.669658   0.701417   0.444723   0.769971   0.403577   0.638539   0.027733   0.308510   0.669474   0.700283   0.443214   0.770065   0.402061   0.634937   0.028106   0.308598   0.669322   0.699172   0.441749   0.770121   0.400590   0.631434   0.028659   0.308678   0.669148   0.698260   0.440553   0.770170   0.399390   0.628003   0.029015   0.308761   0.668926   0.697640   0.439746   0.770516   0.398582   0.624877   0.029332 346291
 19   0.125000   0.669248   0.710128   0.458348   0.854074   0.417645   0.438516   0.044857   0.302009   0.677141   0.734469   0.491205   0.852942   0.450789   0.440142   0.045686   0.302755   0.676025   0.738361   0.496823   0.853593   0.456523   0.435534   0.040642   0.303206   0.675336   0.739762   0.498798   0.855434   0.458529   0.435897   0.037697   0.303566   0.674590   0.740729   0.500161   0.856552   0.459914   0.437261   0.037137   0.306049   0.672353   0.744697   0.505819   0.856639   0.465678   0.439114   0.035695   0.323543   0.665001   0.758651   0.526655   0.856129   0.487084   0.444716   0.029252   0.364370   0.653158   0.778192   0.556827   0.855230   0.518270   0.457734   0.022984   0.416802   0.641417   0.796784   0.586812   0.854754   0.549514   0.474163   0.024591   0.468644   0.631816   0.815642   0.618503   0.854871   0.582791   0.488866   0.031822   0.508063   0.625791   0.832360   0.647645   0.854685   0.613601   0.501798   0.041197   0.519162   0.625133   0.844244   0.669004   0.854144   0.636314   0.514368   0.050245   0.495334   0.630171   0.849406   0.678479   0.853348   0.646429   0.527737   0.056854   0.445655   0.639294   0.846923   0.673953   0.852352   0.641603   0.542595   0.059119   0.386184   0.650321   0.836893   0.655827   0.851722   0.622307   0.560563   0.055848   0.335463   0.661663   0.816584   0.620320   0.851817   0.584744   0.581831   0.046583   0.309890   0.670316   0.792475   0.579578   0.852317   0.541920   0.594511   0.039998   0.304877   0.673384   0.778950   0.557472   0.853024   0.518831   0.595250   0.038093   0.305209   0.673244   0.774305   0.550121   0.853646   0.511200   0.592957   0.036029   0.305540   0.672945   0.771081   0.545072   0.853949   0.505969   0.589965   0.035153   0.305840   0.672613   0.768451   0.541000   0.854096   0.501760   0.586979   0.035323   0.306065   0.672310   0.766151   0.537472   0.854049   0.498118   0.583889   0.036007   0.306198   0.672047   0.764212   0.534516   0.854076   0.495071   0.581079   0.036123   0.306272   0.671829   0.762543   0.532002   0.854456   0.492485   0.578621   0.035894 134155
 20   0.123291   0.666723   0.762743   0.531942   0.943072   0.492354   0.795346   0.020767   0.308615   0.672318   0.775059   0.550647   0.942365   0.511619   0.807678   0.016541   0.308873   0.671181   0.777406   0.554294   0.943239   0.515392   0.813433   0.017293   0.309179   0.670157   0.779334   0.557310   0.945404   0.518515   0.819420   0.018508   0.309434   0.669447   0.780013   0.558371   0.946656   0.519613   0.823391   0.019662   0.310471   0.668779   0.780244   0.558729   0.946830   0.519984   0.824817   0.020533   0.320341   0.665869   0.783572   0.564038   0.946436   0.525501   0.824430   0.020750   0.344110   0.659484   0.791383   0.576637   0.945513   0.538623   0.829637   0.020111   0.373761   0.652214   0.802119   0.594299   0.944766   0.557085   0.841430   0.020514   0.400498   0.646352   0.814660   0.615431   0.945082   0.579276   0.852073   0.022704   0.417644   0.642908   0.826163   0.635274   0.945348   0.600205   0.859083   0.024877   0.419335   0.642467   0.834633   0.650192   0.945070   0.616000   0.863150   0.026233   0.404600   0.644928   0.839433   0.658758   0.944420   0.625093   0.865350   0.026562   0.378517   0.649425   0.840303   0.660323   0.943313   0.626757   0.867486   0.025633   0.348169   0.654510   0.837713   0.655695   0.942612   0.621843   0.875591   0.022371   0.323455   0.659884   0.829132   0.640538   0.942497   0.605785   0.890048   0.020322   0.312908   0.663768   0.819050   0.622887   0.942617   0.587118   0.896923   0.023186   0.311522   0.664980   0.813670   0.613613   0.943110   0.577337   0.894596   0.026523   0.311336   0.665327   0.810351   0.607979   0.943715   0.571412   0.892248   0.027510   0.311156   0.665609   0.807355   0.602930   0.943987   0.566111   0.890454   0.027586   0.310981   0.665843   0.804574   0.598274   0.943895   0.561229   0.888982   0.027010   0.310832   0.666017   0.802132   0.594213   0.943840   0.556974   0.887753   0.026245   0.310738   0.666130   0.800064   0.590795   0.944098   0.553398   0.886377   0.025910   0.310701   0.666179   0.798322   0.587933   0.944656   0.550407   0.884897   0.025776 779697
 21   0.124207   0.667969   0.750645   0.514004   0.936906   0.473958   0.730929   0.022001   0.307573   0.674749   0.763056   0.532268   0.936205   0.492662   0.740720   0.020059   0.307913   0.673492   0.765306   0.535648   0.937140   0.496136   0.745307   0.020609   0.308240   0.672367   0.767209   0.538531   0.939283   0.499103   0.750516   0.020979   0.308500   0.671566   0.767866   0.539515   0.940506   0.500115   0.754423   0.021447   0.310037   0.670751   0.768185   0.539986   0.940607   0.500596   0.756281   0.021895   0.322377   0.667460   0.772075   0.546019   0.940211   0.506834   0.757134   0.022080   0.350823   0.660279   0.781041   0.560125   0.939343   0.521458   0.763764   0.021300   0.386490   0.651871   0.793778   0.580649   0.938599   0.542831   0.776525   0.021825   0.419925   0.644818   0.809090   0.606041   0.938833   0.569415   0.787847   0.024663   0.443095   0.640374   0.823432   0.630533   0.938956   0.595198   0.795412   0.027471   0.447341   0.639479   0.834289   0.649560   0.938589   0.615326   0.800257   0.029456   0.430350   0.642188   0.840627   0.660861   0.937896   0.627319   0.803457   0.030484   0.398388   0.647421   0.842125   0.663552   0.936813   0.630180   0.806833   0.030082   0.360278   0.653286   0.839549   0.658923   0.936149   0.625260   0.815916   0.026466   0.328147   0.659491   0.829801   0.641687   0.936089   0.606996   0.830744   0.023061   0.313313   0.664366   0.817209   0.619705   0.936273   0.583760   0.838661   0.025777   0.310955   0.666108   0.809981   0.607326   0.936799   0.570721   0.837576   0.029911   0.310696   0.666538   0.805914   0.600489   0.937404   0.563546   0.835761   0.030937   0.310474   0.666860   0.802356   0.594564   0.937708   0.557337   0.834591   0.030887   0.310270   0.667121   0.799107   0.589193   0.937681   0.551719   0.833939   0.030205   0.310106   0.667303   0.796282   0.584557   0.937627   0.546875   0.833338   0.029393   0.310007   0.667399   0.793934   0.580727   0.937854   0.542877   0.832470   0.028908   0.309938   0.667440   0.791917   0.577459   0.938378   0.539472   0.831691   0.028482 975871
 22   0.121669   0.668357   0.754749   0.520238   0.939230   0.480378   0.706171   0.022708   0.304514   0.675531   0.766142   0.537160   0.938478   0.497739   0.718264   0.022302   0.304893   0.674328   0.767883   0.539794   0.939342   0.500450   0.723383   0.023074   0.305171   0.673303   0.769256   0.541886   0.941435   0.502607   0.728535   0.023769   0.305348   0.672602   0.769387   0.542078   0.942635   0.502802   0.732164   0.024723   0.311374   0.671026   0.770804   0.544233   0.942763   0.505023   0.732948   0.025528   0.341284   0.664778   0.778574   0.556398   0.942408   0.517624   0.736492   0.025179   0.403020   0.652937   0.794083   0.581427   0.941550   0.543697   0.750037   0.024853   0.481302   0.639842   0.815698   0.617842   0.940693   0.581943   0.766745   0.028203   0.556505   0.629059   0.840164   0.661010   0.940727   0.627677   0.778485   0.034185   0.607379   0.622701   0.862035   0.701327   0.940618   0.670746   0.784420   0.039234   0.611162   0.622771   0.877999   0.731841   0.940038   0.703567   0.785666   0.042741   0.564469   0.629218   0.886534   0.748515   0.939211   0.721576   0.785250   0.045291   0.489095   0.639174   0.887349   0.750052   0.938063   0.723224   0.787999   0.046521   0.409706   0.648822   0.881570   0.738551   0.937487   0.710760   0.800948   0.042618   0.346709   0.657658   0.865892   0.708274   0.937574   0.678133   0.821315   0.036433   0.315516   0.664570   0.846767   0.672319   0.937840   0.639584   0.830189   0.037866   0.308699   0.667328   0.835431   0.651715   0.938436   0.617636   0.827973   0.041631   0.308242   0.668008   0.828972   0.640289   0.939142   0.605527   0.827096   0.041207   0.307951   0.668479   0.823455   0.630666   0.939531   0.595356   0.827219   0.039784   0.307708   0.668818   0.818564   0.622233   0.939511   0.586463   0.827700   0.037850   0.307489   0.669064   0.814322   0.614987   0.939468   0.578833   0.827967   0.035978   0.307327   0.669198   0.810762   0.608963   0.939750   0.572502   0.827536   0.034809   0.307218   0.669257   0.807712   0.603845   0.940332   0.567132   0.826835   0.033877 337150
 23   0.126953   0.670171   0.699226   0.443097   0.936643   0.402170   0.568401   0.024957   0.302189   0.679045   0.714063   0.462449   0.935648   0.421564   0.576326   0.024705   0.302617   0.677677   0.716233   0.465336   0.936372   0.424466   0.576731   0.025462   0.302794   0.676597   0.717783   0.467447   0.938114   0.426598   0.577672   0.025229   0.302805   0.675917   0.718023   0.467800   0.939124   0.426959   0.578395   0.025113   0.306609   0.674842   0.718688   0.468695   0.939127   0.427861   0.578292   0.025149   0.331191   0.669700   0.724755   0.477119   0.938543   0.436400   0.579985   0.023397   0.387176   0.658135   0.739081   0.497520   0.937600   0.457171   0.589431   0.021439   0.462616   0.643780   0.761103   0.530245   0.936935   0.490757   0.604807   0.024234   0.542417   0.630662   0.788256   0.572906   0.937084   0.534991   0.616794   0.030776   0.610171   0.620883   0.814795   0.617025   0.937034   0.581220   0.622574   0.037344   0.638513   0.617382   0.835877   0.653804   0.936474   0.620108   0.625481   0.042575   0.612071   0.621534   0.849082   0.677613   0.935554   0.645437   0.627679   0.046346   0.540731   0.631593   0.853586   0.685848   0.934354   0.654221   0.631152   0.047629   0.448017   0.644004   0.850059   0.679282   0.933537   0.647195   0.639813   0.044692   0.364375   0.656045   0.835597   0.653122   0.933390   0.619350   0.656443   0.037915   0.316057   0.667391   0.810407   0.609285   0.933656   0.573022   0.664663   0.037855   0.303233   0.673153   0.791922   0.578196   0.934299   0.540379   0.659916   0.042667   0.303104   0.673459   0.784499   0.566250   0.935001   0.527940   0.656176   0.043279   0.303255   0.673515   0.778530   0.556775   0.935437   0.518098   0.654851   0.042523   0.303485   0.673439   0.773538   0.548946   0.935641   0.509985   0.654738   0.040952   0.303646   0.673309   0.769341   0.542421   0.935740   0.503234   0.654822   0.039172   0.303755   0.673123   0.765802   0.536957   0.936002   0.497588   0.654856   0.037999   0.303807   0.672952   0.762586   0.532050   0.936516   0.492529   0.655029   0.037427 186646
 24   0.123217   0.671344   0.733075   0.488783   0.933295   0.448242   0.595353   0.025999   0.302489   0.681204   0.743762   0.503990   0.932530   0.463722   0.602596   0.026978   0.303180   0.679600   0.745425   0.506431   0.933454   0.466220   0.602484   0.027852   0.303509   0.678471   0.746115   0.507448   0.935428   0.467262   0.603603   0.027626   0.303672   0.677701   0.745670   0.506795   0.936527   0.466594   0.604498   0.027495   0.310460   0.675331   0.748340   0.510662   0.936505   0.470543   0.604205   0.026900   0.346679   0.666315   0.760329   0.528648   0.935969   0.489032   0.608667   0.023762   0.426821   0.649097   0.783457   0.564968   0.935033   0.526685   0.624291   0.021889   0.533460   0.629587   0.816241   0.619627   0.934191   0.583993   0.640762   0.026629   0.640240   0.613283   0.852248   0.683677   0.934094   0.651971   0.648317   0.034546   0.716503   0.603613   0.882639   0.741227   0.933775   0.713775   0.648820   0.041905   0.728322   0.603571   0.903587   0.782932   0.932963   0.758986   0.644975   0.048240   0.670284   0.612692   0.914355   0.805063   0.931893   0.783122   0.640989   0.053429   0.570148   0.627058   0.915462   0.807382   0.930603   0.785661   0.642119   0.056081   0.459638   0.642034   0.908050   0.792059   0.929812   0.768930   0.655061   0.053569   0.366464   0.656095   0.886861   0.749559   0.929713   0.722793   0.681692   0.045899   0.315951   0.669025   0.854809   0.688009   0.929980   0.656520   0.696204   0.044860   0.303576   0.675495   0.832600   0.647226   0.930613   0.612981   0.692838   0.048659   0.303198   0.676225   0.822626   0.629777   0.931333   0.594525   0.690366   0.047931   0.303199   0.676523   0.814782   0.616308   0.931817   0.580328   0.689579   0.045927   0.303465   0.676435   0.808458   0.605615   0.931972   0.569090   0.689985   0.043545   0.303807   0.676097   0.803195   0.596829   0.931982   0.559877   0.691210   0.041873   0.304068   0.675706   0.798710   0.589439   0.932227   0.552148   0.692551   0.040970   0.304228   0.675366   0.794763   0.583024   0.932800   0.545454   0.693810   0.040137 171167
