timestamp=                2021-11-18T19:41:36.652501
shape=                    (5, 5)
sigma=                    2.5
nepochs=                  3
thresh=                   None
rate=                     0.007
neighborhood function=    gaussian
init weights=             pca
topology=                 hexagonal
activation distance=      euclidean
output type=              labels
mapfile_prefix=           full2019_5x5_3_007_3_09
apply classification=     False
seed=                     None
random order=             True
custom init file=         None
order labels by size=     False
decay_function=           3

Quantization Error=       0.35529476
Topographic Error=        0.08547149

############ NEURONS #############
 25 192
  0   0.115859   0.713808   0.744239   0.512290   0.934480   0.472872   0.670810   0.022784   0.296465   0.724213   0.746326   0.515294   0.933638   0.475944   0.677994   0.025938   0.296962   0.722976   0.746184   0.515106   0.934957   0.475755   0.679047   0.027117   0.297199   0.722051   0.745890   0.514707   0.937501   0.475350   0.680274   0.027968   0.297517   0.721247   0.744838   0.513189   0.938905   0.473798   0.680684   0.028434   0.308082   0.716443   0.751156   0.522354   0.939137   0.483183   0.683966   0.026239   0.353480   0.703766   0.770387   0.551356   0.938700   0.513100   0.694519   0.022008   0.441919   0.685926   0.797753   0.594964   0.937577   0.558547   0.713287   0.020850   0.553080   0.667893   0.830174   0.649806   0.936735   0.616350   0.731787   0.024417   0.653070   0.654281   0.862525   0.707832   0.936694   0.678187   0.741228   0.028517   0.705301   0.648352   0.888539   0.757058   0.936504   0.731178   0.742703   0.030913   0.693440   0.651080   0.905809   0.791148   0.935886   0.768171   0.740035   0.033031   0.630347   0.660067   0.914221   0.808232   0.934774   0.786809   0.738150   0.034668   0.541984   0.671766   0.914700   0.809297   0.933228   0.787990   0.740106   0.034948   0.447685   0.684644   0.907217   0.794235   0.932334   0.771586   0.747749   0.034139   0.363359   0.697580   0.888141   0.756711   0.932147   0.730892   0.762824   0.032335   0.313704   0.710346   0.857568   0.698758   0.932203   0.668485   0.770189   0.033830   0.300774   0.717329   0.834015   0.655677   0.932770   0.622405   0.766688   0.037225   0.300163   0.718022   0.823072   0.636707   0.933480   0.602324   0.764841   0.037822   0.299787   0.718422   0.814110   0.621503   0.933854   0.586294   0.764013   0.037237   0.299595   0.718628   0.806463   0.608754   0.933769   0.572896   0.763587   0.035823   0.299564   0.718634   0.800073   0.598252   0.933593   0.561888   0.763015   0.034109   0.299593   0.718486   0.794811   0.589722   0.933843   0.552971   0.762159   0.032805   0.299608   0.718336   0.790140   0.582248   0.934533   0.545176   0.761164   0.031926 295746
  1   0.116771   0.711170   0.751883   0.523158   0.941278   0.483960   0.745448   0.018889   0.299835   0.719155   0.756875   0.530510   0.940499   0.491509   0.753716   0.019766   0.300378   0.718086   0.757239   0.531031   0.941581   0.492041   0.755771   0.020659   0.300759   0.717172   0.757671   0.531663   0.943934   0.492689   0.758382   0.021377   0.301025   0.716503   0.757139   0.530859   0.945304   0.491859   0.759592   0.022083   0.305760   0.714184   0.759340   0.534118   0.945535   0.495209   0.759764   0.021743   0.332239   0.706351   0.769634   0.549770   0.945130   0.511376   0.763302   0.019870   0.389660   0.693444   0.787051   0.577087   0.944083   0.539755   0.775463   0.019270   0.465472   0.679942   0.808911   0.612836   0.943209   0.577187   0.790457   0.022580   0.542537   0.668593   0.832799   0.653642   0.943262   0.620266   0.801519   0.027423   0.595910   0.661817   0.854085   0.691548   0.943199   0.660599   0.808291   0.030997   0.603126   0.661743   0.869758   0.720448   0.942653   0.691551   0.810648   0.033451   0.562950   0.668017   0.878232   0.736440   0.941672   0.708752   0.810968   0.035545   0.492560   0.678275   0.878985   0.737896   0.940258   0.710326   0.812513   0.036852   0.413550   0.689693   0.872666   0.725955   0.939400   0.697477   0.818945   0.035687   0.346230   0.700591   0.856871   0.696728   0.939237   0.666154   0.831892   0.031349   0.310999   0.709746   0.834562   0.656609   0.939346   0.623389   0.836932   0.030803   0.303398   0.714001   0.819069   0.629540   0.939928   0.594693   0.832139   0.033339   0.303037   0.714461   0.811639   0.616983   0.940686   0.581464   0.829347   0.033185   0.302799   0.714728   0.805469   0.606706   0.941131   0.570667   0.827440   0.032354   0.302583   0.714932   0.799970   0.597666   0.941124   0.561194   0.825605   0.031169   0.302468   0.715010   0.795242   0.589968   0.941065   0.553141   0.823902   0.029865   0.302431   0.714962   0.791313   0.583628   0.941374   0.546520   0.822116   0.028890   0.302387   0.714872   0.787882   0.578142   0.942045   0.540802   0.820173   0.028216 740284
  2   0.117052   0.710384   0.755840   0.528816   0.941456   0.489737   0.768664   0.017860   0.300963   0.717687   0.760678   0.535992   0.940802   0.497114   0.776190   0.018787   0.301450   0.716757   0.760857   0.536238   0.941842   0.497364   0.778176   0.019947   0.301878   0.715879   0.761261   0.536828   0.944154   0.497969   0.780797   0.020789   0.302209   0.715213   0.760878   0.536240   0.945560   0.497360   0.781901   0.021475   0.304500   0.713843   0.761571   0.537270   0.945848   0.498419   0.781632   0.021509   0.319981   0.708746   0.768092   0.547200   0.945503   0.508677   0.782312   0.020079   0.354013   0.699907   0.779976   0.565628   0.944565   0.527780   0.789961   0.018522   0.396239   0.691016   0.794450   0.588730   0.943768   0.551857   0.802252   0.019905   0.435098   0.684081   0.810426   0.614993   0.943990   0.579381   0.812223   0.023089   0.461336   0.679864   0.824763   0.639245   0.944199   0.604932   0.819121   0.025535   0.467110   0.679045   0.835578   0.657991   0.943909   0.624774   0.823294   0.027194   0.449776   0.681847   0.841918   0.669162   0.943130   0.636634   0.825342   0.028466   0.414832   0.687481   0.843349   0.671710   0.941829   0.639345   0.826551   0.029135   0.370595   0.694356   0.840401   0.666495   0.940971   0.633804   0.831710   0.026983   0.329522   0.701914   0.829678   0.647806   0.940702   0.614003   0.844196   0.022483   0.308136   0.708968   0.813060   0.619380   0.940670   0.583989   0.847630   0.023069   0.304101   0.712245   0.801499   0.600029   0.941120   0.563642   0.840616   0.026811   0.303718   0.712653   0.795739   0.590640   0.941766   0.553819   0.836421   0.027656   0.303491   0.712856   0.790976   0.582965   0.942124   0.545805   0.833320   0.027393   0.303361   0.712948   0.786758   0.576233   0.942031   0.538790   0.830515   0.026910   0.303278   0.712990   0.783054   0.570373   0.941923   0.532693   0.827805   0.026313   0.303240   0.712969   0.779955   0.565505   0.942207   0.527635   0.825312   0.025628   0.303236   0.712886   0.777329   0.561406   0.942829   0.523380   0.822933   0.025109 1038220
  3   0.118743   0.709841   0.742403   0.509124   0.937217   0.469535   0.748713   0.018290   0.301307   0.716671   0.747317   0.516203   0.936543   0.476774   0.754437   0.018686   0.301793   0.715865   0.747588   0.516581   0.937607   0.477158   0.756085   0.019759   0.302202   0.715080   0.748084   0.517293   0.939971   0.477886   0.758354   0.020665   0.302526   0.714483   0.747795   0.516858   0.941395   0.477438   0.759247   0.021370   0.303973   0.713514   0.747887   0.516974   0.941653   0.477553   0.758976   0.021738   0.315478   0.709630   0.752563   0.523861   0.941311   0.484625   0.759211   0.021204   0.342172   0.702586   0.761766   0.537613   0.940358   0.498782   0.765010   0.020238   0.375496   0.695424   0.773095   0.554943   0.939621   0.516700   0.775649   0.021460   0.406199   0.689739   0.785913   0.575033   0.939942   0.537567   0.785250   0.024421   0.427148   0.686193   0.797587   0.593770   0.940260   0.557116   0.792186   0.026858   0.431958   0.685316   0.806484   0.608344   0.940096   0.572378   0.796611   0.028268   0.418428   0.687254   0.811823   0.617208   0.939401   0.581685   0.798789   0.028643   0.390563   0.691586   0.813051   0.619265   0.938179   0.583847   0.799506   0.028099   0.355292   0.697129   0.810633   0.615238   0.937411   0.579617   0.803096   0.025138   0.322978   0.703538   0.801377   0.600013   0.937246   0.563661   0.813125   0.021154   0.306754   0.709291   0.787629   0.577732   0.937271   0.540374   0.813971   0.022445   0.303985   0.711721   0.778557   0.563312   0.937709   0.525356   0.805797   0.025943   0.303680   0.712034   0.773868   0.556016   0.938278   0.517789   0.801626   0.026554   0.303476   0.712228   0.769906   0.549911   0.938538   0.511468   0.798196   0.026124   0.303344   0.712344   0.766365   0.544501   0.938366   0.505876   0.794876   0.025615   0.303285   0.712376   0.763278   0.539817   0.938125   0.501040   0.791697   0.025349   0.303281   0.712327   0.760767   0.536029   0.938278   0.497133   0.788905   0.024988   0.303307   0.712221   0.758750   0.533003   0.938817   0.494017   0.786396   0.024528 1187562
  4   0.120245   0.709729   0.729176   0.490314   0.932809   0.450346   0.720418   0.019816   0.301530   0.716458   0.734223   0.497380   0.932010   0.457534   0.725361   0.019613   0.302081   0.715668   0.734585   0.497872   0.933061   0.458032   0.726808   0.020148   0.302549   0.714879   0.735223   0.498762   0.935470   0.458936   0.728990   0.020691   0.302938   0.714290   0.735029   0.498468   0.936948   0.458633   0.729813   0.021261   0.303860   0.713648   0.734522   0.497729   0.937228   0.457876   0.729345   0.021633   0.312691   0.710777   0.737343   0.501759   0.936873   0.461990   0.728795   0.021930   0.334656   0.705047   0.744118   0.511551   0.935889   0.472009   0.732884   0.022226   0.362909   0.698959   0.752894   0.524464   0.935271   0.485266   0.742306   0.024107   0.389111   0.694088   0.762937   0.539529   0.935740   0.500786   0.751882   0.027522   0.407495   0.690987   0.772084   0.553520   0.936151   0.515254   0.759306   0.030548   0.412130   0.690139   0.778973   0.564233   0.936095   0.526364   0.764270   0.032293   0.401031   0.691687   0.782884   0.570382   0.935494   0.532755   0.766657   0.032502   0.377843   0.695231   0.783439   0.571259   0.934329   0.533667   0.767194   0.031131   0.347795   0.699966   0.781066   0.567520   0.933542   0.529780   0.769097   0.027180   0.319970   0.705465   0.773342   0.555488   0.933365   0.517297   0.775756   0.022223   0.306086   0.710102   0.762373   0.538621   0.933407   0.499839   0.775052   0.022448   0.303848   0.711897   0.755352   0.528005   0.933847   0.488886   0.767399   0.025328   0.303643   0.712078   0.751782   0.522698   0.934365   0.483427   0.763314   0.025770   0.303526   0.712186   0.748715   0.518174   0.934537   0.478782   0.759653   0.025405   0.303458   0.712246   0.745975   0.514164   0.934331   0.474669   0.756041   0.025160   0.303420   0.712259   0.743578   0.510678   0.934050   0.471098   0.752510   0.025197   0.303430   0.712210   0.741611   0.507830   0.934118   0.468184   0.749385   0.024964   0.303479   0.712100   0.740041   0.505569   0.934597   0.465872   0.746683   0.024671 892705
  5   0.120862   0.713762   0.701571   0.453380   0.936007   0.413079   0.586689   0.026489   0.297723   0.724286   0.708406   0.462380   0.934700   0.422135   0.589286   0.027644   0.298149   0.723154   0.708306   0.462251   0.935624   0.422006   0.585669   0.027197   0.298414   0.722172   0.708471   0.462491   0.937744   0.422252   0.583776   0.026980   0.298701   0.721280   0.708098   0.462017   0.938926   0.421779   0.582300   0.026733   0.302817   0.718495   0.710810   0.465653   0.938919   0.425450   0.582228   0.025305   0.330681   0.709602   0.722110   0.481257   0.938187   0.441290   0.586303   0.022604   0.394693   0.694384   0.741538   0.509050   0.936880   0.469686   0.597544   0.022154   0.481959   0.677486   0.767080   0.547323   0.936237   0.509128   0.611473   0.026854   0.575272   0.662298   0.796550   0.593837   0.936407   0.557529   0.620336   0.033184   0.647810   0.651898   0.824358   0.640087   0.936159   0.606127   0.623885   0.038421   0.671217   0.649606   0.846511   0.678741   0.935496   0.647108   0.624427   0.042574   0.636546   0.655827   0.860967   0.704900   0.934485   0.675033   0.624089   0.045211   0.556896   0.668160   0.866491   0.715149   0.933158   0.686026   0.625294   0.045655   0.457999   0.683347   0.863053   0.708823   0.932235   0.679255   0.630299   0.043530   0.368066   0.698277   0.848483   0.682358   0.932048   0.650985   0.642016   0.038643   0.314447   0.711842   0.820814   0.633965   0.932316   0.599655   0.649463   0.036275   0.299770   0.718631   0.798029   0.595341   0.933049   0.558928   0.646650   0.037627   0.299654   0.719116   0.787014   0.577542   0.933752   0.540328   0.642879   0.038097   0.299753   0.719427   0.777259   0.562130   0.934043   0.524292   0.640196   0.037558   0.299993   0.719501   0.768951   0.549260   0.934219   0.510950   0.637888   0.036454   0.300114   0.719541   0.761899   0.538535   0.934331   0.499870   0.635469   0.034891   0.300180   0.719465   0.756147   0.529938   0.934613   0.491016   0.633320   0.033280   0.300295   0.719232   0.751512   0.523102   0.935300   0.483994   0.631912   0.032117 218954
  6   0.119403   0.711790   0.723438   0.482615   0.931621   0.442577   0.667169   0.021668   0.298795   0.720396   0.728961   0.490284   0.930567   0.450367   0.672135   0.023042   0.299248   0.719412   0.729433   0.490943   0.931495   0.451037   0.671846   0.023503   0.299552   0.718591   0.729933   0.491656   0.933720   0.451765   0.672362   0.023870   0.299834   0.717897   0.729713   0.491357   0.934977   0.451462   0.672216   0.024277   0.304379   0.715358   0.732643   0.495445   0.935104   0.455619   0.672227   0.023335   0.330368   0.707293   0.744267   0.512147   0.934629   0.472692   0.675077   0.020377   0.387568   0.694028   0.763266   0.540433   0.933534   0.501798   0.686359   0.018549   0.464924   0.679698   0.787269   0.577859   0.932790   0.540642   0.702454   0.021487   0.545267   0.667406   0.813982   0.621585   0.932907   0.586438   0.714239   0.026649   0.603795   0.659651   0.837981   0.662775   0.932814   0.629963   0.720615   0.030741   0.612847   0.659257   0.855514   0.694098   0.932321   0.663312   0.723528   0.033761   0.570322   0.665861   0.865058   0.711638   0.931423   0.682085   0.725460   0.036251   0.500379   0.675878   0.866894   0.715095   0.930083   0.685803   0.728944   0.037491   0.421540   0.687183   0.861469   0.705104   0.929222   0.675105   0.736337   0.036351   0.350790   0.698706   0.845594   0.676427   0.929034   0.644509   0.749331   0.032658   0.311552   0.709232   0.820932   0.633246   0.929145   0.598710   0.754173   0.032779   0.302163   0.714587   0.802813   0.602497   0.929711   0.566288   0.749053   0.035546   0.301638   0.715261   0.794340   0.588699   0.930357   0.551853   0.746012   0.035220   0.301394   0.715629   0.787466   0.577698   0.930667   0.540380   0.743982   0.034112   0.301259   0.715829   0.781622   0.568474   0.930675   0.530786   0.742320   0.032736   0.301172   0.715923   0.776570   0.560596   0.930608   0.522610   0.740622   0.031331   0.301139   0.715929   0.772249   0.553930   0.930831   0.515706   0.738754   0.030291   0.301111   0.715901   0.768508   0.548215   0.931466   0.509798   0.736868   0.029450 533113
  7   0.118969   0.710790   0.736013   0.500007   0.933583   0.460230   0.716606   0.019216   0.300270   0.718469   0.741669   0.508049   0.932734   0.468433   0.722698   0.019889   0.300757   0.717492   0.742236   0.508852   0.933731   0.469252   0.723957   0.020746   0.301171   0.716570   0.743010   0.509962   0.936020   0.470387   0.726151   0.021309   0.301520   0.715843   0.742995   0.509933   0.937376   0.470355   0.727286   0.021731   0.304403   0.714124   0.744612   0.512257   0.937588   0.472730   0.726889   0.021446   0.322707   0.708161   0.752871   0.524408   0.937183   0.485205   0.727289   0.019613   0.362423   0.698103   0.767028   0.545733   0.936189   0.507192   0.735468   0.017895   0.411836   0.687940   0.784389   0.572798   0.935471   0.535277   0.748793   0.019715   0.457684   0.679955   0.803518   0.603686   0.935668   0.567541   0.758972   0.023723   0.490252   0.674925   0.820799   0.632562   0.935745   0.597896   0.765473   0.027035   0.499066   0.673835   0.833984   0.655245   0.935376   0.621871   0.769494   0.029337   0.478964   0.677147   0.841831   0.669018   0.934531   0.636485   0.771757   0.030908   0.437092   0.683724   0.843882   0.672665   0.933197   0.640363   0.773842   0.031260   0.384189   0.691662   0.840744   0.667117   0.932336   0.634468   0.780114   0.028630   0.335161   0.700368   0.828684   0.646138   0.932135   0.612248   0.792717   0.024202   0.308962   0.708683   0.809380   0.613311   0.932192   0.577626   0.797144   0.025132   0.303602   0.712639   0.795753   0.590716   0.932675   0.553908   0.791751   0.028900   0.303206   0.713118   0.789194   0.580171   0.933292   0.542904   0.788122   0.029601   0.302937   0.713430   0.783745   0.571527   0.933619   0.533905   0.785451   0.029229   0.302788   0.713585   0.779060   0.564176   0.933582   0.526268   0.783258   0.028499   0.302719   0.713637   0.774996   0.557856   0.933475   0.519713   0.781280   0.027781   0.302663   0.713650   0.771500   0.552468   0.933702   0.514134   0.779242   0.027249   0.302622   0.713627   0.768482   0.547857   0.934314   0.509368   0.777151   0.026864 957665
  8   0.121120   0.710879   0.716144   0.472428   0.927086   0.432218   0.664095   0.021328   0.300394   0.718706   0.722557   0.481172   0.925995   0.441070   0.668144   0.021948   0.300816   0.717827   0.723117   0.481931   0.926849   0.441837   0.667413   0.022356   0.301210   0.716942   0.724051   0.483218   0.929069   0.443142   0.668110   0.022563   0.301595   0.716205   0.724274   0.483520   0.930407   0.443448   0.668197   0.022955   0.303712   0.714744   0.725590   0.485322   0.930595   0.445274   0.667456   0.022645   0.319076   0.709500   0.733064   0.495861   0.930140   0.456009   0.666430   0.020573   0.353850   0.700207   0.746327   0.514986   0.929073   0.475571   0.671900   0.018711   0.396970   0.690524   0.762483   0.539048   0.928459   0.500329   0.684684   0.020338   0.437365   0.682666   0.780562   0.566910   0.928798   0.529182   0.695890   0.024005   0.466464   0.677553   0.797426   0.593778   0.928954   0.557177   0.703019   0.027284   0.474329   0.676185   0.810585   0.615358   0.928682   0.579783   0.707860   0.029551   0.457357   0.678909   0.818668   0.628893   0.927925   0.594017   0.711336   0.030634   0.420638   0.684930   0.821039   0.632913   0.926675   0.598255   0.714584   0.030069   0.373772   0.692399   0.818252   0.628199   0.925810   0.593289   0.721494   0.026633   0.330965   0.700803   0.806521   0.608680   0.925593   0.572785   0.733916   0.022509   0.308160   0.708931   0.787986   0.578504   0.925674   0.541217   0.738388   0.023823   0.303435   0.712721   0.775263   0.558312   0.926171   0.520195   0.733501   0.027384   0.303055   0.713208   0.769043   0.548735   0.926717   0.510280   0.729841   0.028229   0.302816   0.713533   0.763822   0.540804   0.926931   0.502089   0.726880   0.028150   0.302672   0.713714   0.759347   0.534082   0.926894   0.495163   0.724190   0.027885   0.302588   0.713815   0.755410   0.528224   0.926772   0.489136   0.721499   0.027730   0.302547   0.713858   0.752001   0.523188   0.926919   0.483962   0.718855   0.027616   0.302532   0.713854   0.749110   0.518952   0.927475   0.479616   0.716333   0.027448 843973
  9   0.122745   0.709855   0.707695   0.461098   0.901023   0.420781   0.659640   0.023949   0.302502   0.716848   0.715760   0.471829   0.899957   0.431596   0.663625   0.024660   0.302981   0.716288   0.715877   0.471979   0.900752   0.431747   0.661790   0.024731   0.303415   0.715622   0.716425   0.472729   0.902934   0.432506   0.661451   0.024734   0.303802   0.715113   0.716103   0.472287   0.904268   0.432058   0.660687   0.025103   0.304514   0.714668   0.715021   0.470797   0.904466   0.430547   0.659529   0.025392   0.312525   0.712186   0.716676   0.473108   0.904035   0.432897   0.658299   0.025315   0.334003   0.706636   0.721890   0.480372   0.902998   0.440280   0.661241   0.025427   0.363144   0.700263   0.728819   0.490107   0.902514   0.450191   0.670203   0.027763   0.391639   0.694858   0.737065   0.501867   0.903045   0.462195   0.680330   0.031821   0.412913   0.691145   0.745247   0.513746   0.903349   0.474362   0.688373   0.035371   0.420011   0.689789   0.752119   0.523897   0.903257   0.484791   0.694040   0.037283   0.409159   0.691319   0.756469   0.530417   0.902728   0.491508   0.697337   0.037051   0.383465   0.695444   0.757325   0.531745   0.901704   0.492884   0.698510   0.034581   0.350968   0.700991   0.754740   0.527916   0.900888   0.488947   0.699740   0.029468   0.321764   0.706956   0.747671   0.517432   0.900690   0.478166   0.704071   0.023996   0.306655   0.711632   0.737888   0.503061   0.900812   0.463416   0.704217   0.023581   0.303864   0.713352   0.731571   0.493916   0.901270   0.454055   0.698588   0.025662   0.303823   0.713412   0.728804   0.489995   0.901710   0.450058   0.693993   0.025989   0.303829   0.713411   0.726456   0.486695   0.901767   0.446698   0.689997   0.025952   0.303871   0.713360   0.724391   0.483816   0.901658   0.443771   0.686321   0.026180   0.303944   0.713281   0.722559   0.481273   0.901455   0.441188   0.682841   0.026550   0.304000   0.713182   0.720992   0.479107   0.901456   0.438990   0.679717   0.026627   0.304050   0.713037   0.719793   0.477465   0.901881   0.437325   0.676967   0.026605 382148
 10   0.139509   0.722223   0.503687   0.242669   0.451288   0.208524   0.288156   0.054777   0.284452   0.741285   0.525118   0.260430   0.450372   0.225001   0.288745   0.060348   0.283711   0.740029   0.525623   0.260874   0.450729   0.225417   0.282457   0.062999   0.283445   0.738504   0.525911   0.261159   0.452276   0.225689   0.278272   0.066628   0.283076   0.737276   0.525292   0.260640   0.453133   0.225206   0.274878   0.070502   0.295795   0.724156   0.533640   0.268054   0.452984   0.232165   0.276025   0.073410   0.355415   0.685239   0.556519   0.289483   0.452232   0.252468   0.281192   0.080295   0.464914   0.633815   0.582364   0.315281   0.450966   0.277183   0.285547   0.099912   0.584414   0.591959   0.606170   0.340443   0.450389   0.301536   0.289369   0.124471   0.683715   0.567442   0.627245   0.363722   0.450552   0.324246   0.293972   0.142391   0.745342   0.561644   0.642597   0.381390   0.450450   0.341609   0.300461   0.155128   0.755293   0.575139   0.651078   0.391498   0.450192   0.351604   0.308900   0.164686   0.709763   0.605573   0.651398   0.392041   0.449804   0.352169   0.318381   0.169630   0.618801   0.646678   0.643182   0.382478   0.449222   0.342752   0.327194   0.167365   0.504609   0.690674   0.627994   0.364982   0.448689   0.325554   0.333548   0.157462   0.394432   0.730063   0.608292   0.342916   0.448660   0.303973   0.335919   0.138132   0.311433   0.759878   0.584173   0.317190   0.449062   0.279032   0.332693   0.108061   0.276706   0.770712   0.564694   0.297319   0.449665   0.259919   0.324029   0.087967   0.274491   0.766777   0.555312   0.288209   0.450051   0.251234   0.314793   0.083939   0.274298   0.762362   0.549348   0.282544   0.450024   0.245855   0.307205   0.083106   0.274083   0.758769   0.544498   0.278019   0.450079   0.241571   0.300158   0.083936   0.274154   0.755765   0.540014   0.273896   0.450112   0.237678   0.294049   0.084107   0.274393   0.753326   0.535578   0.269866   0.450152   0.233881   0.288665   0.083396   0.274703   0.751051   0.531687   0.266365   0.450528   0.230587   0.283908   0.083002 172696
 11   0.129852   0.720400   0.583201   0.317139   0.623413   0.279131   0.371188   0.049237   0.286764   0.737160   0.614099   0.348528   0.619359   0.309300   0.372496   0.049613   0.286978   0.735134   0.616716   0.351373   0.619680   0.312067   0.362983   0.049380   0.287254   0.733457   0.617847   0.352616   0.621378   0.313277   0.357591   0.050151   0.287395   0.732303   0.617207   0.351943   0.622356   0.312626   0.353693   0.051246   0.296999   0.722909   0.625467   0.360996   0.622245   0.321443   0.355088   0.051289   0.347801   0.695373   0.649035   0.388201   0.621495   0.348187   0.362141   0.054476   0.447253   0.659820   0.675292   0.420437   0.620218   0.380231   0.370141   0.070778   0.560293   0.631558   0.698667   0.451010   0.619656   0.410976   0.377170   0.095226   0.655974   0.615287   0.719600   0.479580   0.619792   0.439932   0.383754   0.115812   0.713225   0.612112   0.734422   0.500541   0.619592   0.461315   0.392360   0.130876   0.718551   0.621333   0.741994   0.511550   0.619271   0.472603   0.403096   0.140469   0.670694   0.640610   0.741379   0.510806   0.618869   0.471869   0.415171   0.144041   0.583516   0.666175   0.732157   0.497753   0.618259   0.458550   0.427321   0.140294   0.478339   0.694241   0.715959   0.475190   0.617675   0.435591   0.437542   0.128329   0.380265   0.720116   0.695909   0.447975   0.617628   0.408032   0.443982   0.107378   0.311964   0.740295   0.672122   0.417008   0.618057   0.376910   0.443437   0.080593   0.285831   0.748347   0.653664   0.393838   0.618673   0.353781   0.435657   0.063250   0.284455   0.746778   0.645195   0.383685   0.619037   0.343730   0.426279   0.057914   0.284108   0.744732   0.639641   0.377183   0.619004   0.337323   0.417886   0.055651   0.283822   0.742852   0.635369   0.372274   0.619095   0.332502   0.409777   0.055411   0.283722   0.741212   0.631399   0.367778   0.619152   0.328098   0.402331   0.055675   0.283909   0.739678   0.627609   0.363523   0.619200   0.323936   0.395751   0.055576   0.284245   0.738182   0.624297   0.359845   0.619630   0.320345   0.389922   0.055256 115706
 12   0.126463   0.711216   0.647859   0.387448   0.760061   0.347548   0.472702   0.036599   0.297639   0.719286   0.672125   0.415803   0.757954   0.375480   0.477016   0.038006   0.298101   0.718468   0.675971   0.420633   0.758504   0.380299   0.470316   0.034053   0.298480   0.717786   0.678789   0.424166   0.760473   0.383822   0.466824   0.031958   0.298862   0.717091   0.680436   0.426217   0.761661   0.385866   0.463876   0.031322   0.302682   0.713459   0.686317   0.433617   0.761738   0.393251   0.462943   0.029998   0.328591   0.702903   0.702631   0.455004   0.761244   0.414758   0.467578   0.025117   0.386341   0.688255   0.721642   0.480802   0.760218   0.440862   0.480060   0.022777   0.459067   0.674758   0.738930   0.505259   0.759763   0.465799   0.494218   0.028342   0.531094   0.663996   0.757294   0.532231   0.759969   0.493493   0.504486   0.037179   0.583046   0.657902   0.773576   0.557054   0.759745   0.519156   0.513561   0.046285   0.592746   0.658768   0.784946   0.574945   0.759254   0.537763   0.523195   0.054223   0.557814   0.666172   0.789237   0.581876   0.758574   0.545007   0.534168   0.059890   0.492997   0.677733   0.785493   0.576003   0.757576   0.538903   0.546030   0.061513   0.416781   0.690918   0.774761   0.559161   0.756751   0.521395   0.558237   0.057704   0.349023   0.703343   0.757692   0.532997   0.756622   0.494317   0.571426   0.046545   0.310074   0.713488   0.735091   0.499666   0.756935   0.460069   0.577107   0.037493   0.299990   0.718101   0.719556   0.477430   0.757489   0.437348   0.572333   0.035116   0.299955   0.718259   0.714272   0.470151   0.757955   0.429963   0.566019   0.032860   0.300021   0.718165   0.710364   0.464843   0.758128   0.424592   0.560721   0.031014   0.300113   0.717982   0.707084   0.460437   0.758312   0.420142   0.555953   0.029934   0.300178   0.717803   0.704038   0.456376   0.758345   0.416047   0.551388   0.029405   0.300247   0.717602   0.701316   0.452770   0.758401   0.412415   0.547004   0.029007   0.300396   0.717278   0.699231   0.450026   0.758897   0.409655   0.543078   0.028671 191253
 13   0.122557   0.710382   0.699996   0.451593   0.851112   0.411332   0.571220   0.033161   0.300473   0.717435   0.721879   0.480560   0.849699   0.440509   0.570281   0.035200   0.301196   0.716286   0.726453   0.486951   0.850326   0.447010   0.562192   0.032427   0.301848   0.715341   0.729561   0.491308   0.852394   0.451443   0.558480   0.031258   0.302439   0.714484   0.731382   0.493873   0.853690   0.454055   0.555572   0.031413   0.304689   0.712611   0.734296   0.498009   0.853854   0.458274   0.553718   0.030704   0.320999   0.706645   0.745052   0.513672   0.853438   0.474326   0.556686   0.025747   0.358815   0.697082   0.759355   0.534849   0.852482   0.496096   0.570513   0.020344   0.407850   0.687433   0.772125   0.554311   0.852051   0.516212   0.590024   0.021294   0.457625   0.679301   0.786115   0.576240   0.852397   0.538997   0.605418   0.026801   0.495338   0.674089   0.798898   0.596794   0.852395   0.560454   0.617034   0.033253   0.507140   0.673212   0.808152   0.611992   0.852034   0.576383   0.627363   0.038935   0.487212   0.677074   0.812331   0.618944   0.851351   0.583687   0.637113   0.042634   0.442957   0.684385   0.810655   0.616137   0.850246   0.580734   0.646517   0.042510   0.387922   0.693241   0.803859   0.604847   0.849355   0.568876   0.657208   0.038045   0.336875   0.702517   0.790134   0.582535   0.849172   0.545536   0.671262   0.030257   0.308686   0.710777   0.770745   0.551913   0.849370   0.513678   0.678262   0.026927   0.302476   0.714517   0.757998   0.532273   0.849857   0.493340   0.674343   0.028136   0.302418   0.714652   0.753667   0.525799   0.850332   0.486674   0.668471   0.027920   0.302440   0.714619   0.750501   0.521123   0.850533   0.481870   0.662938   0.027528   0.302580   0.714451   0.747887   0.517289   0.850666   0.477936   0.658099   0.027613   0.302737   0.714276   0.745476   0.513778   0.850638   0.474338   0.653476   0.028150   0.302833   0.714156   0.743298   0.510626   0.850711   0.471113   0.649053   0.028536   0.302890   0.714039   0.741455   0.507978   0.851235   0.468405   0.645106   0.028842 289772
 14   0.126237   0.709245   0.674089   0.418330   0.780483   0.378009   0.575362   0.029448   0.302312   0.715571   0.691321   0.439453   0.779072   0.398990   0.581820   0.032078   0.302901   0.714905   0.692616   0.441156   0.779802   0.400703   0.578519   0.029621   0.303414   0.714219   0.693616   0.442469   0.781887   0.402023   0.578147   0.028341   0.303730   0.713752   0.693431   0.442234   0.783134   0.401789   0.577439   0.027965   0.304953   0.712801   0.693396   0.442192   0.783192   0.401747   0.576430   0.027426   0.317407   0.708286   0.698069   0.448447   0.782597   0.408058   0.577122   0.025095   0.349416   0.699864   0.705767   0.458781   0.781429   0.418492   0.585069   0.023496   0.391931   0.691304   0.713345   0.469061   0.780951   0.428891   0.599073   0.026840   0.431753   0.684758   0.721635   0.480495   0.781356   0.440494   0.612301   0.033153   0.459426   0.680937   0.729223   0.491137   0.781448   0.451325   0.623338   0.039107   0.465486   0.680773   0.734732   0.498969   0.781250   0.459317   0.632139   0.043342   0.446673   0.684559   0.736692   0.501785   0.780754   0.462197   0.638351   0.044885   0.410054   0.691232   0.734519   0.498675   0.779865   0.459020   0.641697   0.042688   0.366818   0.699204   0.729075   0.490906   0.779068   0.451087   0.642849   0.036719   0.328929   0.706939   0.720959   0.479445   0.778918   0.439406   0.644516   0.029125   0.308162   0.712595   0.711197   0.465851   0.779196   0.425590   0.643737   0.025412   0.303469   0.714562   0.705215   0.457625   0.779722   0.417249   0.638181   0.025372   0.303441   0.714409   0.703423   0.455220   0.780144   0.414821   0.631929   0.024995   0.303492   0.714184   0.701914   0.453214   0.780210   0.412799   0.626548   0.024699   0.303611   0.713925   0.700507   0.451357   0.780272   0.410930   0.621887   0.024859   0.303702   0.713742   0.699007   0.449385   0.780212   0.408947   0.617320   0.025475   0.303765   0.713574   0.697649   0.447609   0.780207   0.407162   0.612941   0.025885   0.303841   0.713349   0.696676   0.446347   0.780629   0.405897   0.609064   0.025954 310622
 15   0.144997   0.715417   0.433332   0.187938   0.284970   0.158275   0.223432   0.171680   0.270812   0.726651   0.416966   0.176273   0.286492   0.147727   0.211349   0.285272   0.269654   0.723824   0.418788   0.177585   0.286863   0.148917   0.210262   0.311945   0.268553   0.721533   0.420045   0.178515   0.288302   0.149763   0.210012   0.331680   0.267288   0.719980   0.420208   0.178673   0.289064   0.149912   0.209903   0.349867   0.285990   0.713352   0.423044   0.180675   0.288917   0.151720   0.210009   0.362838   0.360327   0.690778   0.434185   0.188697   0.288239   0.158989   0.212321   0.361314   0.481757   0.657195   0.451231   0.201442   0.287183   0.170613   0.215761   0.361969   0.604104   0.627182   0.468908   0.215230   0.286939   0.183281   0.218991   0.370207   0.700932   0.605770   0.484829   0.228105   0.287464   0.195186   0.222624   0.366955   0.761222   0.595399   0.496915   0.238193   0.287742   0.204565   0.226143   0.359221   0.774050   0.598985   0.503864   0.244135   0.287804   0.210112   0.229204   0.353430   0.736928   0.616046   0.504910   0.245052   0.287591   0.210972   0.231588   0.348409   0.657482   0.643273   0.499747   0.240622   0.287065   0.206834   0.232942   0.340938   0.546872   0.678453   0.488829   0.231425   0.286459   0.198270   0.232480   0.336170   0.424044   0.716980   0.472562   0.218157   0.286168   0.185983   0.229875   0.339935   0.314518   0.751555   0.451840   0.201882   0.286195   0.171013   0.225152   0.348546   0.261262   0.765907   0.436771   0.190450   0.286479   0.160559   0.219575   0.359517   0.256348   0.761439   0.431009   0.186311   0.286675   0.156811   0.215153   0.368041   0.256074   0.755427   0.427393   0.183774   0.286549   0.154522   0.211940   0.375881   0.255989   0.750201   0.424290   0.181622   0.286526   0.152585   0.209386   0.382833   0.256202   0.745765   0.421424   0.179638   0.286516   0.150799   0.206981   0.382164   0.256370   0.742030   0.418874   0.177881   0.286533   0.149218   0.204529   0.378098   0.256337   0.738673   0.416949   0.176570   0.286850   0.148042   0.202582   0.376827 94270
 16   0.146451   0.719342   0.441877   0.193587   0.339881   0.163314   0.239571   0.063875   0.283656   0.735591   0.444875   0.195274   0.339261   0.164766   0.232504   0.075220   0.282973   0.734444   0.445273   0.195569   0.339733   0.165034   0.229659   0.078900   0.282398   0.733087   0.445514   0.195778   0.341248   0.165229   0.227406   0.084216   0.281623   0.731917   0.445012   0.195452   0.342088   0.164939   0.225351   0.090637   0.295194   0.719637   0.454356   0.202303   0.341976   0.171162   0.228231   0.095819   0.356703   0.685606   0.477084   0.219849   0.341310   0.187240   0.234479   0.106375   0.468117   0.642931   0.501309   0.239887   0.340188   0.205819   0.238345   0.131145   0.589677   0.607633   0.522967   0.258798   0.339749   0.223518   0.241727   0.155665   0.690820   0.584076   0.541287   0.275447   0.340062   0.239209   0.246153   0.166190   0.754616   0.575026   0.554708   0.288081   0.340128   0.251190   0.251532   0.170316   0.764977   0.583487   0.562220   0.295394   0.339997   0.258165   0.257702   0.173304   0.717851   0.608211   0.562601   0.295885   0.339659   0.258654   0.264063   0.174183   0.627023   0.643128   0.555689   0.289292   0.339064   0.252388   0.269128   0.169705   0.513122   0.682515   0.542986   0.277250   0.338495   0.240953   0.271421   0.160813   0.399786   0.720684   0.525580   0.261202   0.338377   0.225790   0.270456   0.146840   0.310891   0.752878   0.501204   0.239847   0.338636   0.205790   0.266420   0.121294   0.272549   0.767131   0.480237   0.222285   0.339116   0.189470   0.258826   0.103642   0.269904   0.765006   0.470428   0.214518   0.339442   0.182323   0.250756   0.101844   0.269736   0.761112   0.464596   0.210008   0.339397   0.178191   0.244736   0.103450   0.269895   0.757368   0.459886   0.206423   0.339407   0.174914   0.239802   0.106346   0.270581   0.753906   0.455518   0.203152   0.339387   0.171933   0.235718   0.106570   0.271294   0.750878   0.451470   0.200160   0.339389   0.169212   0.232094   0.105597   0.271834   0.748139   0.448136   0.197726   0.339713   0.167003   0.228856   0.105706 235169
 17   0.145043   0.711521   0.503635   0.241730   0.431096   0.207510   0.314096   0.036001   0.297909   0.719868   0.510064   0.246510   0.430280   0.211852   0.312155   0.041675   0.298553   0.719026   0.509926   0.246355   0.430840   0.211701   0.311880   0.041366   0.298656   0.718489   0.509648   0.246114   0.432508   0.211475   0.311401   0.042254   0.298632   0.718105   0.508980   0.245549   0.433493   0.210950   0.310509   0.043748   0.303343   0.713514   0.512374   0.248425   0.433461   0.213626   0.312131   0.044778   0.331906   0.698124   0.522556   0.257357   0.432851   0.221989   0.317325   0.044984   0.391137   0.675959   0.533416   0.267206   0.431773   0.231262   0.325809   0.049960   0.458216   0.657035   0.543124   0.276247   0.431354   0.239815   0.337351   0.061244   0.509124   0.646384   0.551986   0.284649   0.431715   0.247789   0.349445   0.072614   0.530151   0.645717   0.558168   0.290624   0.431837   0.253479   0.360298   0.081487   0.519071   0.653930   0.561179   0.293602   0.431740   0.256326   0.368620   0.087194   0.483688   0.667745   0.560403   0.292864   0.431408   0.255626   0.373758   0.088592   0.435873   0.683564   0.555941   0.288501   0.430759   0.251463   0.375345   0.084449   0.384919   0.699352   0.548913   0.281689   0.430124   0.244974   0.373558   0.075290   0.339243   0.713664   0.540576   0.273755   0.429992   0.237439   0.369072   0.063305   0.309847   0.723716   0.531986   0.265773   0.430239   0.229891   0.362203   0.053347   0.299718   0.727209   0.526115   0.260434   0.430689   0.224861   0.354267   0.049172   0.298494   0.726855   0.523201   0.257858   0.431020   0.222446   0.347331   0.048304   0.297627   0.726419   0.520680   0.255661   0.431010   0.220392   0.341372   0.048738   0.296941   0.726001   0.518271   0.253582   0.431030   0.218451   0.336020   0.050018   0.296490   0.725525   0.515851   0.251501   0.430982   0.216510   0.331217   0.050759   0.296140   0.725060   0.513553   0.249531   0.430966   0.214672   0.326766   0.050829   0.295692   0.724728   0.511456   0.247752   0.431304   0.213017   0.322560   0.051158 325878
 18   0.130723   0.709268   0.634221   0.370898   0.702841   0.331137   0.496914   0.030148   0.301444   0.715613   0.651128   0.389666   0.701159   0.349450   0.502630   0.033305   0.302031   0.714933   0.652584   0.391356   0.701829   0.351113   0.499744   0.030773   0.302532   0.714185   0.654013   0.393030   0.703829   0.352761   0.499124   0.029310   0.302852   0.713662   0.654297   0.393351   0.705015   0.353076   0.498225   0.028844   0.304654   0.712079   0.655444   0.394707   0.705043   0.354413   0.497625   0.028503   0.320613   0.705678   0.662259   0.403043   0.704451   0.362688   0.499804   0.026340   0.359132   0.695157   0.671377   0.414338   0.703326   0.373926   0.508920   0.025957   0.408454   0.685250   0.679501   0.424599   0.702892   0.384172   0.523022   0.031524   0.452963   0.678191   0.688050   0.435613   0.703290   0.395210   0.536462   0.039676   0.480246   0.675014   0.695198   0.444995   0.703370   0.404644   0.547943   0.046759   0.481574   0.676365   0.699579   0.450836   0.703189   0.410535   0.557168   0.051485   0.456940   0.681888   0.700129   0.451597   0.702742   0.411308   0.563924   0.052961   0.416356   0.689930   0.696629   0.446951   0.701920   0.406627   0.567900   0.050077   0.371143   0.698857   0.690191   0.438456   0.701152   0.398076   0.568985   0.043321   0.331422   0.707394   0.681762   0.427479   0.700990   0.387054   0.568692   0.034890   0.308792   0.713636   0.672187   0.415218   0.701249   0.374781   0.565816   0.030311   0.303035   0.715868   0.666272   0.407751   0.701740   0.367325   0.559402   0.030001   0.302907   0.715729   0.664464   0.405528   0.702125   0.365117   0.552837   0.029655   0.302860   0.715511   0.662958   0.403694   0.702165   0.363298   0.547360   0.029290   0.302877   0.715229   0.661645   0.402107   0.702228   0.361725   0.542591   0.029143   0.302913   0.714957   0.660325   0.400518   0.702183   0.360153   0.538185   0.029224   0.302907   0.714736   0.659069   0.399013   0.702178   0.358664   0.533895   0.029417   0.302881   0.714496   0.658129   0.397892   0.702588   0.357557   0.529922   0.029623 355719
 19   0.125223   0.712554   0.674493   0.419022   0.940615   0.378740   0.544893   0.021698   0.299226   0.721915   0.681528   0.427697   0.939158   0.387368   0.548946   0.021872   0.299717   0.720953   0.682024   0.428234   0.940073   0.387887   0.549420   0.022876   0.299914   0.720312   0.682017   0.428146   0.942234   0.387784   0.549434   0.024643   0.299926   0.720047   0.680706   0.426392   0.943706   0.386015   0.546855   0.026840   0.301461   0.719325   0.679816   0.425059   0.944340   0.384645   0.540410   0.029108   0.316843   0.715511   0.683237   0.429150   0.944141   0.388687   0.531413   0.030738   0.355775   0.707490   0.692191   0.440642   0.943153   0.400194   0.525163   0.032951   0.406874   0.698268   0.705656   0.458768   0.942583   0.418505   0.523971   0.038143   0.451338   0.690988   0.722063   0.481742   0.943102   0.441881   0.524432   0.044274   0.493196   0.684778   0.738879   0.506139   0.943603   0.466871   0.523741   0.049392   0.530003   0.679824   0.755241   0.530791   0.943531   0.492303   0.520402   0.053355   0.530773   0.679837   0.768134   0.550786   0.942733   0.513046   0.514560   0.055140   0.490581   0.685170   0.774058   0.560135   0.941375   0.522779   0.510523   0.053949   0.427525   0.693405   0.772771   0.558090   0.940493   0.520649   0.511886   0.047840   0.358591   0.703126   0.762002   0.541302   0.940263   0.503218   0.519777   0.037699   0.309691   0.716140   0.735432   0.501686   0.940351   0.462419   0.522540   0.034256   0.294101   0.724134   0.712291   0.468346   0.940931   0.428301   0.516908   0.037454   0.294298   0.724051   0.704148   0.457369   0.941568   0.417205   0.512767   0.037724   0.295104   0.723378   0.698664   0.449984   0.941823   0.409741   0.510580   0.035986   0.296171   0.722323   0.694825   0.444769   0.941656   0.404465   0.508788   0.034507   0.297219   0.721229   0.692311   0.441317   0.941428   0.400965   0.506853   0.033114   0.297860   0.720449   0.690347   0.438632   0.941583   0.398246   0.504930   0.031720   0.298169   0.719902   0.688479   0.436134   0.942177   0.395727   0.503493   0.030829 68706
 20   0.156013   0.718400   0.366347   0.143346   0.194396   0.118400   0.186474   0.105876   0.283517   0.732726   0.340917   0.127631   0.193752   0.104526   0.175593   0.154210   0.283935   0.730289   0.341535   0.127959   0.194267   0.104809   0.176160   0.163713   0.283734   0.728518   0.341730   0.128067   0.195715   0.104902   0.176528   0.173557   0.283558   0.727112   0.341335   0.127842   0.196535   0.104706   0.176571   0.183109   0.297191   0.717291   0.345362   0.130141   0.196495   0.106708   0.177744   0.190498   0.354071   0.687429   0.357314   0.137228   0.195943   0.112920   0.180309   0.201924   0.455700   0.645154   0.372799   0.146804   0.195009   0.121371   0.183007   0.219754   0.567200   0.607027   0.388368   0.156777   0.194757   0.130226   0.186328   0.231779   0.660941   0.580329   0.402518   0.166142   0.195231   0.138587   0.190076   0.232901   0.720755   0.569491   0.413665   0.173740   0.195479   0.145406   0.193715   0.232008   0.730223   0.578414   0.420402   0.178447   0.195504   0.149648   0.197189   0.232242   0.686298   0.605340   0.421693   0.179378   0.195258   0.150491   0.200107   0.231409   0.602862   0.643187   0.417210   0.176245   0.194690   0.147669   0.201622   0.225437   0.497571   0.686351   0.407725   0.169687   0.194108   0.141770   0.201206   0.217855   0.392208   0.728752   0.393622   0.160203   0.193904   0.133278   0.199072   0.213195   0.311709   0.760807   0.376477   0.149069   0.193995   0.123369   0.195436   0.204371   0.278018   0.771417   0.363538   0.140945   0.194305   0.116180   0.191036   0.196292   0.275244   0.766946   0.356927   0.136962   0.194531   0.112680   0.186889   0.194809   0.275201   0.761626   0.352133   0.134131   0.194447   0.110200   0.183489   0.198105   0.275727   0.756714   0.347996   0.131718   0.194410   0.108091   0.180854   0.201944   0.275909   0.752682   0.344101   0.129485   0.194331   0.106146   0.178305   0.200257   0.275527   0.749592   0.340573   0.127488   0.194281   0.104409   0.175636   0.196983   0.275198   0.746772   0.337892   0.125980   0.194541   0.103099   0.173456   0.196849 169829
 21   0.156048   0.713235   0.395776   0.161306   0.241627   0.134219   0.215024   0.052141   0.294751   0.722704   0.382594   0.152326   0.240830   0.126164   0.207113   0.066204   0.295700   0.720989   0.383583   0.152905   0.241347   0.126670   0.208218   0.070178   0.296014   0.719990   0.383710   0.152977   0.242858   0.126732   0.209048   0.074078   0.296207   0.719242   0.383254   0.152688   0.243744   0.126477   0.209503   0.078045   0.303027   0.712639   0.386560   0.154755   0.243725   0.128304   0.211068   0.081283   0.337212   0.691148   0.396305   0.161074   0.243189   0.133923   0.214242   0.086948   0.403678   0.660664   0.408354   0.169175   0.242238   0.141171   0.218623   0.099991   0.479537   0.634054   0.420488   0.177562   0.241907   0.148711   0.224454   0.114243   0.544151   0.616789   0.431936   0.185675   0.242308   0.156035   0.230857   0.122736   0.582099   0.612617   0.440688   0.192022   0.242494   0.161789   0.237212   0.128945   0.581604   0.622894   0.445341   0.195465   0.242467   0.164919   0.242777   0.133790   0.544761   0.644017   0.445349   0.195482   0.242189   0.164937   0.246462   0.135299   0.486092   0.669530   0.440959   0.192226   0.241585   0.161975   0.247560   0.130932   0.417963   0.695991   0.433283   0.186593   0.240999   0.156859   0.246168   0.121954   0.353470   0.720712   0.423028   0.179240   0.240866   0.150208   0.242839   0.110778   0.309740   0.738004   0.411489   0.171201   0.241046   0.142972   0.237885   0.098416   0.293841   0.743393   0.403033   0.165475   0.241422   0.137841   0.232398   0.090582   0.292271   0.741785   0.398414   0.162446   0.241707   0.135143   0.227580   0.088415   0.291719   0.739869   0.394755   0.160078   0.241679   0.133038   0.223669   0.089984   0.291665   0.737903   0.391370   0.157909   0.241663   0.131113   0.220521   0.092344   0.291378   0.736315   0.387955   0.155744   0.241575   0.129194   0.217447   0.091911   0.290854   0.735097   0.384787   0.153759   0.241522   0.127439   0.214302   0.090718   0.290391   0.733952   0.382125   0.152103   0.241799   0.125977   0.211531   0.091178 305546
 22   0.150886   0.710863   0.453174   0.201266   0.339822   0.170196   0.266995   0.042738   0.298106   0.718477   0.452395   0.200172   0.339094   0.169118   0.262785   0.052716   0.298661   0.717503   0.452785   0.200420   0.339629   0.169338   0.263349   0.054552   0.298844   0.716799   0.453048   0.200609   0.341225   0.169509   0.263607   0.056954   0.299029   0.716173   0.452874   0.200479   0.342165   0.169390   0.263705   0.059456   0.303706   0.711856   0.455680   0.202577   0.342132   0.171301   0.265149   0.061214   0.330822   0.696954   0.464067   0.209049   0.341561   0.177228   0.269125   0.062625   0.386843   0.674780   0.474283   0.217172   0.340553   0.184705   0.275695   0.069632   0.451153   0.655477   0.484588   0.225570   0.340168   0.192470   0.284075   0.081933   0.502504   0.644101   0.494246   0.233578   0.340538   0.199894   0.292949   0.092679   0.527981   0.642526   0.501266   0.239495   0.340699   0.205396   0.301140   0.101120   0.522900   0.650173   0.504949   0.242658   0.340644   0.208348   0.307411   0.106881   0.492414   0.663919   0.504903   0.242639   0.340328   0.208334   0.310974   0.108608   0.446777   0.680172   0.501067   0.239349   0.339691   0.205265   0.311470   0.104430   0.393670   0.697456   0.494183   0.233484   0.339093   0.199801   0.309199   0.095358   0.343185   0.713998   0.485236   0.226011   0.338976   0.192863   0.304784   0.083265   0.309749   0.725945   0.475390   0.217987   0.339197   0.185445   0.298638   0.072074   0.298055   0.730090   0.468503   0.212493   0.339618   0.180385   0.292009   0.066750   0.296792   0.729475   0.465144   0.209882   0.339946   0.177990   0.286467   0.065750   0.296134   0.728624   0.462433   0.207800   0.339944   0.176086   0.282003   0.067178   0.295665   0.727836   0.459789   0.205795   0.339941   0.174255   0.278056   0.069363   0.295223   0.727149   0.457105   0.203779   0.339864   0.172417   0.274282   0.069914   0.294794   0.726519   0.454657   0.201958   0.339836   0.170760   0.270684   0.069754   0.294389   0.725907   0.452608   0.200444   0.340147   0.169384   0.267410   0.070433 306016
 23   0.138896   0.711116   0.553477   0.286756   0.532778   0.249901   0.368904   0.033657   0.298138   0.719159   0.566196   0.298046   0.531229   0.260486   0.369157   0.037219   0.298835   0.718373   0.566498   0.298311   0.531855   0.260734   0.368102   0.035093   0.299047   0.717855   0.566115   0.297936   0.533638   0.260376   0.367768   0.035079   0.299077   0.717542   0.565114   0.296968   0.534681   0.259454   0.367056   0.035416   0.303131   0.713569   0.568224   0.299968   0.534656   0.262309   0.368832   0.035563   0.329877   0.700701   0.578363   0.310102   0.534022   0.272016   0.374892   0.034602   0.387057   0.682669   0.588624   0.320678   0.532889   0.282199   0.385727   0.038038   0.452205   0.667707   0.596790   0.329329   0.532451   0.290570   0.400142   0.048097   0.502334   0.659203   0.604357   0.337486   0.532830   0.298489   0.414468   0.058814   0.524656   0.658085   0.609627   0.343251   0.532957   0.304102   0.427079   0.067152   0.514736   0.664019   0.611740   0.345585   0.532856   0.306378   0.437022   0.071960   0.478976   0.674793   0.610154   0.343820   0.532504   0.304655   0.443585   0.072312   0.429868   0.687576   0.605166   0.338316   0.531815   0.299289   0.446206   0.067333   0.378983   0.700314   0.598076   0.330606   0.531152   0.291793   0.444964   0.057961   0.335799   0.711663   0.590165   0.322172   0.531012   0.283623   0.440744   0.047077   0.309478   0.719655   0.582337   0.314009   0.531254   0.275746   0.433969   0.039552   0.301096   0.722417   0.577571   0.309130   0.531714   0.271054   0.425773   0.037253   0.300313   0.722128   0.575782   0.307355   0.532057   0.269356   0.418322   0.036879   0.299714   0.721804   0.574153   0.305757   0.532047   0.267831   0.411891   0.037128   0.299165   0.721572   0.572416   0.304065   0.532067   0.266218   0.405937   0.037916   0.298786   0.721333   0.570556   0.302256   0.532018   0.264493   0.400410   0.038420   0.298550   0.721015   0.568861   0.300606   0.532010   0.262920   0.395371   0.038644   0.298291   0.720735   0.567366   0.299165   0.532379   0.261549   0.390660   0.039011 293530
 24   0.134976   0.709744   0.599363   0.332762   0.621687   0.294008   0.434757   0.032608   0.300441   0.716498   0.613124   0.346473   0.620423   0.307131   0.437014   0.036559   0.301078   0.715770   0.614108   0.347507   0.621085   0.308129   0.435116   0.033818   0.301521   0.715106   0.614589   0.348001   0.622992   0.308605   0.435235   0.032994   0.301745   0.714675   0.614081   0.347436   0.624119   0.308053   0.435187   0.032889   0.304301   0.712338   0.615670   0.349150   0.624126   0.309717   0.435861   0.032861   0.324296   0.703644   0.623395   0.357768   0.623512   0.318132   0.439918   0.031464   0.369920   0.690283   0.632611   0.368244   0.622380   0.328395   0.450067   0.032604   0.425140   0.678480   0.640397   0.377298   0.621941   0.337303   0.464481   0.039744   0.471373   0.670937   0.648092   0.386418   0.622329   0.346307   0.478669   0.048813   0.495483   0.668726   0.653894   0.393409   0.622437   0.353229   0.491009   0.056406   0.491073   0.672096   0.656805   0.396955   0.622297   0.356748   0.500708   0.061189   0.462090   0.679714   0.656085   0.396082   0.621898   0.355882   0.507302   0.062225   0.419141   0.689514   0.651699   0.390764   0.621144   0.350611   0.510431   0.058461   0.372885   0.699834   0.644932   0.382649   0.620429   0.342582   0.509985   0.050898   0.332798   0.709401   0.637058   0.373354   0.620277   0.333414   0.506936   0.042190   0.309196   0.716160   0.628919   0.363912   0.620525   0.324128   0.501607   0.036827   0.302573   0.718375   0.624101   0.358400   0.620999   0.318722   0.494588   0.035534   0.302271   0.718045   0.622681   0.356822   0.621363   0.317182   0.487947   0.034944   0.302085   0.717675   0.621430   0.355442   0.621381   0.315837   0.482316   0.034665   0.301944   0.717337   0.620154   0.354041   0.621422   0.314474   0.477333   0.034813   0.301852   0.717036   0.618796   0.352556   0.621374   0.313028   0.472689   0.035094   0.301734   0.716794   0.617503   0.351147   0.621367   0.311658   0.468077   0.035374   0.301582   0.716553   0.616505   0.350069   0.621755   0.310612   0.463685   0.035635 318642
