timestamp=                2021-11-18T10:34:38.026043
shape=                    (5, 5)
sigma=                    2.5
nepochs=                  2
thresh=                   None
rate=                     0.00725
neighborhood function=    gaussian
init weights=             pca
topology=                 hexagonal
activation distance=      euclidean
output type=              labels
mapfile_prefix=           full2019_5x5_2_00725_3_01
apply classification=     False
seed=                     None
random order=             True
custom init file=         None
order labels by size=     False
decay_function=           3

Quantization Error=       0.35518923
Topographic Error=        0.14606438

############ NEURONS #############
 25 192
  0   0.147637   0.716355   0.414704   0.175242   0.255915   0.146876   0.211199   0.169804   0.272321   0.728507   0.394176   0.161315   0.256948   0.134384   0.199373   0.278314   0.271419   0.725629   0.395624   0.162314   0.257360   0.135282   0.198734   0.301176   0.270499   0.723334   0.396559   0.162980   0.258794   0.135885   0.198653   0.319274   0.269521   0.721711   0.396495   0.162981   0.259563   0.135892   0.198615   0.336425   0.287837   0.714537   0.399165   0.164774   0.259437   0.137497   0.198805   0.348795   0.360335   0.690427   0.410026   0.172184   0.258789   0.144153   0.200931   0.349552   0.480799   0.654294   0.426675   0.183950   0.257766   0.154785   0.204065   0.352240   0.604255   0.621665   0.444064   0.196746   0.257529   0.166430   0.207170   0.359984   0.702937   0.598485   0.459849   0.208791   0.258051   0.177461   0.210639   0.356887   0.764480   0.587562   0.471932   0.218310   0.258333   0.186226   0.213971   0.350111   0.777062   0.591969   0.478986   0.224002   0.258394   0.191489   0.216857   0.345423   0.739090   0.610991   0.480259   0.225052   0.258175   0.192463   0.219075   0.341366   0.658498   0.640847   0.475412   0.221124   0.257640   0.188829   0.220152   0.334448   0.546121   0.678911   0.464730   0.212628   0.257044   0.180992   0.219485   0.329282   0.422512   0.720133   0.448531   0.200132   0.256769   0.169527   0.217005   0.332161   0.314732   0.756138   0.428149   0.184972   0.256800   0.155706   0.212615   0.339023   0.263353   0.770389   0.413303   0.174303   0.257084   0.146037   0.207420   0.347098   0.258611   0.765454   0.407301   0.170221   0.257284   0.142373   0.203211   0.353421   0.258281   0.759094   0.403412   0.167651   0.257164   0.140077   0.200107   0.360210   0.258330   0.753499   0.400056   0.165453   0.257132   0.138117   0.197679   0.366474   0.258575   0.748767   0.397041   0.163491   0.257104   0.136368   0.195362   0.365629   0.258619   0.744828   0.394414   0.161789   0.257107   0.134853   0.193022   0.361735   0.258576   0.741311   0.392387   0.160487   0.257408   0.133695   0.191176   0.360832 116802
  1   0.157053   0.716759   0.370816   0.145774   0.204083   0.120494   0.192842   0.076787   0.288888   0.729474   0.349811   0.132610   0.203365   0.108847   0.183147   0.104558   0.289679   0.727258   0.350700   0.133094   0.203880   0.109265   0.183971   0.111298   0.289700   0.725875   0.350835   0.133165   0.205352   0.109326   0.184498   0.118323   0.289851   0.724670   0.350465   0.132945   0.206199   0.109133   0.184787   0.125309   0.300484   0.715598   0.354526   0.135297   0.206172   0.111186   0.186369   0.131131   0.347168   0.687933   0.365960   0.142186   0.205632   0.117239   0.189261   0.141727   0.433526   0.649141   0.380366   0.151240   0.204696   0.125249   0.192414   0.160014   0.530439   0.614511   0.394842   0.160645   0.204409   0.133618   0.196478   0.174246   0.613378   0.590525   0.408189   0.169586   0.204849   0.141615   0.201071   0.178633   0.665061   0.582135   0.418726   0.176847   0.205068   0.148141   0.205684   0.180750   0.670702   0.592344   0.424898   0.181197   0.205069   0.152066   0.210088   0.183009   0.628530   0.618504   0.425670   0.181757   0.204811   0.152575   0.213580   0.183313   0.553173   0.653143   0.421023   0.178469   0.204228   0.149606   0.215226   0.178000   0.462208   0.690811   0.412089   0.172223   0.203643   0.143980   0.214684   0.169428   0.374133   0.726682   0.399438   0.163621   0.203473   0.136266   0.212329   0.161033   0.310656   0.752474   0.384557   0.153843   0.203607   0.127548   0.208420   0.149266   0.285758   0.760567   0.373327   0.146702   0.203946   0.121217   0.203734   0.140034   0.283579   0.757423   0.367206   0.142951   0.204195   0.117912   0.199303   0.137354   0.283160   0.753778   0.362586   0.140167   0.204130   0.115466   0.195624   0.139382   0.283381   0.750245   0.358493   0.137728   0.204102   0.113327   0.192691   0.142219   0.283373   0.747274   0.354569   0.135428   0.204018   0.111315   0.189830   0.140821   0.282934   0.744950   0.351079   0.133406   0.203961   0.109550   0.186927   0.138337   0.282642   0.742789   0.348354   0.131836   0.204225   0.108182   0.184554   0.138041 262158
  2   0.147744   0.711475   0.479637   0.221961   0.388628   0.189195   0.290847   0.038612   0.297837   0.719785   0.483520   0.224444   0.387785   0.191385   0.287983   0.045477   0.298376   0.718930   0.483560   0.224432   0.388324   0.191367   0.287977   0.046045   0.298484   0.718324   0.483574   0.224432   0.389954   0.191366   0.287655   0.047348   0.298515   0.717811   0.483213   0.224141   0.390916   0.191097   0.287007   0.049212   0.303429   0.713131   0.486642   0.226884   0.390877   0.193624   0.288552   0.050680   0.332099   0.697469   0.496502   0.235053   0.390277   0.201197   0.293318   0.051689   0.391601   0.674568   0.507715   0.244668   0.389225   0.210164   0.300867   0.058095   0.459752   0.654693   0.518412   0.254095   0.388817   0.218997   0.310743   0.070217   0.512376   0.643305   0.528097   0.262789   0.389177   0.227169   0.321277   0.081477   0.535719   0.642244   0.534882   0.268994   0.389307   0.233022   0.330933   0.090481   0.526636   0.650534   0.538291   0.272183   0.389222   0.236043   0.338388   0.096513   0.492110   0.664890   0.537833   0.271789   0.388898   0.235675   0.342978   0.098314   0.444123   0.681448   0.533509   0.267785   0.388258   0.231891   0.344279   0.094435   0.391090   0.698374   0.526251   0.261107   0.387646   0.225586   0.342435   0.085160   0.342035   0.714044   0.517296   0.253021   0.387529   0.217976   0.338052   0.072299   0.309950   0.725201   0.507706   0.244583   0.387773   0.210072   0.331471   0.061113   0.298711   0.729172   0.500899   0.238728   0.388215   0.204609   0.323948   0.056286   0.297391   0.728741   0.497509   0.235887   0.388546   0.201969   0.317405   0.055324   0.296560   0.728116   0.494793   0.233641   0.388537   0.199888   0.311869   0.056099   0.295896   0.727556   0.492207   0.231530   0.388545   0.197936   0.306935   0.057696   0.295433   0.726993   0.489590   0.229411   0.388486   0.195979   0.302521   0.058391   0.295030   0.726466   0.487095   0.227401   0.388464   0.194125   0.298446   0.058407   0.294609   0.725987   0.484921   0.225666   0.388790   0.192527   0.294605   0.058752 367262
  3   0.136185   0.710014   0.586080   0.319059   0.595197   0.280805   0.414054   0.033205   0.299853   0.717038   0.599592   0.332005   0.594006   0.293108   0.415793   0.037053   0.300472   0.716347   0.600285   0.332702   0.594659   0.293776   0.414131   0.034203   0.300844   0.715724   0.600469   0.332879   0.596533   0.293945   0.414188   0.033616   0.301022   0.715312   0.599848   0.332217   0.597638   0.293303   0.414048   0.033594   0.303950   0.712557   0.601845   0.334291   0.597640   0.295304   0.414973   0.033645   0.325967   0.702718   0.610200   0.343300   0.597024   0.304048   0.419674   0.032480   0.375042   0.688109   0.619630   0.353703   0.595899   0.314186   0.430233   0.034332   0.432840   0.675548   0.627444   0.362543   0.595461   0.322840   0.444654   0.042205   0.479247   0.667971   0.634988   0.371237   0.595845   0.331380   0.458838   0.051620   0.502860   0.666076   0.640532   0.377719   0.595959   0.337764   0.471380   0.059429   0.497683   0.669959   0.643145   0.380807   0.595834   0.340813   0.481308   0.064176   0.466467   0.678480   0.642062   0.379535   0.595449   0.339558   0.487970   0.064856   0.421658   0.689063   0.637432   0.374084   0.594713   0.334184   0.490956   0.060556   0.374295   0.699972   0.630588   0.366124   0.594017   0.326351   0.490254   0.052419   0.333370   0.710032   0.622769   0.357185   0.593867   0.317584   0.486803   0.043227   0.309215   0.717067   0.614845   0.348285   0.594107   0.308882   0.481032   0.037526   0.302195   0.719368   0.610226   0.343171   0.594572   0.303895   0.473724   0.036107   0.301769   0.719019   0.608837   0.341679   0.594928   0.302448   0.466912   0.035633   0.301439   0.718685   0.607489   0.340245   0.594938   0.301059   0.461025   0.035532   0.301203   0.718368   0.606171   0.338851   0.594971   0.299712   0.455712   0.035871   0.301028   0.718096   0.604725   0.337326   0.594920   0.298237   0.450749   0.036154   0.300890   0.717833   0.603331   0.335858   0.594913   0.296818   0.446012   0.036281   0.300770   0.717521   0.602290   0.334772   0.595297   0.295770   0.441610   0.036493 331154
  4   0.125311   0.712971   0.670927   0.414502   0.940048   0.374223   0.529287   0.020828   0.298698   0.722723   0.678159   0.423366   0.938526   0.383029   0.534635   0.021278   0.299187   0.721719   0.678628   0.423865   0.939479   0.383510   0.535340   0.022472   0.299377   0.721058   0.678591   0.423730   0.941613   0.383358   0.535334   0.024411   0.299340   0.720792   0.677258   0.421957   0.943035   0.381571   0.532555   0.026703   0.301108   0.719886   0.676775   0.421142   0.943617   0.380720   0.525669   0.029003   0.318310   0.715404   0.681462   0.426836   0.943378   0.386364   0.517028   0.029739   0.360879   0.706302   0.692476   0.441015   0.942374   0.400569   0.513345   0.030578   0.416596   0.695965   0.708481   0.462587   0.941777   0.422366   0.515713   0.035415   0.465838   0.687849   0.727263   0.488972   0.942242   0.449231   0.518596   0.042004   0.512713   0.680953   0.745983   0.516293   0.942658   0.477248   0.519016   0.047570   0.553382   0.675609   0.763997   0.543623   0.942478   0.505480   0.515770   0.052025   0.554206   0.675784   0.778217   0.565854   0.941601   0.528578   0.509623   0.054388   0.510205   0.681680   0.784844   0.576396   0.940210   0.539567   0.505477   0.053612   0.440341   0.690843   0.783466   0.574154   0.939330   0.537223   0.506946   0.047971   0.364148   0.701626   0.771683   0.555578   0.939110   0.517894   0.515449   0.038031   0.310435   0.715953   0.742468   0.511693   0.939194   0.472636   0.518611   0.034700   0.293232   0.724805   0.716951   0.474699   0.939767   0.434735   0.512448   0.038207   0.293527   0.724736   0.708046   0.462616   0.940401   0.422506   0.507607   0.038459   0.294471   0.724030   0.701999   0.454432   0.940658   0.414228   0.505052   0.036610   0.295613   0.722926   0.697712   0.448584   0.940527   0.408305   0.503283   0.034959   0.296657   0.721830   0.694795   0.444579   0.940356   0.404245   0.501401   0.033348   0.297295   0.721066   0.692510   0.441461   0.940542   0.401088   0.499425   0.031781   0.297663   0.720495   0.690420   0.438657   0.941158   0.398259   0.498054   0.030770 65367
  5   0.146631   0.719120   0.438438   0.191031   0.331924   0.160988   0.236815   0.067055   0.283120   0.734954   0.439644   0.191392   0.331432   0.161234   0.229200   0.082155   0.282507   0.733646   0.440247   0.191830   0.331903   0.161630   0.226662   0.086680   0.281884   0.732307   0.440474   0.192029   0.333414   0.161816   0.224573   0.092558   0.281179   0.731048   0.440065   0.191775   0.334251   0.161592   0.222775   0.099563   0.294837   0.719155   0.449069   0.198289   0.334141   0.167495   0.225648   0.105311   0.356587   0.686056   0.471060   0.215044   0.333480   0.182814   0.231725   0.116193   0.468271   0.644149   0.494753   0.234365   0.332373   0.200683   0.235604   0.140729   0.588865   0.609435   0.515869   0.252514   0.331952   0.217623   0.239079   0.164004   0.688991   0.585980   0.533767   0.268508   0.332283   0.232652   0.243516   0.172948   0.752801   0.576521   0.546997   0.280736   0.332371   0.244211   0.248773   0.176190   0.763193   0.584588   0.554432   0.287836   0.332257   0.250961   0.254616   0.178496   0.716786   0.608849   0.554928   0.288416   0.331928   0.251530   0.260518   0.178906   0.626711   0.643390   0.548202   0.282099   0.331334   0.245542   0.265188   0.174490   0.512858   0.682589   0.535724   0.270468   0.330756   0.234530   0.267205   0.166075   0.399519   0.720520   0.518527   0.254881   0.330621   0.219847   0.266135   0.152987   0.310653   0.752407   0.494621   0.234256   0.330858   0.200583   0.262005   0.128706   0.272214   0.766478   0.474212   0.217419   0.331317   0.184979   0.254497   0.111885   0.269381   0.764393   0.464624   0.209946   0.331631   0.178121   0.246698   0.110494   0.269284   0.760481   0.458862   0.205556   0.331582   0.174108   0.240976   0.112546   0.269509   0.756669   0.454240   0.202087   0.331589   0.170945   0.236389   0.115769   0.270081   0.753202   0.450017   0.198966   0.331565   0.168108   0.232564   0.116015   0.270700   0.750221   0.446017   0.196047   0.331564   0.165459   0.229080   0.114768   0.271164   0.747502   0.442696   0.193653   0.331884   0.163291   0.225907   0.114874 231475
  6   0.154218   0.711218   0.421842   0.178747   0.282678   0.149816   0.238329   0.047192   0.297376   0.718987   0.414077   0.172906   0.282003   0.144491   0.231996   0.059873   0.298153   0.717714   0.414757   0.173318   0.282533   0.144853   0.233125   0.062849   0.298427   0.716940   0.414835   0.173367   0.284088   0.144896   0.233891   0.065893   0.298606   0.716331   0.414450   0.173105   0.285006   0.144661   0.234281   0.069017   0.303800   0.711458   0.417106   0.174908   0.284987   0.146276   0.235509   0.071321   0.332244   0.694670   0.425281   0.180628   0.284440   0.151429   0.238726   0.073936   0.389854   0.669855   0.435519   0.187998   0.283469   0.158099   0.244148   0.082745   0.455460   0.648384   0.445882   0.195639   0.283115   0.165043   0.251306   0.095463   0.509053   0.635525   0.455637   0.202975   0.283506   0.171733   0.258998   0.105029   0.538326   0.633416   0.462980   0.208604   0.283689   0.176882   0.266227   0.112483   0.535227   0.642176   0.466912   0.211676   0.283654   0.179703   0.271999   0.117921   0.503773   0.658280   0.466935   0.211715   0.283363   0.179742   0.275371   0.119533   0.455898   0.677150   0.463192   0.208794   0.282742   0.177062   0.275799   0.115014   0.399643   0.697172   0.456483   0.203594   0.282152   0.172295   0.273634   0.105989   0.345817   0.716329   0.447507   0.196777   0.282031   0.166068   0.269505   0.094855   0.309910   0.729867   0.437598   0.189434   0.282228   0.159389   0.263869   0.084024   0.297083   0.734344   0.430508   0.184302   0.282623   0.154740   0.257980   0.078287   0.295634   0.733430   0.426822   0.181711   0.282930   0.152404   0.253002   0.077074   0.295114   0.732132   0.423901   0.179681   0.282919   0.150578   0.249035   0.078869   0.294951   0.730807   0.421145   0.177777   0.282909   0.148866   0.245791   0.081347   0.294617   0.729781   0.418271   0.175813   0.282821   0.147105   0.242557   0.081408   0.293964   0.729064   0.415501   0.173941   0.282779   0.145429   0.239244   0.080691   0.293474   0.728255   0.413244   0.172429   0.283074   0.144076   0.236332   0.081377 308701
  7   0.141144   0.711077   0.535532   0.269888   0.494599   0.233912   0.348157   0.033991   0.298076   0.719087   0.545677   0.278455   0.493205   0.241874   0.347296   0.038251   0.298738   0.718326   0.545775   0.278523   0.493807   0.241934   0.346743   0.036706   0.298928   0.717809   0.545294   0.278074   0.495544   0.241509   0.346472   0.036893   0.298955   0.717514   0.544251   0.277113   0.496564   0.240602   0.345672   0.037412   0.303191   0.713373   0.547429   0.280048   0.496537   0.243374   0.347454   0.037759   0.330436   0.699783   0.557533   0.289691   0.495915   0.252537   0.353382   0.037156   0.387576   0.680724   0.567566   0.299566   0.494806   0.261969   0.363563   0.041019   0.452035   0.664875   0.575723   0.307812   0.494375   0.269882   0.377171   0.051302   0.501062   0.656009   0.583352   0.315645   0.494752   0.277421   0.390847   0.062120   0.522079   0.655121   0.588622   0.321124   0.494883   0.282707   0.402971   0.070545   0.511271   0.661754   0.590793   0.323402   0.494789   0.284909   0.412330   0.075504   0.475556   0.673462   0.589449   0.321972   0.494447   0.283525   0.418179   0.075930   0.427969   0.686878   0.584797   0.317070   0.493770   0.278784   0.420305   0.071078   0.378780   0.700075   0.577972   0.309976   0.493118   0.271942   0.418792   0.061794   0.336133   0.711990   0.570236   0.302092   0.492980   0.264364   0.414284   0.050603   0.309602   0.720387   0.562576   0.294454   0.493217   0.257052   0.407310   0.042450   0.300879   0.723331   0.557754   0.289736   0.493666   0.252551   0.399101   0.039679   0.299888   0.723115   0.555739   0.287822   0.494002   0.250733   0.391749   0.039292   0.299229   0.722755   0.553973   0.286164   0.493991   0.249163   0.385474   0.039711   0.298621   0.722495   0.552034   0.284358   0.494007   0.247454   0.379698   0.040688   0.298139   0.722280   0.549962   0.282430   0.493955   0.245632   0.374376   0.041338   0.297784   0.722032   0.548047   0.280657   0.493944   0.243956   0.369431   0.041582   0.297434   0.721785   0.546344   0.279095   0.494302   0.242482   0.364814   0.042005 315155
  8   0.131644   0.709546   0.626077   0.361751   0.683753   0.322190   0.480197   0.030690   0.301031   0.716125   0.642235   0.379253   0.682020   0.339194   0.484957   0.033863   0.301676   0.715377   0.643620   0.380816   0.682680   0.340723   0.482484   0.031182   0.302177   0.714626   0.644907   0.382290   0.684653   0.342169   0.482054   0.029852   0.302471   0.714117   0.645056   0.382452   0.685821   0.342326   0.481279   0.029394   0.304515   0.712272   0.646429   0.384042   0.685841   0.343890   0.480996   0.029120   0.321751   0.705162   0.653664   0.392707   0.685242   0.352458   0.483719   0.027178   0.362646   0.693743   0.663070   0.404143   0.684114   0.363799   0.493186   0.027268   0.414388   0.683149   0.671434   0.414530   0.683675   0.374139   0.507412   0.033491   0.460514   0.675808   0.680066   0.425477   0.684063   0.385078   0.521042   0.042227   0.488217   0.672682   0.687061   0.434521   0.684143   0.394149   0.532820   0.049655   0.488174   0.674510   0.691144   0.439886   0.683967   0.399545   0.542373   0.054415   0.461406   0.680840   0.691276   0.440087   0.683533   0.399753   0.549412   0.055886   0.419055   0.689634   0.687293   0.434890   0.682734   0.394532   0.553435   0.052877   0.372607   0.699115   0.680529   0.426135   0.681982   0.385750   0.554305   0.045811   0.332209   0.708036   0.672014   0.415270   0.681820   0.374880   0.553375   0.037115   0.308970   0.714480   0.662596   0.403458   0.682077   0.363101   0.549763   0.032165   0.302893   0.716720   0.656867   0.396375   0.682563   0.356056   0.543139   0.031517   0.302734   0.716511   0.655144   0.394300   0.682939   0.354002   0.536526   0.031065   0.302688   0.716211   0.653694   0.392566   0.682973   0.352288   0.531159   0.030552   0.302670   0.715911   0.652324   0.390941   0.683033   0.350683   0.526453   0.030389   0.302657   0.715651   0.650935   0.389302   0.682994   0.349067   0.521883   0.030480   0.302636   0.715395   0.649692   0.387837   0.682989   0.347623   0.517503   0.030545   0.302578   0.715144   0.648707   0.386689   0.683393   0.346493   0.513436   0.030725 377816
  9   0.127003   0.709165   0.667627   0.410375   0.767365   0.370100   0.563327   0.029196   0.302267   0.715411   0.684632   0.430882   0.765952   0.390410   0.569918   0.031666   0.302845   0.714750   0.685995   0.432639   0.766669   0.392171   0.566879   0.029223   0.303354   0.714064   0.687076   0.434032   0.768744   0.393567   0.566656   0.028103   0.303684   0.713574   0.687047   0.433993   0.769984   0.393527   0.565980   0.027854   0.304934   0.712563   0.687235   0.434236   0.770037   0.393771   0.564971   0.027289   0.317651   0.707887   0.692203   0.440792   0.769446   0.400369   0.565651   0.024924   0.349951   0.699337   0.700084   0.451232   0.768292   0.410885   0.573516   0.023549   0.392347   0.690767   0.707645   0.461371   0.767825   0.421120   0.587378   0.027076   0.432108   0.684269   0.715850   0.472569   0.768232   0.432460   0.600530   0.033459   0.459630   0.680560   0.723198   0.482760   0.768322   0.442812   0.611596   0.039561   0.464935   0.680588   0.728356   0.490006   0.768127   0.450190   0.620429   0.043976   0.445555   0.684545   0.730047   0.492408   0.767641   0.452641   0.626689   0.045511   0.409371   0.691195   0.727754   0.489173   0.766763   0.449345   0.630088   0.043151   0.366742   0.699119   0.722289   0.481488   0.765969   0.441519   0.631134   0.037099   0.329012   0.706892   0.714230   0.470261   0.765815   0.430105   0.632418   0.029481   0.308238   0.712585   0.704563   0.456980   0.766088   0.416639   0.631300   0.025851   0.303466   0.714576   0.698632   0.448930   0.766603   0.408497   0.625673   0.025781   0.303410   0.714427   0.696896   0.446631   0.767015   0.406181   0.619415   0.025370   0.303457   0.714192   0.695477   0.444770   0.767074   0.404310   0.614097   0.025052   0.303583   0.713924   0.694167   0.443063   0.767137   0.402597   0.609492   0.025107   0.303681   0.713722   0.692758   0.441238   0.767078   0.400766   0.604943   0.025604   0.303723   0.713552   0.691444   0.439542   0.767071   0.399066   0.600561   0.025959   0.303755   0.713353   0.690476   0.438302   0.767490   0.397824   0.596645   0.026096 335284
 10   0.140357   0.721649   0.498503   0.238243   0.441190   0.204396   0.284087   0.054985   0.284912   0.740165   0.518274   0.254364   0.440435   0.219309   0.284199   0.061371   0.284187   0.738925   0.518806   0.254835   0.440801   0.219751   0.278454   0.064378   0.283859   0.737438   0.519176   0.255192   0.442345   0.220091   0.274546   0.068204   0.283509   0.736254   0.518637   0.254747   0.443201   0.219678   0.271352   0.072281   0.296059   0.723339   0.526975   0.262015   0.443053   0.226477   0.272631   0.075542   0.354993   0.685250   0.549543   0.282784   0.442304   0.246094   0.277864   0.082378   0.463344   0.635084   0.574923   0.307689   0.441055   0.269882   0.282339   0.101539   0.582437   0.593838   0.598409   0.332089   0.440495   0.293425   0.286337   0.125591   0.681758   0.569327   0.619235   0.354710   0.440670   0.315427   0.291042   0.143150   0.743203   0.563488   0.634475   0.371972   0.440582   0.332341   0.297402   0.155659   0.752773   0.576873   0.642933   0.381904   0.440334   0.342137   0.305458   0.164942   0.706751   0.606573   0.643269   0.382467   0.439947   0.342721   0.314498   0.169623   0.616506   0.646437   0.635158   0.373188   0.439362   0.333611   0.322917   0.167295   0.503067   0.689880   0.620222   0.356250   0.438825   0.317008   0.328805   0.157418   0.393303   0.729098   0.600802   0.334838   0.438791   0.296126   0.330806   0.138379   0.311100   0.758728   0.576985   0.309847   0.439181   0.271967   0.327465   0.109217   0.276691   0.769690   0.557640   0.290454   0.439771   0.253373   0.318787   0.089885   0.274516   0.765915   0.548309   0.281544   0.440150   0.244903   0.309614   0.086144   0.274349   0.761599   0.542427   0.276050   0.440122   0.239701   0.302077   0.085620   0.274103   0.758105   0.537581   0.271610   0.440173   0.235511   0.295126   0.086689   0.274242   0.755101   0.533126   0.267581   0.440202   0.231718   0.289201   0.086739   0.274567   0.752571   0.528773   0.263691   0.440240   0.228063   0.284022   0.085950   0.274893   0.750263   0.524954   0.260319   0.440612   0.224902   0.279459   0.085728 190163
 11   0.130265   0.721218   0.577957   0.311890   0.611208   0.274098   0.363687   0.050646   0.285849   0.738826   0.609248   0.343334   0.607437   0.304263   0.365013   0.051130   0.285910   0.736754   0.611725   0.346008   0.607734   0.306860   0.355217   0.051462   0.286167   0.734943   0.612893   0.347290   0.609405   0.308109   0.349752   0.052646   0.286296   0.733699   0.612149   0.346515   0.610363   0.307360   0.345789   0.054182   0.296548   0.723664   0.620433   0.355487   0.610235   0.316080   0.347142   0.054546   0.349359   0.694446   0.644360   0.382812   0.609464   0.342893   0.354057   0.058540   0.452076   0.656638   0.671318   0.415639   0.608157   0.375478   0.361360   0.076687   0.567627   0.626727   0.695291   0.446746   0.607573   0.406716   0.367530   0.102800   0.663507   0.610192   0.716354   0.475309   0.607700   0.435633   0.373442   0.124182   0.720484   0.607141   0.731203   0.496189   0.607504   0.456913   0.381569   0.139632   0.726329   0.616689   0.738695   0.507013   0.607193   0.467999   0.392201   0.149352   0.678724   0.637252   0.737831   0.505916   0.606807   0.466904   0.404341   0.152885   0.590613   0.664614   0.728388   0.492661   0.606220   0.453398   0.416381   0.148756   0.483945   0.694259   0.712112   0.470183   0.605653   0.430561   0.426293   0.136225   0.383766   0.721557   0.691930   0.443005   0.605619   0.403076   0.432235   0.114547   0.312221   0.743195   0.667740   0.411769   0.606059   0.371728   0.431357   0.085770   0.284041   0.751862   0.648739   0.388123   0.606683   0.348159   0.423429   0.066725   0.282483   0.750044   0.639895   0.377636   0.607043   0.337798   0.413799   0.061195   0.282104   0.747725   0.634145   0.370995   0.606998   0.331269   0.405209   0.059117   0.281723   0.745681   0.629665   0.365915   0.607078   0.326291   0.396955   0.059016   0.281629   0.743870   0.625499   0.361266   0.607135   0.321748   0.389289   0.059319   0.281920   0.742142   0.621562   0.356901   0.607188   0.317488   0.382544   0.059201   0.282313   0.740514   0.618098   0.353090   0.607616   0.313774   0.376730   0.058852 113454
 12   0.126845   0.711337   0.643525   0.382326   0.752516   0.342491   0.468488   0.036279   0.297444   0.719537   0.667469   0.410029   0.750276   0.369732   0.472821   0.037691   0.297885   0.718720   0.671236   0.414707   0.750825   0.374391   0.466153   0.033856   0.298193   0.718060   0.674000   0.418137   0.752791   0.377804   0.462516   0.031854   0.298540   0.717389   0.675599   0.420108   0.753975   0.379763   0.459299   0.031289   0.302542   0.713589   0.681684   0.427687   0.754044   0.387314   0.458361   0.030027   0.329272   0.702602   0.698270   0.449205   0.753539   0.408912   0.463047   0.025252   0.388365   0.687543   0.717306   0.474801   0.752510   0.434768   0.475266   0.023311   0.462884   0.673748   0.734628   0.499119   0.752059   0.459529   0.489112   0.029520   0.535813   0.662931   0.753071   0.526000   0.752265   0.487090   0.499306   0.038747   0.588094   0.656906   0.769401   0.550700   0.752042   0.512590   0.508411   0.047903   0.597515   0.657933   0.780766   0.568440   0.751555   0.531013   0.517993   0.055841   0.561033   0.665694   0.784956   0.575168   0.750883   0.538037   0.528771   0.061308   0.494875   0.677573   0.781090   0.569164   0.749898   0.531808   0.540548   0.062652   0.417612   0.691056   0.770172   0.552185   0.749076   0.514187   0.552708   0.058785   0.349417   0.703646   0.753096   0.526232   0.748946   0.487368   0.565481   0.047537   0.310163   0.713877   0.730571   0.493305   0.749266   0.453589   0.570883   0.038110   0.299740   0.718558   0.714950   0.471151   0.749823   0.430990   0.566063   0.035588   0.299695   0.718705   0.709592   0.463844   0.750284   0.423591   0.559686   0.033303   0.299757   0.718586   0.705653   0.458546   0.750450   0.418239   0.554410   0.031326   0.299855   0.718359   0.702399   0.454220   0.750633   0.413878   0.549605   0.030246   0.299916   0.718156   0.699393   0.450252   0.750668   0.409885   0.544931   0.029624   0.299963   0.717943   0.696714   0.446740   0.750721   0.406353   0.540419   0.029145   0.300103   0.717599   0.694660   0.444068   0.751216   0.403671   0.536318   0.028802 189509
 13   0.122786   0.710345   0.697068   0.447838   0.842178   0.407571   0.562194   0.034404   0.300293   0.717351   0.719930   0.477895   0.840784   0.437810   0.560913   0.036751   0.301056   0.716187   0.724719   0.484554   0.841406   0.444576   0.552771   0.033527   0.301725   0.715260   0.727813   0.488869   0.843469   0.448963   0.549283   0.032120   0.302281   0.714431   0.729567   0.491332   0.844751   0.451470   0.546676   0.032184   0.304616   0.712439   0.732706   0.495768   0.844905   0.455992   0.545071   0.031330   0.321552   0.706169   0.743861   0.511952   0.844492   0.472566   0.548561   0.026226   0.360762   0.696317   0.758359   0.533363   0.843539   0.494566   0.562824   0.020866   0.411385   0.686551   0.771094   0.552741   0.843107   0.514590   0.582117   0.022104   0.462450   0.678393   0.784908   0.574356   0.843438   0.537041   0.597261   0.027838   0.501196   0.673168   0.797376   0.594368   0.843411   0.557926   0.609130   0.034428   0.513310   0.672373   0.806388   0.609145   0.843039   0.573409   0.619912   0.040306   0.492156   0.676520   0.810274   0.615588   0.842360   0.580175   0.630102   0.044287   0.445966   0.684201   0.808090   0.611953   0.841270   0.576354   0.639927   0.044313   0.389650   0.693334   0.800836   0.599971   0.840391   0.563783   0.650702   0.039736   0.337639   0.702766   0.787014   0.577618   0.840217   0.540423   0.664505   0.031557   0.308722   0.711020   0.767725   0.547327   0.840425   0.508941   0.671437   0.027754   0.302295   0.714730   0.755075   0.527944   0.840911   0.488890   0.667285   0.028672   0.302235   0.714869   0.750865   0.521689   0.841383   0.482457   0.661082   0.028254   0.302319   0.714791   0.747839   0.517242   0.841583   0.477892   0.655570   0.027716   0.302487   0.714600   0.745307   0.513546   0.841723   0.474103   0.650772   0.027695   0.302627   0.714427   0.742914   0.510080   0.841700   0.470555   0.646169   0.028218   0.302714   0.714283   0.740751   0.506969   0.841771   0.467375   0.641948   0.028579   0.302784   0.714144   0.738886   0.504307   0.842293   0.464657   0.638221   0.028812 282134
 14   0.123131   0.709778   0.703922   0.456155   0.889334   0.415811   0.649719   0.024736   0.302702   0.716713   0.713296   0.468509   0.888161   0.428243   0.654269   0.025904   0.303189   0.716192   0.713415   0.468674   0.888921   0.428410   0.651726   0.025834   0.303622   0.715562   0.713883   0.469321   0.891085   0.429067   0.650809   0.025888   0.303984   0.715093   0.713426   0.468704   0.892414   0.428443   0.649727   0.026245   0.304672   0.714676   0.712162   0.466984   0.892608   0.426703   0.648530   0.026387   0.312898   0.712133   0.713577   0.468971   0.892156   0.428725   0.647473   0.026181   0.335183   0.706442   0.718325   0.475562   0.891077   0.435420   0.650523   0.026298   0.365576   0.699910   0.724710   0.484469   0.890589   0.444476   0.659274   0.028766   0.395202   0.694384   0.732535   0.495524   0.891121   0.455742   0.669177   0.033097   0.417579   0.690547   0.740421   0.506865   0.891413   0.467337   0.677103   0.036915   0.424850   0.689242   0.747110   0.516659   0.891332   0.477383   0.682525   0.039029   0.413179   0.691023   0.751207   0.522750   0.890833   0.483648   0.685634   0.038926   0.386351   0.695463   0.751661   0.523473   0.889845   0.484401   0.686735   0.036417   0.352434   0.701406   0.748657   0.519065   0.889037   0.479877   0.687521   0.031090   0.322292   0.707600   0.741580   0.508680   0.888863   0.469219   0.690894   0.025182   0.306735   0.712254   0.732170   0.495006   0.889035   0.455211   0.690755   0.024166   0.303804   0.713893   0.726223   0.486480   0.889524   0.446499   0.685256   0.025844   0.303792   0.713888   0.723757   0.483023   0.889968   0.442982   0.680407   0.026029   0.303839   0.713814   0.721664   0.480117   0.890010   0.440029   0.676276   0.025933   0.303920   0.713711   0.719791   0.477533   0.889910   0.437408   0.672469   0.026220   0.304021   0.713593   0.718114   0.475233   0.889720   0.435076   0.668701   0.026711   0.304095   0.713475   0.716645   0.473226   0.889713   0.433044   0.665259   0.026965   0.304150   0.713319   0.715483   0.471652   0.890131   0.431452   0.662332   0.027016 322397
 15   0.120843   0.713783   0.702177   0.454161   0.936002   0.413862   0.586938   0.026797   0.297807   0.724334   0.709121   0.463321   0.934714   0.423082   0.589209   0.027874   0.298198   0.723221   0.709020   0.463188   0.935625   0.422949   0.585492   0.027373   0.298478   0.722211   0.709250   0.463512   0.937736   0.423279   0.583566   0.027058   0.298804   0.721279   0.708967   0.463158   0.938918   0.422926   0.582060   0.026721   0.302847   0.718492   0.711657   0.466769   0.938914   0.426573   0.581966   0.025264   0.330532   0.709583   0.722950   0.482385   0.938180   0.442429   0.586039   0.022519   0.394475   0.694339   0.742402   0.510253   0.936869   0.470908   0.597232   0.021992   0.481503   0.677451   0.767917   0.548544   0.936226   0.510379   0.611128   0.026666   0.574336   0.662312   0.797369   0.595125   0.936393   0.558868   0.620016   0.033066   0.646372   0.651987   0.825096   0.641313   0.936143   0.607415   0.623628   0.038320   0.669191   0.649783   0.847100   0.679747   0.935479   0.648170   0.624264   0.042470   0.634753   0.655996   0.861537   0.705895   0.934470   0.676088   0.624138   0.045139   0.555891   0.668177   0.867127   0.716277   0.933144   0.687225   0.625476   0.045566   0.457059   0.683319   0.863724   0.710006   0.932220   0.680511   0.630600   0.043469   0.367366   0.698291   0.849115   0.683442   0.932036   0.652129   0.642685   0.038632   0.314365   0.711799   0.821446   0.634999   0.932313   0.600738   0.650397   0.036225   0.299849   0.718580   0.798629   0.596290   0.933049   0.559915   0.647462   0.037626   0.299758   0.719073   0.787617   0.578474   0.933751   0.541295   0.643429   0.038118   0.299825   0.719432   0.777799   0.562955   0.934041   0.525145   0.640461   0.037492   0.299984   0.719583   0.769353   0.549861   0.934219   0.511569   0.638002   0.036370   0.300146   0.719591   0.762355   0.539198   0.934329   0.500548   0.635706   0.034801   0.300245   0.719481   0.756665   0.530675   0.934602   0.491768   0.633647   0.033252   0.300382   0.719204   0.752125   0.523975   0.935283   0.484884   0.632332   0.032107 212730
 16   0.119480   0.711769   0.723266   0.482397   0.931281   0.442360   0.666809   0.021876   0.298877   0.720369   0.728858   0.490159   0.930223   0.450243   0.671588   0.023189   0.299340   0.719364   0.729377   0.490876   0.931147   0.450970   0.671258   0.023616   0.299650   0.718528   0.729950   0.491688   0.933370   0.451798   0.671716   0.024041   0.299934   0.717832   0.729792   0.491479   0.934624   0.451588   0.671411   0.024496   0.304316   0.715350   0.732683   0.495514   0.934742   0.455691   0.671316   0.023553   0.329649   0.707457   0.744089   0.511901   0.934256   0.472443   0.673904   0.020623   0.385988   0.694327   0.762836   0.539788   0.933155   0.501133   0.684867   0.018779   0.461369   0.680209   0.786470   0.576580   0.932416   0.539307   0.700795   0.021615   0.539584   0.668123   0.812832   0.619642   0.932544   0.584392   0.712572   0.026688   0.597522   0.660317   0.836612   0.660358   0.932457   0.627396   0.719106   0.030759   0.608280   0.659652   0.854111   0.691540   0.931968   0.660577   0.722146   0.033728   0.569248   0.665840   0.863880   0.709441   0.931071   0.679727   0.724188   0.036211   0.500799   0.675722   0.865899   0.713230   0.929733   0.683798   0.727748   0.037509   0.421664   0.687126   0.860570   0.703434   0.928869   0.673314   0.735070   0.036343   0.350784   0.698673   0.844860   0.675103   0.928679   0.643097   0.747812   0.032507   0.311510   0.709219   0.820304   0.632172   0.928792   0.597576   0.752657   0.032562   0.302182   0.714558   0.802242   0.601559   0.929360   0.565305   0.747782   0.035357   0.301686   0.715210   0.793783   0.587801   0.930007   0.550915   0.744921   0.035038   0.301442   0.715587   0.786874   0.576755   0.930318   0.539398   0.743049   0.033906   0.301307   0.715791   0.781045   0.567566   0.930328   0.529843   0.741387   0.032559   0.301231   0.715872   0.776045   0.559781   0.930262   0.521766   0.739631   0.031234   0.301192   0.715881   0.771751   0.553166   0.930484   0.514916   0.737697   0.030222   0.301174   0.715844   0.768026   0.547477   0.931116   0.509034   0.735855   0.029419 532945
 17   0.119154   0.710761   0.734988   0.498551   0.933267   0.458745   0.714571   0.019210   0.300374   0.718425   0.740674   0.506615   0.932405   0.466967   0.720638   0.019769   0.300844   0.717466   0.741214   0.507376   0.933382   0.467742   0.721855   0.020608   0.301257   0.716546   0.741995   0.508491   0.935659   0.468881   0.723959   0.021182   0.301599   0.715829   0.741989   0.508473   0.937018   0.468860   0.725035   0.021618   0.304335   0.714171   0.743519   0.510668   0.937234   0.471103   0.724560   0.021360   0.321961   0.708341   0.751571   0.522485   0.936826   0.483228   0.724784   0.019511   0.360367   0.698471   0.765452   0.543326   0.935828   0.504703   0.732642   0.017736   0.408459   0.688445   0.782508   0.569816   0.935123   0.532173   0.745802   0.019461   0.453828   0.680453   0.801382   0.600167   0.935336   0.563851   0.756075   0.023368   0.485677   0.675453   0.818490   0.628626   0.935423   0.593743   0.762711   0.026642   0.494211   0.674357   0.831575   0.651030   0.935071   0.617402   0.766863   0.028902   0.474530   0.677614   0.839402   0.664704   0.934240   0.631897   0.769187   0.030469   0.433271   0.684150   0.841476   0.668369   0.932919   0.635790   0.771239   0.030855   0.381849   0.691939   0.838394   0.662939   0.932058   0.630026   0.777489   0.028251   0.334273   0.700474   0.826505   0.642352   0.931852   0.608239   0.790226   0.023833   0.308889   0.708664   0.807464   0.610112   0.931909   0.574264   0.794758   0.024770   0.303669   0.712571   0.794024   0.587912   0.932390   0.550977   0.789346   0.028563   0.303289   0.713032   0.787564   0.577562   0.932994   0.540183   0.785827   0.029321   0.303037   0.713337   0.782191   0.569062   0.933306   0.531339   0.783223   0.029004   0.302860   0.713527   0.777503   0.561727   0.933270   0.523723   0.780902   0.028308   0.302773   0.713595   0.773447   0.555441   0.933167   0.517208   0.778790   0.027643   0.302720   0.713607   0.769980   0.550116   0.933392   0.511698   0.776623   0.027143   0.302682   0.713581   0.766993   0.545569   0.934001   0.507000   0.774475   0.026722 974933
 18   0.121253   0.710924   0.715050   0.470958   0.925037   0.430734   0.658670   0.021826   0.300449   0.718790   0.721789   0.480125   0.923912   0.440010   0.662497   0.022572   0.300875   0.717913   0.722349   0.480884   0.924750   0.440777   0.661454   0.022888   0.301250   0.717048   0.723231   0.482097   0.926959   0.442008   0.661833   0.023052   0.301628   0.716309   0.723492   0.482456   0.928287   0.442371   0.661563   0.023437   0.303665   0.714848   0.724873   0.484347   0.928466   0.444287   0.660503   0.023073   0.318846   0.709624   0.732373   0.494914   0.928003   0.455049   0.659302   0.020908   0.353378   0.700333   0.745637   0.514018   0.926934   0.474586   0.664744   0.018903   0.396456   0.690572   0.761713   0.537926   0.926336   0.499180   0.677691   0.020451   0.437213   0.682570   0.779786   0.565736   0.926686   0.527971   0.689145   0.024106   0.466713   0.677358   0.796700   0.592638   0.926834   0.555993   0.696372   0.027478   0.474897   0.675986   0.809856   0.614174   0.926559   0.578546   0.701252   0.029912   0.457966   0.678774   0.817874   0.627573   0.925811   0.592632   0.704910   0.031035   0.421299   0.684824   0.820180   0.631472   0.924573   0.596739   0.708486   0.030434   0.374328   0.692376   0.817295   0.626598   0.923701   0.591605   0.715663   0.027024   0.331158   0.700925   0.805408   0.606856   0.923484   0.570875   0.728155   0.022861   0.308186   0.709103   0.786804   0.576638   0.923576   0.539276   0.732794   0.024026   0.303396   0.712872   0.774129   0.556569   0.924078   0.518391   0.728112   0.027462   0.303046   0.713329   0.767999   0.547152   0.924620   0.508645   0.724466   0.028237   0.302805   0.713650   0.762824   0.539308   0.924826   0.500548   0.721440   0.028178   0.302668   0.713821   0.758375   0.532640   0.924800   0.493680   0.718719   0.027976   0.302594   0.713904   0.754467   0.526837   0.924689   0.487712   0.716032   0.027765   0.302567   0.713937   0.751075   0.521838   0.924833   0.482578   0.713413   0.027608   0.302565   0.713928   0.748185   0.517611   0.925392   0.478244   0.710881   0.027481 786489
 19   0.120722   0.709747   0.725355   0.484982   0.929516   0.444925   0.711545   0.020498   0.301696   0.716518   0.730604   0.492266   0.928654   0.452323   0.716191   0.020055   0.302225   0.715770   0.730916   0.492683   0.929670   0.452744   0.717323   0.020391   0.302674   0.714999   0.731550   0.493563   0.932044   0.453637   0.719182   0.020812   0.303081   0.714406   0.731392   0.493325   0.933507   0.453393   0.719723   0.021426   0.303931   0.713816   0.730806   0.492483   0.933783   0.452531   0.718996   0.021929   0.312304   0.711137   0.733264   0.495969   0.933421   0.456085   0.718016   0.022350   0.333381   0.705682   0.739495   0.504897   0.932439   0.465206   0.721483   0.022754   0.360690   0.699799   0.747665   0.516794   0.931866   0.477396   0.730565   0.024756   0.386256   0.695023   0.757058   0.530722   0.932365   0.491715   0.740172   0.028226   0.404200   0.691963   0.765648   0.543696   0.932775   0.505099   0.747742   0.031185   0.409113   0.691041   0.772228   0.553792   0.932723   0.515544   0.752941   0.032824   0.398873   0.692417   0.776100   0.559790   0.932133   0.521761   0.755591   0.032833   0.376387   0.695802   0.776767   0.560823   0.930983   0.522831   0.756304   0.031182   0.347127   0.700412   0.774553   0.557376   0.930171   0.519256   0.757905   0.027070   0.319905   0.705757   0.767308   0.546225   0.929963   0.507712   0.763845   0.022002   0.306136   0.710255   0.756874   0.530370   0.929991   0.491338   0.763232   0.022089   0.303870   0.712011   0.750094   0.520229   0.930415   0.480896   0.756006   0.024915   0.303690   0.712184   0.746731   0.515286   0.930911   0.475823   0.751794   0.025404   0.303589   0.712284   0.743845   0.511077   0.931061   0.471510   0.748064   0.025124   0.303545   0.712318   0.741304   0.507398   0.930869   0.467743   0.744586   0.025042   0.303531   0.712309   0.739094   0.504216   0.930602   0.464491   0.741253   0.025182   0.303551   0.712242   0.737294   0.501639   0.930663   0.461858   0.738332   0.024966   0.303617   0.712101   0.735917   0.499675   0.931137   0.459853   0.735833   0.024691 693999
 20   0.115908   0.714024   0.742976   0.510516   0.932936   0.471067   0.661841   0.023572   0.296250   0.724651   0.744946   0.513343   0.932055   0.473955   0.668535   0.026896   0.296734   0.723402   0.744844   0.513224   0.933375   0.473838   0.669155   0.027973   0.296897   0.722540   0.744429   0.512658   0.935926   0.473266   0.669917   0.028767   0.297149   0.721797   0.743222   0.510922   0.937311   0.471490   0.669901   0.029185   0.307994   0.716772   0.749968   0.520678   0.937525   0.481476   0.673311   0.026774   0.354586   0.703749   0.770129   0.551038   0.937073   0.512787   0.684355   0.022212   0.445771   0.685465   0.798572   0.596400   0.935935   0.560070   0.703690   0.020902   0.558251   0.667301   0.831844   0.652798   0.935117   0.619537   0.722374   0.024308   0.658696   0.653687   0.864667   0.711875   0.935088   0.682537   0.731463   0.028159   0.711452   0.647639   0.890944   0.761806   0.934878   0.736330   0.732699   0.030493   0.699091   0.650442   0.908305   0.796240   0.934248   0.773731   0.729883   0.032879   0.635283   0.659482   0.916768   0.813510   0.933129   0.792590   0.727830   0.034616   0.545888   0.671186   0.917372   0.814827   0.931581   0.794046   0.729488   0.034638   0.451649   0.683903   0.910196   0.800297   0.930681   0.778202   0.736762   0.033774   0.366066   0.696926   0.891085   0.762510   0.930486   0.737184   0.751861   0.032159   0.314057   0.710284   0.859467   0.702351   0.930540   0.672352   0.759508   0.033913   0.300469   0.717659   0.834934   0.657333   0.931107   0.624171   0.756109   0.037573   0.299822   0.718390   0.823672   0.637783   0.931800   0.603470   0.754195   0.038342   0.299424   0.718819   0.814387   0.622021   0.932153   0.586849   0.753298   0.037893   0.299245   0.719030   0.806456   0.608788   0.932067   0.572941   0.752907   0.036604   0.299230   0.719028   0.799880   0.597983   0.931886   0.561616   0.752513   0.034931   0.299306   0.718851   0.794547   0.589341   0.932123   0.552582   0.751868   0.033586   0.299383   0.718653   0.789873   0.581862   0.932813   0.544783   0.750981   0.032595 243408
 21   0.116820   0.711519   0.748828   0.518700   0.940399   0.479390   0.733222   0.019223   0.299289   0.719799   0.753573   0.525640   0.939588   0.486507   0.741347   0.020304   0.299848   0.718679   0.753967   0.526208   0.940711   0.487088   0.743348   0.021182   0.300209   0.717772   0.754306   0.526700   0.943084   0.487591   0.745765   0.021963   0.300479   0.717096   0.753702   0.525792   0.944454   0.486656   0.746903   0.022611   0.306120   0.714408   0.756478   0.529885   0.944684   0.490859   0.747583   0.021915   0.335979   0.705724   0.768037   0.547391   0.944276   0.508928   0.752351   0.019725   0.400221   0.691664   0.787203   0.577438   0.943209   0.540143   0.765759   0.019201   0.485924   0.676853   0.811296   0.616956   0.942312   0.581545   0.781565   0.022829   0.573183   0.664447   0.837320   0.661703   0.942318   0.628845   0.792822   0.027902   0.632873   0.657203   0.860246   0.702941   0.942211   0.672806   0.799017   0.031599   0.637020   0.657799   0.876740   0.733731   0.941639   0.705860   0.800527   0.034182   0.587080   0.665425   0.885188   0.749891   0.940631   0.723289   0.800337   0.036373   0.507586   0.676702   0.885377   0.750303   0.939194   0.723743   0.802177   0.037643   0.421274   0.688983   0.878051   0.736332   0.938337   0.708684   0.809254   0.036611   0.349057   0.700533   0.861033   0.704539   0.938187   0.674548   0.822582   0.032763   0.311457   0.710018   0.837599   0.662054   0.938304   0.629190   0.827821   0.032360   0.303135   0.714454   0.821260   0.633340   0.938888   0.598715   0.823264   0.034722   0.302713   0.714981   0.813305   0.619840   0.939653   0.584483   0.820757   0.034417   0.302445   0.715276   0.806793   0.608958   0.940108   0.573043   0.819246   0.033345   0.302243   0.715467   0.801032   0.599464   0.940107   0.563089   0.817950   0.031955   0.302128   0.715528   0.796101   0.591417   0.940045   0.554667   0.816661   0.030540   0.302071   0.715467   0.791994   0.584780   0.940354   0.547733   0.815202   0.029461   0.302008   0.715383   0.788339   0.578936   0.941041   0.541641   0.813384   0.028774 556017
 22   0.116810   0.710716   0.755981   0.529117   0.942068   0.490064   0.762183   0.018404   0.300624   0.718318   0.760863   0.536363   0.941382   0.497514   0.770198   0.019353   0.301111   0.717338   0.761044   0.536610   0.942427   0.497764   0.772118   0.020497   0.301537   0.716416   0.761480   0.537246   0.944740   0.498416   0.774775   0.021194   0.301867   0.715716   0.761087   0.536640   0.946126   0.497789   0.775987   0.021825   0.305075   0.713972   0.762411   0.538613   0.946396   0.499819   0.775699   0.021704   0.324674   0.707768   0.770445   0.550880   0.946020   0.512498   0.777177   0.020128   0.367308   0.697249   0.784481   0.572820   0.945039   0.535276   0.786654   0.018916   0.420943   0.686574   0.801811   0.600839   0.944222   0.564549   0.800068   0.020968   0.472239   0.678034   0.820862   0.632722   0.944380   0.598075   0.810460   0.024891   0.507957   0.672779   0.837990   0.662365   0.944467   0.629443   0.817587   0.027821   0.515835   0.671985   0.850970   0.685490   0.944041   0.654048   0.821499   0.029674   0.493109   0.675827   0.858609   0.699375   0.943153   0.668877   0.823108   0.031205   0.447453   0.683070   0.860293   0.702482   0.941787   0.672204   0.824371   0.032366   0.390010   0.691811   0.856454   0.695475   0.940906   0.664715   0.829956   0.030846   0.337211   0.700958   0.843837   0.672824   0.940659   0.640580   0.842501   0.026207   0.309484   0.709146   0.824575   0.639024   0.940682   0.604719   0.847068   0.026122   0.303885   0.712981   0.811088   0.615937   0.941195   0.580341   0.841501   0.029383   0.303523   0.713400   0.804593   0.605143   0.941890   0.569006   0.837843   0.029839   0.303277   0.713625   0.799186   0.596272   0.942284   0.559713   0.835220   0.029478   0.303110   0.713756   0.794387   0.588486   0.942234   0.551575   0.832768   0.028817   0.303027   0.713810   0.790248   0.581832   0.942154   0.544631   0.830460   0.027841   0.303003   0.713776   0.786791   0.576318   0.942450   0.538885   0.828243   0.027090   0.303003   0.713674   0.783828   0.571625   0.943092   0.534001   0.826071   0.026618 743968
 23   0.117539   0.710136   0.752439   0.523742   0.939570   0.484515   0.766168   0.017667   0.301106   0.717213   0.757257   0.530837   0.938955   0.491799   0.772956   0.018487   0.301614   0.716322   0.757496   0.531176   0.940026   0.492144   0.774890   0.019612   0.302040   0.715479   0.757938   0.531822   0.942360   0.492807   0.777359   0.020549   0.302358   0.714845   0.757572   0.531266   0.943769   0.492233   0.778420   0.021289   0.304094   0.713714   0.757860   0.531683   0.944046   0.492660   0.778262   0.021441   0.317070   0.709330   0.763364   0.539986   0.943720   0.501223   0.778778   0.020291   0.346494   0.701535   0.773848   0.556049   0.942797   0.517836   0.785584   0.018796   0.382842   0.693723   0.786548   0.576008   0.942006   0.538576   0.797170   0.019847   0.415801   0.687661   0.800623   0.598720   0.942255   0.562295   0.806954   0.022606   0.438125   0.683927   0.813308   0.619722   0.942532   0.584334   0.813727   0.024887   0.442696   0.683145   0.822845   0.635858   0.942327   0.601335   0.817858   0.026504   0.427584   0.685458   0.828402   0.645395   0.941606   0.611410   0.819807   0.027472   0.397777   0.690226   0.829561   0.647405   0.940347   0.613537   0.820655   0.027636   0.359860   0.696136   0.826911   0.642847   0.939536   0.608721   0.825185   0.025056   0.324958   0.702871   0.817039   0.626087   0.939308   0.591050   0.836911   0.020921   0.307243   0.709108   0.802102   0.601132   0.939283   0.564819   0.839003   0.022049   0.304096   0.711871   0.792026   0.584639   0.939716   0.547549   0.831008   0.025722   0.303737   0.712249   0.786801   0.576283   0.940334   0.538838   0.826664   0.026565   0.303494   0.712472   0.782410   0.569337   0.940661   0.531612   0.823225   0.026356   0.303358   0.712577   0.778526   0.563249   0.940529   0.525288   0.820197   0.025854   0.303302   0.712583   0.775185   0.558049   0.940367   0.519895   0.817431   0.025319   0.303303   0.712520   0.772437   0.553800   0.940609   0.515493   0.814834   0.024712   0.303318   0.712424   0.770120   0.550240   0.941204   0.511808   0.812344   0.024241 1013759
 24   0.119294   0.709784   0.737520   0.502122   0.936519   0.462381   0.738578   0.018611   0.301376   0.716561   0.742513   0.509239   0.935806   0.469646   0.744021   0.018883   0.301873   0.715765   0.742827   0.509672   0.936864   0.470084   0.745560   0.019902   0.302304   0.714987   0.743362   0.510428   0.939257   0.470855   0.747822   0.020743   0.302647   0.714400   0.743096   0.510029   0.940700   0.470443   0.748734   0.021429   0.303952   0.713519   0.743048   0.509937   0.940959   0.470346   0.748387   0.021845   0.314809   0.709880   0.747271   0.516081   0.940605   0.476640   0.748320   0.021653   0.340337   0.703137   0.755884   0.528794   0.939624   0.489698   0.753549   0.021104   0.372414   0.696210   0.766648   0.545048   0.938915   0.506463   0.763861   0.022459   0.402193   0.690700   0.778867   0.563936   0.939289   0.526032   0.773594   0.025573   0.422670   0.687241   0.790013   0.581570   0.939635   0.544378   0.780829   0.028278   0.427541   0.686342   0.798556   0.595354   0.939503   0.558774   0.785491   0.029754   0.414458   0.688209   0.803642   0.603671   0.938835   0.567481   0.787780   0.030049   0.387334   0.692402   0.804709   0.605437   0.937629   0.569334   0.788468   0.029294   0.353143   0.697801   0.802246   0.601406   0.936861   0.565113   0.791571   0.025971   0.322010   0.704024   0.793273   0.586879   0.936704   0.549933   0.800775   0.021626   0.306544   0.709469   0.780217   0.566037   0.936744   0.528211   0.801288   0.022641   0.303962   0.711712   0.771710   0.552709   0.937189   0.514369   0.793231   0.026094   0.303675   0.712007   0.767255   0.545871   0.937742   0.507294   0.789082   0.026734   0.303484   0.712190   0.763478   0.540127   0.937974   0.501362   0.785696   0.026223   0.303355   0.712301   0.760114   0.535053   0.937789   0.496129   0.782330   0.025702   0.303280   0.712350   0.757164   0.530636   0.937531   0.491580   0.778894   0.025511   0.303267   0.712315   0.754772   0.527076   0.937652   0.487917   0.775861   0.025201   0.303290   0.712228   0.752821   0.524190   0.938168   0.484952   0.773196   0.024782 1076645
