timestamp=                2021-11-18T10:34:46.530829
shape=                    (5, 5)
sigma=                    2.5
nepochs=                  2
thresh=                   None
rate=                     0.00725
neighborhood function=    gaussian
init weights=             pca
topology=                 hexagonal
activation distance=      euclidean
output type=              labels
mapfile_prefix=           full2019_5x5_2_00725_3_02
apply classification=     False
seed=                     None
random order=             True
custom init file=         None
order labels by size=     False
decay_function=           3

Quantization Error=       0.35520319
Topographic Error=        0.14664200

############ NEURONS #############
 25 192
  0   0.115982   0.714020   0.742827   0.510313   0.933071   0.470861   0.661557   0.023498   0.296336   0.724652   0.744895   0.513277   0.932188   0.473889   0.668282   0.026817   0.296796   0.723419   0.744763   0.513108   0.933503   0.473720   0.668920   0.027905   0.296975   0.722540   0.744367   0.512559   0.936056   0.473162   0.669776   0.028657   0.297232   0.721792   0.743165   0.510827   0.937440   0.471390   0.669830   0.029041   0.308009   0.716777   0.749876   0.520533   0.937651   0.481326   0.673218   0.026629   0.354077   0.703803   0.769917   0.550709   0.937203   0.512445   0.684075   0.022095   0.444324   0.685551   0.798196   0.595784   0.936070   0.559426   0.703113   0.020723   0.557191   0.667155   0.831471   0.652147   0.935254   0.618847   0.721783   0.024096   0.658140   0.653414   0.864429   0.711419   0.935222   0.682045   0.731062   0.028064   0.710660   0.647470   0.890743   0.761389   0.935008   0.735874   0.732236   0.030528   0.697861   0.650307   0.908090   0.795784   0.934379   0.773230   0.729304   0.032856   0.634442   0.659291   0.916626   0.813193   0.933267   0.792238   0.727156   0.034551   0.546753   0.670923   0.917372   0.814807   0.931722   0.794021   0.728758   0.034675   0.452204   0.683795   0.910253   0.800391   0.930821   0.778301   0.736126   0.033792   0.365887   0.696937   0.891168   0.762641   0.930626   0.737320   0.751319   0.032159   0.314101   0.710322   0.859517   0.702426   0.930679   0.672429   0.759090   0.033929   0.300430   0.717728   0.834925   0.657310   0.931247   0.624146   0.755811   0.037565   0.299831   0.718424   0.823682   0.637801   0.931942   0.603489   0.753979   0.038341   0.299456   0.718842   0.814404   0.622052   0.932292   0.586882   0.753136   0.037864   0.299282   0.719056   0.806461   0.608803   0.932209   0.572958   0.752823   0.036466   0.299246   0.719082   0.799832   0.597909   0.932028   0.561540   0.752398   0.034731   0.299313   0.718908   0.794498   0.589268   0.932260   0.552507   0.751505   0.033436   0.299418   0.718683   0.789885   0.581887   0.932949   0.544809   0.750553   0.032505 244505
  1   0.116794   0.711547   0.749024   0.518976   0.940641   0.479672   0.733471   0.019224   0.299254   0.719866   0.753756   0.525899   0.939826   0.486770   0.741685   0.020292   0.299823   0.718738   0.754158   0.526476   0.940948   0.487361   0.743736   0.021118   0.300202   0.717816   0.754515   0.526996   0.943320   0.487893   0.746239   0.021902   0.300470   0.717129   0.753919   0.526102   0.944691   0.486972   0.747481   0.022586   0.306028   0.714475   0.756653   0.530133   0.944919   0.491111   0.748222   0.021955   0.335855   0.705856   0.768169   0.547584   0.944509   0.509126   0.752949   0.019841   0.400578   0.691757   0.787371   0.577700   0.943445   0.540414   0.766360   0.019343   0.486478   0.676904   0.811502   0.617295   0.942554   0.581901   0.782167   0.022977   0.574269   0.664388   0.837595   0.662184   0.942562   0.629355   0.793429   0.028024   0.634080   0.657083   0.860559   0.703512   0.942453   0.673417   0.799594   0.031655   0.636872   0.657779   0.876961   0.734148   0.941884   0.706309   0.800963   0.034182   0.586235   0.665461   0.885342   0.750185   0.940881   0.723606   0.800738   0.036358   0.507134   0.676765   0.885498   0.750535   0.939448   0.723993   0.802586   0.037671   0.421079   0.689062   0.878081   0.736388   0.938591   0.708744   0.809647   0.036684   0.348867   0.700620   0.860939   0.704367   0.938443   0.674364   0.823012   0.032791   0.311416   0.710089   0.837462   0.661820   0.938563   0.628943   0.828191   0.032329   0.303138   0.714485   0.821253   0.633333   0.939149   0.598709   0.823650   0.034682   0.302752   0.714954   0.813446   0.620078   0.939917   0.584734   0.821338   0.034357   0.302484   0.715241   0.806937   0.609199   0.940374   0.573297   0.819774   0.033317   0.302248   0.715478   0.801101   0.599579   0.940377   0.563209   0.818278   0.032050   0.302098   0.715587   0.796059   0.591351   0.940316   0.554598   0.816799   0.030698   0.302042   0.715535   0.791891   0.584617   0.940625   0.547565   0.815118   0.029572   0.301998   0.715434   0.788273   0.578834   0.941309   0.541535   0.813147   0.028822 552811
  2   0.116865   0.710695   0.755766   0.528802   0.942017   0.489741   0.761591   0.018368   0.300686   0.718283   0.760723   0.536154   0.941322   0.497300   0.769648   0.019253   0.301182   0.717300   0.760936   0.536448   0.942372   0.497598   0.771651   0.020370   0.301619   0.716369   0.761407   0.537136   0.944693   0.498302   0.774382   0.021083   0.301931   0.715685   0.760998   0.536508   0.946080   0.497652   0.775602   0.021755   0.305140   0.713960   0.762295   0.538440   0.946351   0.499641   0.775308   0.021685   0.324703   0.707792   0.770315   0.550681   0.945977   0.512292   0.776731   0.020098   0.367180   0.697314   0.784332   0.572581   0.944994   0.535027   0.786096   0.018835   0.420554   0.686670   0.801608   0.600500   0.944178   0.564192   0.799458   0.020875   0.471701   0.678143   0.820619   0.632302   0.944339   0.597631   0.809860   0.024837   0.507642   0.672839   0.837788   0.662005   0.944425   0.629060   0.817006   0.027880   0.515506   0.672054   0.850775   0.685128   0.943998   0.653660   0.820918   0.029834   0.492956   0.675839   0.858413   0.699006   0.943109   0.668480   0.822582   0.031424   0.447544   0.683037   0.860118   0.702148   0.941741   0.671844   0.823922   0.032600   0.390081   0.691782   0.856324   0.695225   0.940863   0.664445   0.829471   0.030966   0.337292   0.700882   0.843807   0.672757   0.940619   0.640506   0.842024   0.026171   0.309466   0.709099   0.824535   0.638946   0.940643   0.604636   0.846610   0.026106   0.303901   0.712958   0.810977   0.615746   0.941157   0.580139   0.840984   0.029437   0.303530   0.713393   0.804423   0.604859   0.941853   0.568708   0.837210   0.029971   0.303296   0.713623   0.798992   0.595952   0.942247   0.559378   0.834472   0.029624   0.303153   0.713745   0.794223   0.588218   0.942194   0.551294   0.832017   0.028862   0.303058   0.713801   0.790083   0.581567   0.942108   0.544353   0.829697   0.027880   0.303023   0.713770   0.786629   0.576060   0.942402   0.538615   0.827511   0.027118   0.303033   0.713666   0.783677   0.571386   0.943041   0.533752   0.825448   0.026652 750770
  3   0.117568   0.710121   0.752445   0.523752   0.939574   0.484525   0.766029   0.017716   0.301131   0.717193   0.757265   0.530849   0.938955   0.491811   0.772792   0.018515   0.301619   0.716323   0.757467   0.531134   0.940015   0.492101   0.774725   0.019643   0.302040   0.715489   0.757888   0.531749   0.942345   0.492733   0.777211   0.020575   0.302357   0.714856   0.757523   0.531195   0.943755   0.492161   0.778221   0.021299   0.304117   0.713719   0.757825   0.531634   0.944032   0.492610   0.778047   0.021421   0.317204   0.709315   0.763368   0.539995   0.943707   0.501232   0.778580   0.020243   0.346859   0.701492   0.773906   0.556139   0.942784   0.517929   0.785423   0.018776   0.383220   0.693684   0.786640   0.576154   0.941990   0.538728   0.797031   0.019894   0.416201   0.687608   0.800761   0.598944   0.942237   0.562530   0.806729   0.022636   0.438334   0.683887   0.813471   0.619990   0.942514   0.584614   0.813396   0.024875   0.442751   0.683121   0.823020   0.636151   0.942309   0.601643   0.817446   0.026510   0.427835   0.685410   0.828575   0.645689   0.941590   0.611721   0.819430   0.027507   0.398092   0.690171   0.829750   0.647727   0.940330   0.613878   0.820287   0.027657   0.360153   0.696085   0.827145   0.643243   0.939518   0.609138   0.824688   0.025055   0.325031   0.702837   0.817265   0.626461   0.939292   0.591443   0.836424   0.020870   0.307212   0.709092   0.802290   0.601435   0.939268   0.565136   0.838633   0.021963   0.304100   0.711866   0.792207   0.584927   0.939703   0.547849   0.830658   0.025684   0.303761   0.712226   0.787027   0.576639   0.940326   0.539209   0.826398   0.026563   0.303533   0.712444   0.782633   0.569685   0.940655   0.531973   0.823065   0.026357   0.303381   0.712566   0.778703   0.563522   0.940522   0.525571   0.820004   0.025902   0.303313   0.712592   0.775313   0.558246   0.940360   0.520099   0.817200   0.025395   0.303316   0.712529   0.772554   0.553982   0.940605   0.515681   0.814715   0.024735   0.303339   0.712421   0.770251   0.550440   0.941204   0.512016   0.812322   0.024214 1016958
  4   0.119273   0.709775   0.737577   0.502198   0.936656   0.462459   0.738644   0.018609   0.301357   0.716548   0.742525   0.509253   0.935932   0.469659   0.744074   0.018857   0.301861   0.715756   0.742833   0.509677   0.936995   0.470089   0.745618   0.019884   0.302292   0.714979   0.743371   0.510438   0.939389   0.470864   0.747858   0.020753   0.302628   0.714394   0.743112   0.510048   0.940836   0.470463   0.748748   0.021411   0.303931   0.713513   0.743068   0.509964   0.941101   0.470373   0.748355   0.021757   0.314765   0.709888   0.747253   0.516054   0.940747   0.476612   0.748293   0.021521   0.340229   0.703178   0.755799   0.528667   0.939764   0.489567   0.753551   0.021025   0.372133   0.696308   0.766459   0.544758   0.939056   0.506164   0.763801   0.022500   0.401728   0.690831   0.778578   0.563482   0.939428   0.525560   0.773453   0.025679   0.422311   0.687356   0.789626   0.580948   0.939778   0.543730   0.780641   0.028353   0.427259   0.686441   0.798095   0.594604   0.939647   0.557989   0.785298   0.029783   0.414148   0.688292   0.803186   0.602921   0.938974   0.566695   0.787625   0.030043   0.387168   0.692485   0.804283   0.604735   0.937768   0.568598   0.788375   0.029287   0.353149   0.697861   0.801858   0.600770   0.937007   0.564447   0.791557   0.026016   0.322041   0.704053   0.792905   0.586288   0.936857   0.549316   0.800779   0.021703   0.306522   0.709484   0.779888   0.565520   0.936900   0.527674   0.801224   0.022703   0.303934   0.711716   0.771429   0.552276   0.937349   0.513921   0.793108   0.026114   0.303634   0.712021   0.766985   0.545458   0.937905   0.506867   0.788867   0.026784   0.303445   0.712210   0.763207   0.539718   0.938131   0.500939   0.785302   0.026315   0.303324   0.712319   0.759855   0.534665   0.937938   0.495729   0.781825   0.025768   0.303263   0.712360   0.756921   0.530275   0.937675   0.491209   0.778419   0.025536   0.303254   0.712322   0.754530   0.526718   0.937794   0.487550   0.775429   0.025180   0.303270   0.712226   0.752597   0.523859   0.938308   0.484612   0.772770   0.024774 1076379
  5   0.120817   0.713759   0.702099   0.454066   0.935565   0.413767   0.587316   0.026744   0.297789   0.724260   0.709174   0.463391   0.934309   0.423153   0.589665   0.027785   0.298195   0.723139   0.709104   0.463308   0.935217   0.423071   0.585889   0.027249   0.298466   0.722150   0.709315   0.463613   0.937327   0.423384   0.583861   0.026983   0.298791   0.721217   0.709052   0.463284   0.938511   0.423056   0.582306   0.026735   0.302830   0.718435   0.711768   0.466928   0.938507   0.426736   0.582219   0.025300   0.330531   0.709540   0.723108   0.482624   0.937773   0.442675   0.586364   0.022516   0.394506   0.694290   0.742626   0.510604   0.936467   0.471273   0.597769   0.021966   0.482070   0.677281   0.768230   0.549041   0.935825   0.510896   0.611922   0.026569   0.574385   0.662197   0.797704   0.595664   0.935993   0.559431   0.620818   0.032895   0.645667   0.651991   0.825384   0.641789   0.935741   0.607914   0.624319   0.038091   0.668726   0.649817   0.847404   0.680267   0.935074   0.648720   0.624958   0.042269   0.634267   0.656066   0.861804   0.706362   0.934063   0.676583   0.624859   0.045065   0.555054   0.668254   0.867245   0.716471   0.932738   0.687429   0.626432   0.045562   0.456601   0.683349   0.863779   0.710084   0.931815   0.680588   0.631794   0.043457   0.367427   0.698258   0.849079   0.683369   0.931632   0.652050   0.643879   0.038608   0.314326   0.711717   0.821441   0.634969   0.931905   0.600701   0.651614   0.036243   0.299905   0.718465   0.798735   0.596445   0.932637   0.560074   0.648724   0.037512   0.299787   0.718976   0.787747   0.578660   0.933341   0.541484   0.644755   0.037793   0.299877   0.719312   0.777993   0.563233   0.933634   0.525429   0.641842   0.037227   0.300027   0.719489   0.769563   0.550164   0.933814   0.511879   0.639160   0.036214   0.300182   0.719499   0.762595   0.539551   0.933931   0.500911   0.636672   0.034676   0.300286   0.719389   0.756890   0.531008   0.934209   0.492110   0.634613   0.033139   0.300393   0.719171   0.752252   0.524162   0.934891   0.485076   0.633213   0.032033 215894
  6   0.119495   0.711757   0.723265   0.482380   0.931376   0.442340   0.667848   0.021681   0.298888   0.720346   0.728860   0.490142   0.930323   0.450223   0.672687   0.023033   0.299340   0.719346   0.729385   0.490871   0.931243   0.450963   0.672424   0.023452   0.299663   0.718493   0.729978   0.491715   0.933467   0.451824   0.672986   0.023859   0.299962   0.717789   0.729807   0.491488   0.934726   0.451595   0.672859   0.024290   0.304356   0.715296   0.732698   0.495525   0.934848   0.455700   0.672801   0.023381   0.329851   0.707331   0.744150   0.511980   0.934370   0.472521   0.675427   0.020493   0.386172   0.694153   0.762937   0.539933   0.933277   0.501281   0.686471   0.018689   0.462069   0.679958   0.786608   0.576794   0.932538   0.539529   0.702355   0.021561   0.540576   0.667805   0.812964   0.619864   0.932663   0.584625   0.714004   0.026653   0.597477   0.660142   0.836684   0.660484   0.932579   0.627530   0.720396   0.030698   0.606411   0.659766   0.854023   0.691368   0.932094   0.660391   0.723438   0.033649   0.566473   0.666118   0.863584   0.708878   0.931198   0.679120   0.725535   0.036186   0.498868   0.675941   0.865571   0.712608   0.929860   0.683129   0.729029   0.037440   0.420625   0.687262   0.860275   0.702884   0.928995   0.672723   0.736387   0.036244   0.350381   0.698757   0.844537   0.674514   0.928803   0.642469   0.749283   0.032492   0.311482   0.709228   0.820087   0.631786   0.928911   0.597165   0.754109   0.032611   0.302203   0.714521   0.802128   0.601363   0.929476   0.565098   0.749098   0.035469   0.301692   0.715201   0.793673   0.587617   0.930125   0.550722   0.745992   0.035158   0.301445   0.715596   0.786780   0.576602   0.930437   0.539239   0.743918   0.033992   0.301319   0.715799   0.780951   0.567416   0.930443   0.529687   0.742254   0.032580   0.301233   0.715882   0.775985   0.559683   0.930377   0.521662   0.740519   0.031127   0.301173   0.715903   0.771715   0.553108   0.930601   0.514856   0.738439   0.030059   0.301151   0.715872   0.768003   0.547441   0.931230   0.508997   0.736483   0.029285 539559
  7   0.119119   0.710752   0.734900   0.498424   0.933206   0.458615   0.714879   0.019332   0.300344   0.718398   0.740586   0.506487   0.932337   0.466836   0.720752   0.019861   0.300819   0.717436   0.741136   0.507262   0.933314   0.467625   0.721970   0.020649   0.301215   0.716532   0.741885   0.508332   0.935588   0.468717   0.724169   0.021145   0.301567   0.715813   0.741889   0.508328   0.936946   0.468712   0.725225   0.021580   0.304284   0.714156   0.743423   0.510528   0.937162   0.470959   0.724747   0.021391   0.321886   0.708357   0.751445   0.522297   0.936751   0.483035   0.724914   0.019595   0.360187   0.698533   0.765291   0.543078   0.935750   0.504447   0.732632   0.017789   0.407702   0.688600   0.782228   0.569369   0.935043   0.531707   0.745684   0.019451   0.452610   0.680697   0.800974   0.599493   0.935258   0.563144   0.755927   0.023332   0.484677   0.675690   0.818006   0.627799   0.935350   0.592869   0.762576   0.026569   0.493451   0.674539   0.831072   0.650150   0.934999   0.616469   0.766772   0.028756   0.474205   0.677709   0.838928   0.663862   0.934170   0.631001   0.769212   0.030242   0.433359   0.684156   0.841061   0.667633   0.932850   0.635007   0.771271   0.030607   0.381806   0.691938   0.838046   0.662328   0.931988   0.629377   0.777425   0.028055   0.334091   0.700495   0.826183   0.641801   0.931781   0.607657   0.790045   0.023653   0.308773   0.708668   0.807226   0.609716   0.931839   0.573848   0.794517   0.024560   0.303644   0.712543   0.793872   0.587668   0.932317   0.550723   0.789173   0.028400   0.303259   0.713016   0.787382   0.577275   0.932919   0.539884   0.785571   0.029236   0.303000   0.713321   0.781998   0.568763   0.933230   0.531030   0.782897   0.028903   0.302832   0.713501   0.777327   0.561460   0.933193   0.523447   0.780575   0.028175   0.302739   0.713585   0.773252   0.555145   0.933089   0.516902   0.778437   0.027490   0.302708   0.713575   0.769832   0.549890   0.933312   0.511464   0.776431   0.026983   0.302676   0.713546   0.766862   0.545368   0.933920   0.506792   0.774358   0.026641 974103
  8   0.121267   0.710954   0.714687   0.470459   0.925111   0.430227   0.657426   0.021784   0.300406   0.718847   0.721497   0.479716   0.923997   0.439594   0.661293   0.022496   0.300831   0.717963   0.722108   0.480548   0.924838   0.440436   0.660191   0.022860   0.301234   0.717075   0.723089   0.481901   0.927046   0.441808   0.660601   0.023084   0.301629   0.716333   0.723361   0.482272   0.928376   0.442184   0.660477   0.023446   0.303679   0.714881   0.724683   0.484081   0.928560   0.444016   0.659622   0.023063   0.318944   0.709656   0.732229   0.494714   0.928101   0.454846   0.658464   0.020912   0.353575   0.700376   0.745542   0.513886   0.927036   0.474451   0.663802   0.018970   0.396653   0.690665   0.761612   0.537779   0.926448   0.499029   0.676728   0.020490   0.437460   0.682701   0.779693   0.565595   0.926799   0.527825   0.688242   0.024108   0.466692   0.677508   0.796640   0.592544   0.926945   0.555894   0.695556   0.027545   0.474380   0.676151   0.809829   0.614128   0.926667   0.578496   0.700462   0.029991   0.457716   0.678862   0.817884   0.627591   0.925918   0.592650   0.704159   0.031092   0.421255   0.684851   0.820189   0.631494   0.924681   0.596763   0.707830   0.030445   0.374207   0.692380   0.817302   0.626621   0.923809   0.591631   0.715083   0.026929   0.331168   0.700880   0.805460   0.606952   0.923586   0.570978   0.727601   0.022764   0.308188   0.709066   0.786803   0.576644   0.923674   0.539284   0.732235   0.023987   0.303362   0.712875   0.774005   0.556383   0.924175   0.518199   0.727592   0.027451   0.303019   0.713325   0.767848   0.546924   0.924717   0.508411   0.723952   0.028256   0.302806   0.713632   0.762694   0.539113   0.924922   0.500348   0.720812   0.028226   0.302661   0.713816   0.758213   0.532401   0.924896   0.493435   0.717985   0.028053   0.302578   0.713912   0.754257   0.526530   0.924778   0.487397   0.715314   0.027895   0.302539   0.713964   0.750829   0.521477   0.924916   0.482209   0.712668   0.027795   0.302537   0.713951   0.747948   0.517268   0.925472   0.477892   0.710073   0.027672 780189
  9   0.120715   0.709748   0.725148   0.484697   0.929360   0.444637   0.710683   0.020540   0.301671   0.716525   0.730449   0.492049   0.928501   0.452103   0.715429   0.020057   0.302195   0.715774   0.730760   0.492465   0.929513   0.452522   0.716502   0.020338   0.302644   0.714995   0.731415   0.493373   0.931887   0.453444   0.718362   0.020740   0.303052   0.714413   0.731228   0.493094   0.933348   0.453157   0.718932   0.021299   0.303910   0.713836   0.730582   0.492168   0.933623   0.452211   0.718227   0.021754   0.312204   0.711195   0.732951   0.495527   0.933262   0.455636   0.717314   0.022175   0.333227   0.705749   0.739152   0.504408   0.932279   0.464708   0.720847   0.022582   0.360567   0.699822   0.747396   0.516407   0.931704   0.477000   0.729959   0.024554   0.386329   0.694996   0.756875   0.530458   0.932198   0.491445   0.739656   0.028002   0.404426   0.691899   0.765546   0.543549   0.932600   0.504948   0.747290   0.030988   0.409482   0.690954   0.772188   0.553735   0.932543   0.515486   0.752421   0.032709   0.399468   0.692307   0.776108   0.559804   0.931952   0.521776   0.754947   0.032870   0.377010   0.695706   0.776783   0.560846   0.930803   0.522855   0.755512   0.031325   0.347547   0.700352   0.774548   0.557371   0.929997   0.519251   0.756984   0.027152   0.320048   0.705724   0.767288   0.546201   0.929795   0.507689   0.762949   0.022004   0.306155   0.710241   0.756837   0.530321   0.929825   0.491289   0.762440   0.022116   0.303854   0.712006   0.750071   0.520199   0.930247   0.480866   0.755285   0.024948   0.303670   0.712181   0.746713   0.515262   0.930742   0.475799   0.751168   0.025375   0.303561   0.712287   0.743811   0.511031   0.930894   0.471462   0.747484   0.025068   0.303511   0.712330   0.741245   0.507314   0.930706   0.467658   0.743990   0.024974   0.303480   0.712334   0.738992   0.504072   0.930440   0.464343   0.740657   0.025071   0.303493   0.712274   0.737159   0.501446   0.930497   0.461661   0.737747   0.024850   0.303571   0.712132   0.735767   0.499460   0.930970   0.459635   0.735283   0.024550 689673
 10   0.140234   0.721800   0.498098   0.237894   0.440777   0.204070   0.283551   0.055214   0.284618   0.740457   0.517546   0.253702   0.439956   0.218686   0.283512   0.061618   0.283896   0.739183   0.517987   0.254087   0.440320   0.219046   0.277721   0.064603   0.283560   0.737708   0.518205   0.254315   0.441863   0.219265   0.273803   0.068560   0.283114   0.736567   0.517580   0.253798   0.442719   0.218786   0.270586   0.072595   0.295817   0.723578   0.526053   0.261174   0.442571   0.225685   0.271935   0.075792   0.355256   0.685320   0.548787   0.282061   0.441820   0.245407   0.277292   0.082434   0.464439   0.634999   0.574271   0.307032   0.440569   0.269251   0.281777   0.101126   0.583619   0.593818   0.597766   0.331392   0.440010   0.292747   0.285875   0.125198   0.682122   0.569615   0.618413   0.353772   0.440192   0.314506   0.290825   0.142712   0.743186   0.563931   0.633482   0.370799   0.440114   0.331183   0.297471   0.154731   0.752699   0.577144   0.641889   0.380653   0.439869   0.340897   0.305680   0.163823   0.706814   0.606720   0.642251   0.381252   0.439481   0.341518   0.314715   0.168806   0.616311   0.646727   0.634194   0.372067   0.438894   0.332507   0.323078   0.166688   0.502759   0.690053   0.619377   0.355312   0.438353   0.316092   0.328814   0.157029   0.393468   0.728953   0.600102   0.334101   0.438314   0.295413   0.330680   0.138444   0.311349   0.758450   0.576346   0.309209   0.438705   0.271357   0.327255   0.109737   0.276867   0.769396   0.556973   0.289813   0.439296   0.252763   0.318548   0.090586   0.274684   0.765656   0.547612   0.280893   0.439679   0.244287   0.309407   0.086571   0.274483   0.761415   0.541695   0.275372   0.439655   0.239061   0.301924   0.085942   0.274191   0.757953   0.536879   0.270962   0.439705   0.234899   0.294934   0.087181   0.274272   0.754941   0.532459   0.266971   0.439731   0.231143   0.288972   0.087503   0.274579   0.752416   0.528091   0.263074   0.439767   0.227483   0.283839   0.086854   0.274869   0.750151   0.524327   0.259761   0.440137   0.224378   0.279252   0.086578 190724
 11   0.130149   0.721422   0.577367   0.311304   0.609595   0.273537   0.362804   0.051174   0.285484   0.739180   0.608928   0.343005   0.605878   0.303946   0.364211   0.051739   0.285540   0.737079   0.611442   0.345716   0.606166   0.306579   0.354313   0.052209   0.285813   0.735232   0.612627   0.347022   0.607839   0.307852   0.348619   0.053452   0.286030   0.733870   0.611985   0.346347   0.608801   0.307199   0.344646   0.055000   0.296374   0.723795   0.620265   0.355298   0.608672   0.315894   0.345946   0.055390   0.349418   0.694415   0.644196   0.382618   0.607898   0.342701   0.352704   0.059469   0.452421   0.656189   0.671246   0.415538   0.606592   0.375375   0.360012   0.077970   0.568132   0.625770   0.695459   0.446971   0.606012   0.406942   0.366028   0.104520   0.663667   0.609051   0.716635   0.475682   0.606145   0.436008   0.371719   0.125958   0.720037   0.606346   0.731325   0.496334   0.605957   0.457055   0.379875   0.141164   0.726565   0.616098   0.738783   0.507113   0.605651   0.468097   0.390554   0.150750   0.680116   0.636490   0.738071   0.506227   0.605263   0.467215   0.402577   0.154302   0.592061   0.663987   0.728796   0.493188   0.604675   0.453926   0.414458   0.150286   0.484774   0.694126   0.712424   0.470565   0.604109   0.430940   0.424362   0.137569   0.384015   0.721791   0.692030   0.443111   0.604074   0.403177   0.430339   0.115643   0.312118   0.743664   0.667707   0.411739   0.604516   0.371700   0.429462   0.086716   0.283688   0.752471   0.648540   0.387926   0.605144   0.347971   0.421464   0.067446   0.282025   0.750676   0.639537   0.377255   0.605505   0.337428   0.411770   0.061794   0.281583   0.748369   0.633680   0.370470   0.605455   0.330755   0.403160   0.059651   0.281187   0.746276   0.629185   0.365359   0.605534   0.325743   0.394868   0.059736   0.281143   0.744335   0.625062   0.360758   0.605592   0.321248   0.387355   0.060233   0.281450   0.742519   0.621154   0.356442   0.605646   0.317038   0.380741   0.060197   0.281856   0.740831   0.617731   0.352682   0.606073   0.313375   0.374908   0.059882 112222
 12   0.126937   0.711322   0.642457   0.381099   0.751181   0.341286   0.466615   0.036455   0.297375   0.719494   0.666525   0.408876   0.749054   0.368588   0.470999   0.037818   0.297817   0.718680   0.670253   0.413496   0.749600   0.373187   0.464301   0.034101   0.298143   0.718048   0.672986   0.416880   0.751553   0.376554   0.460657   0.032164   0.298503   0.717379   0.674652   0.418922   0.752729   0.378581   0.457481   0.031392   0.302523   0.713565   0.680780   0.426533   0.752794   0.386160   0.456542   0.030069   0.329206   0.702556   0.697362   0.448015   0.752286   0.407716   0.461232   0.025358   0.388438   0.687411   0.716466   0.473664   0.751257   0.433619   0.473496   0.023508   0.463078   0.673502   0.733932   0.498137   0.750807   0.458528   0.487415   0.029719   0.535476   0.662679   0.752473   0.525113   0.751011   0.486178   0.497767   0.038866   0.587743   0.656637   0.768898   0.549935   0.750787   0.511800   0.506982   0.048002   0.597667   0.657587   0.780377   0.567850   0.750301   0.530404   0.516572   0.055930   0.561093   0.665430   0.784581   0.574616   0.749630   0.537471   0.527347   0.061518   0.494855   0.677451   0.780649   0.568525   0.748646   0.531154   0.538980   0.062946   0.417957   0.690953   0.769730   0.551547   0.747824   0.513535   0.551021   0.059047   0.349731   0.703579   0.752616   0.525551   0.747689   0.486674   0.563845   0.047686   0.310145   0.713884   0.730048   0.492589   0.748006   0.452863   0.569003   0.038369   0.299671   0.718599   0.714407   0.470433   0.748561   0.430268   0.563858   0.036011   0.299587   0.718765   0.709021   0.463098   0.749017   0.422841   0.557345   0.033668   0.299636   0.718668   0.705045   0.457758   0.749181   0.417448   0.551853   0.031695   0.299726   0.718457   0.701748   0.453375   0.749366   0.413031   0.546900   0.030686   0.299793   0.718222   0.698776   0.449458   0.749402   0.409089   0.542274   0.030074   0.299846   0.717989   0.696107   0.445960   0.749457   0.405572   0.537797   0.029511   0.299986   0.717648   0.694020   0.443244   0.749952   0.402845   0.533755   0.029127 188686
 13   0.122807   0.710308   0.696798   0.447490   0.841138   0.407223   0.561932   0.034522   0.300272   0.717292   0.719606   0.477455   0.839682   0.437365   0.560766   0.036889   0.301043   0.716139   0.724350   0.484046   0.840308   0.444061   0.552723   0.033669   0.301723   0.715198   0.727504   0.488445   0.842375   0.448533   0.549268   0.032182   0.302283   0.714375   0.729241   0.490882   0.843665   0.451014   0.546769   0.032125   0.304632   0.712401   0.732372   0.495306   0.843820   0.455522   0.545046   0.031390   0.321620   0.706135   0.743555   0.511518   0.843404   0.472124   0.548318   0.026419   0.360813   0.696302   0.758036   0.532886   0.842448   0.494076   0.562412   0.021060   0.411531   0.686549   0.770740   0.552199   0.842014   0.514028   0.581498   0.022241   0.462657   0.678367   0.784522   0.573743   0.842344   0.536403   0.596619   0.027954   0.501556   0.673092   0.797074   0.593869   0.842319   0.557403   0.608511   0.034523   0.513453   0.672326   0.806019   0.608525   0.841952   0.572757   0.619297   0.040504   0.491749   0.676551   0.809731   0.614693   0.841280   0.579235   0.629396   0.044518   0.445697   0.684246   0.807497   0.610989   0.840192   0.575346   0.639028   0.044500   0.389590   0.693383   0.800186   0.598925   0.839311   0.562690   0.649703   0.039954   0.337559   0.702802   0.786340   0.576560   0.839138   0.539323   0.663555   0.031737   0.308671   0.711039   0.767061   0.546324   0.839347   0.507907   0.670528   0.027777   0.302275   0.714752   0.754391   0.526935   0.839833   0.487854   0.666429   0.028641   0.302216   0.714883   0.750207   0.520721   0.840303   0.481463   0.660353   0.028275   0.302318   0.714780   0.747236   0.516361   0.840504   0.476989   0.654948   0.027791   0.302508   0.714560   0.744781   0.512785   0.840645   0.473324   0.650269   0.027798   0.302638   0.714393   0.742442   0.509401   0.840621   0.469861   0.645606   0.028324   0.302716   0.714263   0.740322   0.506356   0.840688   0.466749   0.641131   0.028707   0.302785   0.714112   0.738536   0.503810   0.841208   0.464149   0.637228   0.028901 282934
 14   0.123133   0.709778   0.703616   0.455751   0.888848   0.415404   0.649243   0.024626   0.302699   0.716711   0.713003   0.468103   0.887660   0.427831   0.654002   0.025671   0.303191   0.716185   0.713143   0.468296   0.888420   0.428027   0.651469   0.025500   0.303626   0.715551   0.713646   0.468992   0.890581   0.428733   0.650633   0.025454   0.303993   0.715075   0.713176   0.468356   0.891910   0.428091   0.649809   0.025777   0.304674   0.714657   0.711904   0.466624   0.892104   0.426337   0.648744   0.025935   0.312850   0.712122   0.713317   0.468603   0.891650   0.428350   0.647724   0.025722   0.335140   0.706424   0.718045   0.475155   0.890573   0.435004   0.650849   0.026012   0.365760   0.699862   0.724377   0.483983   0.890092   0.443979   0.659627   0.028691   0.395663   0.694320   0.732171   0.494999   0.890625   0.455205   0.669439   0.033092   0.418014   0.690503   0.740057   0.506345   0.890918   0.466806   0.677337   0.036903   0.425439   0.689186   0.746705   0.516085   0.890838   0.476798   0.682860   0.039032   0.413939   0.690959   0.750767   0.522130   0.890337   0.483017   0.685956   0.039007   0.386918   0.695436   0.751245   0.522888   0.889350   0.483805   0.686895   0.036495   0.352874   0.701391   0.748286   0.518543   0.888546   0.479344   0.687542   0.031088   0.322539   0.707605   0.741274   0.508257   0.888369   0.468789   0.690830   0.025156   0.306778   0.712291   0.731917   0.494667   0.888539   0.454869   0.690650   0.024127   0.303782   0.713936   0.725972   0.486149   0.889031   0.446166   0.685192   0.025751   0.303775   0.713915   0.723539   0.482738   0.889477   0.442695   0.680370   0.025934   0.303831   0.713830   0.721482   0.479883   0.889520   0.439795   0.676189   0.025860   0.303912   0.713722   0.719603   0.477294   0.889426   0.437169   0.672416   0.026106   0.303999   0.713618   0.717867   0.474914   0.889239   0.434757   0.668774   0.026487   0.304063   0.713507   0.716359   0.472852   0.889232   0.432668   0.665444   0.026650   0.304141   0.713332   0.715236   0.471327   0.889650   0.431126   0.662548   0.026713 320247
 15   0.146785   0.719020   0.438466   0.191040   0.332155   0.160994   0.236856   0.066781   0.283406   0.734823   0.440025   0.191658   0.331608   0.161473   0.229435   0.081354   0.282740   0.733580   0.440528   0.192027   0.332084   0.161808   0.226801   0.085905   0.282060   0.732242   0.440850   0.192291   0.333599   0.162052   0.224722   0.091885   0.281247   0.731062   0.440416   0.192015   0.334435   0.161808   0.222943   0.098881   0.294988   0.719039   0.449435   0.198549   0.334325   0.167730   0.225790   0.104425   0.356728   0.685795   0.471423   0.215300   0.333666   0.183044   0.231896   0.115172   0.467992   0.644009   0.494953   0.234494   0.332555   0.200797   0.235731   0.139924   0.589482   0.609144   0.516142   0.252716   0.332128   0.217805   0.239140   0.163821   0.690164   0.585712   0.534153   0.268830   0.332457   0.232951   0.243501   0.173155   0.752731   0.576580   0.547460   0.281150   0.332543   0.244600   0.248636   0.176060   0.762698   0.584599   0.554967   0.288328   0.332429   0.251425   0.254401   0.178069   0.716125   0.608842   0.555460   0.288908   0.332101   0.251994   0.260306   0.178281   0.625723   0.643507   0.548651   0.282507   0.331509   0.245927   0.265073   0.173699   0.512347   0.682670   0.536059   0.270754   0.330935   0.234797   0.267196   0.165547   0.399412   0.720633   0.518816   0.255110   0.330804   0.220057   0.266099   0.152806   0.310633   0.752527   0.494894   0.234465   0.331045   0.200773   0.261992   0.128370   0.272231   0.766548   0.474504   0.217640   0.331509   0.185181   0.254528   0.111307   0.269513   0.764382   0.464997   0.210224   0.331827   0.178374   0.246807   0.109792   0.269404   0.760485   0.459212   0.205816   0.331778   0.174345   0.241160   0.111611   0.269569   0.756738   0.454580   0.202339   0.331781   0.171174   0.236517   0.114694   0.270190   0.753261   0.450335   0.199197   0.331754   0.168317   0.232589   0.114994   0.270874   0.750252   0.446294   0.196246   0.331754   0.165639   0.229025   0.113754   0.271326   0.747552   0.442978   0.193860   0.332074   0.163479   0.225831   0.113846 230301
 16   0.154271   0.711236   0.421171   0.178262   0.281727   0.149376   0.237774   0.047264   0.297338   0.719019   0.413417   0.172461   0.281047   0.144092   0.231495   0.059946   0.298058   0.717802   0.414005   0.172813   0.281575   0.144400   0.232553   0.062975   0.298335   0.717033   0.414049   0.172833   0.283127   0.144417   0.233272   0.066039   0.298546   0.716380   0.413683   0.172582   0.284040   0.144192   0.233667   0.069215   0.303761   0.711503   0.416289   0.174347   0.284017   0.145773   0.234950   0.071635   0.332324   0.694611   0.424451   0.180041   0.283472   0.150900   0.238221   0.074415   0.390058   0.669602   0.434729   0.187422   0.282506   0.157576   0.243628   0.083364   0.455941   0.647901   0.445112   0.195062   0.282155   0.164517   0.250721   0.096031   0.510540   0.634561   0.454963   0.202454   0.282548   0.171255   0.258365   0.105525   0.540550   0.632224   0.462467   0.208193   0.282730   0.176504   0.265555   0.113152   0.537356   0.641247   0.466488   0.211330   0.282694   0.179382   0.271311   0.118670   0.505571   0.657680   0.466572   0.211415   0.282404   0.179464   0.274696   0.120208   0.457160   0.676853   0.462868   0.208532   0.281783   0.176820   0.275105   0.115852   0.400612   0.697018   0.456153   0.203336   0.281190   0.172059   0.272930   0.106976   0.346426   0.716376   0.447123   0.196485   0.281066   0.165801   0.268849   0.095773   0.309910   0.730186   0.437137   0.189094   0.281261   0.159080   0.263238   0.084677   0.296812   0.734758   0.430009   0.183942   0.281653   0.154414   0.257324   0.078641   0.295304   0.733851   0.426233   0.181290   0.281958   0.152023   0.252305   0.077254   0.294787   0.732521   0.423229   0.179201   0.281947   0.150144   0.248324   0.078895   0.294632   0.731159   0.420416   0.177264   0.281937   0.148404   0.245041   0.081238   0.294341   0.730036   0.417604   0.175349   0.281851   0.146687   0.241856   0.081245   0.293808   0.729231   0.414898   0.173525   0.281809   0.145054   0.238621   0.080627   0.293290   0.728496   0.412541   0.171946   0.282102   0.143643   0.235662   0.081308 309300
 17   0.141182   0.711160   0.535112   0.269516   0.493517   0.233563   0.347397   0.034015   0.298001   0.719225   0.545167   0.277991   0.492151   0.241437   0.346468   0.038186   0.298657   0.718471   0.545188   0.277984   0.492756   0.241425   0.345957   0.036690   0.298799   0.718014   0.544585   0.277423   0.494494   0.240895   0.345705   0.036938   0.298843   0.717665   0.543635   0.276548   0.495510   0.240068   0.345073   0.037538   0.303195   0.713486   0.546915   0.279565   0.495480   0.242916   0.346992   0.038013   0.330788   0.699846   0.557068   0.289239   0.494855   0.252105   0.353042   0.037474   0.388424   0.680681   0.567267   0.299265   0.493744   0.261680   0.363358   0.041394   0.453565   0.664738   0.575467   0.307543   0.493312   0.269623   0.377114   0.051811   0.502313   0.655925   0.583024   0.315292   0.493687   0.277080   0.390930   0.062677   0.522577   0.655149   0.588288   0.320761   0.493816   0.282355   0.402983   0.071054   0.512082   0.661703   0.590528   0.323115   0.493721   0.284630   0.412267   0.075996   0.476919   0.673199   0.589252   0.321765   0.493381   0.283325   0.418093   0.076432   0.429164   0.686613   0.584631   0.316899   0.492709   0.278620   0.420161   0.071464   0.379353   0.699986   0.577814   0.309817   0.492057   0.271789   0.418578   0.062060   0.336389   0.711963   0.570054   0.301909   0.491917   0.264190   0.414020   0.050914   0.309631   0.720485   0.562292   0.294175   0.492155   0.256786   0.406896   0.042741   0.300775   0.723504   0.557396   0.289389   0.492607   0.252220   0.398557   0.039851   0.299745   0.723300   0.555301   0.287401   0.492943   0.250334   0.391042   0.039437   0.299022   0.723014   0.553350   0.285581   0.492931   0.248611   0.384517   0.039827   0.298459   0.722707   0.551462   0.283827   0.492949   0.246952   0.378770   0.040773   0.298063   0.722392   0.549498   0.282001   0.492899   0.245225   0.373564   0.041393   0.297721   0.722130   0.547507   0.280158   0.492889   0.243485   0.368630   0.041680   0.297355   0.721895   0.545743   0.278543   0.493247   0.241961   0.363977   0.042196 316225
 18   0.131758   0.709504   0.625615   0.361236   0.682408   0.321687   0.479881   0.030989   0.301062   0.716058   0.641805   0.378768   0.680713   0.338720   0.484357   0.034335   0.301689   0.715347   0.643089   0.380215   0.681381   0.340135   0.481803   0.031675   0.302184   0.714599   0.644306   0.381601   0.683358   0.341494   0.481432   0.030366   0.302487   0.714083   0.644476   0.381781   0.684528   0.341667   0.480737   0.029842   0.304537   0.712247   0.645852   0.383370   0.684548   0.343229   0.480437   0.029475   0.321817   0.705129   0.653075   0.392009   0.683946   0.351769   0.483174   0.027538   0.362810   0.693708   0.662421   0.403349   0.682814   0.363010   0.492674   0.027682   0.414540   0.683140   0.670680   0.413585   0.682375   0.373197   0.506844   0.033735   0.460256   0.675794   0.679207   0.424383   0.682769   0.383984   0.520432   0.042139   0.487442   0.672695   0.686191   0.433399   0.682855   0.393024   0.532173   0.049498   0.487259   0.674572   0.690265   0.438735   0.682682   0.398389   0.541719   0.054405   0.460716   0.680855   0.690355   0.438877   0.682251   0.398536   0.548730   0.055838   0.418694   0.689605   0.686407   0.433734   0.681455   0.393372   0.552669   0.052767   0.372396   0.699108   0.679633   0.424982   0.680704   0.384596   0.553453   0.045806   0.332131   0.708032   0.671145   0.414178   0.680540   0.373791   0.552441   0.037220   0.308971   0.714475   0.661806   0.402490   0.680796   0.362140   0.548796   0.032437   0.302835   0.716757   0.656059   0.395400   0.681285   0.355091   0.542137   0.031923   0.302677   0.716558   0.654294   0.393281   0.681666   0.352994   0.535515   0.031576   0.302631   0.716263   0.652839   0.391547   0.681700   0.351281   0.529984   0.031193   0.302602   0.715969   0.651481   0.389942   0.681757   0.349698   0.525154   0.031030   0.302610   0.715674   0.650152   0.388376   0.681716   0.348153   0.520697   0.031092   0.302584   0.715410   0.648917   0.386926   0.681712   0.346724   0.516374   0.031106   0.302529   0.715146   0.647956   0.385810   0.682115   0.345627   0.512348   0.031225 376404
 19   0.127061   0.709176   0.667081   0.409708   0.766331   0.369438   0.562107   0.029241   0.302238   0.715427   0.684209   0.430344   0.764935   0.389873   0.568964   0.031596   0.302826   0.714737   0.685629   0.432172   0.765652   0.391704   0.565992   0.029232   0.303347   0.714021   0.686820   0.433706   0.767723   0.393241   0.565539   0.028159   0.303676   0.713532   0.686843   0.433734   0.768963   0.393269   0.564743   0.027851   0.304956   0.712519   0.687019   0.433957   0.769019   0.393491   0.563685   0.027310   0.317768   0.707829   0.691900   0.440398   0.768430   0.399974   0.564476   0.024923   0.350154   0.699281   0.699688   0.450716   0.767275   0.410367   0.572551   0.023405   0.392941   0.690705   0.707201   0.460779   0.766805   0.420523   0.586578   0.026961   0.433088   0.684189   0.715368   0.471911   0.767212   0.431794   0.599903   0.033457   0.459665   0.680622   0.722714   0.482090   0.767305   0.442132   0.610962   0.039482   0.464636   0.680700   0.727924   0.489407   0.767113   0.449582   0.619692   0.043855   0.445727   0.684564   0.729655   0.491867   0.766629   0.452092   0.625897   0.045444   0.409312   0.691225   0.727354   0.488624   0.765753   0.448787   0.629267   0.043069   0.366589   0.699144   0.721883   0.480935   0.764956   0.440960   0.630295   0.037050   0.328933   0.706888   0.713811   0.469702   0.764803   0.429543   0.631557   0.029450   0.308262   0.712553   0.704172   0.456466   0.765076   0.416123   0.630474   0.025765   0.303505   0.714540   0.698275   0.448468   0.765591   0.408033   0.624926   0.025715   0.303453   0.714396   0.696522   0.446148   0.766004   0.405697   0.618696   0.025267   0.303490   0.714171   0.695063   0.444235   0.766065   0.403774   0.613337   0.024981   0.303605   0.713911   0.693712   0.442477   0.766129   0.402009   0.608695   0.025088   0.303708   0.713702   0.692295   0.440641   0.766070   0.400168   0.604129   0.025539   0.303764   0.713533   0.690981   0.438947   0.766063   0.398471   0.599676   0.025858   0.303809   0.713328   0.690014   0.437707   0.766484   0.397229   0.595736   0.026002 337608
 20   0.147322   0.716327   0.415963   0.176100   0.257729   0.147646   0.211853   0.170314   0.272096   0.728338   0.395716   0.162331   0.258851   0.135290   0.200026   0.279319   0.271256   0.725434   0.397151   0.163318   0.259257   0.136178   0.199419   0.302606   0.270214   0.723172   0.398122   0.164012   0.260686   0.136806   0.199388   0.321000   0.269179   0.721550   0.398126   0.164060   0.261455   0.136857   0.199358   0.338250   0.287515   0.714492   0.400763   0.165834   0.261329   0.138445   0.199530   0.350424   0.360443   0.690492   0.411608   0.173252   0.260676   0.145110   0.201688   0.350587   0.481048   0.654549   0.428274   0.185061   0.259652   0.155786   0.204929   0.352707   0.604370   0.622154   0.445711   0.197931   0.259413   0.167504   0.208065   0.360622   0.702877   0.599090   0.461588   0.210087   0.259933   0.178642   0.211485   0.357570   0.763773   0.588228   0.473746   0.219701   0.260216   0.187500   0.214820   0.350318   0.776565   0.592406   0.480840   0.225449   0.260280   0.192818   0.217763   0.345172   0.738856   0.611164   0.482100   0.226489   0.260062   0.193783   0.220012   0.340982   0.658025   0.640898   0.477199   0.222503   0.259531   0.190094   0.221152   0.334122   0.545759   0.678878   0.466410   0.213891   0.258934   0.182146   0.220529   0.329170   0.422264   0.720002   0.450120   0.201287   0.258654   0.170576   0.217997   0.332363   0.314530   0.755845   0.429737   0.186080   0.258681   0.156705   0.213472   0.339925   0.262933   0.770141   0.414902   0.175387   0.258963   0.147009   0.208175   0.348849   0.258199   0.765215   0.408927   0.171309   0.259164   0.143347   0.203948   0.355565   0.257923   0.758836   0.405067   0.168743   0.259043   0.141052   0.200813   0.362587   0.258054   0.753248   0.401718   0.166537   0.259010   0.139083   0.198385   0.368983   0.258518   0.748463   0.398727   0.164579   0.258982   0.137337   0.196123   0.368117   0.258560   0.744537   0.396117   0.162883   0.258986   0.135826   0.193811   0.364327   0.258508   0.741047   0.394088   0.161580   0.259286   0.134667   0.191970   0.363502 115645
 21   0.157086   0.716639   0.370503   0.145590   0.203405   0.120333   0.192776   0.078110   0.288722   0.729325   0.349393   0.132358   0.202676   0.108626   0.183047   0.106972   0.289445   0.727181   0.350231   0.132819   0.203191   0.109024   0.183839   0.113710   0.289569   0.725766   0.350367   0.132892   0.204662   0.109088   0.184389   0.120519   0.289698   0.724618   0.349931   0.132637   0.205508   0.108865   0.184661   0.127424   0.300323   0.715609   0.353903   0.134932   0.205480   0.110867   0.186248   0.133128   0.347089   0.688003   0.365254   0.141754   0.204943   0.116858   0.189162   0.143430   0.433420   0.649366   0.379546   0.150712   0.204011   0.124780   0.192375   0.161341   0.530543   0.614754   0.393991   0.160074   0.203724   0.133107   0.196503   0.175510   0.614431   0.590546   0.407387   0.169038   0.204163   0.141124   0.201031   0.180193   0.666655   0.582142   0.417901   0.176278   0.204380   0.147630   0.205568   0.182517   0.671769   0.592498   0.423992   0.180566   0.204380   0.151498   0.209952   0.184762   0.628413   0.618957   0.424698   0.181079   0.204122   0.151963   0.213475   0.184984   0.552377   0.653835   0.420032   0.177783   0.203541   0.148989   0.215130   0.179715   0.461684   0.691312   0.411103   0.171558   0.202959   0.143383   0.214517   0.171220   0.373845   0.726937   0.398473   0.162990   0.202790   0.135703   0.212072   0.162818   0.310623   0.752442   0.383719   0.153316   0.202923   0.127081   0.208088   0.150988   0.285739   0.760449   0.372595   0.146257   0.203259   0.120825   0.203369   0.141746   0.283442   0.757326   0.366548   0.142555   0.203506   0.117564   0.198969   0.139326   0.283156   0.753566   0.361981   0.139810   0.203443   0.115153   0.195288   0.141540   0.283447   0.749995   0.357882   0.137374   0.203416   0.113018   0.192341   0.144333   0.283292   0.747155   0.353940   0.135063   0.203331   0.110997   0.189510   0.142849   0.282871   0.744872   0.350443   0.133040   0.203274   0.109231   0.186590   0.140366   0.282542   0.742679   0.347722   0.131478   0.203537   0.107870   0.184181   0.140363 260100
 22   0.147827   0.711451   0.479199   0.221597   0.387161   0.188858   0.290798   0.038517   0.297934   0.719745   0.482855   0.223911   0.386295   0.190895   0.287839   0.045564   0.298459   0.718881   0.482948   0.223941   0.386838   0.190915   0.287787   0.046272   0.298587   0.718246   0.483021   0.223988   0.388473   0.190956   0.287396   0.047692   0.298624   0.717717   0.482651   0.223690   0.389433   0.190682   0.286718   0.049690   0.303454   0.713098   0.485924   0.226305   0.389394   0.193090   0.288255   0.051142   0.331915   0.697564   0.495633   0.234341   0.388797   0.200538   0.292995   0.052245   0.391014   0.674745   0.506774   0.243875   0.387747   0.209426   0.300440   0.058528   0.458533   0.654913   0.517479   0.253283   0.387338   0.218237   0.310163   0.070460   0.511409   0.643365   0.527247   0.262028   0.387694   0.226454   0.320651   0.081793   0.535018   0.642230   0.534030   0.268226   0.387825   0.232299   0.330354   0.090754   0.525720   0.650639   0.537425   0.271402   0.387743   0.235308   0.337766   0.096640   0.491542   0.664970   0.536961   0.271004   0.387419   0.234938   0.342238   0.098464   0.443538   0.681634   0.532608   0.266975   0.386779   0.231130   0.343430   0.094629   0.390550   0.698601   0.525365   0.260316   0.386166   0.224843   0.341505   0.085365   0.341816   0.714170   0.516400   0.252236   0.386051   0.217241   0.337112   0.072703   0.309853   0.725270   0.506834   0.243838   0.386296   0.209377   0.330633   0.061579   0.298722   0.729160   0.500128   0.238079   0.386741   0.204005   0.323254   0.056623   0.297418   0.728755   0.496707   0.235214   0.387074   0.201344   0.316805   0.055567   0.296586   0.728187   0.493881   0.232882   0.387066   0.199184   0.311314   0.056359   0.295901   0.727673   0.491204   0.230707   0.387073   0.197174   0.306326   0.058012   0.295476   0.727069   0.488634   0.228629   0.387010   0.195256   0.301922   0.058659   0.295142   0.726460   0.486241   0.226702   0.386985   0.193478   0.297935   0.058581   0.294717   0.725943   0.484129   0.225018   0.387308   0.191928   0.294200   0.059038 366188
 23   0.136180   0.709998   0.585768   0.318734   0.594387   0.280492   0.413131   0.033112   0.299761   0.717046   0.599239   0.331634   0.593266   0.292750   0.414764   0.036795   0.300335   0.716389   0.599962   0.332364   0.593913   0.293450   0.413045   0.034014   0.300699   0.715778   0.600089   0.332482   0.595782   0.293562   0.413141   0.033545   0.300891   0.715374   0.599374   0.331721   0.596883   0.292825   0.413052   0.033530   0.303873   0.712574   0.601404   0.333830   0.596883   0.294858   0.414218   0.033609   0.325892   0.702696   0.609827   0.342903   0.596270   0.303664   0.419148   0.032446   0.375044   0.688072   0.619305   0.353354   0.595143   0.313848   0.429725   0.034265   0.433734   0.675353   0.627120   0.362191   0.594703   0.322498   0.444241   0.042263   0.481199   0.667570   0.634709   0.370921   0.595087   0.331071   0.458579   0.051690   0.504063   0.665829   0.640308   0.377450   0.595201   0.337498   0.471083   0.059338   0.497880   0.669936   0.642892   0.380497   0.595077   0.340504   0.480912   0.064010   0.466971   0.678370   0.641797   0.379205   0.594697   0.339230   0.487611   0.064681   0.422051   0.688963   0.637174   0.373768   0.593966   0.333870   0.490638   0.060407   0.374328   0.699962   0.630293   0.365776   0.593274   0.326008   0.489919   0.052292   0.333363   0.710023   0.622425   0.356790   0.593128   0.317196   0.486407   0.043116   0.309154   0.717051   0.614523   0.347924   0.593367   0.308529   0.480573   0.037413   0.302125   0.719363   0.609866   0.342779   0.593830   0.303513   0.473305   0.035981   0.301687   0.719056   0.608347   0.341150   0.594187   0.301935   0.466465   0.035454   0.301364   0.718716   0.606985   0.339701   0.594196   0.300532   0.460568   0.035284   0.301118   0.718391   0.605679   0.338323   0.594227   0.299199   0.455288   0.035635   0.300947   0.718109   0.604257   0.336820   0.594177   0.297745   0.450286   0.035954   0.300786   0.717837   0.602895   0.335387   0.594172   0.296361   0.445524   0.036203   0.300633   0.717548   0.601820   0.334275   0.594557   0.295289   0.441120   0.036623 330405
 24   0.125298   0.712996   0.670987   0.414555   0.939617   0.374272   0.529283   0.020851   0.298683   0.722759   0.678193   0.423385   0.938120   0.383043   0.534567   0.021347   0.299171   0.721748   0.678640   0.423857   0.939076   0.383498   0.535107   0.022520   0.299308   0.721136   0.678488   0.423589   0.941202   0.383215   0.534990   0.024452   0.299240   0.720904   0.677088   0.421745   0.942613   0.381359   0.532226   0.026732   0.301054   0.719946   0.676660   0.420998   0.943188   0.380576   0.525615   0.028903   0.318470   0.715331   0.681424   0.426787   0.942947   0.386315   0.517206   0.029639   0.361468   0.706049   0.692529   0.441087   0.941940   0.400642   0.513643   0.030613   0.417549   0.695534   0.708675   0.462854   0.941342   0.422637   0.516383   0.035414   0.466462   0.687377   0.727530   0.489362   0.941806   0.449630   0.519450   0.041954   0.513044   0.680536   0.746246   0.516720   0.942216   0.477693   0.519781   0.047557   0.554290   0.675136   0.764329   0.544188   0.942029   0.506074   0.516658   0.051984   0.554821   0.675365   0.778599   0.566508   0.941148   0.529267   0.510613   0.054277   0.509785   0.681494   0.785212   0.577019   0.939757   0.540224   0.506509   0.053432   0.440105   0.690759   0.783880   0.574833   0.938877   0.537934   0.507896   0.047859   0.364334   0.701599   0.772155   0.556322   0.938657   0.518669   0.516149   0.038102   0.310485   0.716013   0.742987   0.512456   0.938740   0.473420   0.519040   0.034736   0.293216   0.724889   0.717493   0.475454   0.939309   0.435502   0.512801   0.038061   0.293499   0.724819   0.708551   0.463310   0.939940   0.423209   0.508162   0.038343   0.294437   0.724107   0.702452   0.455053   0.940196   0.414857   0.505649   0.036661   0.295545   0.723034   0.698082   0.449088   0.940066   0.408816   0.503705   0.035111   0.296631   0.721888   0.695218   0.445143   0.939900   0.404814   0.501702   0.033462   0.297298   0.721091   0.692960   0.442059   0.940092   0.401691   0.499595   0.031864   0.297660   0.720517   0.690846   0.439222   0.940713   0.398828   0.498157   0.030860 65894
