timestamp=                2021-11-18T11:59:14.756891
shape=                    (5, 5)
sigma=                    2.5
nepochs=                  2
thresh=                   None
rate=                     0.00725
neighborhood function=    gaussian
init weights=             pca
topology=                 hexagonal
activation distance=      euclidean
output type=              labels
mapfile_prefix=           full2019_5x5_2_00725_3_10
apply classification=     False
seed=                     None
random order=             True
custom init file=         None
order labels by size=     False
decay_function=           3

Quantization Error=       0.35524076
Topographic Error=        0.14655500

############ NEURONS #############
 25 192
  0   0.115920   0.714021   0.743000   0.510555   0.932902   0.471107   0.661801   0.023517   0.296268   0.724669   0.744996   0.513412   0.932030   0.474026   0.668558   0.026836   0.296735   0.723441   0.744866   0.513258   0.933353   0.473874   0.669043   0.027932   0.296903   0.722574   0.744433   0.512669   0.935905   0.473278   0.669725   0.028728   0.297155   0.721825   0.743204   0.510904   0.937289   0.471474   0.669752   0.029156   0.308117   0.716743   0.750006   0.520742   0.937502   0.481543   0.673293   0.026729   0.354637   0.703653   0.770216   0.551178   0.937050   0.512932   0.684379   0.022132   0.445210   0.685403   0.798610   0.596461   0.935914   0.560134   0.703648   0.020761   0.557027   0.667318   0.831819   0.652750   0.935099   0.619486   0.722231   0.024198   0.657615   0.653669   0.864634   0.711805   0.935070   0.682460   0.731277   0.028136   0.710517   0.647639   0.890875   0.761654   0.934855   0.736163   0.732538   0.030469   0.697631   0.650486   0.908243   0.796100   0.934223   0.773575   0.729747   0.032712   0.634494   0.659423   0.916778   0.813514   0.933106   0.792590   0.727763   0.034416   0.545971   0.671080   0.917415   0.814898   0.931560   0.794121   0.729491   0.034557   0.451490   0.683870   0.910171   0.800235   0.930661   0.778132   0.736860   0.033715   0.366104   0.696920   0.891086   0.762494   0.930466   0.737162   0.752027   0.032188   0.314251   0.710274   0.859500   0.702399   0.930520   0.672401   0.759890   0.033987   0.300476   0.717670   0.834918   0.657296   0.931089   0.624130   0.756705   0.037508   0.299839   0.718406   0.823698   0.637819   0.931785   0.603505   0.754834   0.038134   0.299438   0.718841   0.814427   0.622077   0.932139   0.586906   0.753866   0.037619   0.299239   0.719058   0.806462   0.608801   0.932055   0.572955   0.753360   0.036290   0.299238   0.719048   0.799920   0.598055   0.931872   0.561693   0.752820   0.034600   0.299338   0.718854   0.794644   0.589505   0.932105   0.552755   0.751879   0.033356   0.299409   0.718664   0.789975   0.582038   0.932797   0.544968   0.750764   0.032488 244539
  1   0.116743   0.711536   0.748998   0.518949   0.940602   0.479646   0.733578   0.019259   0.299265   0.719826   0.753751   0.525907   0.939787   0.486783   0.741807   0.020279   0.299857   0.718687   0.754180   0.526527   0.940898   0.487416   0.743828   0.021100   0.300209   0.717783   0.754522   0.527025   0.943261   0.487926   0.746235   0.021904   0.300438   0.717128   0.753875   0.526057   0.944628   0.486929   0.747346   0.022593   0.305988   0.714482   0.756582   0.530045   0.944855   0.491024   0.748048   0.021974   0.335785   0.705848   0.768086   0.547467   0.944446   0.509007   0.752734   0.019869   0.399915   0.691832   0.787217   0.577457   0.943381   0.540161   0.766023   0.019377   0.485797   0.677007   0.811248   0.616868   0.942490   0.581451   0.781783   0.022981   0.573431   0.664535   0.837251   0.661575   0.942497   0.628707   0.793027   0.028035   0.633060   0.657273   0.860153   0.702762   0.942382   0.672613   0.799202   0.031671   0.637689   0.657749   0.876637   0.733535   0.941811   0.705649   0.800654   0.034222   0.588022   0.665308   0.885137   0.749795   0.940808   0.723185   0.800476   0.036401   0.508193   0.676653   0.885409   0.750365   0.939373   0.723811   0.802297   0.037658   0.421775   0.688948   0.878140   0.736495   0.938514   0.708858   0.809334   0.036676   0.349291   0.700537   0.861103   0.704665   0.938366   0.674683   0.822603   0.032840   0.311450   0.710081   0.837627   0.662110   0.938487   0.629250   0.827681   0.032394   0.303045   0.714518   0.821283   0.633384   0.939076   0.598763   0.823161   0.034724   0.302661   0.715000   0.813360   0.619935   0.939843   0.584583   0.820932   0.034403   0.302417   0.715279   0.806834   0.609029   0.940298   0.573118   0.819430   0.033361   0.302228   0.715458   0.801097   0.599572   0.940303   0.563202   0.818062   0.032003   0.302084   0.715549   0.796103   0.591428   0.940245   0.554680   0.816685   0.030584   0.301999   0.715536   0.791886   0.584616   0.940555   0.547565   0.814966   0.029505   0.301967   0.715441   0.788249   0.578802   0.941242   0.541503   0.813032   0.028770 556207
  2   0.116805   0.710688   0.755893   0.528994   0.941972   0.489938   0.761914   0.018329   0.300610   0.718267   0.760833   0.536321   0.941292   0.497472   0.769935   0.019252   0.301110   0.717284   0.761048   0.536618   0.942338   0.497772   0.771872   0.020382   0.301543   0.716367   0.761502   0.537282   0.944660   0.498454   0.774531   0.021121   0.301864   0.715688   0.761080   0.536633   0.946048   0.497782   0.775723   0.021849   0.305118   0.713939   0.762406   0.538608   0.946322   0.499814   0.775497   0.021734   0.324747   0.707751   0.770476   0.550929   0.945954   0.512550   0.777066   0.020034   0.367236   0.697286   0.784520   0.572882   0.944973   0.535341   0.786519   0.018762   0.420667   0.686664   0.801799   0.600819   0.944152   0.564529   0.799898   0.020817   0.471712   0.678178   0.820808   0.632633   0.944308   0.597982   0.810296   0.024766   0.507326   0.672939   0.837961   0.662316   0.944391   0.629392   0.817422   0.027818   0.515278   0.672142   0.850959   0.685468   0.943962   0.654023   0.821294   0.029809   0.493278   0.675850   0.858628   0.699410   0.943071   0.668914   0.822952   0.031409   0.448049   0.683004   0.860395   0.702667   0.941702   0.672402   0.824294   0.032470   0.390284   0.691769   0.856598   0.695742   0.940828   0.665001   0.829805   0.030797   0.337331   0.700881   0.844015   0.673145   0.940588   0.640922   0.842342   0.026160   0.309473   0.709071   0.824736   0.639303   0.940612   0.605016   0.846850   0.026153   0.303863   0.712919   0.811202   0.616130   0.941128   0.580544   0.841137   0.029469   0.303486   0.713363   0.804642   0.605227   0.941828   0.569095   0.837505   0.029958   0.303236   0.713615   0.799166   0.596242   0.942225   0.559682   0.834920   0.029585   0.303082   0.713748   0.794362   0.588446   0.942168   0.551533   0.832452   0.028869   0.302996   0.713803   0.790208   0.581772   0.942078   0.544568   0.830103   0.027928   0.302958   0.713780   0.786730   0.576227   0.942370   0.538791   0.827888   0.027177   0.302962   0.713684   0.783764   0.571531   0.943008   0.533904   0.825774   0.026681 743896
  3   0.117550   0.710127   0.752446   0.523756   0.939683   0.484529   0.766304   0.017686   0.301118   0.717203   0.757270   0.530857   0.939067   0.491820   0.773128   0.018471   0.301604   0.716330   0.757470   0.531138   0.940121   0.492106   0.775063   0.019565   0.302025   0.715495   0.757894   0.531759   0.942440   0.492742   0.777540   0.020459   0.302346   0.714857   0.757547   0.531231   0.943848   0.492197   0.778549   0.021165   0.304071   0.713725   0.757849   0.531669   0.944122   0.492645   0.778356   0.021329   0.317025   0.709342   0.763366   0.539989   0.943794   0.501226   0.778839   0.020154   0.346482   0.701561   0.773864   0.556072   0.942875   0.517859   0.785608   0.018676   0.382827   0.693777   0.786554   0.576015   0.942086   0.538583   0.797172   0.019845   0.415945   0.687690   0.800651   0.598762   0.942334   0.562339   0.806868   0.022612   0.438330   0.683927   0.813399   0.619867   0.942609   0.584485   0.813552   0.024814   0.443128   0.683122   0.823018   0.636146   0.942402   0.601637   0.817655   0.026437   0.428163   0.685423   0.828634   0.645789   0.941680   0.611827   0.819589   0.027460   0.398048   0.690197   0.829814   0.647838   0.940421   0.613995   0.820422   0.027636   0.360103   0.696088   0.827173   0.643292   0.939606   0.609190   0.824933   0.025037   0.325121   0.702836   0.817268   0.626470   0.939373   0.591454   0.836647   0.020896   0.307266   0.709091   0.802269   0.601406   0.939345   0.565106   0.838828   0.022010   0.304109   0.711853   0.792166   0.584862   0.939775   0.547781   0.830955   0.025681   0.303765   0.712219   0.786966   0.576544   0.940392   0.539110   0.826713   0.026546   0.303546   0.712424   0.782617   0.569661   0.940718   0.531948   0.823364   0.026293   0.303394   0.712548   0.778716   0.563544   0.940588   0.525594   0.820234   0.025801   0.303300   0.712593   0.775304   0.558234   0.940432   0.520087   0.817299   0.025324   0.303299   0.712531   0.772548   0.553975   0.940677   0.515674   0.814711   0.024722   0.303322   0.712425   0.770247   0.550437   0.941275   0.512012   0.812246   0.024248 1019315
  4   0.119286   0.709796   0.737587   0.502219   0.936566   0.462481   0.738350   0.018617   0.301362   0.716583   0.742585   0.509344   0.935854   0.469753   0.743852   0.018773   0.301860   0.715783   0.742902   0.509780   0.936913   0.470195   0.745410   0.019737   0.302292   0.715005   0.743435   0.510535   0.939302   0.470964   0.747700   0.020637   0.302635   0.714412   0.743178   0.510147   0.940745   0.470565   0.748666   0.021340   0.303951   0.713521   0.743154   0.510090   0.941011   0.470502   0.748327   0.021683   0.314790   0.709888   0.747378   0.516238   0.940660   0.476800   0.748256   0.021462   0.340286   0.703158   0.755959   0.528904   0.939677   0.489811   0.753523   0.020975   0.372315   0.696240   0.766698   0.545119   0.938969   0.506536   0.763741   0.022475   0.401796   0.690756   0.778901   0.563984   0.939340   0.526080   0.773277   0.025661   0.422264   0.687293   0.790011   0.581560   0.939689   0.544368   0.780441   0.028345   0.427406   0.686352   0.798541   0.595328   0.939559   0.558746   0.785142   0.029834   0.414467   0.688197   0.803663   0.603703   0.938888   0.567514   0.787450   0.030114   0.387442   0.692391   0.804782   0.605555   0.937683   0.569457   0.788144   0.029298   0.353182   0.697808   0.802325   0.601535   0.936919   0.565248   0.791368   0.025958   0.322028   0.704042   0.793327   0.586963   0.936767   0.550021   0.800675   0.021651   0.306571   0.709484   0.780257   0.566099   0.936813   0.528275   0.801144   0.022697   0.303965   0.711732   0.771724   0.552732   0.937263   0.514392   0.793074   0.026090   0.303675   0.712031   0.767263   0.545883   0.937816   0.507307   0.788951   0.026693   0.303494   0.712213   0.763496   0.540155   0.938045   0.501390   0.785529   0.026218   0.303379   0.712316   0.760162   0.535124   0.937858   0.496202   0.782176   0.025687   0.303303   0.712355   0.757228   0.530730   0.937599   0.491676   0.778827   0.025444   0.303275   0.712327   0.754809   0.527128   0.937722   0.487971   0.775827   0.025141   0.303292   0.712238   0.752855   0.524235   0.938234   0.484998   0.773183   0.024763 1080364
  5   0.120921   0.713781   0.701496   0.453277   0.936601   0.412975   0.586374   0.026706   0.297809   0.724331   0.708485   0.462481   0.935290   0.422237   0.588755   0.027745   0.298216   0.723209   0.708372   0.462331   0.936209   0.422085   0.585003   0.027222   0.298512   0.722192   0.708627   0.462688   0.938320   0.422449   0.583049   0.026879   0.298797   0.721299   0.708292   0.462264   0.939501   0.422025   0.581491   0.026595   0.302815   0.718564   0.710885   0.465739   0.939485   0.425534   0.581268   0.025182   0.330572   0.709692   0.722046   0.481146   0.938735   0.441173   0.585220   0.022548   0.394497   0.694452   0.741341   0.508739   0.937411   0.469362   0.596355   0.022222   0.482417   0.677412   0.766821   0.546896   0.936759   0.508680   0.610187   0.026991   0.576093   0.662146   0.796328   0.593455   0.936929   0.557125   0.618993   0.033350   0.648360   0.651777   0.824264   0.639895   0.936680   0.605918   0.622578   0.038585   0.671483   0.649560   0.846575   0.678811   0.936011   0.647175   0.623137   0.042754   0.637185   0.655697   0.861240   0.705363   0.934993   0.675522   0.622855   0.045423   0.558002   0.667945   0.866959   0.715987   0.933666   0.686919   0.624200   0.045852   0.458253   0.683331   0.863559   0.709734   0.932746   0.680225   0.629356   0.043792   0.367949   0.698371   0.848927   0.683142   0.932564   0.651817   0.641325   0.038952   0.314580   0.711833   0.821372   0.634901   0.932843   0.600640   0.649011   0.036495   0.299878   0.718580   0.798621   0.596304   0.933589   0.559935   0.646243   0.037710   0.299768   0.719093   0.787497   0.578303   0.934302   0.541120   0.642343   0.038010   0.299867   0.719428   0.777600   0.562657   0.934597   0.524838   0.639361   0.037321   0.300021   0.719597   0.769037   0.549391   0.934783   0.511086   0.636731   0.036216   0.300145   0.719654   0.761873   0.538488   0.934908   0.499819   0.634283   0.034776   0.300243   0.719558   0.756065   0.529801   0.935194   0.490872   0.632214   0.033220   0.300360   0.719314   0.751374   0.522885   0.935882   0.483768   0.630817   0.032046 208436
  6   0.119480   0.711810   0.722768   0.481703   0.931153   0.441655   0.665553   0.021808   0.298806   0.720441   0.728425   0.489549   0.930095   0.449622   0.670329   0.023177   0.299293   0.719425   0.728980   0.490319   0.931015   0.450404   0.670002   0.023597   0.299615   0.718575   0.729571   0.491157   0.933239   0.451258   0.670519   0.024021   0.299884   0.717894   0.729351   0.490859   0.934494   0.450957   0.670287   0.024455   0.304283   0.715401   0.732249   0.494902   0.934612   0.455067   0.670246   0.023530   0.329954   0.707403   0.743843   0.511553   0.934131   0.472087   0.673009   0.020542   0.386463   0.694246   0.762760   0.539683   0.933035   0.501027   0.684154   0.018675   0.462614   0.680099   0.786592   0.576783   0.932297   0.539520   0.700199   0.021600   0.541094   0.667977   0.813039   0.619991   0.932422   0.584759   0.712078   0.026710   0.597979   0.660301   0.836775   0.660651   0.932332   0.627708   0.718622   0.030752   0.607502   0.659789   0.854223   0.691744   0.931844   0.660795   0.721675   0.033791   0.567555   0.666078   0.863833   0.709344   0.930952   0.679621   0.723820   0.036409   0.499134   0.675917   0.865757   0.712951   0.929620   0.683496   0.727390   0.037592   0.420221   0.687266   0.860353   0.703019   0.928758   0.672866   0.734883   0.036343   0.349949   0.698779   0.844553   0.674526   0.928568   0.642477   0.747798   0.032565   0.311357   0.709216   0.820055   0.631725   0.928678   0.597099   0.752413   0.032625   0.302181   0.714506   0.802061   0.601257   0.929243   0.564988   0.747341   0.035463   0.301677   0.715179   0.793613   0.587522   0.929890   0.550623   0.744318   0.035162   0.301475   0.715526   0.786850   0.576709   0.930200   0.539349   0.742265   0.034038   0.301351   0.715711   0.781086   0.567626   0.930208   0.529904   0.740589   0.032688   0.301234   0.715836   0.776009   0.559721   0.930141   0.521702   0.738860   0.031346   0.301163   0.715886   0.771648   0.553003   0.930360   0.514746   0.736838   0.030276   0.301119   0.715888   0.767856   0.547221   0.930992   0.508771   0.734815   0.029433 531573
  7   0.119169   0.710740   0.734616   0.498019   0.933057   0.458201   0.714779   0.019224   0.300365   0.718377   0.740320   0.506105   0.932189   0.466446   0.720714   0.019808   0.300823   0.717425   0.740872   0.506885   0.933164   0.467241   0.721884   0.020660   0.301224   0.716517   0.741648   0.507993   0.935439   0.468372   0.724006   0.021201   0.301584   0.715793   0.741661   0.508005   0.936793   0.468382   0.725017   0.021619   0.304327   0.714130   0.743191   0.510198   0.937005   0.470623   0.724535   0.021415   0.322074   0.708289   0.751254   0.522020   0.936595   0.482750   0.724740   0.019608   0.360793   0.698374   0.765181   0.542914   0.935592   0.504278   0.732597   0.017844   0.408980   0.688342   0.782261   0.569428   0.934884   0.531769   0.745794   0.019547   0.454663   0.680343   0.801177   0.599837   0.935099   0.563506   0.756085   0.023495   0.486640   0.675343   0.818323   0.628348   0.935181   0.593451   0.762692   0.026833   0.494668   0.674289   0.831448   0.650815   0.934822   0.617176   0.766730   0.029040   0.475462   0.677475   0.839346   0.664609   0.933989   0.631797   0.768986   0.030507   0.434287   0.683993   0.841435   0.668302   0.932667   0.635720   0.770985   0.030874   0.382163   0.691852   0.838372   0.662905   0.931807   0.629991   0.777135   0.028262   0.334403   0.700419   0.826478   0.642315   0.931602   0.608201   0.789702   0.023885   0.308897   0.708649   0.807403   0.610016   0.931660   0.574163   0.794131   0.024874   0.303652   0.712576   0.793956   0.587806   0.932141   0.550866   0.788774   0.028628   0.303254   0.713048   0.787467   0.577410   0.932745   0.540025   0.785178   0.029358   0.303020   0.713322   0.782142   0.568988   0.933054   0.531263   0.782573   0.028951   0.302856   0.713498   0.777482   0.561702   0.933017   0.523698   0.780303   0.028222   0.302759   0.713586   0.773377   0.555341   0.932914   0.517105   0.778195   0.027550   0.302708   0.713582   0.769936   0.550054   0.933137   0.511635   0.776157   0.027005   0.302671   0.713551   0.766971   0.545539   0.933744   0.506970   0.774118   0.026618 975086
  8   0.121251   0.710920   0.714795   0.470612   0.925101   0.430384   0.657441   0.021796   0.300407   0.718788   0.721581   0.479840   0.923969   0.439721   0.661413   0.022504   0.300834   0.717914   0.722176   0.480646   0.924807   0.440536   0.660328   0.022803   0.301214   0.717044   0.723115   0.481938   0.927018   0.441846   0.660707   0.022998   0.301603   0.716307   0.723359   0.482271   0.928349   0.442183   0.660529   0.023373   0.303671   0.714852   0.724688   0.484090   0.928528   0.444026   0.659614   0.023022   0.318850   0.709652   0.732219   0.494699   0.928062   0.454831   0.658384   0.020830   0.353402   0.700383   0.745518   0.513852   0.926992   0.474416   0.663721   0.018778   0.396717   0.690634   0.761602   0.537763   0.926397   0.499012   0.676736   0.020297   0.437903   0.682612   0.779729   0.565649   0.926743   0.527880   0.688315   0.024008   0.467127   0.677420   0.796681   0.592609   0.926888   0.555962   0.695566   0.027453   0.474906   0.676069   0.809857   0.614179   0.926612   0.578551   0.700424   0.029863   0.458115   0.678814   0.817925   0.627662   0.925862   0.592726   0.704207   0.031023   0.421579   0.684808   0.820277   0.631643   0.924620   0.596920   0.707918   0.030440   0.374532   0.692329   0.817419   0.626814   0.923746   0.591834   0.715073   0.026926   0.331196   0.700864   0.805556   0.607105   0.923527   0.571138   0.727467   0.022724   0.308211   0.709027   0.786927   0.576834   0.923619   0.539481   0.732131   0.023923   0.303386   0.712826   0.774165   0.556623   0.924122   0.518446   0.727519   0.027403   0.303032   0.713290   0.768020   0.547179   0.924664   0.508673   0.723944   0.028158   0.302814   0.713594   0.762895   0.539408   0.924871   0.500650   0.720961   0.028031   0.302696   0.713757   0.758462   0.532762   0.924845   0.493804   0.718265   0.027826   0.302626   0.713842   0.754538   0.526933   0.924731   0.487809   0.715674   0.027665   0.302585   0.713886   0.751116   0.521890   0.924875   0.482630   0.713092   0.027560   0.302583   0.713871   0.748261   0.517713   0.925436   0.478347   0.710531   0.027460 778873
  9   0.120690   0.709728   0.725422   0.485070   0.929180   0.445014   0.711454   0.020553   0.301676   0.716486   0.730709   0.492410   0.928319   0.452469   0.716182   0.020129   0.302196   0.715746   0.730982   0.492773   0.929327   0.452835   0.717314   0.020440   0.302643   0.714975   0.731615   0.493653   0.931697   0.453729   0.719193   0.020819   0.303043   0.714389   0.731435   0.493384   0.933162   0.453452   0.719819   0.021326   0.303882   0.713812   0.730793   0.492463   0.933443   0.452511   0.719167   0.021734   0.312226   0.711149   0.733200   0.495877   0.933084   0.455991   0.718253   0.022168   0.333353   0.705677   0.739428   0.504798   0.932102   0.465104   0.721819   0.022554   0.360684   0.699770   0.747642   0.516759   0.931528   0.477360   0.730928   0.024455   0.386040   0.695023   0.757066   0.530736   0.932022   0.491729   0.740526   0.027850   0.404014   0.691963   0.765712   0.543796   0.932426   0.505202   0.748062   0.030905   0.409459   0.690975   0.772358   0.553991   0.932368   0.515750   0.753152   0.032743   0.399527   0.692308   0.776280   0.560065   0.931774   0.522046   0.755640   0.032923   0.376952   0.695694   0.776992   0.561169   0.930621   0.523190   0.756230   0.031278   0.347530   0.700339   0.774778   0.557723   0.929809   0.519615   0.757814   0.027119   0.320079   0.705725   0.767510   0.546534   0.929604   0.508032   0.763807   0.022035   0.306142   0.710250   0.757026   0.530598   0.929637   0.491573   0.763203   0.022118   0.303827   0.712018   0.750201   0.520388   0.930060   0.481059   0.755945   0.024993   0.303643   0.712192   0.746824   0.515422   0.930554   0.475963   0.751696   0.025478   0.303539   0.712290   0.743941   0.511217   0.930706   0.471653   0.747943   0.025164   0.303504   0.712321   0.741407   0.507547   0.930519   0.467896   0.744471   0.025049   0.303491   0.712310   0.739197   0.504366   0.930252   0.464643   0.741157   0.025169   0.303512   0.712240   0.737409   0.501804   0.930310   0.462026   0.738233   0.024925   0.303580   0.712101   0.736039   0.499849   0.930785   0.460031   0.735719   0.024627 697052
 10   0.140064   0.721935   0.498172   0.237946   0.440833   0.204117   0.283054   0.055722   0.284275   0.740680   0.517909   0.254012   0.440090   0.218976   0.282939   0.062226   0.283590   0.739331   0.518454   0.254491   0.440456   0.219424   0.277159   0.065210   0.283331   0.737760   0.518788   0.254819   0.441998   0.219736   0.273233   0.069074   0.282901   0.736589   0.518178   0.254324   0.442851   0.219278   0.269946   0.073256   0.295643   0.723527   0.526709   0.261778   0.442701   0.226255   0.271237   0.076677   0.355260   0.685220   0.549547   0.282795   0.441949   0.246106   0.276589   0.083741   0.464283   0.634980   0.575030   0.307803   0.440701   0.269993   0.281118   0.103003   0.583856   0.593919   0.598570   0.332256   0.440143   0.293586   0.285102   0.127355   0.683218   0.569607   0.619331   0.354797   0.440324   0.315508   0.289861   0.144979   0.744881   0.563564   0.634432   0.371896   0.440241   0.332261   0.296341   0.157088   0.754327   0.576750   0.642855   0.381790   0.439990   0.342020   0.304443   0.166175   0.707820   0.606386   0.643271   0.382451   0.439602   0.342702   0.313396   0.170920   0.617378   0.646419   0.635252   0.373274   0.439018   0.333692   0.321696   0.168553   0.503791   0.689835   0.620349   0.356378   0.438480   0.317131   0.327547   0.158694   0.394013   0.728819   0.600929   0.334972   0.438441   0.296256   0.329534   0.139836   0.311259   0.758549   0.576987   0.309848   0.438827   0.271969   0.326202   0.110608   0.276334   0.769698   0.557457   0.290268   0.439418   0.253194   0.317613   0.091175   0.274127   0.766015   0.548030   0.281275   0.439800   0.244648   0.308526   0.087401   0.273923   0.761755   0.542075   0.275713   0.439773   0.239382   0.301069   0.086876   0.273592   0.758315   0.537146   0.271199   0.439824   0.235123   0.294102   0.088056   0.273659   0.755329   0.532604   0.267100   0.439855   0.231264   0.288124   0.088076   0.273991   0.752804   0.528221   0.263187   0.439895   0.227588   0.282975   0.087190   0.274428   0.750424   0.524464   0.259872   0.440268   0.224480   0.278503   0.087003 188533
 11   0.130123   0.721383   0.577455   0.311365   0.611077   0.273592   0.363230   0.050876   0.285524   0.739098   0.608832   0.342878   0.607236   0.303819   0.364466   0.051278   0.285655   0.736949   0.611405   0.345658   0.607533   0.306520   0.354550   0.051555   0.285990   0.735057   0.612657   0.347029   0.609211   0.307854   0.348915   0.052725   0.286178   0.733718   0.612019   0.346360   0.610168   0.307208   0.344940   0.054338   0.296513   0.723640   0.620411   0.355450   0.610039   0.316042   0.346399   0.054689   0.349375   0.694401   0.644381   0.382836   0.609269   0.342916   0.353334   0.058607   0.452179   0.656435   0.671300   0.415610   0.607969   0.375447   0.360734   0.076772   0.567704   0.626389   0.695300   0.446754   0.607391   0.406723   0.366978   0.102975   0.663358   0.609822   0.716379   0.475337   0.607518   0.435660   0.372995   0.124320   0.720480   0.606883   0.731120   0.496075   0.607322   0.456797   0.381284   0.139739   0.726595   0.616677   0.738544   0.506811   0.607014   0.467795   0.391949   0.149470   0.679546   0.637051   0.737673   0.505705   0.606629   0.466691   0.404079   0.152835   0.591589   0.664326   0.728204   0.492396   0.606045   0.453127   0.416194   0.148815   0.484669   0.694198   0.711864   0.469832   0.605480   0.430203   0.426206   0.136456   0.384393   0.721554   0.691704   0.442720   0.605443   0.402792   0.432149   0.114733   0.312343   0.743263   0.667567   0.411580   0.605885   0.371545   0.431205   0.085886   0.283922   0.751940   0.648632   0.388027   0.606510   0.348068   0.423146   0.066852   0.282331   0.750142   0.639785   0.377532   0.606869   0.337699   0.413431   0.061430   0.281859   0.747905   0.633914   0.370741   0.606822   0.331021   0.404777   0.059337   0.281491   0.745838   0.629466   0.365685   0.606903   0.326064   0.396460   0.059370   0.281389   0.744002   0.625336   0.361064   0.606956   0.321547   0.388853   0.059814   0.281629   0.742285   0.621395   0.356696   0.607004   0.317285   0.382168   0.059653   0.282067   0.740616   0.617972   0.352941   0.607429   0.313627   0.376399   0.059247 113367
 12   0.126934   0.711286   0.642961   0.381676   0.751462   0.341852   0.467510   0.036278   0.297456   0.719413   0.667077   0.409550   0.749306   0.369257   0.471803   0.037657   0.297906   0.718579   0.670940   0.414338   0.749845   0.374023   0.465036   0.034008   0.298248   0.717909   0.673755   0.417829   0.751804   0.377497   0.461487   0.032089   0.298589   0.717244   0.675370   0.419816   0.752984   0.379472   0.458451   0.031385   0.302535   0.713506   0.681347   0.427248   0.753054   0.386873   0.457622   0.030094   0.329226   0.702536   0.697837   0.448627   0.752555   0.408329   0.462400   0.025382   0.388319   0.687436   0.716929   0.474276   0.751527   0.434234   0.474606   0.023429   0.462684   0.673634   0.734289   0.498615   0.751073   0.459010   0.488455   0.029509   0.535463   0.662828   0.752726   0.525462   0.751277   0.486531   0.498739   0.038578   0.588050   0.656776   0.769139   0.550275   0.751052   0.512145   0.507831   0.047756   0.597808   0.657814   0.780595   0.568156   0.750564   0.530714   0.517352   0.055866   0.561223   0.665616   0.784768   0.574875   0.749893   0.537732   0.528186   0.061574   0.494831   0.677499   0.780836   0.568777   0.748907   0.531408   0.540035   0.062919   0.417950   0.690916   0.769951   0.551844   0.748082   0.513834   0.552174   0.058901   0.349899   0.703501   0.752935   0.525997   0.747948   0.487128   0.564894   0.047557   0.310238   0.713806   0.730431   0.493110   0.748264   0.453391   0.570157   0.038151   0.299714   0.718520   0.714797   0.470946   0.748816   0.430783   0.565200   0.035730   0.299644   0.718692   0.709390   0.463579   0.749274   0.423324   0.558740   0.033460   0.299694   0.718597   0.705400   0.458219   0.749440   0.417911   0.553472   0.031472   0.299790   0.718379   0.702123   0.453861   0.749625   0.413519   0.548731   0.030386   0.299865   0.718152   0.699177   0.449969   0.749662   0.409600   0.544086   0.029708   0.299928   0.717918   0.696528   0.446490   0.749716   0.406101   0.539623   0.029184   0.300069   0.717562   0.694456   0.443794   0.750209   0.403395   0.535561   0.028937 189044
 13   0.122788   0.710382   0.696786   0.447490   0.842073   0.407226   0.561689   0.034282   0.300297   0.717409   0.719811   0.477758   0.840606   0.437676   0.560388   0.036320   0.301066   0.716236   0.724651   0.484487   0.841227   0.444513   0.552029   0.033140   0.301721   0.715313   0.727785   0.488855   0.843290   0.448954   0.548470   0.031747   0.302279   0.714473   0.729556   0.491338   0.844579   0.451481   0.545866   0.031808   0.304649   0.712447   0.732765   0.495874   0.844734   0.456103   0.544156   0.031044   0.321747   0.706116   0.744015   0.512196   0.844314   0.472821   0.547621   0.025978   0.361106   0.696204   0.758586   0.533727   0.843356   0.494947   0.561919   0.020602   0.411978   0.686352   0.771434   0.553279   0.842918   0.515150   0.581161   0.021869   0.463325   0.678103   0.785386   0.575120   0.843242   0.537838   0.596308   0.027659   0.502267   0.672841   0.798038   0.595446   0.843216   0.559055   0.608163   0.034319   0.514143   0.672139   0.807074   0.610279   0.842847   0.574599   0.618938   0.040337   0.492734   0.676365   0.810913   0.616655   0.842168   0.581295   0.629079   0.044437   0.446508   0.684055   0.808748   0.613045   0.841075   0.577501   0.638844   0.044516   0.390064   0.693238   0.801466   0.601003   0.840194   0.564864   0.649706   0.039989   0.337891   0.702743   0.787481   0.578374   0.840021   0.541213   0.663740   0.031750   0.308738   0.711082   0.767995   0.547750   0.840234   0.509382   0.670735   0.027790   0.302294   0.714812   0.755227   0.528175   0.840727   0.489129   0.666603   0.028590   0.302234   0.714940   0.750949   0.521817   0.841203   0.482590   0.660518   0.028123   0.302309   0.714868   0.747861   0.517277   0.841408   0.477929   0.655006   0.027660   0.302494   0.714664   0.745332   0.513590   0.841548   0.474150   0.650166   0.027709   0.302654   0.714467   0.743040   0.510271   0.841525   0.470752   0.645490   0.028141   0.302748   0.714322   0.740921   0.507223   0.841598   0.467636   0.641175   0.028434   0.302808   0.714181   0.739040   0.504537   0.842124   0.464893   0.637322   0.028728 280401
 14   0.123134   0.709796   0.703803   0.455991   0.888406   0.415645   0.649488   0.024776   0.302686   0.716739   0.713139   0.468291   0.887236   0.428021   0.653923   0.025950   0.303177   0.716201   0.713315   0.468536   0.887998   0.428271   0.651356   0.025746   0.303605   0.715571   0.713769   0.469163   0.890158   0.428907   0.650535   0.025652   0.303972   0.715098   0.713306   0.468537   0.891488   0.428275   0.649578   0.025895   0.304677   0.714656   0.712134   0.466942   0.891676   0.426660   0.648388   0.025989   0.312980   0.712057   0.713673   0.469093   0.891211   0.428848   0.647447   0.025740   0.335506   0.706285   0.718532   0.475830   0.890131   0.435690   0.650810   0.025948   0.366304   0.699673   0.725027   0.484896   0.889644   0.444908   0.659808   0.028566   0.396556   0.694068   0.732955   0.496108   0.890172   0.456335   0.669808   0.032937   0.419192   0.690231   0.740877   0.507512   0.890461   0.467997   0.677839   0.036779   0.426348   0.688969   0.747539   0.517280   0.890375   0.478020   0.683395   0.038948   0.414582   0.690775   0.751631   0.523375   0.889870   0.484291   0.686603   0.038895   0.387332   0.695293   0.752115   0.524146   0.888881   0.485093   0.687692   0.036464   0.353020   0.701302   0.749113   0.519736   0.888072   0.480566   0.688459   0.031170   0.322626   0.707530   0.742025   0.509327   0.887895   0.469882   0.691812   0.025221   0.306823   0.712231   0.732605   0.495622   0.888065   0.455839   0.691634   0.024157   0.303806   0.713877   0.726655   0.487081   0.888556   0.447110   0.686213   0.025731   0.303783   0.713870   0.724168   0.483591   0.889002   0.443557   0.681401   0.025899   0.303826   0.713802   0.722038   0.480629   0.889049   0.440548   0.677248   0.025859   0.303916   0.713683   0.720170   0.478050   0.888960   0.437931   0.673523   0.026156   0.304008   0.713573   0.718436   0.475668   0.888779   0.435516   0.669872   0.026577   0.304064   0.713474   0.716883   0.473547   0.888775   0.433368   0.666440   0.026747   0.304133   0.713315   0.715710   0.471955   0.889194   0.431757   0.663463   0.026804 325624
 15   0.146690   0.719119   0.438375   0.190980   0.332316   0.160941   0.236744   0.066699   0.283149   0.735042   0.439682   0.191415   0.331813   0.161253   0.229107   0.081226   0.282525   0.733738   0.440331   0.191887   0.332286   0.161681   0.226473   0.085684   0.281883   0.732372   0.440622   0.192135   0.333796   0.161912   0.224352   0.091631   0.280995   0.731248   0.440137   0.191832   0.334633   0.161644   0.222435   0.098632   0.294747   0.719189   0.449246   0.198426   0.334523   0.167621   0.225344   0.104180   0.356652   0.685738   0.471414   0.215312   0.333862   0.183058   0.231497   0.114716   0.467996   0.643796   0.495016   0.234567   0.332756   0.200868   0.235380   0.139230   0.588698   0.609127   0.516201   0.252795   0.332335   0.217884   0.238805   0.162912   0.689227   0.585743   0.534240   0.268931   0.332662   0.233050   0.243193   0.172324   0.752378   0.576559   0.547495   0.281201   0.332747   0.244651   0.248462   0.175553   0.763312   0.584421   0.555012   0.288385   0.332633   0.251482   0.254338   0.177790   0.717432   0.608514   0.555548   0.289003   0.332305   0.252087   0.260310   0.178179   0.626876   0.643243   0.548743   0.282605   0.331714   0.246021   0.265155   0.173536   0.513175   0.682481   0.536109   0.270808   0.331141   0.234850   0.267367   0.165075   0.399729   0.720544   0.518816   0.255124   0.331009   0.220073   0.266352   0.152046   0.310884   0.752436   0.494878   0.234459   0.331249   0.200769   0.262303   0.127568   0.272483   0.766487   0.474437   0.217577   0.331710   0.185121   0.254779   0.110689   0.269614   0.764421   0.464926   0.210152   0.332024   0.178306   0.246912   0.109320   0.269357   0.760591   0.459220   0.205806   0.331975   0.174334   0.241126   0.111193   0.269404   0.756888   0.454463   0.202242   0.331981   0.171085   0.236342   0.114290   0.269977   0.753435   0.450088   0.199007   0.331957   0.168144   0.232330   0.114589   0.270704   0.750387   0.446047   0.196057   0.331958   0.165466   0.228787   0.113366   0.271184   0.747650   0.442702   0.193648   0.332280   0.163285   0.225604   0.113573 229721
 16   0.154197   0.711203   0.421758   0.178700   0.282693   0.149775   0.238452   0.047122   0.297343   0.718937   0.413822   0.172744   0.282060   0.144347   0.232108   0.059808   0.298050   0.717715   0.414531   0.173178   0.282587   0.144728   0.233134   0.063015   0.298335   0.716936   0.414603   0.173222   0.284141   0.144767   0.233853   0.066100   0.298571   0.716269   0.414250   0.172982   0.285055   0.144553   0.234284   0.069149   0.303788   0.711361   0.416903   0.174780   0.285036   0.146163   0.235569   0.071442   0.332372   0.694472   0.425111   0.180512   0.284490   0.151324   0.238824   0.074269   0.390172   0.669606   0.435385   0.187896   0.283521   0.158006   0.244226   0.083433   0.456123   0.648034   0.445788   0.195558   0.283169   0.164967   0.251327   0.096256   0.510367   0.634940   0.455703   0.203010   0.283559   0.171762   0.258935   0.105783   0.539431   0.632918   0.463157   0.208726   0.283740   0.176992   0.266119   0.113184   0.536024   0.641854   0.467107   0.211818   0.283706   0.179831   0.271893   0.118451   0.504455   0.658081   0.467136   0.211860   0.283414   0.179872   0.275285   0.119950   0.456395   0.677056   0.463377   0.208921   0.282794   0.177175   0.275762   0.115426   0.400223   0.697031   0.456668   0.203720   0.282203   0.172408   0.273624   0.106412   0.346069   0.716292   0.447642   0.196866   0.282077   0.166147   0.269532   0.095376   0.309859   0.729985   0.437631   0.189450   0.282272   0.159403   0.263888   0.084510   0.297024   0.734443   0.430523   0.184310   0.282665   0.154746   0.257997   0.078625   0.295642   0.733470   0.426839   0.181724   0.282971   0.152416   0.253030   0.077239   0.295057   0.732224   0.423848   0.179645   0.282959   0.150545   0.249039   0.078853   0.294810   0.730948   0.421017   0.177690   0.282949   0.148788   0.245774   0.081256   0.294416   0.729903   0.418168   0.175746   0.282863   0.147045   0.242549   0.081305   0.293867   0.729119   0.415464   0.173922   0.282822   0.145412   0.239234   0.080690   0.293462   0.728296   0.413196   0.172402   0.283116   0.144053   0.236263   0.081457 309575
 17   0.141214   0.711122   0.535094   0.269479   0.492999   0.233525   0.347596   0.034096   0.298024   0.719205   0.545050   0.277874   0.491577   0.241325   0.346525   0.038477   0.298692   0.718445   0.545083   0.277881   0.492177   0.241328   0.345954   0.036936   0.298902   0.717908   0.544599   0.277433   0.493914   0.240904   0.345704   0.037046   0.298892   0.717628   0.543555   0.276474   0.494933   0.239999   0.344939   0.037561   0.303160   0.713469   0.546786   0.279449   0.494903   0.242807   0.346722   0.037991   0.330761   0.699711   0.557119   0.289293   0.494277   0.252158   0.352580   0.037466   0.388661   0.680441   0.567411   0.299415   0.493168   0.261824   0.362738   0.041342   0.453903   0.664408   0.575593   0.307677   0.492738   0.269753   0.376378   0.051565   0.502527   0.655627   0.583086   0.315358   0.493113   0.277142   0.390178   0.062199   0.522657   0.654983   0.588237   0.320713   0.493241   0.282308   0.402424   0.070638   0.511483   0.661752   0.590372   0.322962   0.493145   0.284484   0.411842   0.075694   0.475865   0.673394   0.589047   0.321564   0.492802   0.283133   0.417703   0.076139   0.428471   0.686712   0.584438   0.316720   0.492127   0.278451   0.419661   0.071170   0.379020   0.700054   0.577637   0.309658   0.491475   0.271641   0.418028   0.061802   0.336179   0.712092   0.569880   0.301758   0.491334   0.264048   0.413526   0.050784   0.309601   0.720522   0.562169   0.294070   0.491572   0.256689   0.406541   0.042753   0.300870   0.723437   0.557330   0.289335   0.492022   0.252171   0.398367   0.039971   0.299831   0.723241   0.555223   0.287339   0.492357   0.250276   0.390907   0.039552   0.299079   0.722993   0.553258   0.285500   0.492347   0.248535   0.384448   0.039919   0.298497   0.722726   0.551350   0.283725   0.492366   0.246857   0.378654   0.040912   0.298117   0.722422   0.549378   0.281892   0.492317   0.245123   0.373380   0.041555   0.297777   0.722165   0.547405   0.280064   0.492307   0.243395   0.368457   0.041674   0.297376   0.721958   0.545636   0.278447   0.492666   0.241870   0.363825   0.042080 317213
 18   0.131763   0.709458   0.625816   0.361454   0.683074   0.321898   0.480742   0.030929   0.301160   0.715976   0.642191   0.379211   0.681420   0.339154   0.485426   0.034312   0.301760   0.715276   0.643490   0.380676   0.682086   0.340587   0.482854   0.031639   0.302241   0.714548   0.644663   0.382013   0.684063   0.341898   0.482543   0.030296   0.302512   0.714075   0.644721   0.382064   0.685235   0.341945   0.481892   0.029948   0.304527   0.712283   0.645982   0.383522   0.685255   0.343378   0.481656   0.029720   0.321785   0.705203   0.653174   0.392127   0.684652   0.351887   0.484422   0.027568   0.362814   0.693796   0.662561   0.403525   0.683520   0.363187   0.493936   0.027526   0.414653   0.683206   0.670863   0.413823   0.683081   0.373436   0.508112   0.033702   0.460591   0.675873   0.679389   0.424623   0.683473   0.384226   0.521639   0.042264   0.487384   0.672862   0.686324   0.433578   0.683556   0.393205   0.533309   0.049620   0.487070   0.674720   0.690383   0.438896   0.683382   0.398551   0.542855   0.054371   0.460872   0.680916   0.690514   0.439090   0.682946   0.398751   0.549817   0.055716   0.418690   0.689641   0.686601   0.433994   0.682147   0.393634   0.553623   0.052625   0.372338   0.699114   0.679914   0.425350   0.681396   0.384965   0.554367   0.045642   0.332114   0.708027   0.671458   0.414573   0.681234   0.374186   0.553420   0.037096   0.308979   0.714473   0.662111   0.402864   0.681490   0.362511   0.549797   0.032311   0.302877   0.716719   0.656448   0.395868   0.681977   0.355554   0.543167   0.031706   0.302729   0.716485   0.654764   0.393841   0.682356   0.353547   0.536605   0.031217   0.302679   0.716186   0.653304   0.392097   0.682391   0.351824   0.531221   0.030737   0.302660   0.715893   0.651927   0.390467   0.682447   0.350215   0.526466   0.030609   0.302659   0.715620   0.650565   0.388863   0.682405   0.348633   0.521902   0.030753   0.302641   0.715360   0.649318   0.387397   0.682401   0.347188   0.517536   0.030863   0.302591   0.715103   0.648370   0.386294   0.682806   0.346103   0.513445   0.031027 376773
 19   0.127027   0.709186   0.667063   0.409700   0.767167   0.369432   0.561959   0.029223   0.302243   0.715449   0.684410   0.430602   0.765700   0.390131   0.568798   0.031557   0.302817   0.714778   0.685824   0.432423   0.766420   0.391956   0.565685   0.029243   0.303329   0.714085   0.687000   0.433939   0.768493   0.393475   0.565332   0.028067   0.303662   0.713601   0.687013   0.433953   0.769730   0.393488   0.564576   0.027723   0.304927   0.712591   0.687179   0.434164   0.769787   0.393699   0.563487   0.027228   0.317516   0.707944   0.692127   0.440696   0.769202   0.400273   0.564185   0.024869   0.349649   0.699448   0.699982   0.451105   0.768052   0.410758   0.572151   0.023346   0.392255   0.690879   0.707530   0.461222   0.767582   0.420969   0.586127   0.026810   0.432096   0.684395   0.715720   0.472392   0.767983   0.432281   0.599379   0.033239   0.459089   0.680720   0.723140   0.482684   0.768074   0.442735   0.610377   0.039223   0.463903   0.680743   0.728409   0.490088   0.767879   0.450275   0.619049   0.043500   0.444447   0.684676   0.730066   0.492444   0.767395   0.452679   0.625308   0.045082   0.408530   0.691262   0.727693   0.489094   0.766519   0.449266   0.628863   0.042702   0.366238   0.699130   0.722162   0.481312   0.765727   0.441341   0.630100   0.036628   0.328749   0.706874   0.714035   0.469991   0.765575   0.429832   0.631582   0.029042   0.308175   0.712548   0.704383   0.456734   0.765845   0.416390   0.630500   0.025446   0.303482   0.714541   0.698485   0.448734   0.766360   0.408299   0.624769   0.025488   0.303445   0.714395   0.696764   0.446454   0.766773   0.406002   0.618394   0.025081   0.303491   0.714167   0.695345   0.444592   0.766834   0.404131   0.612932   0.024748   0.303607   0.713913   0.693992   0.442831   0.766895   0.402363   0.608336   0.024844   0.303693   0.713716   0.692591   0.441015   0.766832   0.400542   0.603842   0.025380   0.303725   0.713563   0.691259   0.439298   0.766821   0.398821   0.599403   0.025736   0.303764   0.713362   0.690280   0.438045   0.767241   0.397566   0.595501   0.025822 336885
 20   0.147459   0.716442   0.415125   0.175505   0.256626   0.147108   0.211319   0.169808   0.272163   0.728610   0.394728   0.161651   0.257651   0.134679   0.199409   0.278357   0.271237   0.725732   0.396113   0.162594   0.258063   0.135526   0.198796   0.301395   0.270168   0.723458   0.397047   0.163252   0.259498   0.136120   0.198707   0.319586   0.269256   0.721768   0.397039   0.163291   0.260265   0.136162   0.198662   0.336940   0.287731   0.714606   0.399692   0.165072   0.260136   0.137756   0.198860   0.349260   0.360604   0.690482   0.410569   0.172502   0.259485   0.144430   0.200985   0.349831   0.481307   0.654342   0.427243   0.184300   0.258460   0.155094   0.204130   0.352457   0.604581   0.621835   0.444646   0.197117   0.258225   0.166758   0.207222   0.360245   0.703136   0.598655   0.460523   0.209241   0.258750   0.177862   0.210628   0.357118   0.763706   0.587881   0.472632   0.218795   0.259030   0.186661   0.213929   0.350276   0.775938   0.592322   0.479691   0.224504   0.259089   0.191942   0.216855   0.345579   0.738787   0.611033   0.481028   0.225615   0.258868   0.192974   0.219112   0.341568   0.658296   0.640690   0.476229   0.221722   0.258333   0.189373   0.220263   0.334603   0.545712   0.678830   0.465497   0.213175   0.257738   0.181487   0.219660   0.329478   0.422101   0.720138   0.449244   0.200623   0.257463   0.169968   0.217156   0.332642   0.314443   0.756073   0.428881   0.185458   0.257492   0.156141   0.212727   0.339808   0.262894   0.770411   0.414034   0.174775   0.257775   0.146457   0.207525   0.348064   0.258079   0.765522   0.407999   0.170656   0.257974   0.142757   0.203327   0.354561   0.257794   0.759151   0.404096   0.168061   0.257853   0.140437   0.200227   0.361517   0.258026   0.753483   0.400783   0.165886   0.257823   0.138496   0.197843   0.367711   0.258552   0.748650   0.397790   0.163931   0.257797   0.136753   0.195589   0.366711   0.258599   0.744733   0.395132   0.162200   0.257802   0.135211   0.193227   0.362921   0.258465   0.741248   0.393097   0.160887   0.258103   0.134042   0.191344   0.362028 116077
 21   0.157161   0.716568   0.370815   0.145777   0.203691   0.120497   0.193080   0.078224   0.288922   0.729185   0.349643   0.132495   0.202968   0.108745   0.183349   0.107116   0.289629   0.727045   0.350482   0.132954   0.203480   0.109141   0.184145   0.113876   0.289799   0.725583   0.350648   0.133044   0.204949   0.109218   0.184705   0.120724   0.289943   0.724390   0.350274   0.132825   0.205796   0.109027   0.185017   0.127639   0.300474   0.715499   0.354235   0.135120   0.205770   0.111031   0.186559   0.133260   0.346997   0.688115   0.365534   0.141925   0.205234   0.117009   0.189447   0.143412   0.433378   0.649459   0.379825   0.150893   0.204303   0.124941   0.192680   0.161217   0.530659   0.614768   0.394219   0.160230   0.204020   0.133248   0.196818   0.175359   0.614144   0.590673   0.407559   0.169157   0.204460   0.141231   0.201353   0.179996   0.666433   0.582050   0.418047   0.176374   0.204676   0.147715   0.205863   0.182198   0.671377   0.592438   0.424134   0.180656   0.204675   0.151578   0.210223   0.184441   0.628626   0.618740   0.424906   0.181215   0.204416   0.152085   0.213683   0.184778   0.553412   0.653339   0.420288   0.177953   0.203835   0.149141   0.215266   0.179603   0.462040   0.691135   0.411325   0.171705   0.203252   0.143515   0.214666   0.171139   0.373822   0.726903   0.398667   0.163114   0.203080   0.135814   0.212279   0.162702   0.310554   0.752479   0.383870   0.153405   0.203210   0.127160   0.208329   0.150823   0.285739   0.760483   0.372764   0.146354   0.203545   0.120909   0.203579   0.141568   0.283568   0.757314   0.366727   0.142660   0.203791   0.117656   0.199104   0.139069   0.283214   0.753621   0.362139   0.139899   0.203728   0.115231   0.195421   0.141282   0.283565   0.749994   0.358144   0.137522   0.203703   0.113146   0.192550   0.144213   0.283737   0.746909   0.354326   0.135284   0.203618   0.111189   0.189762   0.142967   0.283265   0.744695   0.350774   0.133227   0.203560   0.109393   0.186865   0.140489   0.282838   0.742652   0.347985   0.131620   0.203824   0.107993   0.184430   0.140315 261445
 22   0.147813   0.711568   0.478991   0.221442   0.387404   0.188717   0.289948   0.038698   0.297759   0.719958   0.482770   0.223836   0.386585   0.190824   0.287016   0.045446   0.298300   0.719067   0.482925   0.223915   0.387127   0.190890   0.286991   0.046004   0.298430   0.718408   0.483036   0.223990   0.388755   0.190956   0.286682   0.047493   0.298510   0.717840   0.482757   0.223763   0.389712   0.190746   0.286101   0.049505   0.303462   0.713098   0.486216   0.226534   0.389676   0.193301   0.287683   0.050978   0.332282   0.697287   0.496119   0.234746   0.389075   0.200914   0.292393   0.051991   0.391822   0.674205   0.507420   0.244436   0.388020   0.209951   0.299808   0.058408   0.460220   0.654100   0.518268   0.253991   0.387609   0.218903   0.309588   0.070695   0.513369   0.642545   0.528093   0.262805   0.387965   0.227188   0.320083   0.082110   0.537175   0.641502   0.534956   0.269086   0.388094   0.233113   0.329851   0.091032   0.528079   0.649908   0.538374   0.272288   0.388009   0.236147   0.337496   0.096946   0.492819   0.664596   0.537817   0.271800   0.387683   0.235690   0.342162   0.098899   0.444037   0.681591   0.533376   0.267681   0.387045   0.231796   0.343434   0.095098   0.390981   0.698619   0.526071   0.260955   0.386434   0.225445   0.341500   0.085762   0.342157   0.714242   0.517016   0.252781   0.386318   0.217753   0.337113   0.072935   0.309883   0.725474   0.507299   0.244234   0.386565   0.209746   0.330665   0.061505   0.298551   0.729465   0.500449   0.238346   0.387012   0.204253   0.323194   0.056309   0.297180   0.729085   0.496950   0.235418   0.387344   0.201534   0.316595   0.055137   0.296262   0.728543   0.494085   0.233054   0.387333   0.199345   0.310997   0.055860   0.295616   0.727952   0.491467   0.230920   0.387339   0.197371   0.306078   0.057398   0.295282   0.727250   0.488928   0.228865   0.387278   0.195474   0.301759   0.058119   0.294892   0.726712   0.486392   0.226822   0.387256   0.193589   0.297675   0.058210   0.294445   0.726269   0.484153   0.225037   0.387581   0.191945   0.293841   0.058601 366168
 23   0.136115   0.710114   0.585531   0.318512   0.594818   0.280281   0.413124   0.033092   0.299711   0.717217   0.599219   0.331604   0.593564   0.292720   0.414947   0.036859   0.300348   0.716501   0.599996   0.332392   0.594211   0.293476   0.413215   0.033992   0.300714   0.715897   0.600146   0.332536   0.596081   0.293612   0.413288   0.033314   0.300885   0.715488   0.599495   0.331840   0.597181   0.292938   0.413148   0.033230   0.303884   0.712680   0.601500   0.333924   0.597175   0.294949   0.414255   0.033299   0.326123   0.702737   0.609909   0.342995   0.596557   0.303753   0.419154   0.032168   0.375474   0.687970   0.619430   0.353493   0.595426   0.313983   0.429788   0.033895   0.433928   0.675266   0.627275   0.362360   0.594984   0.322662   0.444415   0.041866   0.481117   0.667605   0.634820   0.371052   0.595372   0.331200   0.458856   0.051501   0.504023   0.665848   0.640299   0.377454   0.595490   0.337505   0.471543   0.059291   0.497736   0.669948   0.642791   0.380393   0.595367   0.340404   0.481531   0.063926   0.466488   0.678478   0.641683   0.379087   0.594986   0.339117   0.488163   0.064591   0.421548   0.689117   0.637047   0.373629   0.594252   0.333734   0.491123   0.060343   0.374247   0.700036   0.630252   0.365728   0.593556   0.325961   0.490422   0.052186   0.333523   0.710066   0.622478   0.356850   0.593407   0.317254   0.486902   0.042978   0.309246   0.717117   0.614584   0.347993   0.593651   0.308597   0.481062   0.037213   0.302208   0.719393   0.610001   0.342925   0.594118   0.303656   0.473714   0.035721   0.301772   0.719057   0.608569   0.341389   0.594475   0.302167   0.466808   0.035187   0.301459   0.718692   0.607251   0.339990   0.594483   0.300812   0.460930   0.034997   0.301214   0.718368   0.605906   0.338569   0.594514   0.299438   0.455698   0.035249   0.301030   0.718093   0.604429   0.337006   0.594463   0.297926   0.450790   0.035575   0.300851   0.717849   0.603003   0.335503   0.594456   0.296473   0.446028   0.035796   0.300679   0.717603   0.601830   0.334280   0.594841   0.295294   0.441539   0.036164 332090
 24   0.125348   0.712919   0.671102   0.414730   0.940044   0.374453   0.531477   0.020890   0.298790   0.722588   0.678345   0.423607   0.938540   0.383271   0.536510   0.021326   0.299305   0.721562   0.678890   0.424202   0.939482   0.383848   0.537124   0.022469   0.299457   0.720932   0.678844   0.424067   0.941609   0.383698   0.537059   0.024376   0.299424   0.720670   0.677538   0.422334   0.943035   0.381951   0.534377   0.026676   0.301195   0.719761   0.677039   0.421493   0.943633   0.381073   0.527822   0.028985   0.318105   0.715388   0.681424   0.426791   0.943411   0.386319   0.519223   0.029993   0.360263   0.706438   0.691985   0.440371   0.942417   0.399921   0.514980   0.031140   0.415163   0.696256   0.707578   0.461366   0.941823   0.421131   0.516840   0.035942   0.463125   0.688302   0.725966   0.487154   0.942296   0.447380   0.519476   0.042445   0.508808   0.681581   0.744291   0.513859   0.942731   0.474757   0.519570   0.048044   0.548963   0.676326   0.762029   0.540729   0.942572   0.502506   0.516235   0.052412   0.549390   0.676544   0.776029   0.562562   0.941709   0.525180   0.510153   0.054620   0.505562   0.682435   0.782455   0.572741   0.940323   0.535784   0.506016   0.053775   0.437692   0.691364   0.781109   0.570545   0.939445   0.533487   0.507489   0.048116   0.363307   0.701905   0.769569   0.552401   0.939224   0.514618   0.515671   0.038105   0.310283   0.716037   0.740839   0.509328   0.939304   0.470213   0.518588   0.034578   0.293314   0.724741   0.715779   0.473054   0.939871   0.433060   0.512618   0.037940   0.293576   0.724665   0.706995   0.461162   0.940505   0.421030   0.507964   0.038257   0.294499   0.723965   0.701000   0.453067   0.940762   0.412845   0.505404   0.036507   0.295622   0.722887   0.696769   0.447312   0.940618   0.407020   0.503464   0.034932   0.296685   0.721773   0.693987   0.443489   0.940432   0.403144   0.501483   0.033324   0.297351   0.720981   0.691806   0.440512   0.940615   0.400131   0.499518   0.031771   0.297700   0.720424   0.689721   0.437731   0.941230   0.397327   0.498105   0.030828 65467
