timestamp=                2021-11-20T16:06:54.682674
shape=                    (5, 5)
sigma=                    2.5
nepochs=                  4
thresh=                   None
rate=                     0.00725
neighborhood function=    gaussian
init weights=             pca
topology=                 hexagonal
activation distance=      euclidean
output type=              labels
mapfile_prefix=           full2017_5x5_4_00725_3_06
apply classification=     False
seed=                     None
random order=             True
custom init file=         None
order labels by size=     False
decay_function=           3

Quantization Error=       0.34781533
Topographic Error=        0.15310160

############ NEURONS #############
 25 192
  0   0.127398   0.669835   0.703238   0.448519   0.920012   0.407643   0.521894   0.028661   0.304281   0.678514   0.718367   0.468516   0.918954   0.427732   0.525022   0.028531   0.304702   0.677382   0.719841   0.470471   0.919707   0.429697   0.521693   0.028321   0.305078   0.676354   0.720987   0.472005   0.921519   0.431241   0.521880   0.027320   0.305377   0.675515   0.721526   0.472744   0.922596   0.431989   0.523115   0.026768   0.306460   0.674675   0.721946   0.473337   0.922675   0.432591   0.523820   0.026545   0.317272   0.671511   0.726768   0.480198   0.922197   0.439577   0.525503   0.024932   0.344575   0.664221   0.737734   0.495903   0.921381   0.455586   0.533430   0.021823   0.380455   0.655250   0.751988   0.516715   0.920924   0.476877   0.547597   0.021433   0.415720   0.647226   0.768299   0.541347   0.921219   0.502230   0.562735   0.024422   0.442729   0.641499   0.784356   0.566498   0.921356   0.528293   0.575244   0.028118   0.451566   0.639506   0.797249   0.587358   0.921055   0.550038   0.584806   0.031014   0.438188   0.641570   0.804917   0.600062   0.920346   0.563338   0.593613   0.032251   0.406285   0.646763   0.806720   0.603098   0.919307   0.566527   0.603573   0.031055   0.364498   0.653622   0.802721   0.596418   0.918625   0.559521   0.616575   0.027476   0.328106   0.661539   0.789439   0.574638   0.918558   0.536761   0.631305   0.025293   0.310335   0.668213   0.772494   0.547423   0.918805   0.508431   0.637949   0.028329   0.306977   0.670749   0.762968   0.532526   0.919361   0.493001   0.635788   0.032084   0.306927   0.670929   0.758725   0.526069   0.919950   0.486348   0.632696   0.033141   0.306983   0.670977   0.755304   0.520925   0.920249   0.481058   0.630080   0.033620   0.307043   0.671000   0.752303   0.516470   0.920317   0.476488   0.627893   0.034093   0.307104   0.670997   0.749639   0.512540   0.920266   0.472462   0.626062   0.034256   0.307203   0.670946   0.747324   0.509146   0.920404   0.468988   0.624941   0.034060   0.307305   0.670879   0.745275   0.506172   0.920844   0.465950   0.624382   0.034086 262281
  1   0.145341   0.666157   0.567298   0.293225   0.557996   0.255464   0.391162   0.041333   0.305291   0.671572   0.589590   0.313535   0.556830   0.274557   0.395857   0.046162   0.305791   0.671088   0.590964   0.314905   0.557421   0.275866   0.395300   0.040545   0.306107   0.670551   0.591429   0.315372   0.559054   0.276312   0.396129   0.038713   0.306273   0.670189   0.591064   0.314997   0.559997   0.275952   0.396944   0.038078   0.307917   0.668425   0.592097   0.316040   0.559952   0.276950   0.398025   0.037795   0.322973   0.660377   0.599172   0.323496   0.559323   0.284140   0.400792   0.036272   0.359666   0.646821   0.608166   0.333143   0.558313   0.293472   0.408729   0.037275   0.405909   0.634216   0.615311   0.340993   0.557953   0.301099   0.421059   0.044303   0.444955   0.625935   0.622355   0.348881   0.558389   0.308789   0.433478   0.053822   0.465358   0.623442   0.627488   0.354738   0.558571   0.314518   0.444689   0.062144   0.462065   0.626787   0.629803   0.357422   0.558449   0.317151   0.454032   0.067058   0.438141   0.634699   0.628867   0.356363   0.558087   0.316116   0.461025   0.067505   0.401975   0.645275   0.624643   0.351545   0.557441   0.311405   0.465245   0.063076   0.362612   0.656714   0.618069   0.344131   0.556800   0.304167   0.466524   0.054736   0.329254   0.667155   0.610345   0.335543   0.556657   0.295805   0.465721   0.045255   0.310773   0.673758   0.603177   0.327699   0.556946   0.288190   0.462720   0.039421   0.306136   0.675390   0.599467   0.323697   0.557420   0.284315   0.457711   0.037993   0.306025   0.674866   0.598402   0.322578   0.557779   0.283236   0.452658   0.037847   0.305908   0.674433   0.597381   0.321519   0.557794   0.282218   0.448198   0.038311   0.305784   0.674102   0.596286   0.320393   0.557841   0.281137   0.444211   0.039234   0.305736   0.673776   0.595177   0.319255   0.557873   0.280045   0.440582   0.039904   0.305709   0.673441   0.594203   0.318264   0.557901   0.279095   0.437145   0.040292   0.305637   0.673135   0.593466   0.317522   0.558198   0.278385   0.433886   0.040746 345729
  2   0.157741   0.666526   0.456825   0.197452   0.348022   0.166078   0.284455   0.048533   0.304791   0.672004   0.468391   0.205361   0.347589   0.173153   0.284126   0.057621   0.305162   0.671129   0.470084   0.206593   0.348097   0.174268   0.284634   0.057141   0.305420   0.670363   0.471490   0.207659   0.349546   0.175238   0.285388   0.058166   0.305604   0.669775   0.472241   0.208237   0.350382   0.175767   0.285885   0.059681   0.308128   0.667245   0.474139   0.209714   0.350313   0.177117   0.286695   0.060747   0.327003   0.655675   0.481174   0.215315   0.349712   0.182262   0.288963   0.061055   0.369961   0.635768   0.490932   0.223246   0.348775   0.189572   0.294219   0.066320   0.422279   0.617050   0.500618   0.231331   0.348444   0.197058   0.301788   0.077910   0.466983   0.604569   0.510279   0.239556   0.348862   0.204701   0.309614   0.089236   0.491945   0.600701   0.517678   0.245984   0.349060   0.210696   0.316873   0.097973   0.490815   0.605972   0.521755   0.249613   0.348979   0.214094   0.322858   0.103390   0.466597   0.618223   0.522054   0.249922   0.348666   0.214392   0.327103   0.104429   0.426938   0.634545   0.518379   0.246696   0.348077   0.211377   0.329374   0.099879   0.380245   0.652643   0.511389   0.240577   0.347486   0.205664   0.329557   0.090673   0.337738   0.669516   0.502367   0.232822   0.347347   0.198445   0.327767   0.079086   0.311536   0.680610   0.493305   0.225201   0.347597   0.191379   0.324119   0.069587   0.303491   0.683714   0.487579   0.220470   0.348030   0.187005   0.319547   0.066071   0.303092   0.682793   0.485017   0.218395   0.348365   0.185093   0.315412   0.065920   0.302850   0.681863   0.482948   0.216748   0.348376   0.183580   0.311848   0.067711   0.302646   0.681012   0.481103   0.215302   0.348409   0.182255   0.308594   0.070140   0.302472   0.680192   0.479409   0.213981   0.348425   0.181047   0.305647   0.070728   0.302270   0.679483   0.477843   0.212766   0.348445   0.179935   0.302944   0.070258   0.301967   0.678928   0.476486   0.211726   0.348713   0.178986   0.300367   0.070367 399277
  3   0.161380   0.675022   0.367297   0.138167   0.199506   0.113240   0.202312   0.110316   0.287684   0.687944   0.353285   0.129484   0.199112   0.105588   0.194328   0.160555   0.288564   0.685373   0.355519   0.130724   0.199638   0.106660   0.195813   0.170234   0.289033   0.683648   0.356463   0.131267   0.200919   0.107132   0.197215   0.177407   0.289191   0.682447   0.356503   0.131294   0.201626   0.107157   0.198113   0.184412   0.300225   0.673013   0.361207   0.133974   0.201572   0.109485   0.199826   0.190536   0.349667   0.643501   0.373903   0.141568   0.201022   0.116136   0.202646   0.200523   0.440055   0.602154   0.389031   0.151091   0.200180   0.124548   0.205457   0.218945   0.539113   0.565931   0.403183   0.160350   0.199968   0.132780   0.208709   0.234338   0.621718   0.541375   0.415941   0.168959   0.200448   0.140474   0.212303   0.237550   0.672143   0.532506   0.425926   0.175875   0.200709   0.146684   0.215737   0.236638   0.676996   0.542137   0.431848   0.180070   0.200698   0.150465   0.219060   0.235603   0.636019   0.567816   0.432760   0.180735   0.200447   0.151068   0.222004   0.233097   0.562842   0.602831   0.428490   0.177699   0.199927   0.148331   0.223752   0.226023   0.472256   0.642506   0.419748   0.171564   0.199372   0.142811   0.223656   0.217630   0.381145   0.681788   0.406695   0.162658   0.199169   0.134835   0.222029   0.211081   0.310721   0.712453   0.390171   0.151806   0.199295   0.125178   0.219227   0.201733   0.281096   0.723626   0.377258   0.143624   0.199612   0.117943   0.215459   0.195466   0.278825   0.720284   0.370845   0.139732   0.199858   0.114525   0.211679   0.195107   0.278741   0.715972   0.366450   0.137118   0.199827   0.112238   0.208717   0.198523   0.279098   0.711941   0.362742   0.134942   0.199837   0.110339   0.206491   0.202327   0.279277   0.708571   0.359422   0.133021   0.199835   0.108665   0.204369   0.201600   0.278993   0.706013   0.356541   0.131371   0.199837   0.107231   0.202090   0.199508   0.278607   0.703822   0.354265   0.130078   0.200059   0.106108   0.199918   0.199546 177687
  4   0.152549   0.672417   0.425941   0.176557   0.268941   0.147399   0.230995   0.208173   0.277944   0.682590   0.416008   0.169722   0.270622   0.141267   0.222231   0.346897   0.277808   0.679606   0.418465   0.171405   0.271037   0.142777   0.223237   0.369645   0.277701   0.677445   0.419928   0.172444   0.272318   0.143714   0.224338   0.383147   0.277162   0.676077   0.420226   0.172696   0.272975   0.143947   0.225109   0.398106   0.291342   0.670294   0.422315   0.174150   0.272847   0.145254   0.225611   0.409344   0.354139   0.649024   0.431382   0.180514   0.272198   0.150985   0.227889   0.404518   0.465216   0.615102   0.446483   0.191499   0.271282   0.160937   0.231181   0.401897   0.582775   0.583275   0.462790   0.203868   0.271090   0.172226   0.234072   0.409266   0.676841   0.560590   0.477553   0.215480   0.271615   0.182889   0.237051   0.404466   0.734034   0.550011   0.488759   0.224571   0.271918   0.191284   0.239710   0.394083   0.743795   0.554317   0.495086   0.229816   0.271951   0.196144   0.242186   0.384980   0.704599   0.573240   0.495756   0.230379   0.271726   0.196668   0.244323   0.377912   0.626191   0.602903   0.490656   0.226126   0.271232   0.192724   0.245479   0.370762   0.520444   0.640054   0.479955   0.217380   0.270657   0.184637   0.245055   0.366994   0.406135   0.679675   0.463887   0.204694   0.270384   0.172979   0.242921   0.372505   0.309416   0.713140   0.444408   0.189943   0.270460   0.159520   0.239043   0.387951   0.265770   0.725157   0.431104   0.180225   0.270756   0.150709   0.234413   0.405872   0.262748   0.719796   0.426233   0.176852   0.270975   0.147679   0.230612   0.417283   0.262528   0.713741   0.423002   0.174656   0.270899   0.145713   0.227852   0.427969   0.262587   0.708370   0.420344   0.172871   0.270904   0.144117   0.225851   0.437128   0.262714   0.703782   0.418083   0.171365   0.270940   0.142773   0.224104   0.439013   0.262455   0.700032   0.416121   0.170064   0.270979   0.141613   0.222262   0.437624   0.262098   0.696736   0.414661   0.169101   0.271236   0.140755   0.220425   0.437676 98895
  5   0.128132   0.667522   0.709764   0.456274   0.891474   0.415270   0.673770   0.029755   0.307692   0.674415   0.721451   0.471805   0.890591   0.430884   0.678148   0.028987   0.308016   0.674134   0.720476   0.470463   0.891348   0.429526   0.676339   0.028917   0.308292   0.673729   0.719777   0.469514   0.893283   0.428569   0.675941   0.028760   0.308484   0.673477   0.718399   0.467629   0.894393   0.426665   0.674857   0.028878   0.308764   0.673351   0.716448   0.464948   0.894418   0.423954   0.672911   0.029270   0.313744   0.671956   0.715811   0.464080   0.893872   0.423077   0.670414   0.030061   0.329332   0.667659   0.718148   0.467316   0.892916   0.426354   0.670597   0.030753   0.352284   0.661759   0.723073   0.474161   0.892510   0.433291   0.676061   0.032561   0.374564   0.656541   0.729530   0.483240   0.893045   0.442511   0.684207   0.035863   0.390165   0.653062   0.736011   0.492472   0.893377   0.451909   0.691855   0.038726   0.393933   0.652021   0.741170   0.499916   0.893286   0.459504   0.697826   0.039901   0.384108   0.653649   0.743989   0.504037   0.892811   0.463719   0.701771   0.039054   0.364113   0.657455   0.743932   0.503975   0.891951   0.463659   0.704018   0.036172   0.340038   0.662399   0.741315   0.500155   0.891228   0.459754   0.705983   0.031200   0.319662   0.667251   0.736074   0.492514   0.891052   0.451942   0.708994   0.026747   0.310120   0.670096   0.730629   0.484628   0.891275   0.443890   0.709221   0.026027   0.308776   0.670607   0.727885   0.480694   0.891764   0.439881   0.706016   0.026906   0.308838   0.670423   0.726670   0.478969   0.892201   0.438127   0.703100   0.026901   0.308898   0.670216   0.725652   0.477540   0.892267   0.436676   0.700514   0.026751   0.308960   0.670030   0.724702   0.476223   0.892224   0.435341   0.698176   0.027025   0.309006   0.669894   0.723696   0.474836   0.892145   0.433938   0.695892   0.027596   0.309063   0.669753   0.722775   0.473574   0.892195   0.432663   0.693647   0.028181   0.309136   0.669565   0.722103   0.472660   0.892564   0.431740   0.691742   0.028643 336699
  6   0.140356   0.665507   0.618974   0.346383   0.653694   0.306557   0.484898   0.036443   0.307166   0.670299   0.636234   0.364107   0.652238   0.323574   0.489577   0.041375   0.307585   0.669796   0.637282   0.365278   0.652858   0.324715   0.488194   0.037382   0.308003   0.669159   0.638156   0.366275   0.654594   0.325690   0.489322   0.035495   0.308235   0.668757   0.637994   0.366091   0.655580   0.325510   0.490234   0.034635   0.309147   0.667918   0.638141   0.366247   0.655512   0.325660   0.490438   0.034148   0.319877   0.662950   0.642796   0.371705   0.654867   0.331025   0.491459   0.032617   0.348301   0.653331   0.650154   0.380407   0.653809   0.339590   0.498169   0.032056   0.386078   0.643661   0.656872   0.388473   0.653419   0.347550   0.510453   0.036357   0.419759   0.636847   0.663450   0.396508   0.653886   0.355505   0.523285   0.043852   0.439744   0.633933   0.668415   0.402674   0.654064   0.361627   0.534721   0.050652   0.439828   0.635380   0.671007   0.405934   0.653915   0.364873   0.543781   0.054921   0.420408   0.640793   0.670600   0.405446   0.653538   0.364392   0.550033   0.055577   0.389066   0.648711   0.667113   0.401111   0.652862   0.360086   0.553275   0.052041   0.354743   0.657580   0.661477   0.394150   0.652177   0.353181   0.553635   0.045281   0.326078   0.665781   0.654660   0.385809   0.652016   0.344920   0.552575   0.038149   0.311130   0.670831   0.648488   0.378335   0.652317   0.337532   0.549499   0.034786   0.307941   0.671995   0.645503   0.374758   0.652813   0.334003   0.544534   0.034507   0.308008   0.671612   0.644654   0.373758   0.653192   0.333020   0.539961   0.034445   0.308075   0.671257   0.643791   0.372748   0.653216   0.332028   0.536052   0.034565   0.308136   0.670945   0.642892   0.371702   0.653279   0.331001   0.532663   0.035082   0.308195   0.670674   0.641956   0.370620   0.653326   0.329940   0.529463   0.035658   0.308232   0.670417   0.641138   0.369679   0.653359   0.329019   0.526306   0.035951   0.308263   0.670108   0.640684   0.369167   0.653671   0.328519   0.523382   0.036153 325490
  7   0.151942   0.667375   0.508853   0.239456   0.445835   0.204776   0.329314   0.042979   0.304576   0.673799   0.528700   0.255270   0.445067   0.219306   0.331855   0.048946   0.304976   0.673033   0.529936   0.256327   0.445589   0.220288   0.331499   0.046069   0.305200   0.672346   0.530787   0.257067   0.447096   0.220978   0.331660   0.045611   0.305305   0.671865   0.531062   0.257308   0.447962   0.221203   0.331603   0.046028   0.307798   0.669097   0.533097   0.259106   0.447896   0.222884   0.332425   0.046414   0.327156   0.657228   0.541255   0.266586   0.447267   0.229924   0.335206   0.045663   0.371786   0.637346   0.551358   0.276067   0.446274   0.238883   0.341977   0.048720   0.426255   0.618686   0.560208   0.284597   0.445918   0.246981   0.352190   0.058592   0.471479   0.606498   0.569006   0.293255   0.446328   0.255232   0.362656   0.069936   0.494731   0.603269   0.575620   0.299920   0.446490   0.261611   0.372246   0.079411   0.490298   0.609185   0.578999   0.303412   0.446368   0.264968   0.380322   0.085692   0.462130   0.621947   0.578566   0.303010   0.446030   0.264589   0.386436   0.087446   0.420146   0.638279   0.574212   0.298593   0.445427   0.260357   0.390187   0.083562   0.374370   0.655288   0.566918   0.291255   0.444814   0.253337   0.391335   0.074512   0.334799   0.670263   0.558275   0.282711   0.444671   0.245188   0.390012   0.062545   0.311290   0.679644   0.550155   0.274858   0.444952   0.237728   0.386072   0.053162   0.304337   0.682048   0.545367   0.270308   0.445416   0.233418   0.380547   0.049723   0.303943   0.681183   0.543378   0.268462   0.445760   0.231678   0.375271   0.049140   0.303619   0.680415   0.541706   0.266943   0.445763   0.230250   0.370455   0.049841   0.303290   0.679804   0.540151   0.265548   0.445806   0.228942   0.366033   0.051397   0.303045   0.679268   0.538562   0.264121   0.445839   0.227604   0.362154   0.052231   0.302874   0.678738   0.537070   0.262784   0.445862   0.226351   0.358692   0.052485   0.302662   0.678265   0.535828   0.261688   0.446140   0.225326   0.355395   0.052960 397196
  8   0.163057   0.667641   0.401205   0.158593   0.245177   0.131150   0.235232   0.055634   0.302104   0.673866   0.399336   0.156957   0.244650   0.129634   0.230522   0.069864   0.302833   0.672565   0.401339   0.158196   0.245168   0.130724   0.232203   0.072301   0.303243   0.671775   0.401997   0.158615   0.246545   0.131096   0.233532   0.074516   0.303449   0.671267   0.402047   0.158656   0.247338   0.131133   0.234242   0.076648   0.307459   0.667100   0.404376   0.160160   0.247291   0.132467   0.235217   0.078502   0.332606   0.649807   0.412708   0.165705   0.246736   0.137408   0.237429   0.082037   0.385709   0.622413   0.423831   0.173311   0.245855   0.144217   0.241514   0.092635   0.447612   0.598117   0.434556   0.180855   0.245572   0.151004   0.247305   0.106727   0.500500   0.582163   0.444959   0.188365   0.246025   0.157789   0.253472   0.116054   0.531378   0.577351   0.453093   0.194365   0.246260   0.163230   0.259361   0.122049   0.531582   0.584886   0.457489   0.197664   0.246214   0.166232   0.264638   0.125622   0.503038   0.602229   0.457709   0.197832   0.245946   0.166385   0.268649   0.125427   0.455484   0.624832   0.453959   0.195000   0.245392   0.163806   0.270693   0.119713   0.399424   0.649560   0.447010   0.189813   0.244816   0.159094   0.270585   0.110508   0.346741   0.672998   0.437539   0.182902   0.244659   0.152837   0.268707   0.100419   0.311939   0.689068   0.427139   0.175515   0.244859   0.146182   0.265280   0.090818   0.299902   0.693997   0.419829   0.170457   0.245237   0.141645   0.261079   0.085867   0.299033   0.692581   0.416146   0.167987   0.245529   0.139440   0.257250   0.084936   0.298743   0.690972   0.413274   0.166087   0.245525   0.137748   0.254154   0.087221   0.298616   0.689445   0.410668   0.164380   0.245548   0.136231   0.251574   0.090178   0.298371   0.688100   0.408241   0.162803   0.245548   0.134831   0.249029   0.090084   0.297933   0.687090   0.406027   0.161380   0.245550   0.133570   0.246480   0.088949   0.297386   0.686366   0.404008   0.160101   0.245791   0.132439   0.244037   0.089232 345563
  9   0.151114   0.677580   0.452487   0.195418   0.363594   0.164408   0.250585   0.079468   0.286616   0.694342   0.465352   0.204382   0.363380   0.172462   0.243478   0.095479   0.285814   0.693250   0.467118   0.205724   0.363813   0.173686   0.239546   0.097517   0.285789   0.691628   0.468461   0.206746   0.365129   0.174619   0.237187   0.101037   0.285553   0.690186   0.468905   0.207115   0.365831   0.174961   0.235279   0.106587   0.297776   0.677747   0.478459   0.214335   0.365700   0.181539   0.237638   0.111250   0.355663   0.641744   0.502653   0.233760   0.365029   0.199424   0.243589   0.119044   0.463349   0.595617   0.528503   0.256108   0.364030   0.220256   0.248177   0.143137   0.581796   0.558452   0.550099   0.276059   0.363656   0.239071   0.252199   0.172014   0.679574   0.534833   0.568393   0.293716   0.363965   0.255850   0.257215   0.186789   0.738963   0.527018   0.581675   0.307030   0.364034   0.268586   0.263428   0.193007   0.744339   0.537644   0.588841   0.314475   0.363855   0.275754   0.270612   0.196426   0.694486   0.564766   0.588892   0.314691   0.363497   0.275990   0.278088   0.197427   0.605810   0.601428   0.581628   0.307380   0.362964   0.268990   0.284579   0.193716   0.497506   0.641663   0.568236   0.293977   0.362437   0.256171   0.288744   0.184267   0.391198   0.679797   0.550046   0.276302   0.362329   0.239351   0.290038   0.165437   0.310232   0.711188   0.525362   0.253637   0.362635   0.217995   0.287470   0.137442   0.276822   0.724343   0.505231   0.236014   0.363114   0.201528   0.279929   0.122280   0.275104   0.721516   0.496548   0.228816   0.363445   0.194866   0.271704   0.122160   0.275148   0.717526   0.491112   0.224391   0.363443   0.190782   0.265799   0.124265   0.275239   0.713939   0.486560   0.220756   0.363498   0.187439   0.261051   0.127317   0.275566   0.710727   0.482382   0.217469   0.363546   0.184424   0.257114   0.128406   0.275912   0.707948   0.478558   0.214497   0.363573   0.181703   0.253490   0.128464   0.276075   0.705507   0.475392   0.212067   0.363828   0.179483   0.249973   0.128985 195413
 10   0.125141   0.666988   0.740475   0.498913   0.930814   0.458480   0.756362   0.026973   0.308210   0.673190   0.750055   0.512687   0.930050   0.472525   0.762341   0.023648   0.308477   0.672662   0.750335   0.513079   0.930843   0.472923   0.763058   0.024389   0.308717   0.672119   0.750566   0.513416   0.932845   0.473267   0.764225   0.025144   0.308885   0.671831   0.749738   0.512193   0.934060   0.472014   0.764095   0.026050   0.309096   0.671785   0.747913   0.509505   0.934175   0.469261   0.762521   0.027215   0.313098   0.670950   0.746871   0.507985   0.933724   0.467707   0.759231   0.029462   0.325724   0.668015   0.748198   0.509969   0.932878   0.469744   0.757380   0.031640   0.344347   0.663720   0.751882   0.515456   0.932387   0.475375   0.760256   0.033521   0.362629   0.659741   0.757334   0.523641   0.932969   0.483788   0.765625   0.036183   0.375671   0.656984   0.762932   0.532137   0.933454   0.492537   0.770334   0.038266   0.378956   0.656043   0.767304   0.538836   0.933399   0.499449   0.773507   0.038863   0.370913   0.657092   0.769636   0.542431   0.932884   0.503161   0.775162   0.037628   0.354323   0.659781   0.769451   0.542143   0.931919   0.502863   0.775713   0.034544   0.334086   0.663338   0.766990   0.538345   0.931207   0.498939   0.777912   0.029316   0.317204   0.666886   0.761784   0.530349   0.931063   0.490688   0.783282   0.024540   0.309953   0.669009   0.756312   0.522000   0.931220   0.482080   0.784919   0.024221   0.309222   0.669461   0.753341   0.517512   0.931671   0.477464   0.781814   0.025523   0.309234   0.669460   0.751526   0.514793   0.932131   0.474670   0.779160   0.025609   0.309252   0.669407   0.749939   0.512428   0.932258   0.472242   0.776847   0.025340   0.309283   0.669330   0.748515   0.510319   0.932128   0.470080   0.774547   0.025321   0.309325   0.669244   0.747282   0.508501   0.931975   0.468218   0.772258   0.025638   0.309378   0.669094   0.746359   0.507145   0.932078   0.466830   0.770496   0.025649   0.309456   0.668872   0.745750   0.506254   0.932494   0.465919   0.769249   0.025522 717778
 11   0.127104   0.668703   0.718905   0.468738   0.931621   0.427862   0.661113   0.027861   0.306803   0.676341   0.732255   0.487022   0.930616   0.446342   0.664689   0.024812   0.307071   0.675273   0.733813   0.489183   0.931408   0.448531   0.663388   0.024502   0.307387   0.674229   0.735348   0.491346   0.933311   0.450728   0.663726   0.023986   0.307660   0.673428   0.735968   0.492214   0.934358   0.451608   0.664077   0.023740   0.308463   0.672757   0.735944   0.492159   0.934304   0.451548   0.663648   0.023602   0.317165   0.670335   0.738332   0.495600   0.933702   0.455059   0.662298   0.023242   0.339193   0.664438   0.745130   0.505508   0.932734   0.465186   0.664089   0.022413   0.367748   0.656872   0.755267   0.520553   0.932175   0.480617   0.672023   0.022946   0.394368   0.650193   0.767766   0.539568   0.932559   0.500209   0.681731   0.025324   0.412847   0.645738   0.780217   0.559010   0.932746   0.520337   0.689095   0.027868   0.417139   0.644390   0.790210   0.574990   0.932458   0.536955   0.694488   0.029509   0.404955   0.646344   0.796357   0.584987   0.931792   0.547384   0.699064   0.029754   0.379949   0.650818   0.798054   0.587776   0.930775   0.550299   0.704216   0.028369   0.349219   0.656431   0.795576   0.583729   0.930070   0.546074   0.712684   0.024699   0.323189   0.662563   0.786651   0.569310   0.929988   0.531051   0.724333   0.022233   0.311057   0.667018   0.775862   0.552059   0.930249   0.513112   0.729849   0.024703   0.309059   0.668438   0.769875   0.542647   0.930801   0.503356   0.727903   0.027918   0.308898   0.668762   0.766326   0.537171   0.931330   0.497699   0.725503   0.029007   0.308785   0.668995   0.763178   0.532356   0.931515   0.492733   0.723440   0.029350   0.308717   0.669165   0.760351   0.528066   0.931516   0.488315   0.721578   0.029631   0.308671   0.669304   0.757774   0.524183   0.931469   0.484322   0.719900   0.029946   0.308651   0.669373   0.755575   0.520885   0.931597   0.480934   0.718655   0.029841   0.308673   0.669350   0.753832   0.518288   0.932017   0.478268   0.717597   0.029467 665230
 12   0.134504   0.665574   0.660665   0.394458   0.748932   0.353700   0.555560   0.034725   0.307162   0.670367   0.681918   0.419359   0.747599   0.378181   0.562046   0.037339   0.307608   0.669800   0.683236   0.421033   0.748247   0.379850   0.560361   0.033863   0.308055   0.669180   0.684419   0.422548   0.750078   0.381362   0.561503   0.032176   0.308340   0.668768   0.684668   0.422874   0.751125   0.381689   0.561755   0.031623   0.308979   0.668232   0.684692   0.422905   0.751079   0.381720   0.561112   0.031292   0.317168   0.664848   0.688635   0.428075   0.750465   0.386904   0.560418   0.029369   0.340329   0.657618   0.695664   0.437333   0.749410   0.396195   0.565371   0.027076   0.372864   0.649764   0.702387   0.446290   0.749005   0.405204   0.577191   0.029052   0.404002   0.643669   0.709282   0.455632   0.749495   0.414629   0.589744   0.034837   0.425057   0.640320   0.715267   0.463870   0.749669   0.422963   0.600589   0.040693   0.428593   0.640421   0.719241   0.469406   0.749470   0.428577   0.609308   0.044574   0.413166   0.644005   0.720232   0.470817   0.749023   0.430014   0.615843   0.045510   0.384796   0.650141   0.717785   0.467431   0.748255   0.426585   0.620145   0.042949   0.352021   0.657497   0.712449   0.460047   0.747517   0.419106   0.622889   0.037264   0.324433   0.664566   0.704676   0.449361   0.747363   0.408297   0.625882   0.031158   0.310651   0.669037   0.696997   0.438917   0.747691   0.397754   0.625861   0.028982   0.308059   0.670149   0.693146   0.433745   0.748229   0.392545   0.621737   0.029180   0.308142   0.669927   0.691921   0.432124   0.748656   0.390917   0.617449   0.028792   0.308243   0.669703   0.690817   0.430682   0.748728   0.389472   0.613616   0.028599   0.308337   0.669517   0.689707   0.429244   0.748820   0.388034   0.610199   0.028886   0.308420   0.669359   0.688625   0.427853   0.748874   0.386644   0.606868   0.029410   0.308499   0.669168   0.687768   0.426757   0.748917   0.385549   0.603540   0.029660   0.308587   0.668918   0.687254   0.426109   0.749255   0.384905   0.600464   0.029898 369311
 13   0.137339   0.669153   0.609779   0.337513   0.670867   0.298137   0.390020   0.051169   0.301113   0.677064   0.640671   0.370015   0.667725   0.329500   0.393815   0.052236   0.301834   0.675870   0.644482   0.374305   0.668254   0.333686   0.390039   0.045465   0.302385   0.674875   0.647130   0.377310   0.669949   0.336622   0.389408   0.041671   0.302850   0.674037   0.648531   0.378901   0.670934   0.338176   0.389427   0.040159   0.305406   0.671063   0.652474   0.383446   0.670923   0.342631   0.390433   0.039075   0.324396   0.660320   0.666176   0.400058   0.670355   0.359060   0.392927   0.036175   0.369534   0.643929   0.683414   0.421720   0.669394   0.380621   0.399117   0.037966   0.427160   0.629325   0.698450   0.441549   0.668991   0.400533   0.408031   0.048409   0.480485   0.619071   0.713828   0.462553   0.669255   0.421762   0.416122   0.061529   0.515046   0.614823   0.726638   0.480578   0.669192   0.440080   0.424327   0.073680   0.517400   0.617741   0.734488   0.491879   0.668855   0.451613   0.433458   0.082786   0.487732   0.626808   0.735984   0.494093   0.668348   0.453883   0.443499   0.087468   0.438418   0.639523   0.730825   0.486711   0.667614   0.446358   0.453788   0.086367   0.383011   0.653522   0.720139   0.471590   0.666956   0.430973   0.463591   0.078676   0.335588   0.666494   0.704614   0.450161   0.666890   0.409270   0.473523   0.065204   0.309241   0.675519   0.687121   0.426731   0.667292   0.385673   0.478136   0.054682   0.302607   0.678389   0.676436   0.412787   0.667862   0.371698   0.475516   0.050749   0.302749   0.677780   0.672835   0.408232   0.668310   0.367159   0.471729   0.047957   0.302947   0.677106   0.670301   0.405060   0.668447   0.364003   0.468371   0.046129   0.303113   0.676508   0.668175   0.402430   0.668609   0.361394   0.465274   0.045435   0.303269   0.675971   0.666239   0.400058   0.668686   0.359044   0.462328   0.045100   0.303363   0.675521   0.664335   0.397743   0.668729   0.356753   0.459462   0.044697   0.303343   0.675208   0.662500   0.395531   0.669066   0.354568   0.456683   0.044302 185991
 14   0.141503   0.679875   0.538121   0.266575   0.523240   0.230370   0.308555   0.074252   0.288531   0.698324   0.568869   0.294254   0.521950   0.256368   0.307871   0.079884   0.287969   0.696374   0.571964   0.297276   0.522216   0.259247   0.301478   0.080885   0.288188   0.694349   0.573337   0.298686   0.523595   0.260601   0.298230   0.083110   0.288386   0.692794   0.573171   0.298568   0.524354   0.260496   0.295947   0.085647   0.298448   0.681610   0.581485   0.306694   0.524196   0.268235   0.297382   0.087370   0.350921   0.646875   0.605737   0.331908   0.523429   0.292517   0.302799   0.094325   0.453860   0.600066   0.633266   0.362535   0.522276   0.322365   0.308189   0.118915   0.570120   0.562174   0.656790   0.390583   0.521762   0.350042   0.312599   0.150614   0.667378   0.540365   0.677383   0.416305   0.521928   0.375638   0.317399   0.173614   0.727090   0.536055   0.692209   0.435592   0.521832   0.394973   0.324268   0.189582   0.731790   0.549630   0.699851   0.445916   0.521545   0.405393   0.333414   0.199758   0.680066   0.577614   0.699087   0.445155   0.521157   0.404676   0.344267   0.203272   0.589583   0.613530   0.689784   0.433129   0.520652   0.392632   0.355464   0.198887   0.482004   0.651732   0.673552   0.412348   0.520164   0.371856   0.364932   0.185842   0.381857   0.685745   0.653140   0.386885   0.520145   0.346517   0.370737   0.161289   0.310873   0.711029   0.628915   0.358045   0.520609   0.318056   0.370599   0.126888   0.283809   0.719530   0.610649   0.337178   0.521212   0.297617   0.364035   0.105138   0.282805   0.715778   0.602949   0.328829   0.521587   0.289518   0.355660   0.100550   0.282620   0.712070   0.597980   0.323573   0.521586   0.284442   0.348320   0.099827   0.282319   0.709070   0.593934   0.319371   0.521660   0.280397   0.341556   0.101149   0.282180   0.706588   0.590069   0.315412   0.521732   0.276596   0.335591   0.102066   0.282200   0.704511   0.586181   0.311471   0.521775   0.272818   0.330240   0.102593   0.282249   0.702696   0.582650   0.307930   0.522077   0.269430   0.325335   0.102927 99498
 15   0.123928   0.666532   0.754942   0.520152   0.938985   0.480220   0.785332   0.022127   0.308482   0.672087   0.765588   0.536006   0.938375   0.496492   0.795085   0.018457   0.308778   0.671230   0.767039   0.538202   0.939258   0.498751   0.798853   0.019340   0.309064   0.670440   0.768232   0.540023   0.941367   0.500628   0.803077   0.020326   0.309268   0.669929   0.768273   0.540078   0.942622   0.500683   0.805852   0.021227   0.309569   0.669644   0.767412   0.538746   0.942749   0.499308   0.806834   0.022137   0.314545   0.668258   0.767978   0.539624   0.942278   0.500215   0.805450   0.023522   0.329305   0.664403   0.771672   0.545364   0.941363   0.506151   0.806296   0.024568   0.349797   0.659348   0.777854   0.555058   0.940716   0.516194   0.812763   0.025523   0.369237   0.654922   0.785834   0.567758   0.941183   0.529389   0.820379   0.027718   0.382471   0.652076   0.793584   0.580286   0.941607   0.542442   0.826026   0.029929   0.384733   0.651373   0.799353   0.589744   0.941487   0.552322   0.829491   0.030908   0.374933   0.652854   0.802408   0.594805   0.940945   0.557620   0.831194   0.030443   0.356468   0.656031   0.802347   0.594719   0.939963   0.557533   0.832462   0.028659   0.334848   0.659849   0.799535   0.590081   0.939345   0.552682   0.838158   0.024466   0.317695   0.663801   0.792706   0.578896   0.939299   0.540999   0.847844   0.021631   0.310807   0.666427   0.785454   0.567117   0.939476   0.528716   0.850208   0.023534   0.310088   0.667144   0.781633   0.561006   0.939966   0.522361   0.846052   0.025638   0.310004   0.667346   0.779084   0.556970   0.940519   0.518172   0.842929   0.025895   0.309941   0.667479   0.776812   0.553391   0.940743   0.514461   0.840170   0.025622   0.309887   0.667591   0.774671   0.550036   0.940621   0.510986   0.837373   0.025401   0.309851   0.667678   0.772743   0.547029   0.940506   0.507873   0.834606   0.025535   0.309828   0.667705   0.771142   0.544543   0.940697   0.505303   0.832212   0.025598   0.309834   0.667667   0.769838   0.542529   0.941187   0.503221   0.830208   0.025548 1109204
 16   0.125662   0.667858   0.737346   0.494587   0.931468   0.454101   0.714821   0.024614   0.307613   0.674604   0.750403   0.513246   0.930665   0.473106   0.722265   0.021821   0.307902   0.673490   0.752411   0.516175   0.931492   0.476100   0.724382   0.021535   0.308194   0.672466   0.754175   0.518773   0.933540   0.478762   0.727622   0.021045   0.308437   0.671720   0.754819   0.519716   0.934694   0.479726   0.730025   0.020994   0.309089   0.671121   0.754768   0.519623   0.934732   0.479626   0.730944   0.021108   0.316794   0.668932   0.756997   0.522965   0.934269   0.483061   0.729764   0.021278   0.336647   0.663614   0.763291   0.532513   0.933343   0.492893   0.731790   0.020645   0.362471   0.656877   0.772746   0.547103   0.932706   0.507963   0.740502   0.020653   0.386658   0.650991   0.784457   0.565583   0.933086   0.527133   0.750257   0.022702   0.402994   0.647183   0.795830   0.583949   0.933311   0.546265   0.757435   0.024991   0.405926   0.646171   0.804607   0.598421   0.933055   0.561400   0.762527   0.026366   0.394242   0.647977   0.809783   0.607076   0.932451   0.570475   0.766418   0.026594   0.371529   0.651925   0.810908   0.608970   0.931433   0.572464   0.770543   0.025396   0.344108   0.656720   0.808393   0.604748   0.930755   0.568034   0.778953   0.022101   0.321352   0.661975   0.799824   0.590527   0.930685   0.553143   0.792403   0.020319   0.311350   0.665812   0.789769   0.574005   0.930887   0.535876   0.799075   0.023301   0.309982   0.666986   0.784502   0.565492   0.931401   0.527006   0.797109   0.026454   0.309842   0.667263   0.781361   0.560488   0.931950   0.521807   0.794961   0.027262   0.309729   0.667466   0.778569   0.556074   0.932176   0.517227   0.793117   0.027439   0.309638   0.667634   0.775988   0.552020   0.932165   0.513026   0.791462   0.027386   0.309563   0.667779   0.773645   0.548365   0.932120   0.509243   0.789688   0.027328   0.309526   0.667863   0.771631   0.545241   0.932283   0.506013   0.787865   0.027352   0.309526   0.667863   0.769990   0.542711   0.932746   0.503400   0.786410   0.027225 965473
 17   0.124934   0.669347   0.735307   0.492209   0.931384   0.451777   0.642498   0.026380   0.305915   0.677399   0.749742   0.512609   0.930517   0.472517   0.650017   0.025317   0.306365   0.675994   0.751930   0.515774   0.931399   0.475749   0.650795   0.025458   0.306715   0.674785   0.753685   0.518346   0.933447   0.478380   0.652706   0.024962   0.306952   0.673906   0.754289   0.519226   0.934587   0.479280   0.653956   0.024369   0.309011   0.672982   0.754778   0.519941   0.934608   0.480011   0.653506   0.023966   0.324904   0.669127   0.759678   0.527355   0.934126   0.487643   0.652938   0.022546   0.361208   0.660472   0.770725   0.544324   0.933236   0.505159   0.659209   0.020203   0.407704   0.649955   0.786519   0.569295   0.932612   0.531074   0.672345   0.020658   0.453627   0.640722   0.805804   0.600930   0.932857   0.564131   0.683845   0.024338   0.488441   0.634506   0.824353   0.632525   0.932912   0.597380   0.691032   0.028502   0.499678   0.632757   0.838680   0.657759   0.932472   0.624102   0.696077   0.032200   0.480699   0.635977   0.847079   0.672907   0.931687   0.640214   0.700666   0.035019   0.437345   0.642927   0.848926   0.676290   0.930561   0.643824   0.706805   0.035515   0.383550   0.651012   0.845093   0.669331   0.929828   0.636412   0.717944   0.031795   0.336887   0.659468   0.832216   0.646379   0.929737   0.612052   0.733495   0.027327   0.313093   0.666720   0.814137   0.614798   0.929964   0.578661   0.741829   0.029387   0.308133   0.669765   0.802639   0.595221   0.930516   0.558063   0.740753   0.033607   0.307864   0.670196   0.797029   0.585957   0.931115   0.548371   0.738688   0.034443   0.307687   0.670477   0.792328   0.578290   0.931427   0.540369   0.737061   0.034368   0.307532   0.670701   0.788067   0.571422   0.931489   0.533217   0.735719   0.034061   0.307470   0.670808   0.784335   0.565464   0.931488   0.527022   0.734349   0.033817   0.307506   0.670780   0.781269   0.560603   0.931685   0.521976   0.732889   0.033630   0.307569   0.670699   0.778648   0.556480   0.932171   0.517702   0.731779   0.033259 503466
 18   0.130438   0.665957   0.700069   0.444351   0.825860   0.403453   0.589812   0.038970   0.307157   0.670639   0.728836   0.482356   0.824820   0.441630   0.586153   0.042634   0.307837   0.669419   0.733991   0.489698   0.825483   0.449104   0.579644   0.038402   0.308418   0.668531   0.737268   0.494408   0.827439   0.453907   0.578363   0.036570   0.308802   0.667930   0.738758   0.496562   0.828554   0.456105   0.577990   0.036353   0.309611   0.667244   0.739780   0.498039   0.828568   0.457613   0.577587   0.035844   0.318038   0.664014   0.745945   0.507137   0.828112   0.466936   0.577919   0.032078   0.340294   0.657473   0.755775   0.521793   0.827186   0.481983   0.585748   0.025946   0.370507   0.650362   0.764523   0.535106   0.826750   0.495702   0.600929   0.024109   0.400667   0.644368   0.773493   0.549034   0.827165   0.510109   0.615422   0.027692   0.423097   0.640553   0.781444   0.561592   0.827259   0.523140   0.627704   0.032883   0.429656   0.639907   0.786778   0.570140   0.826959   0.532035   0.638446   0.037502   0.417058   0.642725   0.788421   0.572806   0.826404   0.534816   0.648204   0.040284   0.389043   0.648318   0.785689   0.568420   0.825494   0.530251   0.657298   0.039769   0.354555   0.655252   0.778903   0.557587   0.824761   0.518986   0.667523   0.035648   0.325022   0.662370   0.767144   0.539146   0.824724   0.499875   0.680201   0.030535   0.310785   0.667277   0.754908   0.520303   0.825121   0.480415   0.686641   0.029411   0.308453   0.668742   0.748718   0.510957   0.825723   0.470798   0.684555   0.030284   0.308514   0.668773   0.746283   0.507354   0.826248   0.467104   0.681023   0.029902   0.308614   0.668729   0.744353   0.504531   0.826451   0.464217   0.677362   0.029928   0.308743   0.668655   0.742785   0.502253   0.826588   0.461890   0.673603   0.030451   0.308860   0.668582   0.741467   0.500346   0.826603   0.459943   0.669514   0.031467   0.308948   0.668475   0.740453   0.498884   0.826632   0.458452   0.665527   0.032239   0.309048   0.668301   0.739794   0.497941   0.826997   0.457490   0.662007   0.032491 246746
 19   0.130808   0.667559   0.666924   0.403091   0.777048   0.362429   0.442384   0.047673   0.302739   0.673978   0.695297   0.437556   0.775435   0.396546   0.447695   0.048079   0.303476   0.673066   0.699249   0.442768   0.776053   0.401780   0.445312   0.041827   0.304019   0.672364   0.701815   0.446083   0.777880   0.405094   0.445345   0.038412   0.304464   0.671660   0.703578   0.448359   0.778935   0.407371   0.445169   0.037100   0.306316   0.669696   0.707333   0.453274   0.778954   0.412300   0.445162   0.035717   0.320653   0.662652   0.720179   0.470936   0.778444   0.430171   0.446610   0.030490   0.355804   0.651447   0.737557   0.495552   0.777529   0.455213   0.453506   0.025895   0.401859   0.640860   0.753048   0.518381   0.777100   0.478606   0.464210   0.028548   0.446247   0.632506   0.768747   0.542378   0.777325   0.503365   0.473587   0.035604   0.477471   0.627681   0.782621   0.564316   0.777199   0.526144   0.482127   0.043750   0.483602   0.627737   0.792375   0.580194   0.776743   0.542719   0.491129   0.051371   0.461630   0.632722   0.796368   0.586822   0.776068   0.549665   0.501148   0.056842   0.420058   0.641212   0.793735   0.582496   0.775145   0.545140   0.512126   0.058591   0.371562   0.651370   0.784619   0.567641   0.774437   0.529628   0.525070   0.055486   0.330322   0.661714   0.767372   0.540371   0.774432   0.501314   0.540754   0.046464   0.309288   0.669482   0.747104   0.509305   0.774895   0.469247   0.549138   0.040207   0.305036   0.672229   0.735662   0.492268   0.775552   0.451757   0.547827   0.038942   0.305320   0.672137   0.731853   0.486778   0.776107   0.446155   0.545291   0.037027   0.305611   0.671891   0.729133   0.482888   0.776354   0.442192   0.542942   0.035841   0.305871   0.671621   0.726832   0.479637   0.776551   0.438887   0.540858   0.035594   0.306083   0.671391   0.724679   0.476629   0.776604   0.435836   0.538877   0.035784   0.306210   0.671200   0.722793   0.474020   0.776644   0.433193   0.537017   0.035645   0.306270   0.671009   0.721279   0.471957   0.777006   0.431110   0.535068   0.035431 191873
 20   0.123350   0.666654   0.762274   0.531226   0.942912   0.491616   0.796594   0.020823   0.308641   0.672194   0.774494   0.549764   0.942221   0.510706   0.808749   0.016543   0.308904   0.671084   0.776756   0.553274   0.943089   0.514335   0.814256   0.017267   0.309205   0.670083   0.778629   0.556201   0.945249   0.517365   0.820046   0.018460   0.309448   0.669389   0.779260   0.557185   0.946495   0.518384   0.823933   0.019556   0.310358   0.668762   0.779387   0.557378   0.946664   0.518582   0.825378   0.020350   0.319644   0.665997   0.782454   0.562262   0.946271   0.523656   0.824788   0.020670   0.342344   0.659851   0.789899   0.574238   0.945346   0.536123   0.829377   0.020190   0.370927   0.652781   0.800212   0.591142   0.944603   0.553782   0.840608   0.020569   0.396849   0.647033   0.812335   0.611479   0.944926   0.575119   0.850995   0.022721   0.413423   0.643630   0.823526   0.630682   0.945203   0.595353   0.857929   0.024832   0.415089   0.643163   0.831792   0.645154   0.944939   0.610659   0.862008   0.026108   0.401082   0.645516   0.836492   0.653494   0.944304   0.619502   0.864159   0.026382   0.376016   0.649870   0.837345   0.655023   0.943207   0.621126   0.866215   0.025353   0.346647   0.654836   0.834792   0.650489   0.942513   0.616318   0.874317   0.022058   0.322808   0.660117   0.826375   0.635712   0.942405   0.600681   0.888457   0.020102   0.312724   0.663906   0.816568   0.618638   0.942526   0.582642   0.894933   0.022941   0.311415   0.665055   0.811382   0.609741   0.943020   0.573268   0.892560   0.026135   0.311231   0.665386   0.808161   0.604299   0.943624   0.567551   0.890137   0.027081   0.311063   0.665651   0.805249   0.599415   0.943896   0.562427   0.888147   0.027188   0.310901   0.665876   0.802524   0.594876   0.943807   0.557671   0.886509   0.026666   0.310763   0.666046   0.800120   0.590896   0.943753   0.553505   0.885114   0.025944   0.310684   0.666157   0.798091   0.587556   0.944005   0.550015   0.883538   0.025695   0.310654   0.666206   0.796386   0.584769   0.944558   0.547104   0.881987   0.025610 882328
 21   0.124433   0.667867   0.749576   0.512396   0.936335   0.472304   0.732253   0.021994   0.307696   0.674559   0.762017   0.530668   0.935623   0.491010   0.741888   0.019949   0.308032   0.673324   0.764258   0.534027   0.936556   0.494461   0.746294   0.020441   0.308365   0.672211   0.766180   0.536933   0.938697   0.497451   0.751317   0.020748   0.308631   0.671416   0.766873   0.537971   0.939910   0.498517   0.755135   0.021168   0.309870   0.670662   0.767100   0.538300   0.940001   0.498853   0.757080   0.021536   0.321001   0.667636   0.770638   0.543771   0.939606   0.504506   0.757685   0.021673   0.347188   0.660919   0.779018   0.556900   0.938735   0.518107   0.763523   0.020827   0.379826   0.653024   0.790940   0.576001   0.937998   0.537976   0.775717   0.021121   0.410116   0.646397   0.805316   0.599663   0.938260   0.562714   0.786852   0.023606   0.430832   0.642213   0.818829   0.622531   0.938417   0.586746   0.794348   0.026105   0.434400   0.641339   0.829053   0.640261   0.938081   0.605465   0.799214   0.027846   0.418946   0.643798   0.835002   0.650748   0.937411   0.616570   0.802537   0.028682   0.389950   0.648617   0.836363   0.653166   0.936337   0.619134   0.806022   0.028148   0.355252   0.654103   0.833824   0.648661   0.935678   0.614358   0.814989   0.024693   0.326067   0.659998   0.824368   0.632139   0.935624   0.596891   0.829704   0.021927   0.312876   0.664547   0.812456   0.611568   0.935807   0.575190   0.837495   0.024916   0.310897   0.666106   0.805807   0.600291   0.936333   0.563335   0.836290   0.028903   0.310657   0.666514   0.801967   0.593894   0.936939   0.556632   0.834473   0.029955   0.310450   0.666821   0.798595   0.588324   0.937237   0.550805   0.833150   0.030037   0.310264   0.667066   0.795513   0.583272   0.937207   0.545527   0.832177   0.029583   0.310114   0.667241   0.792809   0.578868   0.937152   0.540933   0.831306   0.028967   0.310033   0.667329   0.790573   0.575249   0.937368   0.537161   0.830218   0.028617   0.309988   0.667363   0.788656   0.572166   0.937880   0.533953   0.829185   0.028294 1082212
 22   0.122054   0.668192   0.755926   0.521973   0.939227   0.482157   0.716420   0.022967   0.305415   0.675199   0.767611   0.539357   0.938490   0.499996   0.728397   0.021809   0.305766   0.673989   0.769494   0.542213   0.939384   0.502937   0.733714   0.022495   0.306042   0.672935   0.771041   0.544579   0.941520   0.505376   0.739160   0.023131   0.306281   0.672172   0.771398   0.545110   0.942745   0.505921   0.742958   0.023931   0.310965   0.670819   0.772530   0.546840   0.942868   0.507705   0.743876   0.024784   0.335549   0.665454   0.779179   0.557288   0.942495   0.518534   0.746614   0.024715   0.387141   0.654993   0.792697   0.579049   0.941618   0.541193   0.758511   0.024378   0.452515   0.643283   0.811574   0.610594   0.940796   0.574269   0.774345   0.027165   0.515415   0.633573   0.833312   0.648440   0.940898   0.614262   0.786281   0.032610   0.558794   0.627708   0.852975   0.684057   0.940842   0.652181   0.793500   0.037451   0.563843   0.627399   0.867506   0.711270   0.940312   0.681335   0.797023   0.040792   0.526678   0.632709   0.875499   0.726545   0.939524   0.697764   0.798607   0.042984   0.464332   0.641316   0.876581   0.728578   0.938393   0.699943   0.801914   0.043776   0.396807   0.649902   0.871803   0.719285   0.937790   0.689915   0.813708   0.039550   0.342074   0.657962   0.858022   0.693200   0.937849   0.661914   0.831862   0.033312   0.315144   0.664231   0.841015   0.661747   0.938105   0.628299   0.839893   0.034644   0.309556   0.666666   0.831001   0.643765   0.938690   0.609189   0.837693   0.038597   0.309136   0.667272   0.825289   0.633750   0.939376   0.598593   0.836294   0.038607   0.308863   0.667707   0.820373   0.625233   0.939740   0.589604   0.836042   0.037433   0.308622   0.668040   0.815979   0.617704   0.939716   0.581672   0.836214   0.035811   0.308376   0.668302   0.812104   0.611123   0.939679   0.574751   0.836276   0.034272   0.308165   0.668494   0.808756   0.605485   0.939962   0.568832   0.835723   0.033409   0.308043   0.668574   0.805921   0.600747   0.940536   0.563864   0.834995   0.032688 404931
 23   0.122422   0.670146   0.741656   0.500920   0.939326   0.460584   0.647362   0.022583   0.302808   0.678973   0.751629   0.515360   0.938581   0.475329   0.656598   0.023821   0.303360   0.677543   0.753199   0.517675   0.939522   0.477701   0.659157   0.025064   0.303714   0.676405   0.754198   0.519152   0.941547   0.479215   0.662115   0.025540   0.303891   0.675676   0.753869   0.518654   0.942674   0.478702   0.663953   0.025933   0.311857   0.673596   0.755801   0.521515   0.942697   0.481636   0.663358   0.025964   0.350958   0.665188   0.765915   0.536942   0.942230   0.497539   0.666820   0.024454   0.433968   0.648969   0.787134   0.570673   0.941348   0.532586   0.681261   0.023844   0.541744   0.630783   0.817914   0.622434   0.940453   0.586939   0.696724   0.028454   0.646202   0.615810   0.851648   0.682748   0.940326   0.651013   0.704057   0.035094   0.716107   0.607248   0.880508   0.737417   0.940047   0.709726   0.703798   0.040126   0.720470   0.607834   0.900776   0.777636   0.939276   0.753301   0.697616   0.044222   0.657630   0.616883   0.911393   0.799304   0.938266   0.776903   0.690753   0.047880   0.555638   0.630637   0.912560   0.801654   0.937028   0.779456   0.689950   0.049837   0.447627   0.644339   0.905414   0.786859   0.936342   0.763299   0.702778   0.047113   0.361158   0.656777   0.885241   0.746385   0.936292   0.719359   0.728350   0.041311   0.315923   0.667663   0.857025   0.691893   0.936506   0.660628   0.741537   0.042681   0.304918   0.672908   0.838116   0.656946   0.937080   0.623275   0.739155   0.047312   0.304317   0.673796   0.828504   0.639934   0.937770   0.605242   0.738098   0.047151   0.304071   0.674326   0.820570   0.626163   0.938217   0.590698   0.738436   0.045528   0.304041   0.674531   0.813876   0.614724   0.938284   0.578653   0.739927   0.043212   0.304183   0.674397   0.808464   0.605594   0.938249   0.569061   0.741769   0.041269   0.304359   0.674112   0.804098   0.598325   0.938496   0.561442   0.743132   0.039878   0.304512   0.673828   0.800397   0.592245   0.939065   0.555086   0.744230   0.038471 184772
 24   0.125155   0.671037   0.711938   0.460160   0.912001   0.419364   0.509845   0.032939   0.301770   0.680616   0.728927   0.483240   0.911050   0.442667   0.514857   0.033314   0.302352   0.679203   0.731376   0.486730   0.911755   0.446221   0.511485   0.032540   0.302483   0.678369   0.732151   0.487810   0.913482   0.447315   0.510919   0.031106   0.302538   0.677718   0.732035   0.487659   0.914487   0.447164   0.511247   0.030612   0.306655   0.675480   0.735086   0.492018   0.914477   0.451607   0.512112   0.029491   0.333350   0.667566   0.747593   0.510456   0.913904   0.470504   0.518011   0.024254   0.394987   0.652983   0.768586   0.542419   0.912978   0.503461   0.534008   0.019958   0.477849   0.636444   0.795413   0.585311   0.912364   0.548092   0.553656   0.023469   0.564702   0.622026   0.825769   0.636652   0.912425   0.602075   0.567131   0.031962   0.635551   0.612253   0.852983   0.685278   0.912191   0.653732   0.574698   0.041611   0.659942   0.610167   0.872735   0.722219   0.911496   0.693312   0.580590   0.050153   0.623894   0.616546   0.883287   0.742542   0.910520   0.715207   0.586781   0.056510   0.544657   0.628644   0.884414   0.744706   0.909326   0.717537   0.595126   0.059530   0.448744   0.642715   0.876983   0.730201   0.908520   0.701871   0.609337   0.057203   0.363304   0.656455   0.857279   0.692891   0.908444   0.661806   0.632684   0.047888   0.315196   0.668970   0.827013   0.638027   0.908821   0.603371   0.645446   0.043917   0.303370   0.674945   0.806447   0.602162   0.909537   0.565453   0.641742   0.045649   0.303569   0.675042   0.799025   0.589815   0.910280   0.552516   0.637936   0.043833   0.303987   0.674800   0.793592   0.580891   0.910751   0.543188   0.635985   0.041868   0.304539   0.674317   0.789437   0.574111   0.910983   0.536110   0.635066   0.040144   0.304915   0.673924   0.785772   0.568181   0.911036   0.529930   0.634314   0.039043   0.305079   0.673668   0.782340   0.562696   0.911221   0.524226   0.633540   0.038553   0.305103   0.673510   0.779117   0.557616   0.911719   0.518956   0.632845   0.038158 179922
