timestamp=                2021-11-16T18:03:05.705880
shape=                    (5, 5)
sigma=                    2.5
nepochs=                  2
thresh=                   None
rate=                     0.00725
neighborhood function=    gaussian
init weights=             pca
topology=                 hexagonal
activation distance=      euclidean
output type=              labels
mapfile_prefix=           full2018_5x5_2_00725_3_04
apply classification=     False
seed=                     None
random order=             True
custom init file=         None
order labels by size=     False
decay_function=           3

Quantization Error=       0.34764441
Topographic Error=        0.08371891

############ NEURONS #############
 25 192
  0   0.130044   0.682480   0.603060   0.332391   0.650940   0.293305   0.384338   0.046827   0.294174   0.692651   0.630430   0.360943   0.647476   0.320829   0.389201   0.046533   0.294998   0.690955   0.633624   0.364460   0.647892   0.324249   0.385171   0.041707   0.295670   0.689580   0.635902   0.366980   0.649508   0.326702   0.384256   0.039293   0.296214   0.688464   0.636997   0.368184   0.650511   0.327873   0.383918   0.038313   0.299969   0.684465   0.641394   0.373153   0.650548   0.332729   0.384471   0.037507   0.322865   0.671900   0.654370   0.388482   0.650032   0.347831   0.386879   0.035967   0.374085   0.653096   0.670159   0.407880   0.649074   0.367077   0.393028   0.040299   0.439321   0.635847   0.685340   0.427441   0.648636   0.386656   0.401460   0.053507   0.500322   0.624110   0.700753   0.448014   0.648842   0.407384   0.409673   0.069112   0.539250   0.619877   0.712802   0.464561   0.648724   0.424143   0.419016   0.082894   0.541191   0.624198   0.719286   0.473629   0.648395   0.433358   0.429836   0.093076   0.506194   0.635919   0.718933   0.473144   0.647969   0.432866   0.441569   0.097851   0.448873   0.651809   0.711722   0.463135   0.647312   0.422707   0.452960   0.095418   0.386199   0.668452   0.699409   0.446365   0.646677   0.405747   0.462532   0.085192   0.333720   0.682754   0.684277   0.426293   0.646599   0.385548   0.470160   0.068317   0.304490   0.691895   0.668994   0.406615   0.646946   0.365853   0.472607   0.054268   0.296681   0.694420   0.659597   0.394813   0.647477   0.354095   0.468997   0.048582   0.296553   0.693483   0.656008   0.390445   0.647924   0.349769   0.464059   0.045993   0.296438   0.692619   0.653320   0.387221   0.648046   0.346584   0.459479   0.044517   0.296280   0.691901   0.651079   0.384569   0.648176   0.343971   0.455085   0.044183   0.296192   0.691288   0.648939   0.382054   0.648220   0.341495   0.450819   0.043944   0.296171   0.690735   0.646791   0.379544   0.648240   0.339028   0.446735   0.043563   0.296160   0.690235   0.644809   0.377243   0.648569   0.336768   0.443089   0.043302 162481
  1   0.136306   0.677895   0.578826   0.306846   0.578221   0.268633   0.403565   0.036932   0.299240   0.684158   0.591817   0.318583   0.577306   0.279647   0.407931   0.040161   0.299804   0.683512   0.592442   0.319184   0.577829   0.280218   0.407458   0.036463   0.300216   0.682809   0.592933   0.319670   0.579401   0.280682   0.408144   0.035349   0.300457   0.682316   0.592771   0.319487   0.580384   0.280503   0.408777   0.035163   0.302294   0.680512   0.593830   0.320566   0.580395   0.281538   0.409463   0.035271   0.317674   0.673187   0.599510   0.326567   0.579841   0.287332   0.411881   0.034493   0.354573   0.660900   0.606926   0.334536   0.578888   0.295049   0.419529   0.036335   0.400680   0.649328   0.613656   0.341910   0.578507   0.302216   0.431618   0.043414   0.438276   0.642011   0.620246   0.349244   0.578874   0.309364   0.443931   0.052320   0.456627   0.640028   0.624974   0.354581   0.578993   0.314578   0.454831   0.059829   0.452204   0.643198   0.627003   0.356893   0.578843   0.316841   0.463549   0.064188   0.428627   0.650338   0.626003   0.355755   0.578490   0.315728   0.469516   0.064593   0.393681   0.659754   0.622000   0.351220   0.577856   0.311294   0.472371   0.060398   0.355619   0.669946   0.615847   0.344328   0.577216   0.304569   0.472257   0.052544   0.323426   0.679257   0.608761   0.336508   0.577077   0.296960   0.470103   0.043940   0.305382   0.685200   0.602300   0.329485   0.577334   0.290145   0.466153   0.038825   0.300742   0.686687   0.598948   0.325889   0.577790   0.286663   0.461000   0.037637   0.300601   0.686195   0.597901   0.324795   0.578182   0.285609   0.456226   0.037531   0.300508   0.685756   0.596824   0.323678   0.578248   0.284534   0.452108   0.037928   0.300419   0.685386   0.595774   0.322594   0.578312   0.283492   0.448374   0.038606   0.300357   0.685035   0.594779   0.321569   0.578326   0.282507   0.444862   0.038995   0.300308   0.684706   0.593834   0.320597   0.578340   0.281573   0.441513   0.039265   0.300235   0.684394   0.593127   0.319883   0.578624   0.280888   0.438294   0.039708 349837
  2   0.148506   0.678957   0.469087   0.209031   0.369090   0.176847   0.286700   0.046131   0.298075   0.686115   0.475995   0.213756   0.368459   0.181072   0.285616   0.052379   0.298515   0.685353   0.476316   0.213955   0.368880   0.181247   0.285818   0.052811   0.298777   0.684616   0.476791   0.214302   0.370260   0.181560   0.286135   0.053873   0.298968   0.683989   0.476949   0.214420   0.371129   0.181668   0.286311   0.055713   0.301879   0.681120   0.478597   0.215715   0.371110   0.182855   0.287051   0.057316   0.322066   0.669564   0.484838   0.220749   0.370575   0.187494   0.289605   0.058568   0.366600   0.650512   0.493487   0.227892   0.369691   0.194101   0.295058   0.065023   0.419677   0.632825   0.502671   0.235657   0.369343   0.201313   0.302751   0.077290   0.463203   0.621452   0.511825   0.243529   0.369687   0.208646   0.310926   0.088752   0.485782   0.618447   0.518823   0.249658   0.369822   0.214375   0.318464   0.097709   0.482935   0.623921   0.522584   0.253023   0.369706   0.217533   0.324487   0.103948   0.457937   0.635768   0.522596   0.253069   0.369390   0.217582   0.328455   0.105941   0.418819   0.650942   0.518857   0.249758   0.368817   0.214481   0.329965   0.101739   0.373750   0.667253   0.512133   0.243831   0.368232   0.208935   0.329086   0.091881   0.332260   0.682565   0.503556   0.236402   0.368100   0.202005   0.326284   0.079423   0.306060   0.692849   0.494880   0.229050   0.368336   0.195174   0.321746   0.069497   0.297791   0.695758   0.489429   0.224512   0.368759   0.190970   0.316606   0.065727   0.297229   0.694883   0.486996   0.222527   0.369119   0.189136   0.312226   0.065507   0.296936   0.693981   0.484878   0.220822   0.369176   0.187566   0.308595   0.066625   0.296685   0.693173   0.482938   0.219277   0.369232   0.186146   0.305422   0.067893   0.296440   0.692407   0.481242   0.217934   0.369243   0.184912   0.302437   0.068021   0.296200   0.691718   0.479671   0.216698   0.369251   0.183779   0.299537   0.067743   0.295935   0.691154   0.478273   0.215612   0.369503   0.182785   0.296742   0.068009 384179
  3   0.153841   0.679988   0.413896   0.169130   0.266867   0.140748   0.236411   0.054513   0.295891   0.687889   0.408420   0.165022   0.266366   0.137012   0.230807   0.065395   0.296588   0.686757   0.409210   0.165505   0.266796   0.137436   0.232124   0.067918   0.296966   0.685980   0.409334   0.165575   0.268116   0.137497   0.233226   0.070270   0.297128   0.685443   0.409027   0.165369   0.268945   0.137313   0.233795   0.072605   0.301429   0.681130   0.410940   0.166639   0.268942   0.138445   0.234707   0.074666   0.326723   0.664867   0.418056   0.171490   0.268432   0.142789   0.236982   0.078021   0.379198   0.639776   0.427721   0.178254   0.267586   0.148872   0.241207   0.088128   0.440142   0.617385   0.437777   0.185467   0.267275   0.155388   0.247119   0.102027   0.491670   0.602732   0.447830   0.192826   0.267653   0.162057   0.253553   0.111757   0.521039   0.598669   0.455759   0.198748   0.267828   0.167444   0.259708   0.118565   0.520595   0.606121   0.460012   0.201994   0.267752   0.170407   0.264988   0.123218   0.492309   0.622295   0.460201   0.202150   0.267477   0.170552   0.268653   0.124122   0.445362   0.643116   0.456452   0.199285   0.266925   0.167936   0.270153   0.119230   0.390623   0.665455   0.449592   0.194090   0.266357   0.163200   0.269422   0.109915   0.339682   0.686311   0.440490   0.187341   0.266223   0.157069   0.266860   0.099073   0.306373   0.700445   0.430756   0.180302   0.266423   0.150703   0.262892   0.089210   0.295081   0.704503   0.424110   0.175604   0.266802   0.146470   0.258484   0.084632   0.294261   0.703030   0.420806   0.173329   0.267124   0.144429   0.254690   0.084223   0.294045   0.701421   0.418087   0.171476   0.267162   0.142771   0.251699   0.086053   0.293966   0.699946   0.415517   0.169746   0.267201   0.141225   0.249233   0.087925   0.293628   0.698753   0.413098   0.168140   0.267194   0.139793   0.246685   0.087333   0.293142   0.697819   0.410914   0.166704   0.267187   0.138514   0.243933   0.086479   0.292682   0.697011   0.409013   0.165467   0.267418   0.137416   0.241239   0.086917 356174
  4   0.155412   0.685833   0.370551   0.141980   0.201018   0.116768   0.198727   0.096512   0.286587   0.698673   0.352494   0.130698   0.200541   0.106806   0.190163   0.132427   0.287723   0.696082   0.354135   0.131598   0.200951   0.107582   0.191389   0.139416   0.288351   0.694434   0.354657   0.131885   0.202176   0.107830   0.192445   0.145189   0.288628   0.693347   0.354373   0.131714   0.202920   0.107681   0.193111   0.151504   0.298006   0.685067   0.357809   0.133693   0.202908   0.109404   0.194411   0.156974   0.341226   0.658662   0.368032   0.139824   0.202414   0.114779   0.196656   0.167490   0.422167   0.621034   0.380979   0.147909   0.201603   0.121915   0.199266   0.186410   0.513385   0.587276   0.393991   0.156301   0.201381   0.129363   0.202586   0.201756   0.592312   0.563437   0.406413   0.164543   0.201821   0.136714   0.206171   0.206422   0.641968   0.554384   0.416379   0.171329   0.202025   0.142793   0.209668   0.207722   0.648132   0.563428   0.422227   0.175395   0.201994   0.146448   0.213240   0.208757   0.610267   0.587854   0.423197   0.176081   0.201766   0.147068   0.216319   0.208000   0.540899   0.621141   0.419197   0.173280   0.201252   0.144547   0.218017   0.202268   0.454937   0.658478   0.410930   0.167558   0.200701   0.139407   0.217890   0.193523   0.369969   0.694666   0.398789   0.159381   0.200529   0.132095   0.216194   0.185139   0.306815   0.721594   0.384107   0.149832   0.200654   0.123607   0.213178   0.174510   0.281152   0.730663   0.372914   0.142796   0.200966   0.117389   0.209407   0.167805   0.279178   0.727425   0.367082   0.139270   0.201235   0.114293   0.205738   0.167347   0.279029   0.723606   0.362698   0.136670   0.201232   0.112018   0.202683   0.170131   0.279316   0.720086   0.358779   0.134376   0.201257   0.110016   0.200318   0.173006   0.279247   0.717247   0.355205   0.132311   0.201249   0.108216   0.197926   0.171501   0.278571   0.715202   0.352013   0.130484   0.201228   0.106626   0.195205   0.169067   0.278103   0.713257   0.349464   0.129039   0.201433   0.105372   0.192692   0.169072 223343
  5   0.121594   0.678557   0.699541   0.446024   0.833935   0.405294   0.531812   0.038719   0.299496   0.684921   0.724578   0.479170   0.832713   0.438628   0.530811   0.039888   0.300251   0.683554   0.729435   0.485990   0.833231   0.445559   0.525457   0.036453   0.300878   0.682564   0.732370   0.490120   0.835086   0.449757   0.524508   0.034747   0.301359   0.681776   0.734072   0.492518   0.836263   0.452196   0.524132   0.034585   0.302814   0.680492   0.736147   0.495463   0.836382   0.455195   0.523955   0.033701   0.313754   0.676194   0.744069   0.507021   0.836054   0.467024   0.525678   0.029250   0.340119   0.668672   0.755562   0.524051   0.835275   0.484504   0.535099   0.023776   0.375030   0.660735   0.766166   0.540172   0.834880   0.501128   0.550364   0.023434   0.409292   0.654120   0.777179   0.557342   0.835217   0.518920   0.564624   0.027973   0.434322   0.650052   0.786725   0.572562   0.835232   0.534756   0.577436   0.034026   0.441219   0.649574   0.793042   0.582811   0.834902   0.545455   0.589255   0.039529   0.426814   0.652762   0.795161   0.586285   0.834326   0.549089   0.600253   0.042824   0.396005   0.658685   0.792572   0.582062   0.833365   0.544676   0.610555   0.042443   0.357283   0.666053   0.785599   0.570780   0.832579   0.532905   0.621823   0.038099   0.322682   0.673811   0.772674   0.550329   0.832506   0.511656   0.635677   0.031335   0.304931   0.679713   0.757596   0.526997   0.832827   0.487513   0.642956   0.028740   0.301601   0.681776   0.749133   0.514190   0.833389   0.474317   0.640565   0.029516   0.301668   0.681783   0.746059   0.509661   0.833943   0.469674   0.636203   0.029330   0.301791   0.681690   0.743671   0.506186   0.834196   0.466120   0.632069   0.029576   0.301935   0.681587   0.741533   0.503106   0.834335   0.462976   0.628472   0.030257   0.302055   0.681500   0.739583   0.500313   0.834318   0.460126   0.625036   0.031178   0.302166   0.681345   0.738069   0.498149   0.834344   0.457920   0.621875   0.031633   0.302276   0.681129   0.736947   0.496552   0.834713   0.456294   0.619203   0.031659 242049
  6   0.130827   0.677331   0.629088   0.359911   0.683236   0.319897   0.493401   0.032909   0.300868   0.683084   0.642037   0.373621   0.681993   0.333140   0.500009   0.035386   0.301402   0.682468   0.642664   0.374314   0.682536   0.333814   0.498995   0.032565   0.301874   0.681733   0.643824   0.375653   0.684201   0.335128   0.499459   0.031030   0.302158   0.681244   0.644025   0.375884   0.685241   0.335355   0.499677   0.030571   0.303245   0.680316   0.644204   0.376094   0.685251   0.335561   0.499626   0.030240   0.313936   0.675892   0.647925   0.380536   0.684695   0.339944   0.500566   0.028974   0.341682   0.667469   0.654127   0.387986   0.683712   0.347303   0.507016   0.029055   0.378435   0.658850   0.660386   0.395592   0.683300   0.354833   0.518984   0.033608   0.410700   0.652779   0.666646   0.403295   0.683680   0.362476   0.531593   0.040661   0.429309   0.650167   0.671505   0.409344   0.683791   0.368491   0.542554   0.046715   0.429206   0.651303   0.674234   0.412772   0.683605   0.371905   0.550856   0.050384   0.411172   0.655782   0.674266   0.412813   0.683219   0.371947   0.556198   0.050929   0.381571   0.662510   0.671312   0.409106   0.682544   0.368256   0.558507   0.047769   0.348332   0.670285   0.666059   0.402558   0.681858   0.361743   0.558236   0.041416   0.320145   0.677634   0.659400   0.394336   0.681705   0.353580   0.556971   0.034630   0.305319   0.682275   0.653098   0.386630   0.681983   0.345943   0.553808   0.031519   0.302164   0.683391   0.649930   0.382790   0.682470   0.342144   0.548696   0.031336   0.302203   0.683055   0.648991   0.381674   0.682887   0.341043   0.544001   0.031318   0.302281   0.682713   0.648076   0.380594   0.682965   0.339980   0.540099   0.031511   0.302354   0.682414   0.647111   0.379459   0.683043   0.338863   0.536885   0.031863   0.302401   0.682176   0.646069   0.378238   0.683074   0.337662   0.533857   0.032282   0.302438   0.681928   0.645162   0.377177   0.683099   0.336619   0.530852   0.032535   0.302471   0.681648   0.644540   0.376455   0.683401   0.335911   0.528114   0.032526 345800
  7   0.142032   0.679693   0.522082   0.253101   0.467228   0.217684   0.333812   0.039321   0.297551   0.687567   0.535765   0.264278   0.466331   0.227999   0.335910   0.043196   0.298123   0.686755   0.536002   0.264449   0.466799   0.228152   0.335654   0.040942   0.298391   0.686044   0.536036   0.264465   0.468258   0.228165   0.335547   0.040692   0.298537   0.685507   0.535757   0.264209   0.469173   0.227924   0.335270   0.041228   0.301596   0.682247   0.537893   0.266123   0.469165   0.229719   0.335985   0.041673   0.322994   0.670164   0.545676   0.273342   0.468597   0.236534   0.338893   0.041668   0.371226   0.650870   0.555004   0.282240   0.467648   0.244972   0.345829   0.046343   0.428966   0.633143   0.563707   0.290770   0.467265   0.253101   0.356229   0.057268   0.475220   0.622079   0.572257   0.299318   0.467595   0.261277   0.366910   0.068648   0.497503   0.619557   0.578470   0.305659   0.467690   0.267365   0.376753   0.077741   0.490710   0.625813   0.581238   0.308548   0.467537   0.270150   0.385074   0.083858   0.460162   0.638354   0.580157   0.307461   0.467202   0.269109   0.391233   0.085336   0.416577   0.653776   0.575323   0.302499   0.466616   0.264341   0.394697   0.080946   0.369822   0.669547   0.567822   0.294885   0.466020   0.257039   0.395197   0.071373   0.329779   0.683343   0.559313   0.286422   0.465896   0.248951   0.392931   0.059145   0.305755   0.692110   0.551521   0.278847   0.466156   0.241743   0.387963   0.049776   0.298420   0.694379   0.547001   0.274537   0.466597   0.237655   0.381668   0.046388   0.297882   0.693521   0.545154   0.272820   0.466962   0.236034   0.376032   0.046176   0.297449   0.692811   0.543435   0.271249   0.467009   0.234555   0.371092   0.047071   0.297013   0.692246   0.541779   0.269749   0.467064   0.233146   0.366504   0.048188   0.296705   0.691690   0.540237   0.268356   0.467078   0.231836   0.362273   0.048752   0.296505   0.691160   0.538739   0.267009   0.467088   0.230572   0.358365   0.048896   0.296287   0.690707   0.537386   0.265800   0.467357   0.229438   0.354749   0.049130 368934
  8   0.143214   0.688815   0.464120   0.206006   0.366423   0.174201   0.255309   0.073520   0.283327   0.705757   0.473519   0.212756   0.366206   0.180299   0.249719   0.085614   0.282564   0.704625   0.473871   0.213046   0.366560   0.180567   0.246406   0.087792   0.282233   0.703289   0.474092   0.213234   0.367867   0.180742   0.243835   0.090858   0.281905   0.702032   0.473730   0.212981   0.368632   0.180515   0.241561   0.095767   0.293995   0.690254   0.481699   0.219112   0.368547   0.186121   0.242741   0.100221   0.350818   0.656106   0.502252   0.235794   0.367915   0.201516   0.247108   0.109956   0.457828   0.611151   0.525600   0.256093   0.366910   0.220472   0.250270   0.136399   0.578390   0.572872   0.547330   0.276119   0.366497   0.239362   0.252702   0.165752   0.680509   0.547215   0.566300   0.294379   0.366737   0.256720   0.256032   0.180247   0.744606   0.537858   0.580486   0.308572   0.366705   0.270304   0.260720   0.186806   0.753577   0.548030   0.588540   0.316930   0.366481   0.278356   0.266955   0.191469   0.704510   0.575705   0.589070   0.317644   0.366142   0.279071   0.274373   0.193382   0.612589   0.613975   0.581781   0.310289   0.365616   0.272020   0.281337   0.189737   0.498853   0.656046   0.568062   0.296528   0.365113   0.258843   0.285941   0.179781   0.388197   0.695106   0.549416   0.278367   0.365065   0.241540   0.287468   0.160441   0.305450   0.725918   0.524982   0.255851   0.365394   0.220295   0.285038   0.131268   0.271617   0.738058   0.505499   0.238725   0.365891   0.204269   0.277887   0.114177   0.269741   0.734749   0.497022   0.231647   0.366262   0.197705   0.270085   0.113005   0.269814   0.730424   0.491665   0.227255   0.366283   0.193645   0.264251   0.114790   0.269919   0.726565   0.487233   0.223687   0.366341   0.190357   0.259370   0.117661   0.270203   0.723212   0.483115   0.220424   0.366379   0.187358   0.255203   0.118212   0.270378   0.720504   0.479226   0.217375   0.366390   0.184560   0.251199   0.117373   0.270480   0.718032   0.475936   0.214836   0.366641   0.182237   0.247364   0.117422 221499
  9   0.145271   0.685026   0.422631   0.176612   0.268937   0.147681   0.220330   0.200629   0.271021   0.697205   0.409073   0.167362   0.270455   0.139388   0.211559   0.326011   0.270319   0.694382   0.410757   0.168522   0.270734   0.140430   0.212303   0.345700   0.269972   0.692054   0.411849   0.169292   0.271894   0.141125   0.213088   0.357942   0.269396   0.690420   0.411943   0.169389   0.272551   0.141218   0.213784   0.371427   0.283768   0.684194   0.414118   0.170872   0.272447   0.142547   0.214275   0.381609   0.348635   0.661729   0.423638   0.177461   0.271885   0.148471   0.216546   0.378828   0.463747   0.626462   0.439085   0.188560   0.271024   0.158514   0.219605   0.381049   0.585857   0.593659   0.455675   0.201014   0.270842   0.169870   0.222030   0.391868   0.685257   0.569793   0.471080   0.213006   0.271339   0.180872   0.224369   0.389834   0.748661   0.557940   0.483074   0.222652   0.271551   0.189773   0.226361   0.383005   0.763496   0.561502   0.490134   0.228471   0.271535   0.195165   0.228206   0.377572   0.726780   0.580291   0.491440   0.229560   0.271327   0.196176   0.229815   0.373387   0.647227   0.610235   0.486695   0.225624   0.270849   0.192525   0.230691   0.367276   0.536192   0.648264   0.476139   0.217032   0.270282   0.184581   0.230207   0.361869   0.413763   0.689598   0.459937   0.204288   0.270028   0.172867   0.228242   0.362967   0.307389   0.725842   0.439600   0.188943   0.270080   0.158863   0.224547   0.371378   0.257717   0.739811   0.425236   0.178495   0.270373   0.149388   0.219994   0.384252   0.253787   0.734528   0.419778   0.174737   0.270637   0.146013   0.216313   0.394554   0.253755   0.728083   0.416193   0.172323   0.270610   0.143852   0.213636   0.404126   0.253894   0.722436   0.413152   0.170300   0.270653   0.142046   0.211565   0.411922   0.254053   0.717688   0.410482   0.168537   0.270697   0.140473   0.209618   0.412705   0.253964   0.713754   0.408186   0.167033   0.270710   0.139133   0.207602   0.410999   0.253866   0.710258   0.406358   0.165850   0.270933   0.138082   0.205870   0.411307 120444
 10   0.119203   0.681043   0.718158   0.470437   0.933344   0.429804   0.605602   0.026466   0.299610   0.690040   0.730469   0.487313   0.932303   0.446878   0.611233   0.024975   0.300036   0.688672   0.731972   0.489417   0.932966   0.449015   0.610394   0.024641   0.300378   0.687425   0.733394   0.491429   0.934848   0.451063   0.611187   0.023781   0.300664   0.686445   0.733961   0.492239   0.935924   0.451889   0.612017   0.023299   0.302591   0.685307   0.734694   0.493275   0.935976   0.452944   0.611816   0.022822   0.317593   0.681261   0.739478   0.500188   0.935527   0.460006   0.612304   0.021363   0.353015   0.672387   0.749931   0.515532   0.934549   0.475726   0.618642   0.019958   0.399002   0.661548   0.765013   0.538237   0.933945   0.499099   0.631215   0.021603   0.444128   0.652031   0.783571   0.567159   0.934225   0.529061   0.642682   0.025382   0.478849   0.645420   0.801846   0.596704   0.934224   0.559879   0.650084   0.029080   0.490857   0.643241   0.816500   0.621202   0.933782   0.585593   0.655618   0.031865   0.472712   0.646275   0.825681   0.636926   0.932991   0.602172   0.660356   0.033257   0.430709   0.653376   0.828571   0.641940   0.931793   0.607470   0.665763   0.033101   0.377684   0.661884   0.825984   0.637441   0.930965   0.602714   0.675024   0.029773   0.330881   0.670862   0.814406   0.617650   0.930850   0.581855   0.688656   0.024944   0.307139   0.678405   0.797055   0.588600   0.931099   0.551357   0.696406   0.026247   0.302279   0.681422   0.785740   0.570143   0.931708   0.532074   0.695438   0.030672   0.302107   0.681788   0.780137   0.561250   0.932333   0.522831   0.693410   0.032103   0.302012   0.682028   0.775307   0.553677   0.932602   0.514977   0.691989   0.032448   0.301972   0.682177   0.771049   0.547073   0.932700   0.508142   0.690790   0.032361   0.301942   0.682283   0.767222   0.541199   0.932763   0.502075   0.689741   0.032173   0.301892   0.682371   0.763778   0.535957   0.932950   0.496669   0.688795   0.031960   0.301874   0.682378   0.760831   0.531508   0.933417   0.492087   0.688041   0.031553 360850
 11   0.122104   0.679417   0.698469   0.443745   0.927756   0.402848   0.582556   0.024466   0.300723   0.687031   0.710562   0.459573   0.926649   0.418729   0.585736   0.023553   0.300995   0.686108   0.711718   0.461100   0.927165   0.420262   0.583862   0.023203   0.301276   0.685198   0.712901   0.462686   0.928838   0.421860   0.584246   0.022220   0.301528   0.684488   0.713297   0.463216   0.929859   0.422394   0.584874   0.021861   0.302094   0.683919   0.713089   0.462927   0.929991   0.422101   0.584931   0.021855   0.309016   0.682036   0.715173   0.465786   0.929716   0.424994   0.583961   0.021492   0.327532   0.677240   0.721356   0.474346   0.929029   0.433669   0.585718   0.020297   0.352210   0.670801   0.730545   0.487271   0.928675   0.446807   0.593830   0.020145   0.375501   0.664897   0.741771   0.503420   0.929119   0.463290   0.604757   0.021756   0.392279   0.660700   0.753157   0.520207   0.929309   0.480503   0.613932   0.023518   0.397454   0.659061   0.762606   0.534463   0.929088   0.495182   0.620722   0.024754   0.388671   0.660270   0.768524   0.543555   0.928498   0.504575   0.626677   0.025195   0.367919   0.663814   0.770130   0.546073   0.927439   0.507187   0.633245   0.024247   0.340632   0.668481   0.767846   0.542588   0.926638   0.503592   0.642587   0.021173   0.316491   0.673966   0.759063   0.529226   0.926456   0.489811   0.654203   0.019226   0.304895   0.678411   0.747908   0.512414   0.926619   0.472502   0.659635   0.021974   0.303008   0.679954   0.741700   0.503219   0.927164   0.463067   0.658160   0.025444   0.302886   0.680230   0.738338   0.498345   0.927764   0.458084   0.656099   0.026563   0.302813   0.680414   0.735463   0.494216   0.928067   0.453872   0.654313   0.026788   0.302822   0.680528   0.732865   0.490516   0.928175   0.450102   0.652864   0.026990   0.302887   0.680600   0.730512   0.487183   0.928176   0.446709   0.651273   0.027578   0.302989   0.680604   0.728485   0.484326   0.928277   0.443805   0.649907   0.028146   0.303117   0.680527   0.726839   0.482017   0.928631   0.441459   0.649111   0.028360 330308
 12   0.124835   0.677754   0.674197   0.413203   0.778101   0.372412   0.578622   0.030935   0.300997   0.683964   0.689828   0.432201   0.776935   0.391224   0.586491   0.032140   0.301515   0.683497   0.689688   0.432059   0.777540   0.391090   0.586000   0.029923   0.301958   0.682926   0.689952   0.432428   0.779311   0.391464   0.587234   0.028964   0.302267   0.682473   0.689647   0.432047   0.780427   0.391085   0.587618   0.028776   0.303160   0.681802   0.689194   0.431474   0.780462   0.390514   0.587280   0.028460   0.312163   0.678545   0.691585   0.434665   0.779893   0.393727   0.587241   0.027060   0.336244   0.671798   0.696685   0.441433   0.778877   0.400534   0.592284   0.026309   0.369204   0.664408   0.702491   0.449170   0.778434   0.408322   0.603177   0.029562   0.399947   0.658668   0.708851   0.457745   0.778805   0.416973   0.614689   0.035322   0.420391   0.655426   0.714606   0.465603   0.778891   0.424919   0.624440   0.040520   0.423849   0.655372   0.718647   0.471174   0.778656   0.430562   0.631864   0.043910   0.408342   0.658629   0.719896   0.472897   0.778211   0.432307   0.636822   0.044577   0.379615   0.664374   0.717782   0.469952   0.777475   0.429320   0.639324   0.041811   0.346598   0.671285   0.712970   0.463304   0.776766   0.422583   0.639991   0.036048   0.318767   0.677873   0.706121   0.453916   0.776641   0.413084   0.640750   0.029817   0.304788   0.681912   0.699415   0.444803   0.776956   0.403877   0.639338   0.026959   0.302221   0.682780   0.696074   0.440307   0.777478   0.399344   0.634813   0.026618   0.302309   0.682469   0.695019   0.438911   0.777923   0.397941   0.630331   0.026340   0.302413   0.682160   0.694048   0.437638   0.778010   0.396664   0.626398   0.026307   0.302514   0.681893   0.693049   0.436336   0.778079   0.395359   0.622906   0.026594   0.302615   0.681682   0.691970   0.434938   0.778097   0.393958   0.619521   0.027210   0.302682   0.681504   0.690900   0.433561   0.778129   0.392581   0.616183   0.027651   0.302737   0.681295   0.690050   0.432475   0.778455   0.391496   0.613165   0.027923 312091
 13   0.125550   0.678610   0.652471   0.387613   0.756388   0.347209   0.448592   0.041347   0.297845   0.685293   0.677087   0.416473   0.754455   0.375611   0.455363   0.040432   0.298486   0.684250   0.680644   0.420924   0.754911   0.380043   0.452528   0.036199   0.299117   0.683264   0.683861   0.424937   0.756639   0.384033   0.451950   0.033733   0.299674   0.682388   0.686167   0.427823   0.757707   0.386906   0.451215   0.032694   0.301407   0.680637   0.689446   0.431982   0.757788   0.391056   0.450640   0.031594   0.313684   0.674809   0.699444   0.445164   0.757420   0.404301   0.451126   0.027647   0.343354   0.665422   0.712862   0.463270   0.756612   0.422569   0.457036   0.024283   0.383212   0.656126   0.725133   0.480376   0.756251   0.439935   0.467611   0.026922   0.423611   0.648394   0.738163   0.499138   0.756553   0.459095   0.477500   0.033603   0.453190   0.643728   0.749987   0.516693   0.756482   0.477127   0.486661   0.041123   0.459237   0.643662   0.758286   0.529342   0.756109   0.490184   0.495864   0.047768   0.439756   0.648149   0.761465   0.534273   0.755551   0.495292   0.505667   0.052217   0.403578   0.655724   0.758703   0.530052   0.754660   0.490931   0.516005   0.053068   0.361103   0.664716   0.750586   0.517725   0.753865   0.478215   0.526910   0.048972   0.324023   0.673729   0.736704   0.497176   0.753740   0.457119   0.539290   0.039990   0.304452   0.680456   0.720524   0.473867   0.754063   0.433312   0.545543   0.034646   0.300328   0.682885   0.710955   0.460417   0.754635   0.419639   0.543354   0.034314   0.300426   0.682889   0.707420   0.455599   0.755181   0.414769   0.540051   0.033248   0.300545   0.682803   0.704573   0.451766   0.755426   0.410903   0.537318   0.032477   0.300654   0.682713   0.702011   0.448354   0.755616   0.407469   0.535085   0.032216   0.300727   0.682646   0.699593   0.445156   0.755657   0.404253   0.532913   0.032176   0.300778   0.682533   0.697584   0.442511   0.755676   0.401597   0.530686   0.032094   0.300839   0.682342   0.696061   0.440519   0.756015   0.399599   0.528655   0.031898 227349
 14   0.133449   0.691903   0.545785   0.275749   0.524100   0.239186   0.311964   0.073535   0.283298   0.711318   0.576078   0.304050   0.522878   0.265953   0.313825   0.078947   0.282727   0.709007   0.578295   0.306287   0.523038   0.268098   0.307093   0.082115   0.282761   0.706962   0.578806   0.306853   0.524356   0.268651   0.303656   0.084463   0.282592   0.705629   0.577880   0.305965   0.525132   0.267806   0.300956   0.086887   0.293118   0.694735   0.585119   0.313136   0.525011   0.274658   0.300910   0.088698   0.346986   0.660542   0.606771   0.335875   0.524289   0.296613   0.304162   0.098769   0.452321   0.613204   0.632881   0.365148   0.523120   0.325206   0.307315   0.128681   0.572938   0.573333   0.657813   0.394878   0.522530   0.354572   0.309145   0.164519   0.675259   0.550078   0.680066   0.422740   0.522583   0.382336   0.311181   0.190458   0.739419   0.545177   0.696082   0.443689   0.522357   0.403378   0.315672   0.208116   0.749124   0.558080   0.704460   0.455048   0.521998   0.414863   0.323228   0.219160   0.702014   0.585901   0.704200   0.454932   0.521621   0.414789   0.333013   0.223482   0.611185   0.623093   0.694985   0.442904   0.521131   0.402712   0.343365   0.219660   0.497169   0.663900   0.678077   0.421111   0.520667   0.380877   0.352412   0.206144   0.387215   0.700969   0.656250   0.393763   0.520706   0.353614   0.358031   0.178325   0.306428   0.728774   0.630208   0.362598   0.521207   0.322801   0.357842   0.137013   0.274623   0.738007   0.610520   0.339993   0.521862   0.300619   0.351166   0.110668   0.273486   0.733339   0.602213   0.330944   0.522311   0.291825   0.342651   0.105895   0.273465   0.728800   0.596914   0.325335   0.522346   0.286402   0.335361   0.105245   0.273169   0.725175   0.592673   0.320928   0.522436   0.282157   0.328567   0.106186   0.273019   0.722241   0.588625   0.316776   0.522514   0.278165   0.322546   0.106478   0.273162   0.719770   0.584557   0.312648   0.522554   0.274204   0.317197   0.106279   0.273397   0.717508   0.580960   0.309028   0.522852   0.270736   0.312367   0.106385 97658
 15   0.121439   0.677871   0.710556   0.459648   0.910266   0.418818   0.681345   0.025075   0.302370   0.684222   0.720490   0.472975   0.909499   0.432248   0.684868   0.024069   0.302650   0.683796   0.720493   0.472978   0.910128   0.432252   0.684290   0.024121   0.302895   0.683293   0.720681   0.473256   0.911915   0.432536   0.684487   0.023782   0.303096   0.682979   0.720022   0.472370   0.913061   0.431643   0.684042   0.024027   0.303369   0.682845   0.718535   0.470339   0.913180   0.429590   0.682627   0.024593   0.307616   0.681744   0.718165   0.469866   0.912770   0.429117   0.679855   0.025475   0.321043   0.678320   0.720412   0.473025   0.911960   0.432328   0.678857   0.026297   0.340647   0.673557   0.724976   0.479422   0.911535   0.438826   0.682737   0.027912   0.359900   0.669196   0.731161   0.488166   0.911993   0.447722   0.688708   0.030671   0.374002   0.666112   0.737566   0.497332   0.912266   0.457069   0.693770   0.033173   0.377635   0.665046   0.742830   0.504958   0.912155   0.464862   0.697404   0.034380   0.369026   0.666254   0.745828   0.509333   0.911693   0.469340   0.699841   0.033836   0.351336   0.669316   0.745904   0.509435   0.910809   0.469443   0.701706   0.031320   0.330170   0.673286   0.743345   0.505675   0.910095   0.465590   0.704874   0.026663   0.312589   0.677340   0.737713   0.497455   0.909942   0.457178   0.710033   0.023013   0.304573   0.679867   0.731860   0.488977   0.910129   0.448514   0.711209   0.023218   0.303531   0.680399   0.728896   0.484735   0.910610   0.444189   0.708014   0.024475   0.303582   0.680374   0.727244   0.482397   0.911093   0.441809   0.705260   0.024811   0.303622   0.680321   0.725792   0.480352   0.911257   0.439731   0.702824   0.024872   0.303658   0.680262   0.724466   0.478496   0.911250   0.437846   0.700503   0.025133   0.303711   0.680208   0.723213   0.476752   0.911160   0.436077   0.698183   0.025793   0.303760   0.680113   0.722184   0.475324   0.911198   0.434629   0.696180   0.026213   0.303823   0.679958   0.721449   0.474306   0.911528   0.433598   0.694515   0.026408 519062
 16   0.120060   0.679071   0.721280   0.474381   0.931134   0.433732   0.680082   0.023875   0.301390   0.686258   0.732753   0.490233   0.930225   0.449792   0.684166   0.021848   0.301708   0.685178   0.734480   0.492664   0.930874   0.452262   0.684472   0.021612   0.302011   0.684154   0.736114   0.494984   0.932729   0.454625   0.686174   0.020951   0.302253   0.683386   0.736772   0.495923   0.933830   0.455581   0.687454   0.020493   0.302887   0.682725   0.736805   0.495959   0.933910   0.455617   0.687600   0.020201   0.310243   0.680481   0.739010   0.499131   0.933542   0.458854   0.685921   0.020029   0.329923   0.675096   0.745032   0.507889   0.932731   0.467810   0.687197   0.019562   0.356093   0.668240   0.754181   0.521415   0.932231   0.481684   0.694574   0.020240   0.380892   0.662185   0.765591   0.538647   0.932635   0.499430   0.703068   0.022697   0.398570   0.658098   0.776841   0.556025   0.932824   0.517401   0.709415   0.025153   0.403352   0.656772   0.785886   0.570290   0.932569   0.532210   0.713813   0.026615   0.392968   0.658419   0.791548   0.579356   0.931981   0.541648   0.717238   0.027009   0.370478   0.662474   0.793164   0.581965   0.930974   0.544368   0.720839   0.026092   0.342098   0.667594   0.791120   0.578676   0.930241   0.540941   0.727963   0.022809   0.317319   0.673189   0.783128   0.565940   0.930144   0.527694   0.740103   0.019915   0.305651   0.677396   0.772897   0.549793   0.930371   0.510930   0.746476   0.021977   0.303833   0.678793   0.767052   0.540716   0.930908   0.501533   0.744350   0.025395   0.303715   0.679060   0.763745   0.535665   0.931462   0.496322   0.741830   0.026542   0.303617   0.679267   0.760774   0.531165   0.931688   0.491685   0.739906   0.026810   0.303528   0.679439   0.758048   0.527062   0.931718   0.487463   0.738252   0.026814   0.303466   0.679575   0.755566   0.523354   0.931699   0.483652   0.736631   0.026857   0.303436   0.679661   0.753385   0.520113   0.931828   0.480324   0.735166   0.026791   0.303431   0.679690   0.751531   0.517371   0.932244   0.477512   0.733927   0.026746 747389
 17   0.117825   0.679411   0.739150   0.499752   0.934427   0.459566   0.703076   0.022024   0.300938   0.686882   0.749508   0.514600   0.933674   0.474711   0.710322   0.021105   0.301300   0.685709   0.751085   0.516885   0.934463   0.477047   0.713239   0.021277   0.301641   0.684622   0.752591   0.519090   0.936506   0.479304   0.716982   0.020965   0.301925   0.683803   0.753109   0.519843   0.937751   0.480074   0.719628   0.021066   0.303424   0.682812   0.753605   0.520557   0.937920   0.480803   0.720246   0.021122   0.315832   0.679219   0.757872   0.526932   0.937595   0.487355   0.719875   0.020753   0.345009   0.671791   0.767179   0.541079   0.936769   0.501942   0.725059   0.020020   0.381818   0.663220   0.780187   0.561350   0.936112   0.522939   0.736105   0.020836   0.416647   0.656006   0.795657   0.586167   0.936400   0.548784   0.746073   0.023796   0.440990   0.651410   0.810199   0.610186   0.936531   0.573936   0.752852   0.026958   0.447159   0.650256   0.821416   0.629202   0.936180   0.593944   0.757436   0.029421   0.432922   0.652587   0.828282   0.641058   0.935462   0.606463   0.760783   0.030796   0.401987   0.657686   0.830297   0.644574   0.934309   0.610183   0.764056   0.030579   0.362186   0.663914   0.827994   0.640564   0.933518   0.605943   0.771704   0.027396   0.325916   0.670710   0.818412   0.624118   0.933404   0.588597   0.785235   0.023204   0.307458   0.676512   0.804277   0.600241   0.933594   0.563490   0.793124   0.024823   0.303996   0.678954   0.794989   0.584867   0.934126   0.547386   0.791861   0.029032   0.303672   0.679436   0.790180   0.577089   0.934731   0.539273   0.789626   0.030118   0.303432   0.679767   0.786048   0.570476   0.935030   0.532390   0.788044   0.030085   0.303244   0.680012   0.782345   0.564608   0.935059   0.526292   0.786639   0.029574   0.303104   0.680179   0.779109   0.559519   0.935060   0.521013   0.785284   0.028940   0.303028   0.680250   0.776396   0.555278   0.935273   0.516617   0.783848   0.028459   0.302982   0.680264   0.774074   0.551669   0.935755   0.512881   0.782460   0.027974 781082
 18   0.115448   0.680726   0.741470   0.503298   0.934131   0.463224   0.675064   0.025860   0.298123   0.689340   0.751837   0.518211   0.933388   0.478447   0.682554   0.025309   0.298690   0.687930   0.753236   0.520240   0.934278   0.480521   0.683807   0.025144   0.299022   0.686802   0.754282   0.521773   0.936375   0.482091   0.686181   0.024730   0.299279   0.685963   0.754372   0.521898   0.937615   0.482218   0.687556   0.024620   0.304125   0.684138   0.756019   0.524316   0.937720   0.484694   0.687178   0.024086   0.329592   0.677895   0.763649   0.535847   0.937265   0.496572   0.688624   0.022888   0.383272   0.666351   0.777819   0.557859   0.936335   0.519361   0.697798   0.022905   0.453843   0.653171   0.797487   0.589606   0.935597   0.552467   0.710604   0.026697   0.524781   0.641737   0.820578   0.628510   0.935650   0.593363   0.719666   0.032868   0.576768   0.634454   0.841963   0.666103   0.935524   0.633198   0.724674   0.038740   0.589987   0.633335   0.858001   0.695336   0.934966   0.664387   0.727655   0.043353   0.557259   0.638590   0.867072   0.712289   0.934081   0.682561   0.730388   0.046287   0.491482   0.648263   0.868760   0.715498   0.932858   0.686011   0.734826   0.046782   0.412626   0.659550   0.863336   0.705302   0.932065   0.675071   0.744297   0.043044   0.344489   0.670457   0.848385   0.677742   0.931976   0.645605   0.759322   0.036114   0.308555   0.679291   0.827237   0.639866   0.932245   0.605329   0.766048   0.035212   0.300189   0.683219   0.812559   0.614384   0.932876   0.578391   0.763131   0.038695   0.299821   0.683699   0.805195   0.602049   0.933561   0.565440   0.761236   0.039073   0.299668   0.683958   0.799031   0.591882   0.933908   0.554795   0.760121   0.038300   0.299618   0.684076   0.793681   0.583164   0.933990   0.545688   0.759385   0.037117   0.299650   0.684076   0.789065   0.575719   0.934036   0.537926   0.758644   0.035894   0.299695   0.684019   0.785159   0.569481   0.934276   0.531435   0.757644   0.034870   0.299663   0.683955   0.781767   0.564130   0.934789   0.525879   0.756337   0.033990 321314
 19   0.117350   0.682592   0.710899   0.461431   0.902290   0.420860   0.516811   0.033774   0.295316   0.692856   0.726123   0.482575   0.901152   0.442309   0.520400   0.033592   0.296039   0.691266   0.728466   0.486036   0.901814   0.445857   0.516571   0.032146   0.296494   0.690055   0.729796   0.487972   0.903757   0.447836   0.516448   0.030823   0.296909   0.688985   0.730558   0.489102   0.904908   0.448994   0.517375   0.030437   0.302547   0.685930   0.734985   0.495299   0.905012   0.455298   0.518695   0.029076   0.332971   0.676712   0.748688   0.515207   0.904567   0.475675   0.525647   0.024357   0.401639   0.660949   0.770352   0.547936   0.903559   0.509408   0.542159   0.021829   0.494090   0.643584   0.797757   0.591500   0.902808   0.554733   0.558925   0.027045   0.589708   0.628714   0.827875   0.642278   0.902736   0.608140   0.568280   0.036251   0.661613   0.619438   0.854245   0.689267   0.902360   0.658074   0.572521   0.046404   0.679076   0.618803   0.872848   0.723960   0.901620   0.695257   0.575444   0.055953   0.634405   0.626636   0.882202   0.741936   0.900635   0.714634   0.579731   0.062935   0.544722   0.640295   0.881792   0.741199   0.899377   0.713851   0.587486   0.065350   0.440475   0.655436   0.872652   0.723705   0.898634   0.695009   0.603417   0.060156   0.353160   0.669595   0.851486   0.684376   0.898745   0.652887   0.628722   0.047401   0.307439   0.681896   0.821492   0.630874   0.899261   0.596019   0.643080   0.040850   0.297397   0.687526   0.801439   0.596500   0.900120   0.559757   0.641580   0.041357   0.297455   0.687789   0.793040   0.582723   0.900980   0.545345   0.639002   0.040076   0.297677   0.687743   0.786474   0.572126   0.901427   0.534293   0.637070   0.038873   0.297973   0.687540   0.781053   0.563524   0.901597   0.525350   0.635440   0.038088   0.298198   0.687341   0.776301   0.556097   0.901642   0.517650   0.633736   0.037374   0.298431   0.687008   0.772335   0.549951   0.901812   0.511288   0.632166   0.036581   0.298749   0.686495   0.769273   0.545238   0.902282   0.506416   0.630610   0.035705 111072
 20   0.119676   0.677314   0.730021   0.486382   0.936869   0.445876   0.733439   0.020598   0.302578   0.682979   0.738485   0.498302   0.936186   0.457994   0.738203   0.018983   0.302864   0.682329   0.739423   0.499626   0.936933   0.459340   0.740610   0.019380   0.303125   0.681679   0.740284   0.500859   0.938852   0.460597   0.743663   0.019738   0.303320   0.681256   0.740163   0.500680   0.940072   0.460414   0.745645   0.020212   0.303553   0.681025   0.739207   0.499296   0.940284   0.459000   0.746214   0.020636   0.307437   0.679898   0.739365   0.499522   0.940005   0.459230   0.744483   0.021865   0.319390   0.676775   0.742076   0.503459   0.939278   0.463255   0.744096   0.023344   0.336643   0.672597   0.746890   0.510508   0.938710   0.470473   0.748504   0.024883   0.353476   0.668845   0.753320   0.520041   0.939127   0.480256   0.754459   0.027489   0.365162   0.666392   0.759666   0.529574   0.939516   0.490063   0.759043   0.030100   0.367131   0.665806   0.764358   0.536710   0.939470   0.497420   0.761923   0.031418   0.358642   0.667135   0.766570   0.540101   0.939029   0.500923   0.763393   0.031323   0.343055   0.669871   0.765921   0.539120   0.938127   0.499912   0.764333   0.029583   0.325076   0.673130   0.762997   0.534665   0.937487   0.495317   0.768019   0.025454   0.310560   0.676521   0.756986   0.525567   0.937379   0.485943   0.773846   0.022149   0.304497   0.678711   0.750859   0.516365   0.937514   0.476478   0.773906   0.023051   0.303966   0.679232   0.747624   0.511573   0.937953   0.471560   0.769631   0.024779   0.303936   0.679362   0.745403   0.508309   0.938454   0.468216   0.766644   0.024891   0.303914   0.679432   0.743435   0.505432   0.938656   0.465272   0.764022   0.024469   0.303914   0.679484   0.741628   0.502806   0.938533   0.462587   0.761227   0.024386   0.303918   0.679515   0.740031   0.500495   0.938361   0.460226   0.758475   0.024614   0.303929   0.679484   0.738750   0.498647   0.938442   0.458339   0.756259   0.024613   0.303963   0.679392   0.737769   0.497238   0.938806   0.456901   0.754561   0.024499 824075
 21   0.118472   0.677973   0.738576   0.498579   0.940064   0.458303   0.747214   0.018603   0.302006   0.684148   0.747615   0.511584   0.939368   0.471576   0.752663   0.017377   0.302363   0.683233   0.749149   0.513821   0.940157   0.473865   0.755648   0.018309   0.302713   0.682358   0.750564   0.515895   0.942191   0.475990   0.759370   0.018918   0.302994   0.681725   0.750959   0.516471   0.943478   0.476579   0.762064   0.019435   0.303505   0.681204   0.750692   0.516065   0.943728   0.476161   0.763458   0.019652   0.309568   0.679279   0.752302   0.518438   0.943466   0.478592   0.762817   0.020221   0.325988   0.674814   0.757164   0.525695   0.942688   0.486049   0.764924   0.020619   0.348070   0.669317   0.764545   0.536879   0.942036   0.497573   0.772647   0.021481   0.369233   0.664507   0.773886   0.551287   0.942388   0.512469   0.780911   0.023801   0.383818   0.661344   0.783033   0.565661   0.942683   0.527379   0.786864   0.025958   0.386250   0.660535   0.790111   0.576970   0.942512   0.539148   0.790585   0.027021   0.375656   0.662116   0.794229   0.583623   0.941968   0.546085   0.792707   0.027021   0.355946   0.665494   0.794897   0.584714   0.940962   0.547224   0.794617   0.026067   0.332558   0.669580   0.792512   0.580857   0.940283   0.543202   0.801123   0.022875   0.313284   0.674053   0.785092   0.568962   0.940201   0.530816   0.812528   0.020485   0.305137   0.677238   0.776624   0.555507   0.940351   0.516830   0.815861   0.022632   0.304233   0.678152   0.772159   0.548526   0.940814   0.509595   0.811528   0.025218   0.304100   0.678394   0.769269   0.544063   0.941351   0.504981   0.808695   0.025694   0.303993   0.678568   0.766685   0.540100   0.941577   0.500888   0.806343   0.025556   0.303903   0.678710   0.764283   0.536438   0.941484   0.497110   0.804096   0.025336   0.303847   0.678811   0.762141   0.533188   0.941372   0.493761   0.801950   0.025127   0.303825   0.678844   0.760370   0.530515   0.941521   0.491008   0.800080   0.024810   0.303836   0.678813   0.758951   0.528382   0.941962   0.488814   0.798389   0.024554 1281776
 22   0.116506   0.678490   0.754007   0.521192   0.942572   0.481462   0.770163   0.019073   0.301710   0.685113   0.763017   0.534597   0.941984   0.495228   0.777078   0.017891   0.302052   0.684092   0.764455   0.536766   0.942867   0.497461   0.781042   0.018575   0.302389   0.683145   0.765727   0.538695   0.945003   0.499449   0.785565   0.019083   0.302674   0.682439   0.766010   0.539122   0.946380   0.499889   0.788613   0.019709   0.303684   0.681667   0.765992   0.539081   0.946698   0.499844   0.789975   0.020079   0.312474   0.678958   0.768678   0.543195   0.946437   0.504092   0.789658   0.020555   0.333977   0.673324   0.775208   0.553326   0.945623   0.514576   0.792908   0.020727   0.361564   0.666817   0.784438   0.567909   0.944872   0.529720   0.801285   0.021801   0.387196   0.661344   0.795594   0.585905   0.945119   0.548479   0.809358   0.024573   0.404271   0.657874   0.806199   0.603373   0.945357   0.566760   0.815047   0.027087   0.406891   0.657081   0.814283   0.616941   0.945103   0.581010   0.818595   0.028441   0.394219   0.658995   0.819001   0.624963   0.944476   0.589456   0.820677   0.028678   0.370383   0.662983   0.819936   0.626568   0.943394   0.591148   0.822621   0.027664   0.341190   0.667815   0.817484   0.622386   0.942691   0.586742   0.829663   0.023908   0.316401   0.673165   0.808984   0.608056   0.942605   0.571681   0.843105   0.020445   0.305640   0.677075   0.798803   0.591073   0.942761   0.553866   0.848882   0.022040   0.304351   0.678258   0.793291   0.582039   0.943265   0.544419   0.845617   0.024859   0.304157   0.678567   0.789824   0.576440   0.943847   0.538582   0.843038   0.025653   0.303983   0.678816   0.786673   0.571392   0.944088   0.533327   0.840810   0.025731   0.303841   0.679006   0.783743   0.566731   0.943950   0.528480   0.838809   0.025337   0.303755   0.679104   0.781209   0.562723   0.943830   0.524317   0.837104   0.024810   0.303716   0.679119   0.779131   0.559455   0.944020   0.520927   0.835529   0.024450   0.303703   0.679098   0.777362   0.556688   0.944496   0.518059   0.833993   0.024264 1033711
 23   0.114740   0.679553   0.762893   0.534669   0.938621   0.495352   0.755250   0.021642   0.300303   0.687116   0.770763   0.546572   0.938069   0.507614   0.764382   0.021594   0.300761   0.685901   0.771897   0.548304   0.939090   0.509400   0.768805   0.022228   0.301142   0.684836   0.772900   0.549844   0.941358   0.510992   0.773680   0.022637   0.301462   0.684028   0.772916   0.549859   0.942746   0.511005   0.777113   0.023136   0.305285   0.682341   0.774255   0.551910   0.942999   0.513123   0.777978   0.023165   0.325619   0.676812   0.781178   0.562783   0.942651   0.524400   0.779869   0.022736   0.366585   0.667421   0.793631   0.582800   0.941781   0.545255   0.789188   0.022778   0.415354   0.657821   0.809431   0.608996   0.940937   0.572706   0.801741   0.025406   0.458663   0.650371   0.826838   0.638799   0.941015   0.604126   0.811342   0.029781   0.485529   0.646152   0.842417   0.666309   0.941098   0.633297   0.817697   0.033406   0.488744   0.645795   0.853925   0.687181   0.940676   0.655542   0.821623   0.035886   0.466491   0.649290   0.860343   0.699026   0.939834   0.668207   0.824228   0.037304   0.424529   0.655687   0.861194   0.700616   0.938553   0.669911   0.827142   0.037129   0.373426   0.663047   0.857042   0.692927   0.937784   0.661684   0.835779   0.033249   0.328695   0.670877   0.844485   0.670094   0.937736   0.637337   0.850221   0.028137   0.307249   0.677223   0.828123   0.640918   0.937972   0.606343   0.855701   0.029272   0.303693   0.679718   0.818043   0.623411   0.938565   0.587836   0.851889   0.033008   0.303268   0.680265   0.812434   0.613901   0.939226   0.577830   0.849300   0.033542   0.302965   0.680623   0.807627   0.605851   0.939545   0.569378   0.847571   0.033064   0.302758   0.680853   0.803366   0.598780   0.939462   0.561968   0.846267   0.032090   0.302634   0.680959   0.799754   0.592830   0.939392   0.555741   0.845084   0.031011   0.302570   0.680962   0.796780   0.587964   0.939660   0.550655   0.843713   0.030330   0.302478   0.680959   0.794145   0.583689   0.940223   0.546193   0.842219   0.029913 662132
 24   0.112863   0.681081   0.764062   0.536510   0.935975   0.497262   0.723030   0.024250   0.297705   0.689940   0.769887   0.545316   0.935524   0.506332   0.733100   0.026093   0.298501   0.688410   0.770705   0.546560   0.936730   0.507615   0.736482   0.026925   0.299034   0.687195   0.771305   0.547476   0.939003   0.508561   0.740383   0.026849   0.299430   0.686276   0.771025   0.547027   0.940441   0.508093   0.743461   0.026587   0.308807   0.683098   0.774653   0.552637   0.940626   0.513895   0.744713   0.025610   0.349053   0.673299   0.787522   0.573079   0.940142   0.535147   0.751290   0.024030   0.427350   0.657688   0.808889   0.608399   0.939187   0.572141   0.767952   0.025028   0.525804   0.641526   0.836106   0.655704   0.938187   0.622162   0.783566   0.030533   0.618735   0.628721   0.864442   0.707612   0.937964   0.677600   0.791699   0.037246   0.674546   0.622233   0.887975   0.752848   0.937723   0.726357   0.794011   0.042273   0.665699   0.624476   0.903504   0.783874   0.937026   0.760042   0.792835   0.046136   0.602182   0.633626   0.910362   0.797951   0.935977   0.775406   0.792232   0.049043   0.513659   0.645883   0.908750   0.794791   0.934568   0.771987   0.795840   0.049983   0.420982   0.658642   0.899265   0.775720   0.933767   0.751254   0.807214   0.047282   0.345699   0.670454   0.879127   0.736072   0.933757   0.708323   0.825704   0.041416   0.307939   0.679978   0.853860   0.687912   0.934051   0.656496   0.831957   0.040809   0.300409   0.684250   0.837292   0.657535   0.934699   0.624049   0.827004   0.043356   0.299947   0.684882   0.828580   0.642135   0.935427   0.607713   0.826240   0.042541   0.299665   0.685267   0.821314   0.629508   0.935852   0.594364   0.826365   0.041099   0.299507   0.685474   0.815071   0.618814   0.935853   0.583086   0.826301   0.039237   0.299480   0.685502   0.809822   0.609931   0.935815   0.573741   0.825996   0.037477   0.299464   0.685421   0.805411   0.602547   0.936126   0.565988   0.825294   0.036319   0.299362   0.685351   0.801452   0.596000   0.936757   0.559131   0.824096   0.035468 288356
