timestamp=                2021-11-10T14:09:32.034662
shape=                    (5, 5)
sigma=                    2.5
nepochs=                  6
thresh=                   None
rate=                     0.01
neighborhood function=    gaussian
init weights=             pca
topology=                 hexagonal
activation distance=      euclidean
output type=              labels
mapfile_prefix=           full2020_5x5_6_01_3_01
apply classification=     False
seed=                     None
random order=             True
custom init file=         None
order labels by size=     False
decay_function=           3

############ NEURONS #############
 25 192
  0   0.142656   0.697745   0.572744   0.307031   0.566681   0.269399   0.416704   0.036994   0.304038   0.704757   0.587749   0.321270   0.565164   0.282919   0.417623   0.040678   0.304575   0.704126   0.588162   0.321667   0.565967   0.283297   0.416358   0.038684   0.304844   0.703583   0.587883   0.321381   0.568213   0.283021   0.416745   0.038941   0.304936   0.703248   0.587019   0.320499   0.569494   0.282172   0.416433   0.039648   0.308044   0.700361   0.589064   0.322554   0.569425   0.284143   0.417050   0.040143   0.330545   0.690244   0.597060   0.330899   0.568641   0.292202   0.421584   0.039062   0.379990   0.675297   0.605600   0.340037   0.567295   0.301063   0.431796   0.041473   0.439203   0.662045   0.612783   0.347893   0.566797   0.308712   0.445901   0.050779   0.487374   0.653890   0.619821   0.355703   0.567288   0.316336   0.459951   0.061736   0.511129   0.652089   0.624687   0.361175   0.567515   0.321690   0.472073   0.070854   0.504989   0.656519   0.626593   0.363332   0.567508   0.323804   0.481073   0.076339   0.472965   0.665611   0.625007   0.361525   0.567135   0.322032   0.486104   0.076675   0.427812   0.676680   0.620400   0.356318   0.566300   0.316932   0.486837   0.071110   0.380432   0.687899   0.614177   0.349374   0.565560   0.310147   0.483854   0.061152   0.339044   0.698238   0.607219   0.341733   0.565482   0.302702   0.478426   0.050327   0.313585   0.705733   0.599961   0.333882   0.565830   0.295074   0.471030   0.043704   0.305730   0.708375   0.595481   0.329108   0.566415   0.290447   0.462820   0.042060   0.305047   0.708197   0.593778   0.327352   0.566796   0.288756   0.455630   0.041885   0.304625   0.707889   0.592227   0.325764   0.566697   0.287228   0.449566   0.042305   0.304308   0.707548   0.590829   0.324339   0.566639   0.285858   0.444222   0.042940   0.304102   0.707196   0.589340   0.322824   0.566533   0.284402   0.439344   0.043145   0.303947   0.706862   0.587919   0.321389   0.566512   0.283024   0.434727   0.043173   0.303793   0.706540   0.586789   0.320262   0.566929   0.281944   0.430425   0.043342 306511
  1   0.148054   0.698153   0.526892   0.263398   0.470054   0.227930   0.360032   0.037966   0.303477   0.705522   0.536163   0.271151   0.468644   0.235130   0.358488   0.042723   0.304019   0.704830   0.536041   0.271017   0.469395   0.234999   0.358425   0.042420   0.304206   0.704322   0.535577   0.270594   0.471509   0.234600   0.358651   0.043193   0.304204   0.704099   0.534441   0.269573   0.472716   0.233639   0.358079   0.044499   0.307750   0.700689   0.536743   0.271640   0.472634   0.235584   0.359175   0.045413   0.332139   0.688501   0.544994   0.279308   0.471866   0.242839   0.363905   0.044898   0.384336   0.670330   0.553585   0.287516   0.470563   0.250642   0.372899   0.048759   0.444450   0.654379   0.561204   0.294945   0.470081   0.257731   0.385312   0.059483   0.489964   0.645377   0.568597   0.302246   0.470558   0.264711   0.397871   0.071280   0.509120   0.644465   0.573666   0.307318   0.470784   0.269574   0.408627   0.081365   0.499350   0.650988   0.575754   0.309424   0.470785   0.271596   0.416392   0.087929   0.467633   0.662254   0.574551   0.308193   0.470445   0.270411   0.420438   0.088934   0.425729   0.674967   0.570479   0.304064   0.469662   0.266445   0.420435   0.083510   0.380682   0.687802   0.564547   0.298121   0.468959   0.260747   0.416970   0.073057   0.339983   0.699696   0.557511   0.291194   0.468890   0.254126   0.411255   0.060913   0.313889   0.708310   0.550182   0.284109   0.469236   0.247377   0.403808   0.052042   0.305055   0.711408   0.545369   0.279540   0.469804   0.243038   0.395808   0.048692   0.303944   0.711256   0.543181   0.277521   0.470162   0.241131   0.388967   0.048180   0.303253   0.710938   0.541247   0.275754   0.470051   0.239464   0.383239   0.048947   0.302727   0.710584   0.539423   0.274103   0.469986   0.237909   0.378207   0.050087   0.302357   0.710189   0.537513   0.272377   0.469876   0.236285   0.373632   0.050297   0.302024   0.709877   0.535555   0.270614   0.469845   0.234626   0.369323   0.050180   0.301739   0.709548   0.533926   0.269161   0.470233   0.233261   0.365375   0.050350 292811
  2   0.159791   0.698440   0.422744   0.180678   0.274956   0.151701   0.260044   0.048810   0.301902   0.705815   0.413133   0.173494   0.274080   0.145156   0.252008   0.062046   0.302372   0.704833   0.413748   0.173876   0.274738   0.145492   0.253193   0.065655   0.302531   0.704167   0.413941   0.174007   0.276628   0.145610   0.253954   0.069501   0.302750   0.703656   0.413424   0.173658   0.277715   0.145298   0.254275   0.073150   0.307582   0.699159   0.415556   0.175088   0.277640   0.146577   0.255362   0.076153   0.334943   0.682750   0.423074   0.180318   0.276941   0.151285   0.258513   0.079346   0.390404   0.658171   0.432670   0.187196   0.275763   0.157508   0.263851   0.088313   0.452971   0.637030   0.442608   0.194481   0.275339   0.164125   0.271096   0.101448   0.502448   0.625164   0.451989   0.201482   0.275822   0.170504   0.279013   0.111629   0.527396   0.624385   0.458729   0.206596   0.276096   0.175176   0.286353   0.119996   0.523344   0.633329   0.462152   0.209227   0.276146   0.177586   0.291927   0.126313   0.494387   0.648475   0.461973   0.209092   0.275856   0.177462   0.294680   0.127816   0.450906   0.665909   0.458526   0.206427   0.275145   0.175019   0.294443   0.122528   0.399591   0.684508   0.452518   0.201820   0.274514   0.170803   0.291759   0.112620   0.348810   0.702995   0.444261   0.195606   0.274456   0.165134   0.287354   0.101073   0.313993   0.716551   0.434883   0.188710   0.274755   0.158867   0.281665   0.090450   0.301366   0.721294   0.427980   0.183749   0.275262   0.154376   0.275661   0.085240   0.299692   0.720840   0.424041   0.181000   0.275594   0.151900   0.270402   0.084644   0.298866   0.719998   0.420754   0.178736   0.275493   0.149865   0.266010   0.087406   0.298496   0.718924   0.417806   0.176720   0.275404   0.148056   0.262377   0.090429   0.298084   0.718007   0.414861   0.174724   0.275258   0.146267   0.258906   0.089698   0.297561   0.717289   0.412108   0.172874   0.275197   0.144611   0.255516   0.088091   0.297089   0.716574   0.409817   0.171346   0.275526   0.143244   0.252628   0.088363 279809
  3   0.161319   0.705884   0.370897   0.146979   0.204304   0.121689   0.213473   0.069562   0.291316   0.720016   0.350810   0.134319   0.203432   0.110472   0.202233   0.092104   0.291937   0.718147   0.351802   0.134866   0.204045   0.110946   0.203057   0.099781   0.291847   0.717105   0.351793   0.134859   0.205841   0.110939   0.203229   0.107929   0.291949   0.716245   0.351023   0.134414   0.206844   0.110551   0.203106   0.114983   0.303356   0.705223   0.356233   0.137417   0.206751   0.113171   0.204709   0.120420   0.352109   0.672991   0.369647   0.145512   0.206077   0.120289   0.207901   0.130625   0.439242   0.630685   0.384343   0.154847   0.204948   0.128568   0.211304   0.149247   0.534767   0.594599   0.398511   0.164161   0.204596   0.136875   0.215932   0.164593   0.614706   0.571117   0.411608   0.173025   0.205113   0.144820   0.221282   0.170038   0.662438   0.564718   0.421784   0.180099   0.205371   0.151190   0.226834   0.173403   0.665155   0.577066   0.427682   0.184289   0.205418   0.154977   0.232203   0.177105   0.622040   0.604626   0.428326   0.184755   0.205149   0.155400   0.236372   0.177941   0.548518   0.639597   0.423933   0.181619   0.204470   0.152564   0.238311   0.171879   0.460918   0.677153   0.415755   0.175852   0.203846   0.147359   0.237841   0.161913   0.375643   0.713080   0.403903   0.167698   0.203745   0.140029   0.235468   0.152058   0.313742   0.739565   0.389166   0.157890   0.203978   0.131262   0.231370   0.139498   0.288757   0.748947   0.377275   0.150239   0.204415   0.124462   0.226027   0.130440   0.286123   0.746739   0.370418   0.145993   0.204691   0.120713   0.220595   0.128813   0.285458   0.743751   0.365166   0.142807   0.204557   0.117910   0.216076   0.132439   0.285345   0.740801   0.360448   0.139983   0.204465   0.115430   0.212491   0.136058   0.285172   0.738305   0.356022   0.137362   0.204326   0.113134   0.209068   0.134211   0.284668   0.736412   0.352110   0.135075   0.204251   0.111133   0.205701   0.131199   0.284026   0.734859   0.348897   0.133214   0.204543   0.109508   0.202768   0.131378 242568
  4   0.156809   0.705943   0.385929   0.157021   0.207992   0.130669   0.214668   0.163783   0.279395   0.719828   0.358747   0.139557   0.207906   0.115142   0.201651   0.259291   0.279262   0.716863   0.359795   0.140170   0.208460   0.115678   0.201360   0.281800   0.278708   0.714405   0.360539   0.140616   0.210136   0.116070   0.201543   0.302830   0.278360   0.712588   0.360198   0.140414   0.210983   0.115892   0.201794   0.322378   0.296327   0.703982   0.362792   0.141974   0.210784   0.117264   0.202337   0.335813   0.364841   0.676334   0.373338   0.148546   0.210071   0.123077   0.204605   0.342501   0.479137   0.635789   0.388835   0.158554   0.208929   0.131982   0.207799   0.351412   0.600105   0.598425   0.405217   0.169555   0.208640   0.141836   0.211075   0.359022   0.699452   0.571288   0.420571   0.180245   0.209259   0.151471   0.214386   0.354303   0.761149   0.558915   0.432389   0.188732   0.209590   0.159161   0.217432   0.346424   0.772209   0.564892   0.439487   0.193956   0.209692   0.163914   0.220202   0.341429   0.730720   0.588366   0.440921   0.195037   0.209481   0.164902   0.222399   0.337718   0.647301   0.623605   0.436396   0.191708   0.208869   0.161873   0.223274   0.329580   0.536194   0.666592   0.426594   0.184596   0.208263   0.155418   0.222266   0.322727   0.417016   0.712563   0.411418   0.173899   0.208058   0.145756   0.219622   0.326657   0.316908   0.751188   0.392248   0.160841   0.208137   0.134030   0.215489   0.333462   0.271358   0.765442   0.378099   0.151497   0.208485   0.125684   0.210702   0.339785   0.267250   0.759925   0.371781   0.147509   0.208712   0.122149   0.206467   0.346663   0.267080   0.753046   0.367406   0.144823   0.208526   0.119780   0.203235   0.356066   0.267403   0.746994   0.363553   0.142484   0.208433   0.117721   0.200794   0.363244   0.267850   0.741912   0.360128   0.140425   0.208358   0.115910   0.198444   0.360460   0.268012   0.737692   0.357286   0.138729   0.208326   0.114421   0.196196   0.355277   0.267726   0.734076   0.355061   0.137414   0.208610   0.113268   0.194361   0.355417 95860
  5   0.133947   0.696684   0.650404   0.391215   0.736196   0.351283   0.548558   0.031552   0.306727   0.702718   0.668394   0.412203   0.734399   0.371957   0.556515   0.035230   0.307238   0.702056   0.670048   0.414247   0.735257   0.373991   0.553594   0.033161   0.307687   0.701314   0.671502   0.416048   0.737716   0.375783   0.553232   0.032047   0.307956   0.700823   0.671700   0.416285   0.739146   0.376019   0.552540   0.031950   0.309063   0.699927   0.671767   0.416361   0.739136   0.376092   0.551427   0.031598   0.321035   0.695562   0.676132   0.421909   0.738370   0.381642   0.551956   0.029363   0.351560   0.687420   0.683099   0.430787   0.737007   0.390526   0.559201   0.028076   0.392343   0.679029   0.690054   0.439736   0.736512   0.399496   0.572206   0.032062   0.430696   0.672658   0.697835   0.449922   0.737048   0.409738   0.584780   0.039366   0.455891   0.669396   0.704518   0.458821   0.737282   0.418715   0.595040   0.046402   0.459925   0.669764   0.708942   0.464786   0.737238   0.424746   0.602710   0.051240   0.441972   0.673568   0.710085   0.466342   0.736776   0.426322   0.607580   0.052446   0.408868   0.679774   0.707722   0.463153   0.735791   0.423098   0.609375   0.049272   0.369358   0.687190   0.702758   0.456487   0.734934   0.416363   0.608681   0.042329   0.333268   0.694572   0.695729   0.447117   0.734833   0.406909   0.607589   0.034168   0.312580   0.700139   0.687171   0.435829   0.735205   0.395543   0.604198   0.030838   0.307596   0.702137   0.681928   0.428984   0.735845   0.388664   0.597541   0.031442   0.307548   0.701994   0.680434   0.427087   0.736294   0.386768   0.591197   0.031396   0.307569   0.701802   0.678990   0.425273   0.736256   0.384957   0.585937   0.031253   0.307622   0.701618   0.677552   0.423473   0.736231   0.383161   0.581464   0.031405   0.307696   0.701447   0.676091   0.421651   0.736123   0.381346   0.577309   0.031623   0.307732   0.701294   0.674772   0.420015   0.736109   0.379717   0.573148   0.031832   0.307729   0.701117   0.673830   0.418862   0.736574   0.378572   0.569396   0.032105 342868
  6   0.138251   0.697108   0.614643   0.350650   0.654852   0.311516   0.480624   0.035403   0.305618   0.703542   0.632437   0.369666   0.652960   0.329958   0.484759   0.039857   0.306096   0.702950   0.633492   0.370842   0.653796   0.331106   0.482432   0.037398   0.306498   0.702275   0.634283   0.371723   0.656160   0.331967   0.482545   0.036458   0.306743   0.701787   0.634225   0.371641   0.657511   0.331883   0.482034   0.036328   0.308827   0.699956   0.635413   0.372986   0.657466   0.333201   0.481531   0.036316   0.326452   0.692804   0.642015   0.380709   0.656690   0.340811   0.484305   0.034618   0.367951   0.681164   0.650497   0.390761   0.655335   0.350739   0.493467   0.034994   0.421020   0.669967   0.658371   0.400269   0.654843   0.360162   0.506886   0.041805   0.469226   0.662131   0.666538   0.410327   0.655338   0.370166   0.520110   0.051744   0.498226   0.659077   0.672739   0.418122   0.655535   0.377948   0.531549   0.060584   0.497958   0.661414   0.675970   0.422242   0.655485   0.382072   0.540281   0.066222   0.470719   0.668226   0.675541   0.421716   0.655057   0.381550   0.545815   0.067402   0.427852   0.677369   0.671528   0.416659   0.654147   0.376499   0.547725   0.063266   0.380406   0.687172   0.665177   0.408716   0.653347   0.368577   0.546387   0.054912   0.338597   0.696383   0.657467   0.399195   0.653260   0.359102   0.543198   0.045347   0.313564   0.703188   0.648845   0.388703   0.653632   0.348690   0.537505   0.040102   0.306546   0.705596   0.643534   0.382322   0.654247   0.342371   0.529739   0.039586   0.306291   0.705367   0.641799   0.380300   0.654659   0.340380   0.522688   0.039482   0.306249   0.705018   0.640188   0.378435   0.654592   0.338546   0.517056   0.039297   0.306226   0.704646   0.638782   0.376815   0.654558   0.336954   0.512301   0.039424   0.306175   0.704355   0.637368   0.375196   0.654454   0.335365   0.507744   0.039420   0.306135   0.704091   0.636030   0.373669   0.654436   0.333867   0.503335   0.039354   0.306060   0.703821   0.634998   0.372505   0.654879   0.332727   0.499249   0.039537 364918
  7   0.153873   0.698936   0.474043   0.218881   0.372994   0.186506   0.306053   0.041155   0.302492   0.706935   0.477426   0.220955   0.371888   0.188320   0.302639   0.047292   0.302912   0.706067   0.477776   0.221193   0.372575   0.188533   0.303113   0.047952   0.303031   0.705405   0.478103   0.221442   0.374567   0.188761   0.303203   0.049925   0.303082   0.704964   0.477638   0.221076   0.375710   0.188424   0.302707   0.052403   0.307505   0.700813   0.480395   0.223252   0.375627   0.190426   0.303809   0.054160   0.334601   0.685998   0.489252   0.230487   0.374883   0.197120   0.307962   0.055318   0.391923   0.663551   0.499603   0.239225   0.373624   0.205250   0.314977   0.062145   0.458788   0.643422   0.510061   0.248263   0.373144   0.213695   0.324353   0.075169   0.510068   0.632023   0.519808   0.256833   0.373591   0.221725   0.334405   0.087776   0.532154   0.631150   0.526500   0.262826   0.373815   0.227360   0.343527   0.098205   0.523366   0.639406   0.529783   0.265827   0.373818   0.230192   0.350294   0.105631   0.491015   0.653421   0.529271   0.265384   0.373485   0.229778   0.353929   0.108224   0.445381   0.669561   0.524991   0.261495   0.372743   0.226113   0.354199   0.103830   0.393869   0.686200   0.517972   0.255165   0.372089   0.220155   0.351538   0.093295   0.345966   0.701707   0.509287   0.247477   0.372041   0.212941   0.346752   0.079363   0.314075   0.713066   0.499764   0.239253   0.372392   0.205259   0.340174   0.067001   0.302688   0.717274   0.492764   0.233348   0.372959   0.199765   0.332900   0.061259   0.301238   0.717017   0.489117   0.230356   0.373321   0.196995   0.326561   0.060254   0.300374   0.716451   0.486316   0.228087   0.373216   0.194899   0.321225   0.061646   0.299743   0.715857   0.483773   0.226049   0.373139   0.193019   0.316509   0.063540   0.299338   0.715238   0.481224   0.224023   0.373019   0.191153   0.312246   0.063499   0.298962   0.714683   0.478726   0.222054   0.372977   0.189342   0.308223   0.062760   0.298622   0.714126   0.476610   0.220402   0.373335   0.187826   0.304560   0.062886 344836
  8   0.152024   0.709211   0.427534   0.184475   0.324240   0.155191   0.249352   0.062236   0.286403   0.727162   0.429268   0.185297   0.323275   0.155870   0.240893   0.069290   0.286252   0.725640   0.430084   0.185878   0.323896   0.156394   0.238650   0.071062   0.285544   0.724480   0.430391   0.186124   0.325761   0.156621   0.236191   0.076520   0.284752   0.723517   0.429570   0.185585   0.326757   0.156140   0.233675   0.083110   0.300164   0.708347   0.440466   0.193352   0.326601   0.163165   0.236326   0.087640   0.364604   0.669260   0.464953   0.211681   0.325845   0.179881   0.242764   0.097805   0.476540   0.623601   0.488193   0.230366   0.324572   0.197128   0.247316   0.122721   0.597291   0.587043   0.508587   0.247648   0.324091   0.213226   0.251675   0.147275   0.697171   0.563325   0.526545   0.263448   0.324501   0.228041   0.256779   0.158110   0.758512   0.555061   0.539901   0.275612   0.324614   0.239516   0.262896   0.163457   0.764752   0.565444   0.547384   0.282655   0.324531   0.246198   0.270061   0.167874   0.713123   0.593019   0.547812   0.283172   0.324178   0.246707   0.277309   0.169157   0.619832   0.630498   0.541069   0.276932   0.323460   0.240805   0.282938   0.164318   0.506697   0.671389   0.528844   0.265692   0.322837   0.230184   0.285655   0.154263   0.397261   0.710050   0.512444   0.251018   0.322780   0.216385   0.284978   0.138789   0.313539   0.742026   0.489556   0.231525   0.323109   0.198209   0.280616   0.112993   0.278006   0.756156   0.469535   0.215197   0.323663   0.183099   0.272362   0.095286   0.275060   0.754638   0.459308   0.207284   0.324013   0.175842   0.263588   0.093231   0.274509   0.751454   0.452486   0.202133   0.323896   0.171139   0.256797   0.095053   0.274441   0.748159   0.447003   0.198065   0.323834   0.167435   0.251234   0.097702   0.274838   0.745013   0.442025   0.194431   0.323753   0.164136   0.246500   0.097367   0.275331   0.742223   0.437428   0.191122   0.323723   0.161138   0.242224   0.096196   0.275677   0.739696   0.433550   0.188368   0.324053   0.158650   0.238308   0.096809 202738
  9   0.151217   0.699250   0.475621   0.220564   0.350351   0.188127   0.289355   0.136993   0.288027   0.707006   0.466475   0.213299   0.353278   0.181437   0.277081   0.220791   0.287049   0.705130   0.468722   0.215065   0.353763   0.183062   0.275916   0.248644   0.285891   0.703549   0.470552   0.216510   0.355558   0.184392   0.275679   0.272159   0.284938   0.702380   0.471297   0.217099   0.356465   0.184934   0.275614   0.292840   0.297716   0.697388   0.473998   0.219222   0.356212   0.186886   0.276142   0.307819   0.353217   0.680259   0.483469   0.226922   0.355410   0.194009   0.279526   0.306847   0.450472   0.654246   0.497739   0.238959   0.354190   0.205216   0.284501   0.306300   0.554720   0.629869   0.512946   0.252274   0.353901   0.217693   0.289337   0.313436   0.640317   0.611795   0.526787   0.264760   0.354514   0.229457   0.294263   0.310316   0.694945   0.602647   0.537091   0.274303   0.354791   0.238489   0.298723   0.303452   0.706088   0.605385   0.542693   0.279615   0.354846   0.243539   0.302577   0.298222   0.671234   0.619732   0.542851   0.279804   0.354610   0.243726   0.305502   0.293967   0.600042   0.642283   0.537626   0.274866   0.353967   0.239036   0.306906   0.286676   0.504394   0.670593   0.527853   0.265753   0.353283   0.230400   0.305898   0.280134   0.402748   0.700746   0.514067   0.253246   0.353056   0.218604   0.302060   0.281667   0.317531   0.726923   0.496659   0.238010   0.353199   0.204327   0.295530   0.291551   0.278068   0.737678   0.484143   0.227389   0.353585   0.194428   0.288242   0.307622   0.273896   0.734956   0.479608   0.223711   0.353779   0.191028   0.282633   0.322574   0.273294   0.731001   0.476764   0.221455   0.353553   0.188950   0.278617   0.336762   0.273133   0.727364   0.474274   0.219494   0.353493   0.187146   0.275585   0.347628   0.273171   0.724279   0.471828   0.217573   0.353466   0.185379   0.273016   0.348505   0.272997   0.721765   0.469550   0.215794   0.353463   0.183745   0.270432   0.345431   0.272527   0.719547   0.467764   0.214409   0.353816   0.182475   0.268011   0.344391 75936
 10   0.129357   0.697303   0.690331   0.440472   0.825225   0.400299   0.621506   0.033249   0.306984   0.703938   0.706882   0.461599   0.823715   0.421450   0.627825   0.036573   0.307578   0.703319   0.708125   0.463333   0.824658   0.423213   0.623218   0.034283   0.308052   0.702645   0.709092   0.464681   0.827234   0.424584   0.621596   0.033072   0.308355   0.702180   0.708805   0.464322   0.828752   0.424226   0.619906   0.033015   0.309141   0.701616   0.707856   0.463069   0.828791   0.422965   0.617949   0.032899   0.318745   0.698416   0.710528   0.466828   0.828035   0.426793   0.617215   0.031074   0.344737   0.691688   0.716213   0.474698   0.826626   0.434788   0.623209   0.029251   0.380809   0.684067   0.722807   0.483807   0.826090   0.444039   0.635659   0.031473   0.416373   0.677656   0.730939   0.495214   0.826654   0.455656   0.647648   0.036588   0.442913   0.673484   0.738761   0.506378   0.826936   0.467062   0.657147   0.041609   0.451507   0.672409   0.744872   0.515215   0.826896   0.476112   0.664283   0.045216   0.437603   0.674966   0.747870   0.519583   0.826367   0.480592   0.668737   0.046198   0.406161   0.680505   0.747070   0.518389   0.825285   0.479362   0.670401   0.043896   0.367039   0.687559   0.743037   0.512474   0.824399   0.473288   0.670577   0.038107   0.331436   0.694658   0.735789   0.501940   0.824302   0.462492   0.672337   0.030985   0.311832   0.700001   0.726293   0.488301   0.824664   0.448543   0.671456   0.028628   0.307653   0.701885   0.720418   0.479960   0.825321   0.440030   0.665478   0.029819   0.307705   0.701744   0.718620   0.477473   0.825804   0.437504   0.659229   0.030036   0.307800   0.701567   0.716975   0.475220   0.825782   0.435220   0.653845   0.029954   0.307933   0.701384   0.715373   0.473041   0.825733   0.433014   0.649207   0.030183   0.308045   0.701273   0.713662   0.470726   0.825607   0.430673   0.644697   0.030880   0.308112   0.701184   0.712050   0.468562   0.825615   0.428487   0.640446   0.031355   0.308184   0.701025   0.710924   0.467073   0.826106   0.426986   0.636627   0.031580 330038
 11   0.127717   0.697941   0.698899   0.452156   0.841826   0.412139   0.593066   0.044784   0.304567   0.704540   0.725008   0.486844   0.840286   0.447124   0.589793   0.048436   0.305492   0.702924   0.732551   0.497486   0.841151   0.457973   0.579651   0.044154   0.306304   0.701700   0.737889   0.505054   0.843706   0.465696   0.574143   0.042423   0.306902   0.700787   0.741014   0.509520   0.845217   0.470259   0.569473   0.042653   0.310110   0.698493   0.745404   0.515827   0.845341   0.476710   0.566754   0.041700   0.330434   0.691788   0.757902   0.534362   0.844759   0.495781   0.572112   0.035495   0.375285   0.681680   0.773290   0.557725   0.843560   0.519926   0.590265   0.028421   0.432391   0.671751   0.786625   0.578639   0.843024   0.541670   0.611942   0.029010   0.490623   0.663427   0.800884   0.601636   0.843429   0.565705   0.627858   0.035318   0.536798   0.657953   0.813718   0.622858   0.843485   0.587989   0.639669   0.042898   0.551735   0.657247   0.822818   0.638227   0.843186   0.604190   0.649563   0.049434   0.528986   0.661535   0.826699   0.644871   0.842431   0.611211   0.658133   0.053118   0.478483   0.669212   0.824609   0.641295   0.841139   0.607431   0.666257   0.052425   0.413710   0.678565   0.817420   0.629059   0.840196   0.594514   0.675810   0.047117   0.351728   0.688265   0.803447   0.605769   0.840147   0.570024   0.688541   0.038036   0.315282   0.697565   0.782127   0.571348   0.840529   0.534044   0.692930   0.034652   0.306277   0.702290   0.767355   0.548094   0.841217   0.509854   0.684835   0.037195   0.306137   0.702514   0.762822   0.541207   0.841809   0.502736   0.675457   0.037507   0.306194   0.702469   0.759522   0.536241   0.841966   0.497615   0.668023   0.037042   0.306294   0.702351   0.756626   0.531921   0.841987   0.493165   0.661710   0.037280   0.306343   0.702272   0.753930   0.527933   0.841839   0.489064   0.655659   0.037803   0.306302   0.702258   0.751512   0.524379   0.841874   0.485414   0.649832   0.037998   0.306297   0.702189   0.749579   0.521551   0.842439   0.482512   0.644426   0.038215 220011
 12   0.132394   0.698753   0.644728   0.385358   0.750610   0.345649   0.505492   0.043444   0.302611   0.706398   0.671926   0.417225   0.748259   0.377073   0.507766   0.047011   0.303179   0.705194   0.677557   0.424342   0.749060   0.384185   0.500003   0.042864   0.303581   0.704316   0.681495   0.429339   0.751518   0.389182   0.495799   0.041116   0.303873   0.703648   0.683502   0.431883   0.752919   0.391726   0.492393   0.040821   0.308423   0.699951   0.689455   0.439442   0.752934   0.399287   0.491102   0.039518   0.336198   0.689641   0.704666   0.459468   0.752217   0.419451   0.497220   0.034231   0.396631   0.675412   0.721688   0.482630   0.750926   0.442913   0.512708   0.031352   0.474359   0.661762   0.737426   0.504836   0.750404   0.465557   0.529250   0.037386   0.551317   0.650920   0.754219   0.529285   0.750729   0.490632   0.541301   0.047598   0.608388   0.644736   0.769156   0.551726   0.750618   0.513783   0.551229   0.057472   0.621369   0.645532   0.779610   0.567880   0.750224   0.530534   0.560795   0.065478   0.582670   0.653494   0.783136   0.573481   0.749506   0.536372   0.570336   0.070239   0.512265   0.665414   0.779192   0.567394   0.748362   0.530062   0.579450   0.069357   0.431342   0.678541   0.769224   0.552026   0.747484   0.514131   0.588261   0.062421   0.358469   0.690894   0.753771   0.528646   0.747451   0.489981   0.597459   0.049612   0.315708   0.701128   0.732913   0.498155   0.747887   0.458687   0.598807   0.041681   0.304148   0.705978   0.718294   0.477380   0.748573   0.437476   0.589870   0.041354   0.303811   0.706283   0.713178   0.470386   0.749091   0.430386   0.580288   0.040134   0.303878   0.706123   0.709502   0.465405   0.749160   0.425346   0.573050   0.038694   0.304023   0.705846   0.706417   0.461263   0.749208   0.421162   0.566831   0.038013   0.304003   0.705710   0.703358   0.457192   0.749107   0.417055   0.560755   0.037574   0.303886   0.705633   0.700513   0.453443   0.749102   0.413280   0.554715   0.037154   0.303714   0.705576   0.698042   0.450223   0.749614   0.410045   0.548961   0.037079 194241
 13   0.136396   0.708663   0.576762   0.312387   0.606451   0.274760   0.390904   0.055024   0.291599   0.726237   0.609885   0.345545   0.602372   0.306564   0.392221   0.055201   0.291515   0.724501   0.612313   0.348227   0.602944   0.309181   0.381510   0.054929   0.291566   0.722945   0.613486   0.349546   0.605109   0.310472   0.374947   0.056825   0.291401   0.722035   0.612640   0.348666   0.606265   0.309623   0.370232   0.059124   0.303050   0.711151   0.620868   0.357604   0.606068   0.318318   0.370540   0.059780   0.358712   0.680374   0.643067   0.382864   0.605140   0.343100   0.377707   0.063188   0.462729   0.641205   0.667022   0.411806   0.603624   0.371800   0.386781   0.080467   0.579656   0.609811   0.688954   0.439891   0.603020   0.399947   0.394584   0.106905   0.677753   0.592495   0.708258   0.465660   0.603306   0.425972   0.402376   0.130271   0.737098   0.589696   0.721322   0.483697   0.603212   0.444301   0.412094   0.148265   0.741564   0.600347   0.727531   0.492517   0.602971   0.453311   0.423223   0.159437   0.686646   0.622906   0.725967   0.490510   0.602575   0.451301   0.434239   0.163059   0.591166   0.652845   0.716108   0.477025   0.601891   0.437620   0.443784   0.158308   0.481417   0.684756   0.699751   0.455006   0.601306   0.415343   0.450675   0.142784   0.382733   0.713032   0.680596   0.429823   0.601365   0.389976   0.453520   0.116520   0.315412   0.733786   0.659557   0.403160   0.601890   0.363296   0.449588   0.087689   0.289808   0.741275   0.643681   0.383718   0.602586   0.343965   0.439433   0.071017   0.287910   0.739269   0.635969   0.374673   0.602929   0.335043   0.428493   0.065994   0.287057   0.737073   0.630645   0.368577   0.602731   0.329056   0.418972   0.064159   0.286347   0.735027   0.626785   0.364236   0.602668   0.324807   0.410317   0.064693   0.286044   0.733199   0.623129   0.360167   0.602606   0.320831   0.402541   0.065430   0.286088   0.731631   0.619163   0.355794   0.602588   0.316565   0.395515   0.065753   0.286223   0.730107   0.615562   0.351871   0.603013   0.312746   0.389014   0.066096 106536
 14   0.146540   0.709261   0.494468   0.236384   0.438899   0.202834   0.305917   0.052702   0.291238   0.727536   0.515793   0.253634   0.437815   0.218779   0.305958   0.053780   0.290653   0.726493   0.516477   0.254241   0.438423   0.219348   0.300140   0.054000   0.290112   0.725638   0.516457   0.254265   0.440402   0.219378   0.295763   0.056417   0.289575   0.724988   0.515371   0.253344   0.441451   0.218519   0.291759   0.059864   0.302698   0.711179   0.524015   0.260892   0.441261   0.225586   0.292428   0.062207   0.361114   0.671720   0.545886   0.280887   0.440407   0.244459   0.298015   0.067343   0.467946   0.620689   0.568920   0.303246   0.438982   0.265784   0.303729   0.084603   0.586440   0.577799   0.590745   0.325551   0.438374   0.287253   0.309037   0.107579   0.684590   0.552201   0.610722   0.346839   0.438655   0.307897   0.315048   0.125689   0.743516   0.547175   0.625329   0.363052   0.438620   0.323734   0.322971   0.140375   0.747148   0.562761   0.633113   0.372035   0.438419   0.332569   0.332767   0.152223   0.694594   0.594938   0.632870   0.371969   0.438005   0.332541   0.342817   0.159067   0.600907   0.637204   0.624381   0.362491   0.437285   0.323272   0.351023   0.157756   0.489089   0.681706   0.609668   0.346175   0.436700   0.307336   0.355951   0.146662   0.386793   0.719750   0.591689   0.326724   0.436743   0.288422   0.356668   0.124961   0.314036   0.746864   0.570751   0.305076   0.437227   0.267541   0.351903   0.095964   0.284804   0.756261   0.553855   0.288340   0.437914   0.251520   0.342190   0.077549   0.282676   0.752860   0.545128   0.280080   0.438314   0.243676   0.332184   0.073078   0.282108   0.749137   0.539299   0.274678   0.438193   0.238566   0.323817   0.072095   0.281446   0.746129   0.534446   0.270262   0.438157   0.234402   0.316140   0.072782   0.281231   0.743540   0.529797   0.266093   0.438113   0.230481   0.309459   0.072770   0.281374   0.741255   0.525324   0.262123   0.438114   0.226753   0.303661   0.072036   0.281531   0.739229   0.521361   0.258653   0.438500   0.223503   0.298411   0.071620 188829
 15   0.126043   0.697508   0.723482   0.484113   0.918537   0.444233   0.699528   0.024144   0.305874   0.704300   0.728883   0.491540   0.917466   0.451768   0.703753   0.025056   0.306426   0.703572   0.729351   0.492177   0.918644   0.452412   0.704210   0.025535   0.306851   0.702806   0.730180   0.493329   0.921415   0.453583   0.705729   0.025998   0.307213   0.702237   0.730041   0.493121   0.923040   0.453368   0.706009   0.026559   0.308136   0.701593   0.729597   0.492479   0.923263   0.452711   0.705218   0.026921   0.316846   0.698797   0.732422   0.496482   0.922719   0.456795   0.704564   0.026962   0.338270   0.693233   0.738830   0.505648   0.921429   0.466161   0.708430   0.026866   0.365987   0.687186   0.747080   0.517649   0.920775   0.478462   0.717563   0.029027   0.392161   0.682213   0.756691   0.531891   0.921354   0.493110   0.726909   0.033027   0.410767   0.678954   0.765587   0.545325   0.921826   0.506976   0.733890   0.036388   0.416106   0.677902   0.772514   0.555957   0.921851   0.517983   0.738345   0.038216   0.405476   0.679364   0.776526   0.562181   0.921221   0.524439   0.740375   0.038316   0.382035   0.683011   0.777047   0.563003   0.919942   0.525294   0.740602   0.036386   0.352077   0.687928   0.774562   0.559156   0.919087   0.521306   0.741809   0.031482   0.324320   0.693559   0.766914   0.547398   0.918991   0.509128   0.747315   0.025925   0.310085   0.698273   0.756056   0.530906   0.919175   0.492088   0.746755   0.026332   0.307687   0.700118   0.749062   0.520458   0.919740   0.481327   0.739913   0.029379   0.307520   0.700303   0.745628   0.515422   0.920277   0.476156   0.735785   0.029668   0.307450   0.700378   0.742757   0.511248   0.920335   0.471879   0.732076   0.029067   0.307466   0.700366   0.740300   0.507701   0.920100   0.468249   0.728564   0.028832   0.307506   0.700319   0.738144   0.504607   0.919804   0.465085   0.725139   0.029165   0.307536   0.700244   0.736343   0.502035   0.919841   0.462457   0.722143   0.029386   0.307598   0.700110   0.734985   0.500106   0.920346   0.460489   0.719629   0.029573 796986
 16   0.125186   0.698281   0.727256   0.489435   0.926673   0.449657   0.691914   0.023263   0.304491   0.705683   0.732805   0.497151   0.925549   0.457500   0.697039   0.024033   0.304989   0.704704   0.733862   0.498631   0.926730   0.459007   0.698114   0.024768   0.305422   0.703783   0.735174   0.500485   0.929453   0.460897   0.699951   0.025772   0.305812   0.703070   0.735501   0.500940   0.930971   0.461359   0.700629   0.026447   0.308045   0.701603   0.736893   0.502891   0.931151   0.463346   0.700592   0.026211   0.323452   0.696426   0.744430   0.513773   0.930609   0.474485   0.701033   0.024192   0.357392   0.687565   0.757412   0.532918   0.929334   0.494158   0.707924   0.022107   0.399484   0.678462   0.773062   0.556718   0.928597   0.518757   0.721083   0.023678   0.439673   0.670981   0.790673   0.584390   0.929027   0.547529   0.732724   0.027541   0.468684   0.666096   0.806994   0.610883   0.929308   0.575245   0.740572   0.031093   0.476592   0.664814   0.819645   0.632006   0.929129   0.597458   0.745689   0.033579   0.459496   0.667502   0.827248   0.644952   0.928336   0.611124   0.748817   0.034949   0.423374   0.673238   0.829276   0.648454   0.926919   0.614829   0.751258   0.034753   0.377635   0.680336   0.826480   0.643661   0.926017   0.609764   0.757152   0.031281   0.335004   0.688352   0.815138   0.624520   0.925909   0.589594   0.769143   0.026516   0.312286   0.696139   0.796879   0.594324   0.926093   0.557896   0.772622   0.028221   0.307655   0.699861   0.784120   0.573716   0.926720   0.536357   0.766491   0.032740   0.307256   0.700333   0.777951   0.564045   0.927364   0.526307   0.762752   0.033617   0.307017   0.700625   0.772833   0.556122   0.927547   0.518091   0.759951   0.033160   0.306879   0.700788   0.768433   0.549377   0.927377   0.511111   0.757568   0.032407   0.306785   0.700894   0.764578   0.543520   0.927158   0.505060   0.755130   0.031907   0.306725   0.700927   0.761355   0.538663   0.927308   0.500049   0.752640   0.031585   0.306709   0.700877   0.758725   0.534729   0.927926   0.495995   0.750358   0.031201 957541
 17   0.123911   0.698872   0.735822   0.501578   0.930443   0.462046   0.697534   0.023226   0.303675   0.706767   0.740864   0.508740   0.929384   0.469355   0.703268   0.024682   0.304208   0.705675   0.741862   0.510159   0.930638   0.470804   0.705028   0.025667   0.304603   0.704743   0.742946   0.511721   0.933387   0.472401   0.707126   0.026642   0.304887   0.704081   0.742910   0.511672   0.934894   0.472352   0.707734   0.027373   0.309269   0.701746   0.745649   0.515606   0.935052   0.476375   0.708060   0.026520   0.333736   0.694269   0.756684   0.531885   0.934461   0.493105   0.711399   0.023581   0.385881   0.682336   0.774518   0.559051   0.933160   0.521191   0.723018   0.022036   0.452790   0.670051   0.796496   0.593998   0.932296   0.557611   0.738749   0.025329   0.521067   0.659721   0.820675   0.634190   0.932564   0.599850   0.750613   0.031156   0.570475   0.653207   0.842476   0.672006   0.932721   0.639909   0.757686   0.036362   0.579544   0.652603   0.858664   0.701113   0.932355   0.670952   0.760778   0.040232   0.545909   0.657786   0.867595   0.717575   0.931362   0.688591   0.761917   0.042718   0.484842   0.666484   0.869026   0.720274   0.929799   0.691496   0.763702   0.043128   0.414292   0.676364   0.863756   0.710547   0.928893   0.681070   0.769632   0.040342   0.350561   0.686642   0.848681   0.683231   0.928842   0.651895   0.781078   0.035203   0.314891   0.696553   0.825024   0.641586   0.929077   0.607657   0.784109   0.035503   0.306536   0.701604   0.807766   0.612086   0.929788   0.576493   0.778034   0.039087   0.306061   0.702179   0.799778   0.598958   0.930553   0.562728   0.774685   0.039307   0.305818   0.702467   0.793253   0.588403   0.930848   0.551694   0.772615   0.038520   0.305682   0.702629   0.787595   0.579369   0.930696   0.542272   0.770829   0.037304   0.305665   0.702671   0.782812   0.571812   0.930503   0.534406   0.769089   0.035937   0.305711   0.702592   0.778939   0.565754   0.930726   0.528113   0.767343   0.034822   0.305732   0.702490   0.775619   0.560603   0.931404   0.522769   0.765545   0.034121 808219
 18   0.125254   0.700896   0.711975   0.468841   0.937343   0.428841   0.620131   0.025502   0.301774   0.710779   0.716255   0.474577   0.936130   0.434633   0.623601   0.027340   0.302238   0.709611   0.716352   0.474694   0.937203   0.434748   0.622749   0.027972   0.302649   0.708517   0.716993   0.475554   0.939731   0.435616   0.623180   0.028282   0.303102   0.707545   0.716912   0.475412   0.941108   0.435467   0.623458   0.028496   0.308061   0.704652   0.720130   0.479727   0.941174   0.439825   0.624057   0.027258   0.335476   0.696076   0.732441   0.496951   0.940525   0.457356   0.627960   0.024165   0.394588   0.682315   0.752533   0.526217   0.939142   0.487368   0.639484   0.023310   0.471849   0.667731   0.777741   0.564751   0.938358   0.527239   0.654252   0.027751   0.551790   0.655124   0.805755   0.609791   0.938637   0.574286   0.664436   0.034426   0.614704   0.646478   0.831825   0.653851   0.938577   0.620740   0.668893   0.040241   0.634482   0.644523   0.852379   0.690129   0.938030   0.659301   0.669307   0.044604   0.599370   0.650203   0.865067   0.713243   0.937027   0.684017   0.668573   0.047592   0.526807   0.660793   0.869165   0.720852   0.935563   0.692182   0.669408   0.048334   0.440488   0.673314   0.864996   0.713124   0.934620   0.683892   0.674245   0.045849   0.361959   0.686036   0.849578   0.685113   0.934461   0.653958   0.685352   0.040854   0.316476   0.698219   0.822366   0.637470   0.934668   0.603393   0.690205   0.039658   0.304245   0.704837   0.800557   0.600570   0.935358   0.564483   0.685031   0.041884   0.303597   0.705799   0.789695   0.583061   0.936025   0.546188   0.680621   0.042082   0.303207   0.706488   0.780247   0.568164   0.936214   0.530687   0.677188   0.041166   0.302988   0.706907   0.772131   0.555600   0.936168   0.517656   0.673993   0.039898   0.302897   0.707095   0.765381   0.545314   0.936115   0.507020   0.670910   0.038521   0.302971   0.707034   0.759981   0.537195   0.936346   0.498645   0.668325   0.037219   0.303187   0.706735   0.755722   0.530872   0.936978   0.492139   0.666403   0.036172 368132
 19   0.126991   0.699944   0.707821   0.463299   0.934757   0.423247   0.631654   0.030043   0.305069   0.709111   0.713120   0.470203   0.933347   0.430183   0.631175   0.030245   0.305420   0.708264   0.712531   0.469329   0.934337   0.429285   0.627672   0.029893   0.305721   0.707354   0.712635   0.469421   0.936879   0.429368   0.626066   0.028966   0.306008   0.706628   0.711960   0.468473   0.938274   0.428403   0.624143   0.028935   0.307554   0.705640   0.711279   0.467514   0.938237   0.427426   0.621624   0.029076   0.320945   0.701441   0.714520   0.471914   0.937410   0.431879   0.619654   0.029307   0.353980   0.692620   0.723184   0.483886   0.935866   0.444037   0.621537   0.030747   0.399186   0.682075   0.736482   0.502708   0.935211   0.463234   0.628280   0.035401   0.445026   0.672641   0.753108   0.526962   0.935699   0.488111   0.636022   0.041757   0.479938   0.665797   0.769968   0.552408   0.935809   0.514376   0.642195   0.046154   0.492365   0.663114   0.784556   0.575147   0.935505   0.537988   0.646756   0.047984   0.476537   0.665706   0.794712   0.591410   0.934727   0.554961   0.649842   0.047923   0.437446   0.672814   0.799095   0.598595   0.933433   0.562492   0.651922   0.046128   0.386033   0.682308   0.797728   0.596430   0.932464   0.560238   0.655319   0.040883   0.338415   0.692023   0.788709   0.581963   0.932261   0.545134   0.663207   0.032906   0.312293   0.699884   0.773136   0.557405   0.932520   0.519577   0.667656   0.030460   0.306309   0.703209   0.761330   0.539151   0.933210   0.500651   0.664961   0.032660   0.306133   0.703489   0.755228   0.529987   0.933762   0.491201   0.662017   0.032989   0.306080   0.703691   0.749737   0.521841   0.933779   0.482820   0.659662   0.032325   0.306084   0.703818   0.744822   0.514629   0.933757   0.475415   0.657384   0.031690   0.306086   0.703911   0.740271   0.508022   0.933787   0.468645   0.655025   0.031287   0.306107   0.703943   0.736198   0.502168   0.934018   0.462656   0.652805   0.030975   0.306180   0.703874   0.732823   0.497359   0.934628   0.457745   0.650654   0.031018 262063
 20   0.124179   0.697278   0.741553   0.509566   0.935414   0.470168   0.741526   0.021113   0.305685   0.703791   0.745929   0.515858   0.934489   0.476604   0.747011   0.021565   0.306211   0.702982   0.746548   0.516746   0.935843   0.477512   0.748837   0.022907   0.306648   0.702178   0.747449   0.518050   0.938744   0.478847   0.751239   0.024305   0.306990   0.701607   0.747297   0.517817   0.940446   0.478606   0.752187   0.025272   0.308133   0.700829   0.747067   0.517463   0.940754   0.478240   0.752085   0.025645   0.317923   0.697597   0.750616   0.522667   0.940257   0.483581   0.752842   0.025482   0.340940   0.691646   0.758017   0.533652   0.939000   0.494883   0.758619   0.025264   0.369772   0.685576   0.767338   0.547757   0.938214   0.509445   0.768617   0.027130   0.396515   0.680738   0.778021   0.564244   0.938712   0.526530   0.778025   0.030436   0.414643   0.677730   0.787647   0.579402   0.939246   0.542297   0.785107   0.033150   0.418165   0.677024   0.794891   0.591006   0.939297   0.554405   0.789580   0.034713   0.405929   0.678754   0.798889   0.597476   0.938625   0.561170   0.791459   0.035070   0.381996   0.682447   0.799195   0.597976   0.937281   0.561694   0.791738   0.034072   0.351690   0.687208   0.796464   0.593552   0.936501   0.557067   0.793870   0.030079   0.323742   0.692837   0.787971   0.579957   0.936458   0.542883   0.800595   0.025167   0.309983   0.697595   0.776244   0.561431   0.936635   0.523601   0.799142   0.026296   0.307890   0.699412   0.768872   0.549987   0.937242   0.511729   0.790773   0.030032   0.307684   0.699625   0.765010   0.544093   0.937867   0.505635   0.786570   0.030599   0.307579   0.699733   0.761691   0.539072   0.938021   0.500452   0.782950   0.029833   0.307506   0.699815   0.758612   0.534453   0.937668   0.495691   0.779183   0.029307   0.307458   0.699859   0.755865   0.530362   0.937254   0.491479   0.775367   0.029342   0.307451   0.699838   0.753622   0.527048   0.937330   0.488072   0.771987   0.029122   0.307487   0.699758   0.751835   0.524424   0.937892   0.485378   0.769046   0.028692 1173340
 21   0.122821   0.697738   0.751745   0.524435   0.938095   0.485417   0.756221   0.021510   0.305212   0.704660   0.756179   0.530945   0.937233   0.492102   0.762058   0.022006   0.305686   0.703768   0.756762   0.531793   0.938601   0.492971   0.764239   0.023197   0.306111   0.702894   0.757648   0.533097   0.941421   0.494309   0.766713   0.024523   0.306441   0.702255   0.757542   0.532925   0.943051   0.494130   0.767390   0.025570   0.308138   0.701127   0.757991   0.533570   0.943332   0.494789   0.767075   0.025844   0.321500   0.696702   0.763683   0.542129   0.942821   0.503616   0.767665   0.024875   0.351992   0.688861   0.774292   0.558360   0.941563   0.520408   0.774187   0.023566   0.390227   0.680832   0.787396   0.578954   0.940728   0.541821   0.785320   0.025085   0.425460   0.674435   0.802227   0.602904   0.941148   0.566850   0.794936   0.028714   0.449461   0.670460   0.815776   0.625387   0.941591   0.590467   0.801743   0.031884   0.454347   0.669593   0.826142   0.642993   0.941506   0.609041   0.805889   0.033813   0.437952   0.672064   0.832148   0.653359   0.940744   0.620009   0.807850   0.034773   0.406021   0.677150   0.833370   0.655495   0.939376   0.622275   0.808827   0.034696   0.366253   0.683336   0.830564   0.650641   0.938602   0.617137   0.813460   0.031172   0.330075   0.690235   0.820299   0.633136   0.938561   0.598655   0.824759   0.025916   0.311481   0.696624   0.804801   0.607134   0.938753   0.571286   0.826858   0.026975   0.308056   0.699463   0.794353   0.589961   0.939385   0.553280   0.819563   0.031115   0.307734   0.699816   0.788974   0.581334   0.940066   0.544276   0.815748   0.031899   0.307517   0.700040   0.784372   0.574033   0.940306   0.536671   0.812744   0.031451   0.307365   0.700189   0.780249   0.567554   0.940032   0.529935   0.809848   0.030674   0.307282   0.700258   0.776672   0.561981   0.939745   0.524149   0.807050   0.029975   0.307260   0.700234   0.773757   0.557471   0.939951   0.519474   0.804476   0.029429   0.307269   0.700162   0.771325   0.553735   0.940577   0.515607   0.801982   0.029016 1246080
 22   0.121679   0.698372   0.760395   0.537394   0.938837   0.498773   0.754633   0.022434   0.304645   0.705851   0.764970   0.544219   0.938003   0.505801   0.761944   0.023287   0.305089   0.704843   0.765538   0.545058   0.939308   0.506664   0.764647   0.024562   0.305489   0.703906   0.766310   0.546217   0.942113   0.507858   0.767601   0.025929   0.305797   0.703219   0.766063   0.545832   0.943749   0.507459   0.768864   0.026939   0.309091   0.701452   0.767633   0.548198   0.943994   0.509899   0.768728   0.027068   0.329276   0.695299   0.776194   0.561403   0.943435   0.523582   0.770356   0.025472   0.373408   0.684921   0.790834   0.584537   0.942151   0.547661   0.779798   0.024049   0.428217   0.674376   0.808861   0.614036   0.941233   0.578568   0.793368   0.026222   0.480162   0.665931   0.828783   0.647849   0.941509   0.614239   0.804004   0.030386   0.517098   0.660668   0.846851   0.679624   0.941804   0.647985   0.811203   0.033961   0.527158   0.659612   0.860676   0.704695   0.941532   0.674764   0.815075   0.036455   0.505800   0.663112   0.868917   0.719955   0.940571   0.691130   0.816574   0.038134   0.459055   0.670167   0.870919   0.723714   0.939033   0.695171   0.817706   0.038882   0.400115   0.678693   0.867214   0.716810   0.938168   0.687759   0.822967   0.036823   0.345113   0.687687   0.854626   0.693763   0.938100   0.663095   0.834900   0.031742   0.314456   0.696268   0.834192   0.657252   0.938301   0.624204   0.839313   0.031857   0.307608   0.700525   0.819293   0.631284   0.938988   0.596673   0.834085   0.035728   0.307194   0.700995   0.812235   0.619379   0.939768   0.584129   0.830651   0.036389   0.306939   0.701273   0.806313   0.609527   0.940128   0.573777   0.828250   0.035935   0.306791   0.701414   0.801140   0.601023   0.939932   0.564859   0.826292   0.034829   0.306745   0.701424   0.796793   0.593947   0.939745   0.557454   0.824663   0.033485   0.306762   0.701335   0.793269   0.588261   0.940078   0.551513   0.823014   0.032601   0.306737   0.701259   0.790142   0.583257   0.940812   0.546292   0.821050   0.032212 700813
 23   0.121408   0.699478   0.755751   0.530688   0.935211   0.491910   0.716813   0.024716   0.303248   0.707870   0.759676   0.536511   0.934316   0.497900   0.724474   0.026615   0.303861   0.706602   0.760551   0.537807   0.935820   0.499233   0.727465   0.027583   0.304187   0.705628   0.761227   0.538822   0.938782   0.500278   0.730534   0.028659   0.304314   0.705032   0.760510   0.537750   0.940453   0.499175   0.732045   0.029358   0.311358   0.701996   0.763994   0.542946   0.940707   0.504525   0.733364   0.028493   0.346345   0.692556   0.777744   0.564094   0.940090   0.526429   0.739044   0.026088   0.420049   0.677775   0.799884   0.599582   0.938706   0.563470   0.753499   0.026185   0.516904   0.662335   0.827261   0.645759   0.937695   0.612135   0.770501   0.031298   0.615195   0.649334   0.856310   0.697416   0.937760   0.667121   0.782301   0.037757   0.681930   0.641766   0.881647   0.744744   0.937714   0.717970   0.787648   0.042569   0.681353   0.643051   0.899400   0.779261   0.937174   0.755336   0.787565   0.046011   0.616934   0.651942   0.907681   0.795798   0.936024   0.773329   0.786352   0.048296   0.526789   0.663592   0.907023   0.794569   0.934356   0.772009   0.788214   0.048474   0.437339   0.675512   0.898394   0.777486   0.933483   0.753452   0.795502   0.046896   0.361043   0.686995   0.879818   0.741478   0.933490   0.714492   0.808538   0.042938   0.317634   0.697124   0.853813   0.692778   0.933787   0.662145   0.813627   0.042331   0.306574   0.702230   0.834894   0.658522   0.934586   0.625558   0.809176   0.044905   0.306035   0.702915   0.825663   0.642473   0.935449   0.608551   0.806868   0.044520   0.305771   0.703311   0.818067   0.629491   0.935859   0.594838   0.805801   0.043145   0.305685   0.703474   0.811593   0.618579   0.935700   0.583341   0.805141   0.041314   0.305642   0.703518   0.806055   0.609362   0.935486   0.573653   0.804412   0.039453   0.305479   0.703586   0.801206   0.601399   0.935783   0.565305   0.802979   0.038297   0.305298   0.703639   0.796891   0.594401   0.936533   0.557985   0.800965   0.037661 517704
 24   0.122322   0.700847   0.737940   0.505259   0.926787   0.465929   0.647557   0.028365   0.301344   0.710594   0.742007   0.511051   0.925732   0.471844   0.653336   0.031598   0.301805   0.709391   0.742729   0.512142   0.926915   0.472969   0.653541   0.032278   0.301996   0.708524   0.743198   0.512879   0.929659   0.473734   0.654115   0.033079   0.302039   0.707988   0.742381   0.511753   0.931216   0.472591   0.653289   0.033982   0.311182   0.703686   0.748289   0.520155   0.931505   0.481170   0.655874   0.032366   0.353274   0.691898   0.767613   0.548953   0.931059   0.510831   0.664958   0.028620   0.437931   0.675203   0.795247   0.592558   0.929757   0.556220   0.680388   0.028832   0.547007   0.658277   0.827072   0.645934   0.928768   0.612420   0.694891   0.036254   0.654408   0.644742   0.859475   0.703620   0.928748   0.673844   0.698587   0.046452   0.722023   0.637874   0.886166   0.753725   0.928577   0.727732   0.693066   0.054977   0.723656   0.639388   0.903800   0.788255   0.928041   0.765166   0.685256   0.060511   0.671211   0.646976   0.912412   0.805603   0.927002   0.784073   0.680783   0.062624   0.588321   0.657627   0.913147   0.807170   0.925438   0.785799   0.681251   0.061849   0.489305   0.670229   0.906153   0.793153   0.924522   0.770538   0.687372   0.058844   0.391006   0.683457   0.888224   0.757997   0.924414   0.732414   0.702102   0.052010   0.323993   0.698055   0.854439   0.694728   0.924567   0.664395   0.711883   0.048566   0.301800   0.707071   0.825625   0.642843   0.925226   0.609029   0.707681   0.050745   0.300907   0.708052   0.813266   0.621972   0.925998   0.587029   0.702354   0.051017   0.300905   0.708265   0.803882   0.606497   0.926363   0.570787   0.699834   0.049490   0.301181   0.708243   0.796016   0.593720   0.926290   0.557415   0.698018   0.047352   0.301565   0.708022   0.789690   0.583580   0.926120   0.546828   0.696372   0.045223   0.301926   0.707705   0.784638   0.575567   0.926344   0.538479   0.694935   0.043334   0.302285   0.707287   0.780400   0.568903   0.927030   0.531546   0.694166   0.041828 282818
