timestamp=                2021-11-19T20:55:24.331734
shape=                    (5, 5)
sigma=                    2.5
nepochs=                  4
thresh=                   None
rate=                     0.00725
neighborhood function=    gaussian
init weights=             pca
topology=                 hexagonal
activation distance=      euclidean
output type=              labels
mapfile_prefix=           full2019_5x5_4_00725_3_09
apply classification=     False
seed=                     None
random order=             True
custom init file=         None
order labels by size=     False
decay_function=           3

Quantization Error=       0.35502463
Topographic Error=        0.11610645

############ NEURONS #############
 25 192
  0   0.115971   0.713774   0.743531   0.511239   0.934796   0.471791   0.671149   0.022588   0.296530   0.724141   0.745702   0.514364   0.933960   0.474986   0.678385   0.025672   0.297066   0.722879   0.745632   0.514280   0.935268   0.474904   0.679429   0.026769   0.297284   0.721984   0.745332   0.513878   0.937801   0.474498   0.680524   0.027571   0.297592   0.721194   0.744284   0.512368   0.939198   0.472953   0.680930   0.028065   0.307838   0.716467   0.750454   0.521306   0.939423   0.482105   0.684292   0.025909   0.352468   0.703992   0.769345   0.549758   0.938986   0.511447   0.694550   0.021786   0.440386   0.686180   0.796640   0.593175   0.937875   0.556680   0.713057   0.020708   0.549682   0.668322   0.828905   0.647619   0.937043   0.614037   0.731531   0.024245   0.649804   0.654647   0.861000   0.705043   0.937009   0.675205   0.741288   0.028326   0.704904   0.648392   0.887055   0.754206   0.936819   0.728100   0.743274   0.030779   0.692469   0.651177   0.904453   0.788444   0.936200   0.765231   0.740889   0.032841   0.627740   0.660311   0.912915   0.805573   0.935096   0.783907   0.739035   0.034407   0.540096   0.671950   0.913502   0.806848   0.933560   0.785316   0.740767   0.034686   0.446977   0.684624   0.906189   0.792178   0.932667   0.769348   0.748189   0.033987   0.363149   0.697508   0.887184   0.754875   0.932474   0.728912   0.763296   0.032343   0.313665   0.710267   0.856666   0.697113   0.932525   0.666726   0.770688   0.033946   0.300794   0.717223   0.833241   0.654325   0.933087   0.620973   0.766984   0.037377   0.300133   0.717982   0.822308   0.635408   0.933789   0.600953   0.764981   0.037910   0.299742   0.718412   0.813326   0.620187   0.934156   0.584909   0.764148   0.037245   0.299581   0.718589   0.805704   0.607495   0.934072   0.571574   0.763811   0.035752   0.299550   0.718598   0.799305   0.596993   0.933899   0.560570   0.763433   0.033991   0.299592   0.718443   0.794117   0.588591   0.934145   0.551788   0.762590   0.032685   0.299672   0.718230   0.789639   0.581427   0.934833   0.544317   0.761530   0.031781 310276
  1   0.116577   0.711181   0.753778   0.525945   0.942306   0.486821   0.749945   0.018814   0.299922   0.719164   0.758820   0.533401   0.941542   0.494482   0.758500   0.019632   0.300474   0.718093   0.759130   0.533842   0.942621   0.494932   0.760579   0.020578   0.300859   0.717182   0.759483   0.534356   0.944963   0.495459   0.763201   0.021350   0.301124   0.716514   0.758900   0.533472   0.946324   0.494546   0.764419   0.022020   0.305735   0.714251   0.760998   0.536589   0.946557   0.497751   0.764608   0.021708   0.331988   0.706472   0.771100   0.552000   0.946154   0.513679   0.768012   0.019959   0.389529   0.693444   0.788363   0.579157   0.945097   0.541908   0.779956   0.019373   0.465534   0.679803   0.810052   0.614718   0.944215   0.579161   0.794860   0.022680   0.542968   0.668355   0.833713   0.655228   0.944270   0.621946   0.805892   0.027566   0.598017   0.661322   0.854963   0.693151   0.944208   0.662312   0.812621   0.031150   0.605441   0.661214   0.870711   0.722238   0.943656   0.693474   0.814896   0.033560   0.564526   0.667621   0.879250   0.738378   0.942672   0.710841   0.815080   0.035517   0.494394   0.677957   0.880093   0.740013   0.941262   0.712608   0.816383   0.036748   0.414751   0.689621   0.873776   0.728069   0.940400   0.699754   0.822627   0.035607   0.346462   0.700755   0.857877   0.698591   0.940231   0.668151   0.835681   0.031250   0.310961   0.709911   0.835705   0.658607   0.940345   0.625507   0.841115   0.030633   0.303494   0.714098   0.820381   0.631770   0.940938   0.597044   0.836659   0.033104   0.303115   0.714578   0.812899   0.619089   0.941707   0.583679   0.833850   0.032945   0.302861   0.714841   0.806746   0.608809   0.942159   0.572873   0.831888   0.032131   0.302650   0.715021   0.801263   0.599768   0.942162   0.563393   0.830097   0.030987   0.302498   0.715128   0.796448   0.591911   0.942115   0.555171   0.828220   0.029752   0.302425   0.715121   0.792416   0.585390   0.942432   0.548358   0.826196   0.028791   0.302411   0.715009   0.788993   0.579903   0.943106   0.542634   0.824212   0.028113 654145
  2   0.117329   0.710478   0.753049   0.524702   0.940225   0.485512   0.760424   0.017961   0.300810   0.717872   0.757961   0.531947   0.939563   0.492953   0.767780   0.018880   0.301293   0.716923   0.758233   0.532332   0.940601   0.493345   0.769718   0.019949   0.301735   0.716018   0.758737   0.533068   0.942902   0.494100   0.772356   0.020720   0.302074   0.715338   0.758399   0.532550   0.944287   0.493564   0.773542   0.021384   0.304551   0.713877   0.759284   0.533859   0.944564   0.494908   0.773250   0.021352   0.320707   0.708555   0.766265   0.544435   0.944224   0.505825   0.773918   0.019791   0.356187   0.699411   0.778755   0.563736   0.943290   0.525820   0.781893   0.018191   0.399965   0.690249   0.793936   0.587914   0.942498   0.551008   0.794559   0.019621   0.440344   0.683077   0.810662   0.615387   0.942704   0.579794   0.804608   0.022931   0.467500   0.678735   0.825657   0.640763   0.942882   0.606534   0.811383   0.025498   0.473461   0.677937   0.836947   0.660362   0.942568   0.627284   0.815490   0.027265   0.455618   0.680862   0.843597   0.672109   0.941767   0.639762   0.817576   0.028586   0.419434   0.686655   0.845186   0.674949   0.940447   0.642785   0.818876   0.029223   0.373683   0.693689   0.842269   0.669770   0.939582   0.637278   0.824271   0.027102   0.330781   0.701515   0.831227   0.650470   0.939322   0.616818   0.837004   0.022704   0.308323   0.708849   0.813962   0.620877   0.939294   0.585560   0.840838   0.023430   0.304054   0.712268   0.801944   0.600743   0.939741   0.564386   0.834146   0.027229   0.303657   0.712706   0.795963   0.590991   0.940386   0.554183   0.830086   0.028115   0.303404   0.712947   0.790987   0.582976   0.940746   0.545815   0.827085   0.027921   0.303261   0.713062   0.786618   0.576011   0.940661   0.538558   0.824382   0.027380   0.303189   0.713099   0.782818   0.570001   0.940554   0.532306   0.821946   0.026671   0.303161   0.713069   0.779641   0.565014   0.940835   0.527125   0.819705   0.025933   0.303167   0.712980   0.776948   0.560814   0.941462   0.522766   0.817527   0.025394 1247300
  3   0.118161   0.709751   0.747629   0.516684   0.938773   0.477273   0.761271   0.018196   0.301421   0.716500   0.752475   0.523742   0.938183   0.484505   0.767344   0.018659   0.301938   0.715721   0.752612   0.523928   0.939276   0.484693   0.769135   0.019861   0.302351   0.714969   0.752945   0.524409   0.941680   0.485184   0.771449   0.020927   0.302664   0.714398   0.752501   0.523743   0.943150   0.484499   0.772361   0.021641   0.303921   0.713565   0.752217   0.523314   0.943436   0.484055   0.772174   0.021966   0.314494   0.710109   0.756035   0.528993   0.943109   0.489898   0.772622   0.021796   0.339504   0.703664   0.764122   0.541169   0.942167   0.502450   0.778242   0.021282   0.371077   0.697028   0.774196   0.556649   0.941410   0.518469   0.788401   0.022540   0.400424   0.691735   0.785658   0.574645   0.941729   0.537167   0.797821   0.025376   0.420407   0.688450   0.796109   0.591406   0.942081   0.554651   0.804667   0.027822   0.425088   0.687593   0.804078   0.604424   0.941957   0.568277   0.808954   0.029264   0.412326   0.689330   0.808801   0.612229   0.941295   0.576465   0.810862   0.029570   0.385671   0.693360   0.809637   0.613621   0.940098   0.577927   0.811112   0.028966   0.352138   0.698555   0.807025   0.609296   0.939358   0.573388   0.813942   0.025893   0.321540   0.704567   0.798111   0.594713   0.939210   0.558120   0.822623   0.021671   0.306341   0.709770   0.785451   0.574291   0.939243   0.536794   0.822242   0.022593   0.303891   0.711848   0.777267   0.561333   0.939699   0.523308   0.813643   0.025833   0.303619   0.712109   0.772926   0.554588   0.940295   0.516315   0.809289   0.026356   0.303449   0.712251   0.769255   0.548936   0.940575   0.510464   0.805616   0.025866   0.303315   0.712337   0.765935   0.543867   0.940378   0.505224   0.801990   0.025373   0.303268   0.712344   0.763062   0.539506   0.940112   0.500722   0.798515   0.025080   0.303291   0.712263   0.760771   0.536050   0.940263   0.497158   0.795492   0.024637   0.303330   0.712133   0.758920   0.533271   0.940797   0.494295   0.792791   0.024189 876079
  4   0.120412   0.709760   0.727701   0.488246   0.932054   0.448243   0.716764   0.019970   0.301547   0.716529   0.732816   0.495382   0.931224   0.455497   0.721704   0.019690   0.302086   0.715746   0.733156   0.495841   0.932267   0.455961   0.723081   0.020143   0.302540   0.714956   0.733821   0.496767   0.934666   0.456901   0.725175   0.020676   0.302929   0.714362   0.733651   0.496510   0.936141   0.456636   0.725980   0.021254   0.303870   0.713701   0.733193   0.495844   0.936424   0.455953   0.725441   0.021663   0.312753   0.710795   0.736089   0.499970   0.936069   0.460164   0.724805   0.021941   0.334744   0.705034   0.742947   0.509857   0.935084   0.470276   0.728893   0.022159   0.362998   0.698886   0.751834   0.522903   0.934478   0.483663   0.738431   0.024044   0.389420   0.693909   0.762026   0.538163   0.934948   0.499379   0.748185   0.027447   0.408147   0.690710   0.771393   0.552468   0.935347   0.514167   0.755727   0.030365   0.413209   0.689779   0.778537   0.563564   0.935283   0.525672   0.760805   0.032053   0.402287   0.691309   0.782689   0.570086   0.934677   0.532449   0.763254   0.032366   0.378810   0.694911   0.783396   0.571204   0.933509   0.533613   0.763860   0.031088   0.348385   0.699727   0.781046   0.567505   0.932717   0.529767   0.765946   0.027084   0.320234   0.705305   0.773255   0.555368   0.932535   0.517175   0.772910   0.022097   0.306177   0.710017   0.762128   0.538263   0.932574   0.499472   0.772494   0.022351   0.303886   0.711866   0.754967   0.527443   0.933012   0.488309   0.764894   0.025231   0.303660   0.712081   0.751326   0.522035   0.933527   0.482749   0.760667   0.025745   0.303547   0.712200   0.748226   0.517470   0.933697   0.478062   0.756993   0.025427   0.303494   0.712244   0.745492   0.513471   0.933499   0.473961   0.753557   0.025191   0.303454   0.712255   0.743085   0.509973   0.933224   0.470379   0.750130   0.025246   0.303444   0.712219   0.741094   0.507095   0.933295   0.467433   0.747032   0.024996   0.303496   0.712104   0.739520   0.504829   0.933774   0.465117   0.744390   0.024729 934753
  5   0.120246   0.713440   0.707971   0.461806   0.933983   0.421558   0.605222   0.026301   0.297709   0.723633   0.714486   0.470538   0.932746   0.430373   0.607566   0.027536   0.298141   0.722508   0.714641   0.470776   0.933614   0.430618   0.604420   0.027230   0.298449   0.721523   0.715008   0.471302   0.935724   0.431156   0.602951   0.026992   0.298789   0.720618   0.714853   0.471113   0.936893   0.430968   0.601695   0.026722   0.303204   0.717745   0.718007   0.475403   0.936890   0.435312   0.601827   0.025248   0.331204   0.708804   0.730111   0.492367   0.936220   0.452578   0.606043   0.022153   0.394713   0.693814   0.750032   0.521309   0.934993   0.482230   0.617892   0.021038   0.483263   0.676988   0.775826   0.560607   0.934352   0.522851   0.633049   0.025232   0.578027   0.661942   0.805491   0.608234   0.934487   0.572565   0.642904   0.031326   0.648626   0.652164   0.832796   0.654404   0.934231   0.621225   0.647025   0.036328   0.668558   0.650483   0.853845   0.691699   0.933595   0.660878   0.647828   0.040263   0.630607   0.656946   0.867016   0.715847   0.932621   0.686717   0.647981   0.042882   0.550166   0.669000   0.871464   0.724189   0.931303   0.695683   0.650207   0.043427   0.453523   0.683638   0.867350   0.716534   0.930403   0.687470   0.656212   0.041803   0.365796   0.698062   0.852017   0.688496   0.930223   0.657484   0.668822   0.037650   0.314041   0.711062   0.824495   0.639988   0.930463   0.605962   0.676336   0.036027   0.300395   0.717614   0.802452   0.602352   0.931160   0.566225   0.673135   0.037677   0.300175   0.718168   0.791961   0.585260   0.931846   0.548340   0.669426   0.037811   0.300212   0.718496   0.782940   0.570883   0.932139   0.533356   0.666865   0.036949   0.300324   0.718644   0.775198   0.558772   0.932289   0.520778   0.664893   0.035718   0.300396   0.718676   0.768656   0.548708   0.932357   0.510359   0.662915   0.034272   0.300443   0.718592   0.763284   0.540566   0.932599   0.501953   0.660942   0.032850   0.300517   0.718397   0.758911   0.534016   0.933256   0.495205   0.659501   0.031726 288207
  6   0.119122   0.711390   0.729388   0.490807   0.932923   0.450885   0.690094   0.020177   0.299331   0.719623   0.734910   0.498564   0.931957   0.458781   0.695687   0.021389   0.299811   0.718616   0.735455   0.499327   0.932953   0.459557   0.696226   0.022145   0.300162   0.717753   0.736051   0.500179   0.935237   0.460426   0.697449   0.022823   0.300463   0.717064   0.735845   0.499886   0.936553   0.460128   0.697756   0.023309   0.304662   0.714750   0.738394   0.503489   0.936725   0.463800   0.697684   0.022556   0.328858   0.707236   0.749076   0.519018   0.936269   0.479707   0.700032   0.020121   0.382253   0.694742   0.766850   0.545705   0.935191   0.507209   0.710916   0.018573   0.453004   0.681490   0.789176   0.580708   0.934423   0.543574   0.726256   0.021306   0.524118   0.670453   0.813864   0.621212   0.934537   0.586012   0.737496   0.026212   0.573549   0.663799   0.835947   0.659050   0.934492   0.625980   0.744026   0.030151   0.581135   0.663479   0.852125   0.687799   0.934028   0.656556   0.747284   0.033018   0.546435   0.669021   0.861164   0.704280   0.933120   0.674169   0.749252   0.035364   0.484296   0.678089   0.862956   0.707620   0.931754   0.677753   0.752225   0.036582   0.411331   0.688547   0.857889   0.698351   0.930887   0.667842   0.759287   0.035115   0.346417   0.699174   0.842888   0.671412   0.930697   0.639134   0.772028   0.030903   0.310906   0.708985   0.819669   0.630918   0.930794   0.596218   0.776400   0.031117   0.302701   0.713901   0.802842   0.602432   0.931342   0.566198   0.771017   0.034238   0.302249   0.714475   0.795011   0.589676   0.932003   0.552852   0.767861   0.034064   0.302031   0.714789   0.788676   0.579514   0.932346   0.542251   0.765762   0.033020   0.301850   0.715008   0.783190   0.570829   0.932331   0.533213   0.763931   0.031690   0.301729   0.715136   0.778410   0.563345   0.932246   0.525441   0.762028   0.030393   0.301671   0.715167   0.774309   0.556990   0.932484   0.518853   0.759976   0.029487   0.301589   0.715190   0.770662   0.551390   0.933120   0.513059   0.757850   0.028863 712230
  7   0.119684   0.710445   0.731462   0.493521   0.932433   0.453610   0.713741   0.019245   0.300666   0.717811   0.737143   0.501518   0.931549   0.461753   0.719125   0.019532   0.301126   0.716894   0.737729   0.502339   0.932512   0.462588   0.720125   0.020357   0.301526   0.716027   0.738517   0.503457   0.934777   0.463729   0.722089   0.020940   0.301878   0.715340   0.738567   0.503522   0.936129   0.463793   0.722975   0.021466   0.304091   0.713910   0.739757   0.505213   0.936349   0.465517   0.722488   0.021435   0.319285   0.708738   0.746862   0.515543   0.935955   0.476100   0.722015   0.019880   0.352632   0.699849   0.759326   0.534030   0.934960   0.495105   0.728306   0.018065   0.393364   0.690922   0.774462   0.557169   0.934280   0.519029   0.740531   0.019350   0.431356   0.683830   0.791316   0.583752   0.934562   0.546673   0.750761   0.022807   0.458621   0.679264   0.806747   0.608858   0.934734   0.572933   0.757610   0.025805   0.465938   0.678106   0.818707   0.628845   0.934454   0.593944   0.762010   0.027709   0.449354   0.680756   0.825989   0.641249   0.933676   0.607029   0.764609   0.028664   0.414303   0.686405   0.828035   0.644772   0.932399   0.610754   0.766585   0.028508   0.369965   0.693335   0.825487   0.640402   0.931555   0.606138   0.772452   0.025574   0.329278   0.701098   0.814678   0.622147   0.931342   0.586910   0.785092   0.021424   0.308035   0.708567   0.797394   0.593519   0.931374   0.556866   0.789122   0.022791   0.303865   0.712082   0.785364   0.574046   0.931821   0.536517   0.783141   0.026718   0.303480   0.712535   0.779423   0.564690   0.932375   0.526792   0.779454   0.027685   0.303223   0.712829   0.774471   0.556989   0.932633   0.518804   0.776639   0.027521   0.303054   0.713009   0.770147   0.550333   0.932562   0.511915   0.774083   0.027051   0.302963   0.713086   0.766378   0.544581   0.932424   0.505969   0.771680   0.026659   0.302939   0.713071   0.763245   0.539832   0.932609   0.501068   0.769553   0.026338   0.302923   0.713027   0.760587   0.535834   0.933184   0.496947   0.767484   0.025999 1062702
  8   0.121405   0.711054   0.713027   0.468228   0.924245   0.427974   0.649693   0.022247   0.300372   0.719035   0.720053   0.477755   0.923113   0.437610   0.653327   0.023088   0.300790   0.718135   0.720748   0.478704   0.923931   0.438571   0.651887   0.023335   0.301172   0.717243   0.721770   0.480112   0.926117   0.440000   0.652064   0.023430   0.301562   0.716490   0.722063   0.480512   0.927425   0.440405   0.651784   0.023815   0.303649   0.715010   0.723462   0.482425   0.927592   0.442342   0.650897   0.023449   0.319255   0.709686   0.731200   0.493308   0.927123   0.453422   0.649935   0.021156   0.354964   0.700157   0.744860   0.512947   0.926055   0.473500   0.655685   0.019044   0.400159   0.690026   0.761461   0.537613   0.925476   0.498870   0.669022   0.020608   0.442868   0.681713   0.780101   0.566306   0.925826   0.528577   0.680684   0.024281   0.473212   0.676380   0.797522   0.594059   0.925952   0.557494   0.687925   0.027690   0.481699   0.674969   0.811102   0.616341   0.925659   0.580840   0.692851   0.030233   0.464230   0.677859   0.819345   0.630158   0.924906   0.595374   0.696731   0.031484   0.426075   0.684149   0.821703   0.634166   0.923670   0.599601   0.700699   0.030910   0.377488   0.691899   0.818762   0.629180   0.922795   0.594345   0.708136   0.027504   0.332659   0.700686   0.806609   0.608930   0.922576   0.573069   0.720601   0.023398   0.308439   0.709151   0.787438   0.577713   0.922673   0.540409   0.725369   0.024591   0.303258   0.713085   0.774259   0.556811   0.923180   0.518649   0.720802   0.027970   0.302890   0.713573   0.767929   0.547082   0.923723   0.508581   0.717067   0.028632   0.302690   0.713869   0.762652   0.539084   0.923928   0.500324   0.714044   0.028571   0.302563   0.714042   0.758056   0.532196   0.923915   0.493229   0.711346   0.028367   0.302475   0.714151   0.753997   0.526174   0.923815   0.487038   0.708754   0.028053   0.302438   0.714202   0.750495   0.521022   0.923961   0.481748   0.706105   0.027815   0.302451   0.714179   0.747563   0.516739   0.924524   0.477357   0.703478   0.027698 694623
  9   0.122930   0.709779   0.705788   0.458608   0.895368   0.418279   0.655573   0.024445   0.302615   0.716705   0.714520   0.470165   0.894258   0.429917   0.659939   0.025384   0.303103   0.716156   0.714705   0.470415   0.895033   0.430169   0.657778   0.025325   0.303542   0.715509   0.715211   0.471110   0.897210   0.430874   0.657288   0.025336   0.303920   0.715034   0.714765   0.470498   0.898552   0.430255   0.656511   0.025779   0.304604   0.714632   0.713526   0.468804   0.898761   0.428538   0.655351   0.026073   0.312586   0.712214   0.714841   0.470650   0.898333   0.430417   0.654064   0.026020   0.334228   0.706744   0.719511   0.477147   0.897278   0.437019   0.656722   0.026310   0.363862   0.700412   0.725934   0.486139   0.896789   0.446167   0.665174   0.028822   0.392882   0.694992   0.733840   0.497351   0.897319   0.457601   0.674898   0.032920   0.414351   0.691269   0.741745   0.508746   0.897629   0.469256   0.682796   0.036455   0.421161   0.690007   0.748325   0.518387   0.897556   0.479147   0.688322   0.038467   0.410146   0.691597   0.752433   0.524494   0.897047   0.485428   0.691431   0.038325   0.384333   0.695745   0.753082   0.525498   0.896038   0.486468   0.692497   0.035783   0.351436   0.701391   0.750320   0.521435   0.895224   0.482295   0.693409   0.030479   0.321959   0.707389   0.743386   0.511239   0.895035   0.471828   0.697019   0.024708   0.306673   0.711990   0.733986   0.497546   0.895183   0.457794   0.696965   0.023927   0.303819   0.713645   0.727952   0.488876   0.895660   0.448932   0.691529   0.025796   0.303803   0.713674   0.725362   0.485239   0.896104   0.445230   0.686787   0.026069   0.303827   0.713629   0.723198   0.482225   0.896154   0.442167   0.682608   0.025995   0.303882   0.713548   0.721296   0.479594   0.896046   0.439496   0.678784   0.026278   0.303971   0.713447   0.719580   0.477233   0.895847   0.437102   0.675096   0.026706   0.304029   0.713343   0.718089   0.475193   0.895845   0.435035   0.671702   0.026803   0.304087   0.713188   0.716942   0.473633   0.896271   0.433457   0.668840   0.026779 361084
 10   0.140358   0.721807   0.497667   0.237544   0.440012   0.203746   0.283289   0.053900   0.284862   0.740555   0.517904   0.254003   0.439186   0.218965   0.283646   0.058961   0.284163   0.739352   0.518368   0.254417   0.439562   0.219354   0.277799   0.061243   0.283934   0.737832   0.518637   0.254682   0.441111   0.219607   0.273895   0.064514   0.283508   0.736728   0.517940   0.254097   0.441970   0.219064   0.270635   0.068253   0.296035   0.723663   0.526340   0.261422   0.441823   0.225916   0.271825   0.071360   0.355042   0.684943   0.549082   0.282332   0.441072   0.245662   0.276935   0.078404   0.463543   0.633990   0.574656   0.307399   0.439818   0.269599   0.281236   0.097888   0.582564   0.592256   0.598293   0.331920   0.439249   0.293252   0.285140   0.122062   0.682232   0.567396   0.619223   0.354622   0.439421   0.315327   0.289872   0.139587   0.744544   0.561467   0.634584   0.371996   0.439327   0.332347   0.296309   0.152201   0.754083   0.574963   0.643103   0.381982   0.439072   0.342192   0.304491   0.161587   0.707476   0.605109   0.643464   0.382573   0.438684   0.342804   0.313639   0.166405   0.616380   0.645942   0.635284   0.373224   0.438097   0.333627   0.322165   0.164248   0.502898   0.689883   0.620287   0.356235   0.437562   0.316978   0.328100   0.154546   0.393354   0.729486   0.600883   0.334863   0.437531   0.296140   0.330065   0.135602   0.310898   0.759534   0.577011   0.309832   0.437928   0.271946   0.326721   0.106086   0.276513   0.770621   0.557473   0.290267   0.438528   0.253190   0.318091   0.086323   0.274299   0.766872   0.547938   0.281179   0.438916   0.244555   0.308996   0.082188   0.274260   0.762419   0.541967   0.275611   0.438895   0.239284   0.301572   0.081267   0.274066   0.758838   0.537054   0.271113   0.438948   0.235040   0.294691   0.082089   0.274119   0.755822   0.532537   0.267038   0.438974   0.231205   0.288741   0.082218   0.274446   0.753238   0.528185   0.263155   0.439011   0.227558   0.283605   0.081713   0.274808   0.750860   0.524365   0.259789   0.439383   0.224404   0.279079   0.081627 182780
 11   0.130083   0.721708   0.576551   0.310536   0.608510   0.272808   0.361250   0.051878   0.285094   0.739687   0.608650   0.342722   0.604810   0.303674   0.362555   0.052405   0.285067   0.737575   0.611160   0.345440   0.605091   0.306316   0.352315   0.053134   0.285309   0.735708   0.612323   0.346719   0.606755   0.307562   0.346464   0.054606   0.285555   0.734281   0.611735   0.346105   0.607707   0.306969   0.342435   0.056301   0.296033   0.723925   0.620189   0.355247   0.607573   0.315851   0.343721   0.056676   0.349723   0.693796   0.644519   0.383022   0.606792   0.343103   0.350404   0.061307   0.453536   0.654963   0.671918   0.416393   0.605480   0.376230   0.357399   0.080546   0.569802   0.624525   0.696374   0.448194   0.604895   0.408178   0.363050   0.107327   0.666033   0.607792   0.717870   0.477415   0.605014   0.437775   0.368404   0.129182   0.724151   0.604529   0.732908   0.498611   0.604816   0.459386   0.376256   0.144749   0.730855   0.614422   0.740473   0.509578   0.604508   0.470626   0.386678   0.154222   0.684165   0.635356   0.739770   0.508710   0.604121   0.469766   0.398524   0.157606   0.596523   0.663090   0.730449   0.495556   0.603534   0.456350   0.410455   0.153551   0.488577   0.693620   0.714008   0.472758   0.602970   0.433170   0.420558   0.141041   0.386560   0.721780   0.693567   0.445171   0.602939   0.405259   0.426681   0.119199   0.312298   0.744553   0.668739   0.413072   0.603392   0.373038   0.425960   0.089136   0.282578   0.753825   0.648987   0.388478   0.604031   0.348520   0.418005   0.068857   0.280988   0.751848   0.639800   0.377578   0.604397   0.337750   0.408185   0.063224   0.280666   0.749334   0.633904   0.370755   0.604351   0.331039   0.399530   0.061208   0.280370   0.747059   0.629403   0.365644   0.604433   0.326030   0.391255   0.061388   0.280339   0.745079   0.625132   0.360873   0.604493   0.321368   0.383713   0.061762   0.280692   0.743241   0.621028   0.356333   0.604549   0.316939   0.377150   0.061563   0.281131   0.741525   0.617424   0.352388   0.604975   0.313097   0.371481   0.061267 108109
 12   0.126964   0.711371   0.641970   0.380519   0.749775   0.340712   0.466927   0.036430   0.297347   0.719589   0.666264   0.408525   0.747523   0.368234   0.471356   0.037795   0.297815   0.718748   0.670034   0.413197   0.748070   0.372884   0.464637   0.034156   0.298169   0.718066   0.672865   0.416702   0.750029   0.376372   0.460991   0.032193   0.298521   0.717389   0.674543   0.418762   0.751208   0.378417   0.457791   0.031475   0.302509   0.713572   0.680622   0.426305   0.751276   0.385927   0.456920   0.030188   0.329306   0.702475   0.697210   0.447779   0.750774   0.407472   0.461710   0.025498   0.388682   0.687231   0.716260   0.473343   0.749746   0.433285   0.473973   0.023646   0.463077   0.673326   0.733558   0.497571   0.749297   0.457945   0.487920   0.029848   0.535595   0.662505   0.751904   0.524244   0.749503   0.485279   0.498249   0.039105   0.588380   0.656408   0.768123   0.548722   0.749280   0.510540   0.507375   0.048332   0.597828   0.657499   0.779427   0.566332   0.748794   0.528821   0.516982   0.056227   0.560627   0.665493   0.783520   0.572891   0.748124   0.535666   0.527916   0.061827   0.494442   0.677549   0.779509   0.566677   0.747141   0.529223   0.539720   0.063344   0.417676   0.691120   0.768534   0.549669   0.746321   0.511583   0.551787   0.059257   0.349615   0.703769   0.751463   0.523817   0.746192   0.484886   0.564479   0.047783   0.310136   0.714026   0.729086   0.491206   0.746510   0.451449   0.569611   0.038386   0.299705   0.718667   0.713644   0.469368   0.747065   0.429184   0.564542   0.035876   0.299649   0.718797   0.708320   0.462125   0.747520   0.421852   0.558117   0.033621   0.299701   0.718677   0.704417   0.456888   0.747682   0.416565   0.552705   0.031645   0.299812   0.718426   0.701235   0.452661   0.747862   0.412305   0.547876   0.030484   0.299879   0.718205   0.698265   0.448752   0.747891   0.408373   0.543254   0.029824   0.299916   0.717998   0.695562   0.445221   0.747939   0.404824   0.538657   0.029279   0.300032   0.717669   0.693494   0.442535   0.748430   0.402129   0.534454   0.028924 188329
 13   0.122800   0.710379   0.696344   0.446901   0.840375   0.406631   0.561725   0.034691   0.300226   0.717400   0.719361   0.477136   0.838923   0.437044   0.560328   0.036948   0.301016   0.716223   0.724247   0.483922   0.839548   0.443939   0.552119   0.033591   0.301675   0.715302   0.727341   0.488238   0.841612   0.448326   0.548499   0.032193   0.302216   0.714479   0.729074   0.490676   0.842896   0.450809   0.545820   0.032268   0.304613   0.712443   0.732290   0.495219   0.843050   0.455438   0.544134   0.031456   0.321892   0.706077   0.743569   0.511564   0.842630   0.472176   0.547608   0.026396   0.361802   0.696116   0.758116   0.533044   0.841671   0.494246   0.561926   0.021128   0.413461   0.686193   0.770949   0.552568   0.841235   0.514420   0.581059   0.022442   0.465525   0.677889   0.784907   0.574398   0.841556   0.537093   0.595984   0.028244   0.505347   0.672532   0.797595   0.594768   0.841523   0.558353   0.607752   0.034903   0.517880   0.671716   0.806716   0.609734   0.841149   0.574036   0.618491   0.040951   0.495991   0.676039   0.810559   0.616111   0.840471   0.580733   0.628566   0.045094   0.448808   0.683938   0.808306   0.612357   0.839386   0.576788   0.638209   0.045222   0.391324   0.693278   0.800875   0.600074   0.838512   0.563898   0.648874   0.040722   0.338310   0.702834   0.786872   0.577424   0.838343   0.540227   0.662682   0.032352   0.308851   0.711132   0.767449   0.546925   0.838560   0.508529   0.669597   0.028191   0.302237   0.714871   0.754691   0.527380   0.839055   0.488312   0.665425   0.028986   0.302194   0.714986   0.750506   0.521167   0.839532   0.481922   0.659289   0.028494   0.302296   0.714891   0.747491   0.516739   0.839734   0.477377   0.653786   0.027862   0.302441   0.714729   0.744868   0.512917   0.839873   0.473461   0.648896   0.027885   0.302586   0.714563   0.742458   0.509430   0.839850   0.469892   0.644312   0.028376   0.302720   0.714370   0.740408   0.506483   0.839920   0.466879   0.640096   0.028674   0.302799   0.714207   0.738601   0.503907   0.840438   0.464249   0.636286   0.028862 278558
 14   0.126734   0.709227   0.669481   0.412659   0.771924   0.372370   0.566485   0.029217   0.302237   0.715543   0.686688   0.433506   0.770507   0.393035   0.573184   0.031544   0.302805   0.714879   0.688051   0.435269   0.771232   0.394803   0.570046   0.029269   0.303328   0.714168   0.689191   0.436743   0.773311   0.396281   0.569661   0.028122   0.303676   0.713675   0.689121   0.436653   0.774557   0.396191   0.569057   0.027714   0.304911   0.712703   0.689166   0.436711   0.774618   0.396249   0.568095   0.027132   0.317342   0.708134   0.693901   0.442990   0.774033   0.402574   0.568745   0.024765   0.348962   0.699736   0.701524   0.453136   0.772879   0.412802   0.576628   0.023237   0.390951   0.691251   0.708899   0.463060   0.772411   0.422826   0.590552   0.026679   0.430449   0.684793   0.716955   0.474080   0.772819   0.433992   0.603772   0.033045   0.457362   0.681108   0.724353   0.484369   0.772913   0.444448   0.614711   0.038944   0.462816   0.681048   0.729734   0.491948   0.772716   0.452169   0.623391   0.043131   0.444051   0.684865   0.731591   0.494590   0.772226   0.454864   0.629577   0.044643   0.408169   0.691419   0.729465   0.491572   0.771346   0.451786   0.632905   0.042412   0.365913   0.699252   0.724155   0.484064   0.770550   0.444133   0.633993   0.036504   0.328562   0.706942   0.716112   0.472807   0.770397   0.432680   0.635528   0.028952   0.308112   0.712583   0.706434   0.459457   0.770668   0.419135   0.634574   0.025361   0.303487   0.714561   0.700516   0.451396   0.771183   0.410974   0.628927   0.025404   0.303455   0.714411   0.698788   0.449098   0.771600   0.408658   0.622698   0.024996   0.303517   0.714162   0.697396   0.447264   0.771665   0.406814   0.617337   0.024604   0.303642   0.713886   0.696078   0.445540   0.771725   0.405081   0.612715   0.024771   0.303745   0.713687   0.694650   0.443680   0.771660   0.403214   0.608230   0.025328   0.303802   0.713530   0.693291   0.441919   0.771648   0.401447   0.603878   0.025656   0.303849   0.713323   0.692315   0.440661   0.772066   0.400187   0.599987   0.025813 328749
 15   0.143941   0.714661   0.445088   0.196207   0.303970   0.165738   0.232130   0.167811   0.271084   0.725151   0.431432   0.186133   0.305956   0.156578   0.220097   0.279914   0.269801   0.722411   0.433522   0.187676   0.306293   0.157983   0.218718   0.308157   0.268507   0.720277   0.434961   0.188765   0.307742   0.158977   0.218302   0.328096   0.267135   0.718800   0.435270   0.189031   0.308509   0.159225   0.218170   0.346646   0.285762   0.712389   0.438261   0.191221   0.308348   0.161214   0.218304   0.360329   0.359685   0.690772   0.449617   0.199704   0.307653   0.168947   0.220779   0.358541   0.480524   0.658701   0.466862   0.213090   0.306583   0.181232   0.224435   0.358662   0.601851   0.630286   0.484612   0.227475   0.306336   0.194533   0.227815   0.367328   0.697565   0.610138   0.500472   0.240799   0.306859   0.206930   0.231513   0.364548   0.756723   0.600374   0.512480   0.251211   0.307135   0.216672   0.235083   0.356777   0.768777   0.603656   0.519324   0.257294   0.307195   0.222388   0.238254   0.350510   0.732329   0.619605   0.520260   0.258162   0.306976   0.223209   0.240804   0.345303   0.654389   0.645254   0.515068   0.253553   0.306446   0.218879   0.242340   0.337832   0.545400   0.678395   0.504153   0.244010   0.305832   0.209938   0.241992   0.333043   0.424042   0.714886   0.487915   0.230242   0.305532   0.197106   0.239316   0.336751   0.315003   0.748118   0.467096   0.213267   0.305559   0.181394   0.234388   0.345722   0.261265   0.762345   0.451853   0.201265   0.305845   0.170353   0.228621   0.357789   0.256053   0.758387   0.446148   0.197006   0.306037   0.166471   0.224115   0.367146   0.255938   0.752713   0.442698   0.194488   0.305909   0.164185   0.220881   0.375263   0.255937   0.747757   0.439726   0.192340   0.305891   0.162237   0.218264   0.382455   0.256130   0.743574   0.436970   0.190359   0.305886   0.160444   0.215800   0.382287   0.256228   0.740078   0.434455   0.188560   0.305912   0.158815   0.213382   0.378332   0.256183   0.736930   0.432532   0.187199   0.306240   0.157587   0.211484   0.376608 83731
 16   0.146847   0.719155   0.437828   0.190586   0.332275   0.160584   0.236843   0.063255   0.283853   0.735104   0.439834   0.191523   0.331593   0.161351   0.229442   0.074897   0.283314   0.733900   0.440376   0.191915   0.332074   0.161707   0.226845   0.078335   0.282671   0.732651   0.440558   0.192079   0.333584   0.161859   0.224704   0.083697   0.281772   0.731610   0.439950   0.191682   0.334418   0.161506   0.222727   0.090099   0.295123   0.719469   0.449211   0.198391   0.334312   0.167587   0.225741   0.095230   0.356119   0.685732   0.471742   0.215564   0.333659   0.183289   0.232066   0.105721   0.466887   0.643429   0.495498   0.234956   0.332555   0.201227   0.235979   0.130126   0.587603   0.608341   0.516628   0.253143   0.332127   0.218205   0.239553   0.153832   0.687495   0.584900   0.534642   0.269267   0.332448   0.233361   0.244137   0.163485   0.750524   0.575762   0.547978   0.281615   0.332524   0.245036   0.249636   0.167021   0.760717   0.584065   0.555441   0.288753   0.332399   0.251824   0.255838   0.169718   0.713856   0.608709   0.555883   0.289291   0.332065   0.252354   0.262088   0.170606   0.623141   0.643740   0.549028   0.282847   0.331473   0.246246   0.267003   0.166486   0.509350   0.683239   0.536359   0.271018   0.330901   0.235045   0.269205   0.158194   0.397298   0.720991   0.519110   0.255365   0.330777   0.220295   0.268214   0.144606   0.310536   0.752343   0.495317   0.234818   0.331025   0.201101   0.264047   0.119934   0.273445   0.766086   0.475045   0.218073   0.331492   0.185579   0.256510   0.102844   0.270883   0.763988   0.465469   0.210596   0.331814   0.178716   0.248692   0.100626   0.270598   0.760355   0.459518   0.206055   0.331771   0.174564   0.242799   0.102017   0.270605   0.756823   0.454713   0.202442   0.331780   0.171269   0.237949   0.104980   0.271156   0.753469   0.450324   0.199190   0.331758   0.168310   0.233888   0.105133   0.271683   0.750618   0.446161   0.196149   0.331760   0.165551   0.230177   0.103903   0.272179   0.747914   0.442763   0.193703   0.332080   0.163337   0.226832   0.104118 227977
 17   0.146249   0.711456   0.493813   0.233500   0.412616   0.199863   0.304122   0.036935   0.297941   0.719788   0.499029   0.237145   0.411838   0.203135   0.301671   0.043304   0.298479   0.718984   0.498936   0.237028   0.412390   0.203020   0.301496   0.043560   0.298585   0.718418   0.498811   0.236911   0.414041   0.202910   0.301029   0.044618   0.298600   0.717959   0.498281   0.236471   0.415011   0.202501   0.300209   0.046331   0.303424   0.713298   0.501713   0.239313   0.414974   0.205136   0.301777   0.047594   0.332100   0.697752   0.511734   0.247901   0.414370   0.213143   0.306791   0.048064   0.391482   0.675143   0.522702   0.257613   0.413304   0.222250   0.314893   0.053390   0.458895   0.655618   0.532842   0.266829   0.412890   0.230931   0.325727   0.064856   0.509303   0.644914   0.541969   0.275273   0.413249   0.238910   0.337226   0.076199   0.529930   0.644396   0.548314   0.281252   0.413371   0.244579   0.347619   0.085038   0.520137   0.652507   0.551564   0.284384   0.413278   0.247560   0.355566   0.090815   0.486003   0.666491   0.551058   0.283928   0.412948   0.247132   0.360436   0.092578   0.438465   0.682674   0.546722   0.279786   0.412302   0.243195   0.361849   0.088701   0.387017   0.698958   0.539606   0.273044   0.411677   0.236798   0.360005   0.079472   0.340219   0.713880   0.531041   0.265077   0.411554   0.229262   0.355554   0.067138   0.309830   0.724430   0.522071   0.256932   0.411803   0.221592   0.348865   0.056523   0.299243   0.728143   0.515795   0.251355   0.412253   0.216359   0.341146   0.051902   0.297994   0.727729   0.512675   0.248654   0.412583   0.213836   0.334338   0.051090   0.297087   0.727246   0.510014   0.246386   0.412570   0.211724   0.328405   0.051857   0.296311   0.726837   0.507436   0.244215   0.412584   0.209705   0.323054   0.053313   0.295889   0.726288   0.504950   0.242131   0.412531   0.207770   0.318463   0.053942   0.295515   0.725811   0.502495   0.240079   0.412513   0.205864   0.314254   0.053959   0.295085   0.725417   0.500316   0.238275   0.412847   0.204192   0.310223   0.054332 329421
 18   0.131383   0.709443   0.628682   0.364656   0.689652   0.325027   0.486164   0.030674   0.301199   0.715921   0.645028   0.382497   0.687914   0.342385   0.491010   0.033886   0.301803   0.715207   0.646393   0.384053   0.688572   0.343909   0.488459   0.031282   0.302286   0.714471   0.647690   0.385546   0.690550   0.345376   0.488011   0.029827   0.302597   0.713951   0.647883   0.385758   0.691723   0.345581   0.487289   0.029307   0.304554   0.712190   0.649179   0.387269   0.691744   0.347068   0.486919   0.028992   0.321399   0.705305   0.656278   0.395825   0.691148   0.355540   0.489482   0.026906   0.361441   0.694225   0.665583   0.407197   0.690020   0.366828   0.498850   0.026817   0.412461   0.683849   0.673844   0.417504   0.689582   0.377097   0.513031   0.032780   0.457907   0.676624   0.682354   0.428337   0.689975   0.387930   0.526700   0.041245   0.484663   0.673610   0.689323   0.437374   0.690056   0.396997   0.538389   0.048559   0.484635   0.675337   0.693467   0.442825   0.689880   0.402481   0.547846   0.053346   0.458972   0.681315   0.693687   0.443136   0.689443   0.402799   0.554819   0.054803   0.417657   0.689747   0.689835   0.438089   0.688638   0.397725   0.558744   0.051829   0.371857   0.699007   0.683152   0.429403   0.687881   0.389005   0.559593   0.044883   0.331889   0.707781   0.674712   0.418587   0.687720   0.378177   0.558766   0.036326   0.308918   0.714154   0.665350   0.406785   0.687979   0.366396   0.555417   0.031635   0.302953   0.716396   0.659618   0.399659   0.688470   0.359301   0.548951   0.031140   0.302811   0.716211   0.657867   0.397540   0.688853   0.357201   0.542317   0.030758   0.302749   0.715958   0.656389   0.395764   0.688890   0.355445   0.536794   0.030410   0.302753   0.715656   0.655093   0.394219   0.688950   0.353918   0.532037   0.030220   0.302769   0.715369   0.653788   0.392673   0.688908   0.352392   0.527591   0.030227   0.302732   0.715147   0.652522   0.391176   0.688903   0.350915   0.523262   0.030350   0.302722   0.714881   0.651607   0.390102   0.689307   0.349856   0.519185   0.030576 361360
 19   0.125216   0.713158   0.669303   0.412359   0.938371   0.372066   0.522930   0.020594   0.298392   0.723112   0.676579   0.421225   0.936829   0.380864   0.529204   0.021354   0.298865   0.722116   0.676833   0.421445   0.937824   0.381065   0.529484   0.022266   0.299002   0.721481   0.676642   0.421129   0.939926   0.380735   0.529125   0.024055   0.298915   0.721208   0.675249   0.419317   0.941254   0.378916   0.526649   0.025974   0.301063   0.719958   0.675314   0.419220   0.941710   0.378787   0.521151   0.027475   0.320676   0.714434   0.681554   0.426922   0.941370   0.386443   0.515172   0.027506   0.367539   0.703971   0.694677   0.443891   0.940292   0.403459   0.515019   0.028191   0.428464   0.692431   0.712873   0.468542   0.939643   0.428390   0.520462   0.033152   0.485714   0.683018   0.734187   0.498803   0.940052   0.459262   0.525157   0.039839   0.540714   0.675102   0.755601   0.530582   0.940362   0.491954   0.526213   0.045697   0.580944   0.669983   0.775366   0.561124   0.940074   0.523614   0.523285   0.050360   0.574030   0.671398   0.790091   0.584575   0.939146   0.548064   0.518086   0.052757   0.520814   0.678752   0.796593   0.595099   0.937758   0.559070   0.515072   0.052118   0.443776   0.689157   0.794690   0.591904   0.936886   0.555709   0.517213   0.047006   0.365123   0.700696   0.782206   0.571834   0.936686   0.534749   0.525914   0.037935   0.311190   0.715166   0.752761   0.526900   0.936803   0.488270   0.529263   0.034656   0.294084   0.723859   0.727278   0.489365   0.937399   0.449700   0.523292   0.037657   0.294354   0.723854   0.717816   0.476211   0.938026   0.436326   0.518414   0.038218   0.295187   0.723327   0.710859   0.466567   0.938268   0.426527   0.515783   0.036909   0.296199   0.722427   0.705718   0.459426   0.938193   0.419270   0.513890   0.035345   0.297132   0.721496   0.702085   0.454367   0.938107   0.414129   0.512087   0.033405   0.297694   0.720850   0.699156   0.450326   0.938349   0.410030   0.510267   0.031575   0.297963   0.720401   0.696418   0.446627   0.938994   0.406291   0.508893   0.030570 75838
 20   0.155251   0.718442   0.368948   0.145007   0.194617   0.119873   0.186597   0.125450   0.281298   0.732723   0.342111   0.128373   0.194072   0.105181   0.175515   0.188745   0.281476   0.730062   0.342763   0.128721   0.194584   0.105481   0.176008   0.199765   0.281228   0.728006   0.343109   0.128913   0.196026   0.105647   0.176454   0.210892   0.280954   0.726509   0.342731   0.128698   0.196834   0.105460   0.176569   0.221787   0.295507   0.717400   0.346038   0.130597   0.196782   0.107116   0.177380   0.230115   0.356053   0.688537   0.357221   0.137249   0.196218   0.112948   0.179566   0.240736   0.462704   0.646758   0.372737   0.146842   0.195274   0.121415   0.182173   0.256478   0.579084   0.608513   0.388715   0.157088   0.195028   0.130515   0.185304   0.267062   0.676285   0.581349   0.403310   0.166772   0.195520   0.139165   0.188808   0.266647   0.737433   0.569901   0.414691   0.174558   0.195784   0.146157   0.192175   0.263987   0.748311   0.577675   0.421574   0.179386   0.195825   0.150511   0.195257   0.263154   0.705838   0.603258   0.423050   0.180456   0.195587   0.151481   0.197755   0.261677   0.621868   0.640376   0.418679   0.177398   0.195028   0.148726   0.198928   0.255552   0.512658   0.684216   0.408917   0.170636   0.194449   0.142640   0.198241   0.248553   0.400630   0.728463   0.394175   0.160697   0.194232   0.133737   0.196042   0.245837   0.312704   0.762749   0.376281   0.149061   0.194303   0.123378   0.192436   0.239811   0.274897   0.774372   0.362925   0.140668   0.194601   0.115949   0.188074   0.233875   0.271736   0.769399   0.356301   0.136679   0.194820   0.112444   0.184046   0.233453   0.271647   0.763449   0.351579   0.133898   0.194727   0.110009   0.180813   0.237260   0.272042   0.758091   0.347528   0.131540   0.194684   0.107949   0.178348   0.241387   0.272319   0.753583   0.343851   0.129434   0.194608   0.106113   0.175995   0.239720   0.272097   0.749989   0.340651   0.127618   0.194564   0.104534   0.173560   0.236503   0.271725   0.746857   0.338178   0.126222   0.194827   0.103320   0.171537   0.236505 140212
 21   0.156604   0.714189   0.386043   0.155077   0.227069   0.128689   0.206956   0.055930   0.293374   0.724564   0.370604   0.144912   0.226279   0.119623   0.198574   0.071151   0.294327   0.722763   0.371527   0.145436   0.226794   0.120078   0.199614   0.075554   0.294599   0.721695   0.371596   0.145469   0.228293   0.120106   0.200349   0.079995   0.294826   0.720827   0.371160   0.145202   0.229169   0.119871   0.200782   0.084504   0.302493   0.713463   0.374708   0.147344   0.229151   0.121753   0.202424   0.088325   0.339383   0.690053   0.384955   0.153786   0.228619   0.127453   0.205574   0.095538   0.410808   0.656880   0.397729   0.162143   0.227677   0.134896   0.209624   0.110440   0.492122   0.627829   0.410553   0.170786   0.227359   0.142633   0.214969   0.125148   0.562034   0.608475   0.422616   0.179144   0.227770   0.150149   0.220762   0.132985   0.604301   0.603089   0.432023   0.185825   0.227963   0.156184   0.226497   0.138420   0.605332   0.613677   0.437230   0.189599   0.227940   0.159605   0.231691   0.142719   0.566035   0.636794   0.437440   0.189763   0.227668   0.159756   0.235406   0.143853   0.501942   0.665414   0.432867   0.186439   0.227070   0.156741   0.236809   0.139178   0.427855   0.695083   0.424778   0.180624   0.226485   0.151479   0.235705   0.130289   0.357716   0.722712   0.413815   0.172935   0.226343   0.144549   0.232691   0.119395   0.309844   0.741840   0.401511   0.164564   0.226512   0.137043   0.228129   0.106552   0.292115   0.747800   0.392370   0.158533   0.226876   0.131664   0.222900   0.097933   0.290308   0.745935   0.387253   0.155267   0.227150   0.128767   0.218192   0.095291   0.289830   0.743624   0.383287   0.152773   0.227113   0.126561   0.214320   0.096894   0.289957   0.741225   0.379664   0.150516   0.227094   0.124567   0.211207   0.099505   0.289721   0.739336   0.376010   0.148266   0.227006   0.122583   0.208098   0.098757   0.289037   0.738056   0.372577   0.146175   0.226951   0.120743   0.204855   0.097016   0.288700   0.736599   0.369906   0.144556   0.227224   0.119319   0.202218   0.097070 289987
 22   0.152136   0.710641   0.443415   0.194027   0.320755   0.163610   0.258287   0.044527   0.298191   0.717982   0.439896   0.190958   0.320256   0.160747   0.253257   0.056155   0.298829   0.716917   0.440399   0.191279   0.320792   0.161031   0.254063   0.058699   0.299064   0.716178   0.440613   0.191426   0.322379   0.161164   0.254613   0.061391   0.299228   0.715599   0.440305   0.191202   0.323314   0.160960   0.254879   0.064062   0.303858   0.711401   0.442793   0.193004   0.323288   0.162593   0.256193   0.065961   0.330461   0.696655   0.450663   0.198875   0.322729   0.167939   0.259850   0.067602   0.385283   0.674543   0.460380   0.206332   0.321739   0.174761   0.266066   0.074879   0.448138   0.655254   0.470268   0.214099   0.321366   0.181896   0.274112   0.086993   0.498866   0.643778   0.479678   0.221615   0.321747   0.188819   0.282623   0.097165   0.525032   0.642039   0.486674   0.227297   0.321922   0.194069   0.290391   0.105291   0.520660   0.649748   0.490379   0.230369   0.321877   0.196917   0.296238   0.110909   0.490742   0.663642   0.490441   0.230446   0.321571   0.196994   0.299403   0.112548   0.446114   0.679913   0.486883   0.227507   0.320937   0.194271   0.299604   0.108268   0.393783   0.697289   0.480315   0.222109   0.320342   0.189273   0.297178   0.099239   0.343461   0.714103   0.471616   0.215091   0.320224   0.182796   0.292746   0.087578   0.309910   0.726259   0.462048   0.207554   0.320431   0.175870   0.286771   0.076833   0.298083   0.730455   0.455346   0.202391   0.320842   0.171142   0.280513   0.071817   0.296791   0.729789   0.452047   0.199915   0.321165   0.168885   0.275308   0.071062   0.296248   0.728774   0.449432   0.197971   0.321163   0.167116   0.271174   0.072811   0.295979   0.727785   0.446894   0.196103   0.321156   0.165419   0.267652   0.075069   0.295558   0.727040   0.444223   0.194158   0.321072   0.163656   0.264236   0.075411   0.295068   0.726389   0.441766   0.192385   0.321039   0.162051   0.260920   0.075099   0.294660   0.725734   0.439756   0.190944   0.321346   0.160747   0.257903   0.075811 287619
 23   0.139938   0.711271   0.544132   0.277893   0.513424   0.241488   0.357687   0.033810   0.297896   0.719467   0.555785   0.287994   0.511932   0.250918   0.357461   0.037572   0.298607   0.718640   0.556092   0.288256   0.512540   0.251161   0.356666   0.035671   0.298844   0.718077   0.555660   0.287841   0.514299   0.250766   0.356402   0.035856   0.298926   0.717708   0.554641   0.286874   0.515329   0.249849   0.355767   0.036346   0.303158   0.713603   0.557844   0.289889   0.515299   0.252707   0.357629   0.036578   0.330524   0.700219   0.568098   0.299906   0.514668   0.262262   0.363667   0.035813   0.387920   0.681516   0.578368   0.310250   0.513548   0.272182   0.374254   0.039554   0.453267   0.665959   0.586504   0.318673   0.513116   0.280300   0.388298   0.049926   0.503579   0.657149   0.594125   0.326692   0.513494   0.288051   0.402272   0.060653   0.525057   0.656202   0.599368   0.332284   0.513621   0.293470   0.414676   0.068993   0.514271   0.662553   0.601423   0.334498   0.513522   0.295620   0.424490   0.073858   0.478312   0.673907   0.599957   0.332909   0.513176   0.294077   0.430843   0.074105   0.429694   0.687166   0.595138   0.327720   0.512498   0.289041   0.433235   0.069105   0.379292   0.700277   0.588112   0.320252   0.511844   0.281809   0.431855   0.059668   0.336122   0.711984   0.580239   0.312045   0.511706   0.273889   0.427493   0.048551   0.309547   0.720228   0.572486   0.304137   0.511944   0.266288   0.420545   0.040713   0.300972   0.723060   0.567731   0.299374   0.512399   0.261725   0.412332   0.038181   0.300039   0.722837   0.565767   0.297467   0.512737   0.259908   0.404862   0.037955   0.299318   0.722575   0.563943   0.295720   0.512729   0.258248   0.398294   0.038474   0.298763   0.722303   0.562124   0.293990   0.512753   0.256605   0.392320   0.039334   0.298372   0.722028   0.560215   0.292173   0.512709   0.254879   0.386853   0.039847   0.298028   0.721769   0.558396   0.290443   0.512703   0.253237   0.381736   0.040029   0.297635   0.721575   0.556725   0.288869   0.513065   0.251745   0.376916   0.040539 296487
 24   0.135673   0.709987   0.591527   0.324616   0.606731   0.286149   0.422009   0.033017   0.300023   0.716977   0.605201   0.337941   0.605460   0.298851   0.423900   0.036722   0.300669   0.716242   0.606098   0.338863   0.606103   0.299738   0.422210   0.033865   0.301046   0.715615   0.606377   0.339138   0.607985   0.300001   0.422322   0.033273   0.301219   0.715215   0.605760   0.338471   0.609098   0.299353   0.422119   0.033356   0.304036   0.712543   0.607682   0.340502   0.609102   0.301317   0.423008   0.033525   0.325427   0.703005   0.615906   0.349502   0.608488   0.310076   0.427556   0.032265   0.373795   0.688670   0.625354   0.360064   0.607358   0.320393   0.437986   0.033760   0.431641   0.676146   0.633269   0.369134   0.606917   0.329294   0.452425   0.041382   0.479236   0.668365   0.641086   0.378265   0.607304   0.338284   0.466601   0.050742   0.503530   0.666345   0.646900   0.385163   0.607414   0.345096   0.479055   0.058497   0.498321   0.670175   0.649565   0.388362   0.607285   0.348262   0.489024   0.063340   0.467798   0.678432   0.648521   0.387113   0.606899   0.347027   0.495907   0.064145   0.422815   0.688937   0.643936   0.381635   0.606156   0.341611   0.499035   0.060026   0.374723   0.699888   0.637079   0.373541   0.605449   0.333626   0.498493   0.052114   0.333571   0.709875   0.629206   0.364400   0.605294   0.324636   0.495371   0.043033   0.309302   0.716854   0.621148   0.355213   0.605535   0.315629   0.489879   0.037381   0.302308   0.719153   0.616370   0.349844   0.606002   0.310380   0.482625   0.035940   0.301902   0.718824   0.614912   0.348253   0.606360   0.308832   0.475723   0.035411   0.301626   0.718450   0.613605   0.346840   0.606371   0.307461   0.469876   0.035256   0.301407   0.718120   0.612243   0.345379   0.606408   0.306043   0.464717   0.035519   0.301294   0.717799   0.610817   0.343851   0.606361   0.304562   0.459928   0.035749   0.301209   0.717480   0.609551   0.342495   0.606357   0.303248   0.455350   0.035788   0.301061   0.717191   0.608541   0.341422   0.606745   0.302209   0.450987   0.036036 323168
