timestamp=                2021-11-23T18:17:37.184664
shape=                    (5, 5)
sigma=                    2.5
nepochs=                  3
thresh=                   None
rate=                     0.00724
neighborhood function=    gaussian
init weights=             pca
topology=                 hexagonal
activation distance=      euclidean
output type=              labels
mapfile_prefix=           full2017_5x5_3_00724_3_05
apply classification=     False
seed=                     None
random order=             True
custom init file=         None
order labels by size=     False
decay_function=           3

Quantization Error=       0.34750163
Topographic Error=        0.14453172

############ NEURONS #############
 25 192
  0   0.123234   0.666696   0.763230   0.532677   0.943256   0.493110   0.795956   0.020814   0.308629   0.672272   0.775482   0.551299   0.942557   0.512293   0.808256   0.016622   0.308883   0.671154   0.777776   0.554868   0.943430   0.515985   0.813985   0.017390   0.309180   0.670146   0.779669   0.557831   0.945595   0.519053   0.819976   0.018543   0.309426   0.669446   0.780318   0.558845   0.946851   0.520104   0.823977   0.019658   0.310489   0.668782   0.780532   0.559178   0.947024   0.520448   0.825377   0.020529   0.320493   0.665862   0.783864   0.564498   0.946629   0.525978   0.824929   0.020769   0.344401   0.659485   0.791682   0.577117   0.945704   0.539122   0.830053   0.020163   0.374308   0.652220   0.802438   0.594826   0.944957   0.557638   0.841751   0.020638   0.401344   0.646341   0.815026   0.616056   0.945273   0.579934   0.852340   0.022898   0.418652   0.642878   0.826571   0.635989   0.945537   0.600961   0.859372   0.025114   0.420399   0.642433   0.835058   0.650949   0.945255   0.616804   0.863537   0.026522   0.405657   0.644874   0.839885   0.659574   0.944606   0.625961   0.865818   0.026860   0.379438   0.649365   0.840767   0.661165   0.943500   0.627653   0.868001   0.025966   0.348762   0.654471   0.838169   0.656517   0.942796   0.622717   0.876105   0.022699   0.323696   0.659843   0.829598   0.641361   0.942682   0.606658   0.890541   0.020444   0.312938   0.663741   0.819485   0.623637   0.942801   0.587908   0.897465   0.023169   0.311513   0.664970   0.814057   0.614271   0.943295   0.578029   0.895168   0.026537   0.311325   0.665317   0.810734   0.608624   0.943900   0.572090   0.892804   0.027526   0.311148   0.665598   0.807733   0.603564   0.944175   0.566776   0.890922   0.027607   0.310973   0.665838   0.804929   0.598866   0.944088   0.561849   0.889271   0.027082   0.310824   0.666017   0.802467   0.594767   0.944039   0.557554   0.887893   0.026335   0.310728   0.666137   0.800380   0.591317   0.944301   0.553944   0.886411   0.026002   0.310685   0.666196   0.798611   0.588409   0.944863   0.550906   0.884831   0.025903 765469
  1   0.124417   0.667821   0.749713   0.512591   0.936426   0.472504   0.734989   0.021878   0.307704   0.674471   0.762244   0.531011   0.935718   0.491363   0.744632   0.019834   0.308032   0.673242   0.764486   0.534375   0.936637   0.494819   0.749111   0.020363   0.308364   0.672128   0.766418   0.537297   0.938769   0.497827   0.754201   0.020671   0.308632   0.671329   0.767135   0.538374   0.939972   0.498934   0.758043   0.021063   0.309967   0.670549   0.767436   0.538818   0.940064   0.499388   0.759954   0.021403   0.321418   0.667431   0.771088   0.544473   0.939674   0.505233   0.760552   0.021520   0.348225   0.660576   0.779597   0.557825   0.938800   0.519068   0.766594   0.020668   0.381722   0.652555   0.791704   0.577257   0.938051   0.539289   0.778860   0.021050   0.412756   0.645860   0.806276   0.601292   0.938296   0.564427   0.789948   0.023686   0.433868   0.641681   0.819913   0.624421   0.938436   0.588744   0.797460   0.026292   0.437530   0.640844   0.830219   0.642340   0.938088   0.607671   0.802338   0.028118   0.421575   0.643387   0.836221   0.652948   0.937410   0.618911   0.805625   0.029038   0.391534   0.648337   0.837588   0.655381   0.936338   0.621492   0.809038   0.028511   0.355980   0.653914   0.835030   0.650829   0.935686   0.616663   0.818090   0.024949   0.326356   0.659852   0.825584   0.634281   0.935636   0.599158   0.832817   0.022061   0.312994   0.664414   0.813698   0.613700   0.935819   0.577436   0.840534   0.025019   0.310991   0.665973   0.807036   0.602370   0.936345   0.565519   0.839341   0.029003   0.310759   0.666378   0.803200   0.595961   0.936948   0.558800   0.837492   0.030086   0.310573   0.666670   0.799858   0.590424   0.937244   0.553005   0.836264   0.030186   0.310404   0.666905   0.796796   0.585387   0.937209   0.547740   0.835533   0.029606   0.310255   0.667083   0.794097   0.580979   0.937148   0.543137   0.834842   0.028837   0.310155   0.667186   0.791848   0.577326   0.937364   0.539328   0.833821   0.028482   0.310097   0.667226   0.789945   0.574255   0.937876   0.536130   0.832839   0.028217 1052383
  2   0.121618   0.668309   0.755488   0.521311   0.939454   0.481474   0.709077   0.022683   0.304592   0.675445   0.766853   0.538222   0.938706   0.498829   0.721182   0.022203   0.304969   0.674253   0.768573   0.540828   0.939576   0.501513   0.726453   0.022918   0.305229   0.673230   0.769960   0.542945   0.941674   0.503695   0.731729   0.023616   0.305395   0.672528   0.770096   0.543142   0.942875   0.503896   0.735329   0.024689   0.311319   0.670959   0.771486   0.545261   0.943003   0.506080   0.736082   0.025555   0.340820   0.664756   0.779176   0.557317   0.942645   0.518571   0.739626   0.025241   0.401556   0.653010   0.794505   0.582076   0.941781   0.544368   0.753133   0.024887   0.478704   0.640028   0.815877   0.618100   0.940921   0.582204   0.769854   0.028178   0.553005   0.629351   0.840095   0.660842   0.940957   0.627489   0.781647   0.034149   0.603072   0.623108   0.861682   0.700636   0.940851   0.669999   0.787708   0.039130   0.606307   0.623252   0.877427   0.730721   0.940278   0.702357   0.789103   0.042604   0.560219   0.629621   0.885868   0.747195   0.939458   0.720146   0.788741   0.045045   0.486100   0.639441   0.886684   0.748727   0.938315   0.721788   0.791509   0.046064   0.407676   0.649011   0.880961   0.737346   0.937740   0.709455   0.804437   0.042040   0.345818   0.657753   0.865405   0.707330   0.937825   0.677115   0.824680   0.035955   0.315451   0.664507   0.846633   0.672045   0.938087   0.639286   0.833373   0.037402   0.308832   0.667184   0.835588   0.651968   0.938679   0.617899   0.831057   0.041143   0.308365   0.667858   0.829195   0.640652   0.939384   0.605906   0.830241   0.040805   0.308103   0.668310   0.823769   0.631178   0.939768   0.595891   0.830510   0.039403   0.307878   0.668636   0.818981   0.622917   0.939743   0.587176   0.831130   0.037480   0.307660   0.668878   0.814793   0.615757   0.939703   0.579637   0.831479   0.035729   0.307469   0.669038   0.811225   0.609716   0.939992   0.573289   0.831102   0.034648   0.307318   0.669122   0.808161   0.604575   0.940579   0.567894   0.830387   0.033707 340445
  3   0.125863   0.669924   0.711986   0.459862   0.934579   0.418995   0.588285   0.025983   0.302859   0.678562   0.726728   0.479628   0.933596   0.438901   0.595987   0.025611   0.303306   0.677205   0.728806   0.482489   0.934344   0.441796   0.595915   0.026268   0.303501   0.676145   0.730266   0.484540   0.936145   0.443878   0.596585   0.025816   0.303533   0.675452   0.730486   0.484873   0.937164   0.444219   0.597044   0.025392   0.307438   0.674293   0.731325   0.486036   0.937147   0.445399   0.596410   0.025134   0.332074   0.668983   0.737896   0.495446   0.936562   0.454989   0.597554   0.023047   0.387192   0.657402   0.752520   0.516938   0.935635   0.476996   0.607000   0.020596   0.460451   0.643277   0.774327   0.550389   0.934995   0.511523   0.622318   0.022727   0.538422   0.630288   0.801151   0.593782   0.935155   0.556757   0.633719   0.028696   0.605345   0.620552   0.827339   0.638490   0.935079   0.603833   0.639078   0.034986   0.633194   0.617167   0.848060   0.675558   0.934492   0.643207   0.641973   0.040235   0.605186   0.621658   0.860744   0.698984   0.933568   0.668241   0.644238   0.044307   0.533290   0.632011   0.864611   0.706207   0.932362   0.675977   0.648030   0.046125   0.442710   0.644337   0.860472   0.698357   0.931544   0.667548   0.657833   0.043542   0.361774   0.656326   0.845107   0.670033   0.931403   0.637292   0.675540   0.037438   0.315949   0.667263   0.820015   0.625412   0.931678   0.589950   0.684228   0.037952   0.304143   0.672622   0.802117   0.594677   0.932323   0.557555   0.680082   0.042575   0.303893   0.673062   0.794483   0.582130   0.933010   0.544440   0.676898   0.042795   0.303931   0.673191   0.788463   0.572374   0.933411   0.534268   0.675682   0.041662   0.304112   0.673115   0.783504   0.564419   0.933573   0.525990   0.675402   0.040245   0.304234   0.673002   0.779209   0.557594   0.933649   0.518901   0.675319   0.038963   0.304322   0.672860   0.775509   0.551774   0.933892   0.512866   0.675086   0.038161   0.304346   0.672727   0.772211   0.546639   0.934395   0.507553   0.674783   0.037643 223924
  4   0.122880   0.671456   0.735224   0.491825   0.932223   0.451335   0.592760   0.026142   0.302344   0.681446   0.745672   0.506798   0.931470   0.466597   0.600010   0.027194   0.302989   0.679885   0.747254   0.509151   0.932401   0.469011   0.599836   0.028106   0.303282   0.678810   0.747780   0.509942   0.934384   0.469824   0.601081   0.028098   0.303456   0.678055   0.747198   0.509088   0.935496   0.468950   0.602029   0.028187   0.310836   0.675430   0.750236   0.513506   0.935488   0.473466   0.601841   0.027639   0.349085   0.665807   0.763133   0.532955   0.934973   0.493478   0.607042   0.024280   0.433173   0.647841   0.787455   0.571428   0.934041   0.533418   0.623651   0.022400   0.545217   0.627702   0.821570   0.628805   0.933167   0.593673   0.640199   0.027654   0.655819   0.611182   0.858405   0.694983   0.933024   0.664042   0.647363   0.035920   0.730778   0.601935   0.888859   0.753314   0.932665   0.726816   0.647414   0.043379   0.738361   0.602587   0.909395   0.794703   0.931830   0.771790   0.642862   0.049728   0.676773   0.612152   0.919691   0.816130   0.930752   0.795213   0.638326   0.054825   0.573761   0.626782   0.920441   0.817745   0.929466   0.796990   0.639254   0.057452   0.461006   0.641967   0.912606   0.801417   0.928688   0.779135   0.652709   0.055005   0.366651   0.656210   0.890668   0.757092   0.928596   0.730950   0.680595   0.047156   0.315842   0.669267   0.857861   0.693687   0.928863   0.662596   0.696255   0.045885   0.303434   0.675807   0.835190   0.651847   0.929499   0.617887   0.693574   0.049596   0.303061   0.676535   0.825018   0.633969   0.930229   0.598960   0.691492   0.048714   0.303100   0.676797   0.817090   0.620294   0.930732   0.584534   0.690978   0.046528   0.303380   0.676705   0.810726   0.609473   0.930893   0.573148   0.691570   0.043878   0.303759   0.676336   0.805517   0.600719   0.930894   0.563959   0.693018   0.042002   0.304049   0.675911   0.801059   0.593331   0.931129   0.556222   0.694716   0.041061   0.304218   0.675559   0.797108   0.586884   0.931699   0.549490   0.696232   0.040233 148073
  5   0.123945   0.666604   0.755247   0.520617   0.939246   0.480701   0.784266   0.021811   0.308486   0.672195   0.766278   0.537062   0.938604   0.497580   0.794294   0.018119   0.308782   0.671268   0.767934   0.539574   0.939487   0.500167   0.798291   0.018863   0.309077   0.670424   0.769301   0.541665   0.941607   0.502323   0.802782   0.019778   0.309293   0.669867   0.769504   0.541968   0.942852   0.502634   0.805843   0.020635   0.309622   0.669524   0.768844   0.540941   0.942978   0.501572   0.807137   0.021423   0.314941   0.667974   0.769779   0.542391   0.942515   0.503071   0.805940   0.022579   0.330408   0.663821   0.774058   0.549062   0.941593   0.509974   0.807214   0.023333   0.351745   0.658439   0.780923   0.559881   0.940924   0.521194   0.814382   0.024076   0.371886   0.653792   0.789601   0.573784   0.941356   0.535655   0.822483   0.026257   0.385345   0.650837   0.797987   0.587443   0.941745   0.549908   0.828388   0.028466   0.387364   0.650132   0.804237   0.597783   0.941598   0.560728   0.832036   0.029385   0.377200   0.651701   0.807648   0.603487   0.941042   0.566708   0.834012   0.029010   0.358213   0.655009   0.807821   0.603788   0.940048   0.567026   0.835668   0.027328   0.335849   0.658984   0.805067   0.599196   0.939430   0.562214   0.842143   0.023392   0.318152   0.663148   0.797904   0.587344   0.939384   0.549811   0.853045   0.021049   0.311056   0.665951   0.790236   0.574764   0.939558   0.536667   0.856194   0.023334   0.310308   0.666720   0.786259   0.568339   0.940052   0.529973   0.852234   0.025608   0.310212   0.666948   0.783602   0.564093   0.940615   0.525560   0.849287   0.025908   0.310132   0.667104   0.781238   0.560336   0.940849   0.521658   0.846724   0.025667   0.310055   0.667236   0.779008   0.556811   0.940742   0.517999   0.844169   0.025410   0.310000   0.667344   0.776980   0.553621   0.940643   0.514693   0.841625   0.025419   0.309968   0.667397   0.775273   0.550951   0.940840   0.511928   0.839310   0.025535   0.309966   0.667389   0.773856   0.548745   0.941333   0.509646   0.837367   0.025539 1134653
  6   0.125823   0.667883   0.735213   0.491524   0.932713   0.450978   0.714695   0.024913   0.307591   0.674665   0.748162   0.509948   0.931857   0.469729   0.721810   0.021818   0.307866   0.673577   0.750123   0.512795   0.932671   0.472637   0.723530   0.021571   0.308151   0.672570   0.751842   0.515316   0.934699   0.475217   0.726355   0.021126   0.308382   0.671834   0.752454   0.516206   0.935845   0.476127   0.728505   0.021037   0.308975   0.671256   0.752341   0.516022   0.935879   0.475934   0.729271   0.021181   0.316414   0.669117   0.754389   0.519074   0.935392   0.479067   0.727944   0.021540   0.335840   0.663873   0.760418   0.528163   0.934453   0.488416   0.729676   0.021185   0.361388   0.657155   0.769640   0.542301   0.933821   0.503001   0.737919   0.021421   0.385390   0.651262   0.781137   0.560319   0.934203   0.521667   0.747328   0.023563   0.401688   0.647419   0.792371   0.578327   0.934429   0.540402   0.754361   0.025850   0.404784   0.646341   0.801146   0.592688   0.934174   0.555400   0.759322   0.027115   0.393155   0.648134   0.806379   0.601373   0.933566   0.564493   0.762997   0.027167   0.370648   0.652095   0.807572   0.603368   0.932552   0.566586   0.766900   0.025775   0.343560   0.656910   0.805177   0.599376   0.931866   0.562402   0.775023   0.022234   0.321042   0.662168   0.796863   0.585665   0.931785   0.548062   0.788198   0.020220   0.311220   0.665956   0.787104   0.569725   0.931986   0.531422   0.794647   0.023125   0.309894   0.667089   0.782002   0.561527   0.932502   0.522890   0.792591   0.026223   0.309753   0.667366   0.778893   0.556605   0.933046   0.517781   0.790494   0.026961   0.309637   0.667574   0.776112   0.552233   0.933261   0.513250   0.788680   0.027139   0.309547   0.667734   0.773587   0.548288   0.933246   0.509165   0.786990   0.027141   0.309485   0.667863   0.771316   0.544761   0.933202   0.505518   0.785228   0.027105   0.309453   0.667933   0.769383   0.541779   0.933363   0.502437   0.783478   0.027123   0.309447   0.667927   0.767809   0.539361   0.933825   0.499942   0.782107   0.027046 1025751
  7   0.124340   0.669192   0.743260   0.503525   0.932867   0.463297   0.666128   0.025841   0.306412   0.677087   0.756764   0.522955   0.932071   0.483115   0.675012   0.024658   0.306871   0.675683   0.758842   0.526007   0.933008   0.486239   0.677265   0.024679   0.307232   0.674475   0.760494   0.528458   0.935134   0.488753   0.680501   0.024420   0.307492   0.673596   0.760992   0.529183   0.936333   0.489494   0.682868   0.024025   0.309457   0.672658   0.761416   0.529805   0.936372   0.490130   0.683234   0.023595   0.324589   0.668858   0.766220   0.537167   0.935912   0.497726   0.683049   0.022524   0.359010   0.660458   0.776966   0.553901   0.935029   0.515042   0.689665   0.020548   0.402736   0.650374   0.792282   0.578450   0.934391   0.540583   0.703075   0.020938   0.444939   0.641717   0.810863   0.609295   0.934657   0.572885   0.714586   0.024458   0.475420   0.636133   0.828404   0.639454   0.934741   0.604677   0.721923   0.028406   0.483499   0.634823   0.841653   0.662951   0.934319   0.629591   0.727225   0.031784   0.464343   0.638060   0.849248   0.676703   0.933559   0.644228   0.731792   0.034222   0.424242   0.644572   0.850741   0.679433   0.932442   0.647140   0.737545   0.034598   0.375575   0.651911   0.847032   0.672667   0.931740   0.639929   0.748429   0.030790   0.333727   0.659653   0.834652   0.650515   0.931679   0.616402   0.763723   0.026422   0.313062   0.666209   0.817808   0.620930   0.931897   0.585090   0.771818   0.028737   0.309123   0.668851   0.807415   0.603120   0.932432   0.566328   0.770894   0.033022   0.308806   0.669351   0.802052   0.594178   0.933031   0.556957   0.768874   0.033895   0.308541   0.669714   0.797465   0.586623   0.933346   0.549057   0.767226   0.033774   0.308341   0.669957   0.793383   0.579969   0.933385   0.542114   0.765970   0.033294   0.308242   0.670073   0.789861   0.574279   0.933370   0.536185   0.764778   0.032810   0.308205   0.670120   0.786878   0.569496   0.933577   0.531209   0.763427   0.032440   0.308212   0.670123   0.784249   0.565317   0.934087   0.526868   0.762195   0.032056 464572
  8   0.132255   0.665734   0.679980   0.418252   0.785921   0.377308   0.588326   0.035122   0.307322   0.670602   0.702562   0.446261   0.784649   0.405127   0.592632   0.037765   0.307811   0.669983   0.704059   0.448329   0.785321   0.407221   0.590457   0.034207   0.308254   0.669409   0.705044   0.449695   0.787200   0.408604   0.591816   0.032654   0.308553   0.669010   0.705131   0.449842   0.788275   0.408758   0.592393   0.032092   0.309110   0.668557   0.704927   0.449593   0.788239   0.408511   0.591936   0.031517   0.316684   0.665604   0.708404   0.454413   0.787640   0.413394   0.591189   0.029382   0.338366   0.659018   0.715112   0.463699   0.786595   0.422798   0.596036   0.026566   0.369159   0.651590   0.721854   0.473111   0.786178   0.432346   0.607862   0.027686   0.399320   0.645591   0.728973   0.483213   0.786657   0.442626   0.620224   0.032700   0.420466   0.642066   0.735353   0.492405   0.786821   0.452005   0.630755   0.038012   0.425444   0.641744   0.739826   0.498920   0.786599   0.458666   0.639285   0.041900   0.411780   0.644846   0.741250   0.501013   0.786122   0.460811   0.646015   0.043221   0.384302   0.650606   0.739026   0.497761   0.785322   0.457483   0.650933   0.041202   0.351873   0.657630   0.733691   0.489982   0.784575   0.449528   0.654777   0.036166   0.324319   0.664457   0.725545   0.478210   0.784441   0.437510   0.659485   0.030302   0.310663   0.668787   0.717373   0.466539   0.784788   0.425622   0.660954   0.028005   0.308223   0.669869   0.713213   0.460675   0.785349   0.419663   0.657549   0.028067   0.308307   0.669695   0.711730   0.458617   0.785800   0.417578   0.653552   0.027592   0.308398   0.669512   0.710452   0.456865   0.785892   0.415807   0.649759   0.027525   0.308492   0.669343   0.709331   0.455346   0.785988   0.414275   0.646113   0.027935   0.308581   0.669197   0.708247   0.453892   0.786039   0.412811   0.642477   0.028540   0.308659   0.669029   0.707327   0.452665   0.786089   0.411577   0.638980   0.028891   0.308751   0.668804   0.706740   0.451889   0.786443   0.410797   0.635827   0.029147 364460
  9   0.125904   0.668753   0.709953   0.458000   0.854676   0.417274   0.468644   0.042710   0.303138   0.676136   0.735638   0.492539   0.853520   0.452088   0.468660   0.043815   0.303882   0.674891   0.739913   0.498682   0.854186   0.458352   0.463116   0.039415   0.304417   0.674027   0.742013   0.501684   0.856063   0.461410   0.462752   0.036944   0.304809   0.673246   0.743294   0.503533   0.857184   0.463297   0.463651   0.036471   0.306758   0.671530   0.746257   0.507795   0.857258   0.467645   0.464909   0.035250   0.321142   0.665585   0.757787   0.525062   0.856771   0.485390   0.469336   0.029478   0.355101   0.655536   0.774597   0.550925   0.855890   0.512102   0.481551   0.022869   0.398652   0.645380   0.790401   0.576165   0.855441   0.538352   0.498381   0.022932   0.441535   0.636955   0.806552   0.602915   0.855639   0.566362   0.513871   0.028622   0.474102   0.631563   0.820985   0.627599   0.855542   0.592365   0.527504   0.036359   0.483593   0.630775   0.831197   0.645568   0.855084   0.611395   0.540269   0.043858   0.464559   0.634883   0.835568   0.653425   0.854351   0.619750   0.553163   0.049169   0.423566   0.642601   0.833236   0.649312   0.853371   0.615392   0.567147   0.050356   0.373591   0.652108   0.824242   0.633470   0.852726   0.598609   0.583987   0.046729   0.330921   0.662099   0.805963   0.602200   0.852791   0.565664   0.603503   0.039458   0.309785   0.669638   0.784933   0.567250   0.853243   0.529043   0.614196   0.035677   0.305820   0.672196   0.773596   0.548954   0.853905   0.509980   0.613694   0.035198   0.306058   0.672098   0.769576   0.542654   0.854496   0.503453   0.610826   0.033849   0.306325   0.671859   0.766739   0.538256   0.854769   0.498905   0.607492   0.033287   0.306603   0.671577   0.764431   0.534718   0.854900   0.495254   0.604256   0.033715   0.306813   0.671314   0.762439   0.531684   0.854855   0.492128   0.600998   0.034604   0.306933   0.671102   0.760692   0.529039   0.854889   0.489404   0.598069   0.034976   0.307015   0.670926   0.759143   0.526719   0.855268   0.487021   0.595666   0.035009 198648
 10   0.124569   0.666735   0.746548   0.507722   0.933582   0.467477   0.771749   0.025369   0.308372   0.672672   0.756000   0.521512   0.932890   0.481576   0.778924   0.021998   0.308652   0.672128   0.756349   0.522016   0.933712   0.482090   0.780474   0.023071   0.308886   0.671581   0.756620   0.522417   0.935738   0.482502   0.782460   0.024147   0.309044   0.671286   0.755837   0.521246   0.936979   0.481299   0.783017   0.025232   0.309244   0.671247   0.754051   0.518580   0.937109   0.478562   0.781753   0.026583   0.313218   0.670437   0.753026   0.517063   0.936662   0.477007   0.778680   0.029087   0.325758   0.667594   0.754322   0.519027   0.935823   0.479029   0.777108   0.031577   0.344185   0.663499   0.757842   0.524341   0.935322   0.484496   0.780008   0.033763   0.362228   0.659728   0.763060   0.532281   0.935928   0.492676   0.785020   0.036581   0.374942   0.657169   0.768351   0.540408   0.936457   0.501064   0.789156   0.038726   0.378154   0.656337   0.772366   0.546627   0.936414   0.507493   0.791777   0.039336   0.370206   0.657387   0.774398   0.549784   0.935895   0.510758   0.792923   0.038033   0.353650   0.660039   0.773949   0.549076   0.934922   0.510024   0.792878   0.034927   0.333657   0.663480   0.771273   0.544908   0.934222   0.505711   0.794540   0.029496   0.317071   0.666892   0.765951   0.536669   0.934085   0.497195   0.799299   0.024506   0.309986   0.668944   0.760438   0.528190   0.934234   0.488441   0.800309   0.024188   0.309288   0.669397   0.757410   0.523582   0.934685   0.483694   0.796790   0.025523   0.309292   0.669408   0.755525   0.520735   0.935155   0.480765   0.793832   0.025520   0.309294   0.669360   0.753879   0.518262   0.935289   0.478223   0.791281   0.025112   0.309316   0.669284   0.752405   0.516058   0.935140   0.475959   0.788725   0.024960   0.309369   0.669187   0.751157   0.514199   0.934990   0.474052   0.786303   0.025225   0.309434   0.669027   0.750233   0.512828   0.935123   0.472645   0.784525   0.025248   0.309506   0.668809   0.749591   0.511880   0.935562   0.471675   0.783213   0.025055 677223
 11   0.127024   0.668790   0.721114   0.472034   0.919216   0.431243   0.638701   0.028616   0.306704   0.676400   0.737146   0.494113   0.918266   0.453583   0.641748   0.026936   0.307051   0.675159   0.739471   0.497409   0.919062   0.456936   0.639280   0.026303   0.307409   0.674017   0.741499   0.500318   0.921014   0.459901   0.638994   0.025482   0.307692   0.673157   0.742439   0.501666   0.922105   0.461274   0.638888   0.025160   0.308594   0.672401   0.742781   0.502151   0.922081   0.461767   0.638129   0.024859   0.318341   0.669596   0.746475   0.507602   0.921538   0.467353   0.637059   0.023438   0.342483   0.663089   0.754965   0.520246   0.920600   0.480329   0.640697   0.021144   0.373508   0.655001   0.766234   0.537337   0.920046   0.497929   0.651444   0.020968   0.402748   0.647901   0.779724   0.558336   0.920398   0.519659   0.663383   0.023325   0.423066   0.643229   0.792973   0.579534   0.920541   0.541706   0.672241   0.026290   0.428080   0.641880   0.803325   0.596515   0.920224   0.559448   0.678916   0.028628   0.415445   0.644042   0.809383   0.606626   0.919550   0.570047   0.684926   0.029716   0.388206   0.648975   0.810566   0.608621   0.918529   0.572143   0.691765   0.028961   0.354059   0.655101   0.807199   0.602985   0.917802   0.566231   0.702008   0.025480   0.324928   0.661868   0.796618   0.585513   0.917710   0.547952   0.714985   0.022940   0.311258   0.667018   0.783778   0.564589   0.917981   0.526118   0.721338   0.025386   0.309005   0.668722   0.776679   0.553253   0.918540   0.514332   0.719696   0.028551   0.308875   0.669025   0.772804   0.547191   0.919083   0.508054   0.717148   0.029653   0.308789   0.669238   0.769426   0.541954   0.919298   0.502640   0.714971   0.030199   0.308733   0.669396   0.766406   0.537314   0.919340   0.497851   0.712971   0.030649   0.308704   0.669524   0.763648   0.533109   0.919312   0.493516   0.711033   0.031214   0.308702   0.669597   0.761259   0.529487   0.919433   0.489788   0.709286   0.031361   0.308735   0.669575   0.759334   0.526589   0.919856   0.486807   0.707833   0.030977 610469
 12   0.133646   0.667089   0.646811   0.378935   0.744857   0.338557   0.441560   0.045867   0.303355   0.673133   0.675746   0.412229   0.742815   0.371196   0.447573   0.046357   0.304014   0.672284   0.679400   0.416761   0.743413   0.375697   0.444623   0.040442   0.304549   0.671507   0.682495   0.420598   0.745212   0.379506   0.443954   0.037017   0.305010   0.670774   0.684626   0.423247   0.746238   0.382137   0.443192   0.035733   0.306639   0.669001   0.688067   0.427577   0.746236   0.386448   0.442584   0.034588   0.319794   0.662311   0.699883   0.443122   0.745721   0.402048   0.443157   0.029968   0.352527   0.651518   0.715724   0.464515   0.744807   0.423619   0.449097   0.026169   0.395576   0.641362   0.729705   0.484133   0.744409   0.443541   0.459118   0.029375   0.437178   0.633320   0.744275   0.505299   0.744687   0.465173   0.467945   0.036642   0.466346   0.628681   0.757398   0.525001   0.744611   0.485432   0.475870   0.044600   0.471369   0.628835   0.766756   0.539443   0.744206   0.500361   0.483991   0.051651   0.450463   0.633713   0.770617   0.545531   0.743586   0.506679   0.492887   0.056404   0.412257   0.641883   0.768156   0.541744   0.742700   0.502767   0.502504   0.057366   0.367743   0.651634   0.759730   0.528772   0.741970   0.489364   0.513644   0.053546   0.329375   0.661588   0.744103   0.505314   0.741914   0.465241   0.527254   0.044963   0.309392   0.669066   0.725763   0.478542   0.742335   0.437854   0.534150   0.040014   0.305232   0.671713   0.715295   0.463666   0.742949   0.422712   0.532160   0.039729   0.305436   0.671677   0.711676   0.458675   0.743466   0.417661   0.529479   0.038088   0.305690   0.671499   0.709040   0.455072   0.743685   0.414020   0.527192   0.036686   0.305934   0.671260   0.706888   0.452158   0.743885   0.411081   0.525151   0.036121   0.306138   0.671034   0.704894   0.449479   0.743961   0.408382   0.523137   0.036051   0.306250   0.670853   0.703107   0.447095   0.744005   0.405984   0.521085   0.035760   0.306301   0.670684   0.701652   0.445177   0.744358   0.404058   0.519060   0.035410 230250
 13   0.136954   0.676251   0.584004   0.310850   0.618044   0.272478   0.345904   0.066710   0.292879   0.690782   0.616612   0.343653   0.614750   0.303889   0.346156   0.067141   0.293230   0.688648   0.620509   0.347894   0.615083   0.308004   0.339610   0.063764   0.293654   0.686932   0.622358   0.349945   0.616587   0.310001   0.337445   0.062753   0.294114   0.685583   0.622615   0.350232   0.617462   0.310281   0.336593   0.062731   0.300824   0.678118   0.630015   0.358281   0.617372   0.318092   0.338711   0.062443   0.340529   0.654545   0.652308   0.384060   0.616666   0.343383   0.343962   0.065607   0.425139   0.622098   0.678189   0.415929   0.615555   0.375004   0.349990   0.083282   0.526237   0.595481   0.700985   0.446008   0.615030   0.405223   0.355478   0.110356   0.614604   0.579335   0.722205   0.475290   0.615148   0.434885   0.360647   0.133536   0.668904   0.575332   0.737932   0.497829   0.614969   0.457875   0.367787   0.151001   0.670828   0.584094   0.745977   0.509742   0.614606   0.470100   0.377767   0.162497   0.620649   0.603120   0.745039   0.508590   0.614174   0.468963   0.390378   0.167180   0.537390   0.627845   0.735337   0.494701   0.613631   0.454797   0.403977   0.163619   0.444019   0.653970   0.718943   0.471552   0.613114   0.431243   0.416032   0.150993   0.362301   0.677078   0.698798   0.443840   0.613114   0.403178   0.424803   0.127559   0.310112   0.693715   0.675902   0.413618   0.613603   0.372804   0.427409   0.098420   0.292860   0.699168   0.659714   0.393018   0.614214   0.352240   0.423433   0.080142   0.292678   0.697037   0.653558   0.385558   0.614624   0.344860   0.417504   0.074150   0.292755   0.694871   0.649654   0.380925   0.614681   0.340293   0.411892   0.071890   0.292720   0.693035   0.646607   0.377365   0.614808   0.336795   0.406544   0.071779   0.292717   0.691502   0.643698   0.373997   0.614896   0.333490   0.401695   0.071778   0.292736   0.690296   0.640523   0.370349   0.614944   0.329915   0.397110   0.071456   0.292718   0.689278   0.637480   0.366897   0.615276   0.326541   0.392570   0.071248 100707
 14   0.147352   0.678713   0.495480   0.229248   0.443216   0.195461   0.281683   0.067819   0.289831   0.696329   0.520780   0.249363   0.442660   0.213952   0.279512   0.075057   0.289113   0.695010   0.522947   0.251267   0.443017   0.215732   0.274546   0.074954   0.289131   0.693447   0.524182   0.252393   0.444368   0.216792   0.271388   0.076954   0.289162   0.692107   0.524415   0.252637   0.445097   0.217026   0.268819   0.080260   0.299839   0.680052   0.532962   0.260045   0.444948   0.223934   0.270311   0.082837   0.352972   0.642901   0.556063   0.281246   0.444232   0.243904   0.276039   0.087299   0.455238   0.592578   0.581698   0.306414   0.443147   0.267888   0.281827   0.106037   0.570219   0.550850   0.603885   0.329679   0.442685   0.290317   0.287252   0.132532   0.666009   0.525578   0.623353   0.351038   0.442908   0.311076   0.293428   0.151357   0.723462   0.519485   0.637527   0.367251   0.442872   0.326951   0.301232   0.164065   0.725504   0.534582   0.645037   0.376192   0.442608   0.335768   0.310529   0.173380   0.672251   0.566883   0.644647   0.375977   0.442212   0.335599   0.320564   0.178478   0.582591   0.607566   0.636246   0.366375   0.441682   0.326198   0.329929   0.176773   0.477591   0.649578   0.621391   0.349485   0.441180   0.309675   0.336966   0.166397   0.380034   0.686328   0.602574   0.328652   0.441134   0.289392   0.340339   0.144622   0.310532   0.713184   0.580173   0.305083   0.441537   0.266651   0.337990   0.115452   0.283437   0.722487   0.562834   0.287668   0.442099   0.249987   0.329742   0.098935   0.281990   0.718998   0.554861   0.280057   0.442471   0.242769   0.320677   0.096342   0.281723   0.715214   0.549657   0.275185   0.442475   0.238164   0.313295   0.096608   0.281458   0.712044   0.545406   0.271276   0.442543   0.234481   0.306815   0.098517   0.281361   0.709453   0.541308   0.267560   0.442610   0.230989   0.301298   0.099219   0.281491   0.707195   0.537414   0.264067   0.442650   0.227712   0.296417   0.099128   0.281675   0.705101   0.534132   0.261147   0.442931   0.224978   0.291961   0.099267 146621
 15   0.127316   0.667573   0.719142   0.468931   0.912801   0.428031   0.694730   0.029448   0.307758   0.674407   0.730235   0.484052   0.911918   0.443302   0.698190   0.027513   0.308046   0.673935   0.730155   0.483931   0.912681   0.443177   0.696852   0.027727   0.308326   0.673403   0.730141   0.483924   0.914613   0.443173   0.696507   0.027925   0.308541   0.673069   0.729242   0.482670   0.915711   0.441900   0.695386   0.028180   0.308830   0.672901   0.727610   0.480377   0.915745   0.439572   0.693577   0.028553   0.313586   0.671654   0.727254   0.479896   0.915230   0.439088   0.690900   0.029384   0.328202   0.667761   0.729901   0.483680   0.914316   0.442942   0.690601   0.029732   0.349432   0.662280   0.735136   0.491182   0.913866   0.450587   0.695777   0.030743   0.370182   0.657265   0.742127   0.501318   0.914379   0.460938   0.703680   0.033310   0.384879   0.653772   0.749334   0.511920   0.914719   0.471795   0.710957   0.035533   0.388347   0.652566   0.755203   0.520681   0.914598   0.480790   0.716623   0.036311   0.379069   0.653905   0.758583   0.525792   0.914073   0.486050   0.720669   0.035555   0.360384   0.657269   0.758938   0.526351   0.913145   0.486630   0.723624   0.033062   0.337763   0.661677   0.756571   0.522780   0.912439   0.482956   0.727582   0.028520   0.318730   0.666202   0.750786   0.514061   0.912312   0.473988   0.733690   0.024973   0.310159   0.668984   0.744596   0.504794   0.912532   0.464469   0.735755   0.025417   0.309055   0.669573   0.741446   0.500133   0.913020   0.459691   0.732888   0.026811   0.309068   0.669542   0.739716   0.497594   0.913486   0.457093   0.730318   0.026993   0.309095   0.669472   0.738219   0.495412   0.913609   0.454862   0.728072   0.026891   0.309137   0.669400   0.736849   0.493431   0.913554   0.452840   0.725907   0.027136   0.309180   0.669327   0.735603   0.491642   0.913446   0.451016   0.723746   0.027721   0.309229   0.669212   0.734606   0.490217   0.913515   0.449564   0.721898   0.028059   0.309290   0.669040   0.733897   0.489209   0.913899   0.448539   0.720443   0.028216 566030
 16   0.138086   0.665508   0.634547   0.363742   0.691128   0.323475   0.509718   0.035872   0.307093   0.670280   0.653454   0.384225   0.689697   0.343331   0.515159   0.039920   0.307528   0.669728   0.654833   0.385847   0.690318   0.344927   0.513306   0.036045   0.307973   0.669062   0.656102   0.387361   0.692094   0.346420   0.513995   0.033946   0.308226   0.668648   0.656268   0.387562   0.693108   0.346617   0.514349   0.033008   0.309035   0.667900   0.656512   0.387849   0.693047   0.346901   0.514062   0.032339   0.318869   0.663465   0.661101   0.393477   0.692407   0.352476   0.514452   0.030450   0.345691   0.654643   0.668593   0.402735   0.691348   0.361659   0.520649   0.029251   0.382076   0.645600   0.675480   0.411371   0.690954   0.370250   0.532914   0.032982   0.415389   0.639060   0.682276   0.420050   0.691424   0.378911   0.545838   0.040204   0.436019   0.636030   0.687742   0.427141   0.691598   0.386010   0.557210   0.047022   0.437019   0.637048   0.690902   0.431291   0.691430   0.390173   0.566253   0.051247   0.418498   0.641838   0.690942   0.431366   0.691025   0.390253   0.572788   0.051886   0.387809   0.649139   0.687671   0.427105   0.690318   0.385984   0.576668   0.048688   0.353776   0.657464   0.681973   0.419722   0.689612   0.378596   0.578078   0.042182   0.325384   0.665229   0.674664   0.410344   0.689447   0.369229   0.578596   0.035237   0.310870   0.670059   0.667793   0.401627   0.689760   0.360539   0.576650   0.032259   0.307910   0.671225   0.664389   0.397356   0.690274   0.356292   0.571915   0.032207   0.307995   0.670923   0.663338   0.396061   0.690670   0.355006   0.567423   0.032087   0.308081   0.670630   0.662329   0.394828   0.690712   0.353787   0.563550   0.032171   0.308158   0.670376   0.661296   0.393574   0.690790   0.352547   0.560147   0.032590   0.308222   0.670153   0.660291   0.392364   0.690846   0.351352   0.556934   0.033018   0.308282   0.669910   0.659475   0.391387   0.690882   0.350388   0.553782   0.033224   0.308342   0.669629   0.658967   0.390787   0.691204   0.349798   0.550859   0.033401 357666
 17   0.149021   0.666469   0.534444   0.262022   0.492731   0.225892   0.356198   0.041286   0.305033   0.672141   0.555419   0.279786   0.491529   0.242380   0.359738   0.046636   0.305456   0.671626   0.556460   0.280736   0.492088   0.243273   0.359580   0.042522   0.305682   0.671102   0.556864   0.281112   0.493648   0.243628   0.360039   0.041497   0.305818   0.670717   0.556672   0.280931   0.494548   0.243458   0.360297   0.041336   0.307814   0.668529   0.558092   0.282271   0.494494   0.244724   0.361220   0.041422   0.324913   0.658847   0.565554   0.289551   0.493869   0.251651   0.364093   0.040094   0.365208   0.642725   0.574654   0.298591   0.492872   0.260278   0.371662   0.042095   0.414980   0.627735   0.582002   0.306066   0.492517   0.267443   0.383217   0.050490   0.456368   0.617998   0.589354   0.313684   0.492945   0.274769   0.394861   0.060732   0.477220   0.615451   0.594748   0.319373   0.493125   0.280257   0.405345   0.069657   0.472570   0.620067   0.597138   0.321935   0.493015   0.282737   0.414013   0.075183   0.446624   0.629942   0.596174   0.320913   0.492676   0.281750   0.420372   0.075849   0.408346   0.642706   0.591881   0.316355   0.492059   0.277347   0.424029   0.071101   0.366744   0.656280   0.585121   0.309270   0.491438   0.270520   0.424848   0.061965   0.331362   0.668402   0.577316   0.301232   0.491293   0.262799   0.423219   0.051099   0.311059   0.676033   0.570241   0.294075   0.491566   0.255946   0.419271   0.043718   0.305435   0.677975   0.566438   0.290283   0.492020   0.252325   0.413861   0.041582   0.305149   0.677346   0.565172   0.289052   0.492362   0.251155   0.408637   0.041358   0.304899   0.676822   0.563972   0.287909   0.492362   0.250072   0.403949   0.042076   0.304643   0.676422   0.562723   0.286730   0.492398   0.248956   0.399672   0.043297   0.304495   0.676021   0.561448   0.285526   0.492425   0.247818   0.395885   0.044030   0.304363   0.675656   0.560194   0.284346   0.492451   0.246702   0.392421   0.044426   0.304182   0.675343   0.559165   0.283388   0.492740   0.245799   0.389094   0.044929 347769
 18   0.161219   0.666628   0.422461   0.172706   0.282774   0.143725   0.253760   0.051071   0.303746   0.672032   0.426616   0.175018   0.282312   0.145715   0.251139   0.061988   0.304297   0.671016   0.428394   0.176193   0.282835   0.146760   0.252614   0.062679   0.304625   0.670332   0.429146   0.176713   0.284251   0.147227   0.253793   0.063809   0.304838   0.669825   0.429397   0.176895   0.285066   0.147391   0.254479   0.065064   0.307883   0.666714   0.431299   0.178221   0.285011   0.148582   0.255255   0.066185   0.328954   0.652785   0.438540   0.183388   0.284441   0.153240   0.257289   0.067550   0.375169   0.629743   0.448419   0.190586   0.283540   0.159753   0.261875   0.074807   0.430342   0.608784   0.458076   0.197812   0.283238   0.166321   0.268497   0.087431   0.477810   0.594961   0.467796   0.205253   0.283678   0.173111   0.275369   0.097939   0.505275   0.590826   0.475339   0.211146   0.283903   0.178507   0.281879   0.105647   0.505443   0.597043   0.479369   0.214362   0.283846   0.181463   0.287415   0.110424   0.480247   0.611303   0.479635   0.214599   0.283559   0.181685   0.291293   0.110892   0.437954   0.630152   0.476189   0.211865   0.282985   0.179175   0.293157   0.105845   0.387961   0.650994   0.469661   0.206716   0.282403   0.174452   0.292892   0.096840   0.341379   0.670773   0.460768   0.199833   0.282258   0.168160   0.290897   0.086219   0.311604   0.684130   0.451398   0.192751   0.282482   0.161712   0.287369   0.076690   0.302036   0.687962   0.445283   0.188227   0.282885   0.157607   0.283077   0.072247   0.301544   0.686750   0.442400   0.186145   0.283197   0.155726   0.279253   0.071697   0.301370   0.685497   0.440043   0.184465   0.283203   0.154211   0.276129   0.073879   0.301282   0.684322   0.437865   0.182925   0.283231   0.152825   0.273461   0.076544   0.301099   0.683286   0.435804   0.181483   0.283238   0.151529   0.270906   0.076802   0.300768   0.682485   0.433911   0.180173   0.283250   0.150354   0.268374   0.076179   0.300296   0.681920   0.432198   0.179008   0.283505   0.149312   0.265905   0.076697 352254
 19   0.152948   0.675468   0.439816   0.185873   0.332119   0.155718   0.244993   0.093280   0.286709   0.689967   0.446020   0.189739   0.332400   0.159119   0.236565   0.123966   0.286096   0.688602   0.448066   0.191231   0.332847   0.160471   0.233916   0.130591   0.286149   0.686784   0.449683   0.192420   0.334160   0.161549   0.232713   0.136797   0.285859   0.685304   0.450296   0.192900   0.334863   0.161988   0.231861   0.144695   0.297651   0.674740   0.458591   0.198827   0.334743   0.167337   0.234271   0.151122   0.353577   0.644081   0.479597   0.214771   0.334096   0.181873   0.239643   0.159534   0.456837   0.604607   0.502549   0.233494   0.333143   0.199151   0.243836   0.182564   0.569744   0.572150   0.522015   0.250364   0.332834   0.214880   0.247527   0.208006   0.662923   0.550215   0.538535   0.265247   0.333212   0.228853   0.252065   0.217263   0.720138   0.541480   0.550694   0.276572   0.333356   0.239547   0.257247   0.218624   0.727053   0.548954   0.557338   0.282956   0.333246   0.245608   0.262901   0.218462   0.681962   0.571454   0.557546   0.283262   0.332927   0.245917   0.268503   0.216892   0.598429   0.603670   0.551084   0.277196   0.332400   0.240181   0.273123   0.211444   0.494336   0.640457   0.538923   0.265859   0.331854   0.229473   0.275623   0.202481   0.390624   0.676532   0.521953   0.250467   0.331696   0.215005   0.275661   0.188168   0.310326   0.706983   0.498591   0.230322   0.331929   0.196233   0.272962   0.166841   0.276942   0.719967   0.479685   0.214754   0.332343   0.181842   0.266580   0.156744   0.275009   0.717552   0.471726   0.208586   0.332638   0.176200   0.259679   0.159335   0.274922   0.713739   0.466864   0.204894   0.332620   0.172835   0.254779   0.164000   0.274997   0.710122   0.462842   0.201891   0.332658   0.170106   0.251013   0.169095   0.275338   0.706821   0.459188   0.199197   0.332693   0.167663   0.247906   0.170681   0.275678   0.703958   0.455931   0.196828   0.332715   0.165518   0.244927   0.170592   0.275718   0.701489   0.453232   0.194893   0.332964   0.163772   0.241994   0.171363 171328
 20   0.129025   0.669231   0.693881   0.435772   0.921480   0.394766   0.552205   0.028352   0.305151   0.677439   0.708128   0.454126   0.920404   0.413117   0.555066   0.028441   0.305514   0.676470   0.709381   0.455729   0.921175   0.414717   0.552331   0.028144   0.305842   0.675535   0.710541   0.457262   0.922976   0.416256   0.552166   0.027155   0.306087   0.674823   0.710904   0.457742   0.924016   0.416739   0.552593   0.026733   0.306930   0.674161   0.710855   0.457657   0.924049   0.416650   0.552391   0.026855   0.316675   0.671462   0.714155   0.462151   0.923553   0.421188   0.552609   0.026578   0.342334   0.664865   0.723055   0.474423   0.922731   0.433609   0.557702   0.025215   0.376809   0.656499   0.735575   0.492068   0.922280   0.451538   0.568329   0.025659   0.410212   0.649084   0.750054   0.513157   0.922639   0.473095   0.580485   0.028806   0.434955   0.643935   0.764183   0.534478   0.922861   0.495033   0.590956   0.032266   0.442251   0.642238   0.775516   0.552141   0.922637   0.513315   0.598710   0.034480   0.428292   0.644317   0.782278   0.562954   0.921995   0.524561   0.605439   0.034778   0.397984   0.649184   0.783909   0.565677   0.920983   0.527416   0.612904   0.032798   0.359861   0.655388   0.780669   0.560582   0.920295   0.522133   0.623030   0.028518   0.326617   0.662384   0.769747   0.543423   0.920206   0.504344   0.635006   0.025308   0.310328   0.668200   0.755632   0.521568   0.920423   0.481749   0.639979   0.027575   0.307326   0.670407   0.747593   0.509393   0.920955   0.469213   0.637298   0.031310   0.307292   0.670572   0.743982   0.504062   0.921521   0.463749   0.634242   0.032507   0.307312   0.670662   0.740931   0.499602   0.921787   0.459188   0.631936   0.032941   0.307318   0.670749   0.738138   0.495566   0.921816   0.455069   0.630045   0.033247   0.307324   0.670812   0.735646   0.491995   0.921734   0.451430   0.628416   0.033351   0.307366   0.670833   0.733494   0.488935   0.921838   0.448315   0.627248   0.033272   0.307438   0.670790   0.731706   0.486414   0.922239   0.445755   0.626321   0.033407 229705
 21   0.143202   0.666005   0.589278   0.315241   0.600608   0.276526   0.420025   0.040707   0.305850   0.671210   0.610571   0.335636   0.599363   0.295869   0.424706   0.045554   0.306331   0.670663   0.612199   0.337357   0.599963   0.297528   0.423536   0.040354   0.306706   0.670073   0.613000   0.338213   0.601651   0.298356   0.424551   0.038302   0.306933   0.669640   0.612947   0.338149   0.602620   0.298293   0.425640   0.037496   0.308246   0.668247   0.613763   0.339012   0.602576   0.299126   0.426513   0.037112   0.321340   0.661423   0.620231   0.346192   0.601953   0.306114   0.428618   0.035433   0.354437   0.649384   0.629167   0.356259   0.600937   0.315937   0.435943   0.035452   0.396893   0.637991   0.636552   0.364764   0.600569   0.324269   0.447966   0.041200   0.433563   0.630290   0.643815   0.373299   0.601011   0.332661   0.460162   0.049823   0.454229   0.627455   0.649409   0.380006   0.601180   0.339281   0.471119   0.057688   0.452840   0.629896   0.652279   0.383511   0.601035   0.342752   0.480289   0.062799   0.431171   0.636741   0.651741   0.382901   0.600657   0.342155   0.487350   0.063815   0.397206   0.646248   0.647724   0.378103   0.599989   0.337424   0.491861   0.060100   0.359646   0.656784   0.641148   0.370306   0.599330   0.329745   0.493603   0.052503   0.327865   0.666495   0.633114   0.360884   0.599187   0.320483   0.493631   0.043912   0.310706   0.672603   0.625578   0.352166   0.599488   0.311935   0.491368   0.039044   0.306660   0.674092   0.621732   0.347775   0.599977   0.307640   0.486800   0.038126   0.306670   0.673603   0.620634   0.346551   0.600349   0.306447   0.482190   0.037905   0.306679   0.673167   0.619631   0.345445   0.600377   0.305372   0.478105   0.038240   0.306676   0.672800   0.618616   0.344334   0.600439   0.304294   0.474482   0.038952   0.306689   0.672488   0.617537   0.343161   0.600479   0.303156   0.471134   0.039507   0.306717   0.672155   0.616588   0.342133   0.600509   0.302161   0.467966   0.039759   0.306723   0.671820   0.615898   0.341393   0.600815   0.301444   0.465091   0.039900 371505
 22   0.155645   0.666951   0.476312   0.212623   0.385215   0.179966   0.300917   0.045056   0.304811   0.672906   0.491486   0.223646   0.384605   0.189931   0.301520   0.051613   0.305180   0.672065   0.493034   0.224831   0.385108   0.191012   0.301482   0.049956   0.305429   0.671278   0.494452   0.225954   0.386570   0.192043   0.301882   0.050168   0.305593   0.670683   0.495208   0.226564   0.387413   0.192605   0.302190   0.051253   0.308129   0.667992   0.497343   0.228308   0.387341   0.194213   0.303107   0.052267   0.327178   0.656221   0.505037   0.234779   0.386727   0.200213   0.305560   0.052306   0.370714   0.636222   0.515176   0.243494   0.385768   0.208323   0.311299   0.056764   0.423893   0.617364   0.524850   0.252034   0.385427   0.216308   0.319839   0.067902   0.468723   0.605026   0.534453   0.260700   0.385837   0.224442   0.328711   0.079643   0.492467   0.601609   0.541761   0.267451   0.386015   0.230804   0.336845   0.088980   0.489727   0.607148   0.545706   0.271190   0.385914   0.234345   0.343578   0.095055   0.463772   0.619631   0.545764   0.271304   0.385590   0.234463   0.348508   0.096794   0.423211   0.635999   0.541830   0.267650   0.384997   0.231017   0.351317   0.092884   0.377449   0.653540   0.534670   0.261016   0.384397   0.224760   0.351908   0.083609   0.336477   0.669569   0.525697   0.252844   0.384255   0.217077   0.350390   0.071172   0.311466   0.679974   0.516870   0.244980   0.384519   0.209712   0.346675   0.061165   0.303906   0.682820   0.511361   0.240161   0.384968   0.205212   0.341712   0.057352   0.303536   0.681961   0.508924   0.238072   0.385310   0.203269   0.337135   0.056878   0.303256   0.681151   0.506960   0.236415   0.385319   0.201731   0.333050   0.058044   0.302966   0.680454   0.505212   0.234962   0.385356   0.200387   0.329280   0.059861   0.302751   0.679806   0.503532   0.233573   0.385378   0.199103   0.325936   0.060433   0.302584   0.679187   0.501952   0.232273   0.385401   0.197902   0.322911   0.060292   0.302352   0.678627   0.500640   0.231204   0.385672   0.196916   0.320092   0.060604 422335
 23   0.163648   0.671870   0.372220   0.140771   0.203229   0.115470   0.210326   0.081833   0.294938   0.681788   0.361020   0.133628   0.202750   0.109148   0.203169   0.113070   0.295954   0.679651   0.363347   0.134939   0.203272   0.110284   0.204930   0.119985   0.296444   0.678419   0.364095   0.135369   0.204584   0.110658   0.206362   0.124988   0.296690   0.677605   0.364071   0.135354   0.205324   0.110645   0.207176   0.129530   0.304318   0.670268   0.367752   0.137471   0.205284   0.112486   0.208647   0.133821   0.342314   0.645143   0.378506   0.143955   0.204746   0.118171   0.211236   0.142418   0.415313   0.608655   0.391860   0.152373   0.203897   0.125606   0.214377   0.159277   0.497281   0.576635   0.404562   0.160665   0.203662   0.132972   0.218434   0.174904   0.566508   0.555215   0.416365   0.168595   0.204138   0.140052   0.222905   0.181123   0.607975   0.548248   0.425651   0.174989   0.204393   0.145785   0.227217   0.183287   0.610663   0.557554   0.431031   0.178768   0.204372   0.149183   0.231278   0.184208   0.575057   0.580569   0.431741   0.179275   0.204121   0.149641   0.234660   0.182554   0.512891   0.611465   0.427678   0.176397   0.203591   0.147050   0.236606   0.175837   0.437741   0.645803   0.419675   0.170810   0.203026   0.142028   0.236613   0.166956   0.364755   0.678770   0.408274   0.163064   0.202841   0.135100   0.234976   0.158541   0.311741   0.703004   0.394601   0.154099   0.202991   0.127129   0.232018   0.148509   0.290640   0.711397   0.384119   0.147458   0.203325   0.121258   0.228137   0.142229   0.288871   0.709047   0.378681   0.144140   0.203583   0.118343   0.224280   0.141097   0.288619   0.706005   0.374776   0.141791   0.203562   0.116284   0.221212   0.143711   0.288667   0.703207   0.371312   0.139733   0.203579   0.114485   0.218792   0.147014   0.288448   0.700963   0.368111   0.137851   0.203577   0.112842   0.216408   0.146195   0.287966   0.699224   0.365345   0.136238   0.203575   0.111436   0.213898   0.144143   0.287501   0.697721   0.363033   0.134904   0.203800   0.110274   0.211566   0.144179 259966
 24   0.153905   0.673545   0.409426   0.165555   0.244296   0.137581   0.219724   0.205600   0.277382   0.684808   0.396360   0.156940   0.245309   0.129905   0.211075   0.339538   0.277344   0.681747   0.398555   0.158366   0.245755   0.131174   0.212537   0.360228   0.277318   0.679535   0.399777   0.159193   0.247020   0.131913   0.213778   0.373153   0.276928   0.678110   0.399858   0.159279   0.247676   0.131995   0.214656   0.387099   0.291633   0.671599   0.401991   0.160664   0.247562   0.133226   0.215310   0.397346   0.355289   0.648209   0.411272   0.166826   0.246930   0.138724   0.217542   0.393879   0.466668   0.611661   0.426350   0.177242   0.246029   0.148080   0.220657   0.392930   0.584367   0.577803   0.442433   0.188859   0.245841   0.158595   0.223439   0.400324   0.679152   0.553720   0.457015   0.199784   0.246362   0.168547   0.226334   0.395654   0.736611   0.542833   0.468127   0.208363   0.246666   0.176401   0.228959   0.385728   0.745676   0.548099   0.474512   0.213397   0.246701   0.181027   0.231376   0.377404   0.705792   0.568765   0.475378   0.214088   0.246472   0.181664   0.233404   0.371133   0.626503   0.600602   0.470514   0.210227   0.245977   0.178113   0.234403   0.364230   0.519938   0.639989   0.460136   0.202142   0.245410   0.170698   0.233826   0.360212   0.405600   0.681583   0.444312   0.190226   0.245145   0.159835   0.231752   0.365339   0.309226   0.716417   0.425031   0.176299   0.245217   0.147227   0.228110   0.378949   0.265809   0.728817   0.411736   0.167043   0.245511   0.138902   0.223727   0.393937   0.262822   0.723186   0.406658   0.163684   0.245734   0.135907   0.220095   0.403391   0.262804   0.716822   0.403256   0.161476   0.245664   0.133946   0.217479   0.413107   0.262939   0.711284   0.400381   0.159634   0.245666   0.132311   0.215596   0.421489   0.263101   0.706556   0.397962   0.158098   0.245695   0.130952   0.213889   0.422720   0.263059   0.702618   0.395940   0.156820   0.245732   0.129821   0.212121   0.420630   0.262861   0.699206   0.394446   0.155882   0.245984   0.128992   0.210403   0.420321 110759
