timestamp=                2021-11-22T13:15:04.320039
shape=                    (5, 5)
sigma=                    2.5
nepochs=                  5
thresh=                   None
rate=                     0.0072
neighborhood function=    gaussian
init weights=             pca
topology=                 hexagonal
activation distance=      euclidean
output type=              labels
mapfile_prefix=           full2017_5x5_5_0072_3_04
apply classification=     False
seed=                     None
random order=             True
custom init file=         None
order labels by size=     False
decay_function=           3

Quantization Error=       0.34742945
Topographic Error=        0.13793927

############ NEURONS #############
 25 192
  0   0.127354   0.669059   0.707306   0.453888   0.900315   0.413035   0.528784   0.032223   0.304785   0.676909   0.726322   0.479326   0.899278   0.438645   0.529722   0.032935   0.305287   0.675714   0.728940   0.482995   0.900000   0.442370   0.524719   0.031616   0.305755   0.674671   0.730847   0.485681   0.901840   0.445099   0.523762   0.030430   0.306133   0.673818   0.731893   0.487168   0.902921   0.446612   0.524133   0.029899   0.307135   0.672947   0.732671   0.488293   0.902987   0.447761   0.524527   0.029282   0.316929   0.669774   0.738249   0.496473   0.902533   0.456135   0.526272   0.026677   0.341437   0.662909   0.749277   0.512728   0.901720   0.472791   0.535003   0.022205   0.372996   0.654813   0.761959   0.531726   0.901293   0.492317   0.550226   0.020751   0.403370   0.647688   0.776026   0.553381   0.901621   0.514686   0.565962   0.023204   0.426193   0.642702   0.789699   0.575047   0.901748   0.537185   0.579346   0.026855   0.433608   0.641044   0.800401   0.592450   0.901450   0.555344   0.590188   0.030098   0.421729   0.643071   0.806296   0.602212   0.900775   0.565564   0.600283   0.031817   0.393303   0.648013   0.806724   0.602917   0.899771   0.566300   0.611303   0.030953   0.356608   0.654510   0.801695   0.594524   0.899093   0.557502   0.625038   0.027422   0.325052   0.662037   0.788065   0.572257   0.899050   0.534249   0.640100   0.025198   0.310086   0.668058   0.772042   0.546581   0.899339   0.507533   0.646943   0.027871   0.307526   0.670124   0.763667   0.533489   0.899902   0.493975   0.644910   0.030893   0.307502   0.670249   0.760029   0.527939   0.900465   0.488253   0.641675   0.031578   0.307560   0.670257   0.757126   0.523562   0.900729   0.483750   0.638747   0.032073   0.307647   0.670226   0.754628   0.519834   0.900798   0.479922   0.636125   0.032731   0.307749   0.670168   0.752431   0.516575   0.900740   0.476580   0.633695   0.033347   0.307863   0.670089   0.750511   0.513741   0.900829   0.473677   0.631881   0.033605   0.307974   0.669997   0.748911   0.511400   0.901233   0.471282   0.630623   0.033749 328113
  1   0.145913   0.666186   0.562055   0.288055   0.547793   0.250533   0.386163   0.040478   0.305330   0.671596   0.584453   0.308249   0.546705   0.269481   0.391156   0.045015   0.305776   0.671120   0.585724   0.309503   0.547293   0.270677   0.390502   0.040093   0.306039   0.670607   0.586112   0.309891   0.548914   0.271047   0.391107   0.038577   0.306204   0.670238   0.585853   0.309624   0.549850   0.270791   0.391704   0.038004   0.307912   0.668418   0.586969   0.310742   0.549801   0.271860   0.392569   0.037776   0.323390   0.660091   0.594062   0.318143   0.549169   0.278983   0.395197   0.036169   0.360926   0.646070   0.603023   0.327649   0.548159   0.288161   0.403044   0.037239   0.408074   0.633049   0.610105   0.335341   0.547804   0.295619   0.415309   0.044586   0.447937   0.624556   0.617133   0.343117   0.548243   0.303184   0.427740   0.054396   0.469090   0.622021   0.622343   0.348991   0.548422   0.308918   0.438921   0.063015   0.465709   0.625583   0.624731   0.351728   0.548299   0.311597   0.448162   0.068191   0.440652   0.633939   0.623758   0.350632   0.547944   0.310528   0.455059   0.068641   0.403465   0.644919   0.619425   0.345742   0.547306   0.305754   0.459166   0.063856   0.363519   0.656684   0.612748   0.338297   0.546669   0.298501   0.460249   0.055134   0.329711   0.667382   0.605013   0.329806   0.546527   0.290253   0.459059   0.045315   0.310865   0.674141   0.597946   0.322172   0.546813   0.282858   0.455716   0.039196   0.306021   0.675830   0.594280   0.318264   0.547283   0.279082   0.450634   0.037593   0.305854   0.675316   0.593176   0.317118   0.547635   0.277980   0.445565   0.037418   0.305711   0.674869   0.592157   0.316071   0.547643   0.276975   0.440989   0.037980   0.305559   0.674516   0.591071   0.314968   0.547686   0.275918   0.436849   0.038857   0.305461   0.674211   0.589882   0.313767   0.547715   0.274768   0.433094   0.039497   0.305409   0.673882   0.588809   0.312689   0.547741   0.273738   0.429618   0.039945   0.305325   0.673569   0.588004   0.311888   0.548036   0.272973   0.426323   0.040403 332698
  2   0.158060   0.666537   0.453657   0.195050   0.341714   0.163891   0.281685   0.048714   0.304698   0.672003   0.464282   0.202204   0.341194   0.170272   0.280924   0.057946   0.305099   0.671090   0.466020   0.203467   0.341703   0.171414   0.281515   0.057756   0.305365   0.670313   0.467443   0.204540   0.343149   0.172390   0.282329   0.058941   0.305540   0.669732   0.468220   0.205134   0.343978   0.172932   0.282842   0.060457   0.308083   0.667160   0.470153   0.206623   0.343910   0.174292   0.283679   0.061683   0.327158   0.655438   0.477146   0.212139   0.343315   0.179350   0.285999   0.062040   0.370322   0.635392   0.486826   0.219931   0.342381   0.186519   0.291277   0.067235   0.422584   0.616633   0.496490   0.227914   0.342052   0.193899   0.298769   0.078877   0.467326   0.604156   0.506150   0.236059   0.342470   0.201455   0.306523   0.090266   0.492432   0.600365   0.513556   0.242433   0.342670   0.207389   0.313740   0.098976   0.491269   0.605685   0.517622   0.246014   0.342592   0.210737   0.319650   0.104453   0.467131   0.617905   0.517931   0.246327   0.342280   0.211036   0.323790   0.105591   0.427476   0.634295   0.514310   0.243174   0.341692   0.208096   0.325961   0.101033   0.380651   0.652518   0.507354   0.237145   0.341105   0.202475   0.326089   0.091732   0.337985   0.669518   0.498310   0.229446   0.340968   0.195320   0.324291   0.080014   0.311505   0.680793   0.489202   0.221860   0.341216   0.188298   0.320633   0.070504   0.303314   0.683986   0.483437   0.217143   0.341647   0.183944   0.316026   0.066956   0.302923   0.683031   0.480827   0.215053   0.341981   0.182023   0.311866   0.066725   0.302700   0.682063   0.478761   0.213428   0.341993   0.180533   0.308296   0.068471   0.302480   0.681220   0.476902   0.211985   0.342023   0.179214   0.305069   0.070873   0.302276   0.680441   0.475141   0.210624   0.342034   0.177970   0.302099   0.071431   0.302039   0.679764   0.473515   0.209377   0.342053   0.176831   0.299371   0.071196   0.301729   0.679198   0.472105   0.208310   0.342319   0.175860   0.296867   0.071509 388408
  3   0.161246   0.675125   0.367758   0.138483   0.199523   0.113522   0.202283   0.116505   0.287111   0.688117   0.353045   0.129372   0.199137   0.105493   0.194296   0.171263   0.287936   0.685466   0.355259   0.130599   0.199666   0.106555   0.195870   0.181357   0.288377   0.683679   0.356248   0.131167   0.200943   0.107049   0.197347   0.188979   0.288610   0.682392   0.356363   0.131237   0.201645   0.107110   0.198311   0.196582   0.299866   0.673060   0.360900   0.133811   0.201591   0.109344   0.200051   0.203086   0.350174   0.643720   0.373321   0.141215   0.201037   0.115826   0.202859   0.213337   0.441806   0.602339   0.388459   0.150711   0.200191   0.124209   0.205608   0.231746   0.542105   0.565879   0.402760   0.160038   0.199983   0.132497   0.208718   0.246607   0.625970   0.540876   0.415658   0.168721   0.200466   0.140255   0.212128   0.248967   0.677077   0.531667   0.425712   0.175678   0.200732   0.146499   0.215358   0.247110   0.682116   0.541112   0.431614   0.179853   0.200727   0.150261   0.218505   0.245449   0.641196   0.566682   0.432522   0.180513   0.200477   0.150860   0.221274   0.242652   0.567571   0.601956   0.428218   0.177458   0.199960   0.148106   0.222912   0.235603   0.475664   0.642276   0.419357   0.171254   0.199404   0.142526   0.222803   0.227670   0.382805   0.682211   0.406140   0.162270   0.199194   0.134486   0.221148   0.221837   0.310622   0.713481   0.389342   0.151283   0.199314   0.124716   0.218357   0.213314   0.280159   0.724819   0.376293   0.143046   0.199629   0.117436   0.214599   0.207819   0.277967   0.721180   0.369927   0.139196   0.199872   0.114058   0.210831   0.208103   0.277957   0.716571   0.365611   0.136633   0.199837   0.111815   0.207950   0.212308   0.278312   0.712343   0.361978   0.134503   0.199843   0.109956   0.205760   0.216686   0.278487   0.708818   0.358726   0.132622   0.199839   0.108318   0.203655   0.215950   0.278225   0.706099   0.355915   0.131011   0.199842   0.106917   0.201446   0.213672   0.277968   0.703704   0.353720   0.129765   0.200067   0.105836   0.199454   0.213435 167414
  4   0.151999   0.672225   0.429959   0.179346   0.274621   0.149905   0.233146   0.211806   0.277470   0.682280   0.420579   0.172871   0.276520   0.144093   0.224309   0.353729   0.277111   0.679389   0.423009   0.174562   0.276925   0.145615   0.225218   0.377284   0.276900   0.677243   0.424475   0.175618   0.278205   0.146569   0.226165   0.391512   0.276352   0.675858   0.424807   0.175898   0.278863   0.146829   0.226912   0.406791   0.290667   0.670173   0.426900   0.177373   0.278732   0.148158   0.227492   0.418069   0.353986   0.649219   0.435938   0.183796   0.278078   0.153953   0.229867   0.412239   0.465546   0.615784   0.451055   0.194920   0.277155   0.164052   0.233237   0.408395   0.582778   0.584601   0.467341   0.207412   0.276964   0.175475   0.236170   0.415361   0.676695   0.562242   0.482131   0.219173   0.277493   0.186298   0.239188   0.410417   0.734505   0.551570   0.493409   0.228419   0.277796   0.194850   0.241883   0.399996   0.744644   0.555612   0.499730   0.233714   0.277828   0.199767   0.244418   0.390790   0.705288   0.574282   0.500374   0.234261   0.277602   0.200276   0.246591   0.383640   0.626669   0.603655   0.495192   0.229898   0.277107   0.196221   0.247724   0.376832   0.520946   0.640325   0.484370   0.220966   0.276526   0.187950   0.247270   0.373480   0.406433   0.679507   0.468217   0.208081   0.276248   0.176087   0.245099   0.379440   0.309269   0.712590   0.448710   0.193147   0.276323   0.162435   0.241185   0.395826   0.265445   0.724374   0.435484   0.183374   0.276622   0.153557   0.236595   0.414736   0.262379   0.718987   0.430764   0.180067   0.276844   0.150580   0.232837   0.426549   0.262175   0.712935   0.427651   0.177928   0.276766   0.148660   0.230125   0.437252   0.262220   0.707607   0.425032   0.176146   0.276771   0.147064   0.228202   0.446285   0.262280   0.703066   0.422812   0.174643   0.276810   0.145719   0.226444   0.448267   0.262075   0.699274   0.420968   0.173399   0.276850   0.144607   0.224542   0.447105   0.261737   0.695950   0.419614   0.172492   0.277107   0.143795   0.222689   0.447357 91300
  5   0.127612   0.667717   0.715014   0.463337   0.912390   0.422388   0.682072   0.029883   0.307627   0.674761   0.725713   0.477750   0.911515   0.436912   0.685369   0.028412   0.307917   0.674399   0.725120   0.476909   0.912295   0.436057   0.683661   0.028821   0.308186   0.673943   0.724723   0.476361   0.914243   0.435502   0.682917   0.028915   0.308388   0.673663   0.723511   0.474676   0.915344   0.433794   0.681587   0.029169   0.308677   0.673536   0.721626   0.472050   0.915383   0.431133   0.679376   0.029598   0.313531   0.672333   0.721005   0.471195   0.914892   0.430268   0.676271   0.030520   0.328199   0.668512   0.723401   0.474554   0.914015   0.433677   0.675327   0.031212   0.349332   0.663103   0.728415   0.481614   0.913598   0.440848   0.679566   0.032368   0.369704   0.658152   0.735152   0.491216   0.914117   0.450624   0.686953   0.034794   0.383976   0.654724   0.742158   0.501348   0.914478   0.460967   0.694062   0.036938   0.387450   0.653519   0.747918   0.509802   0.914389   0.469619   0.699519   0.037655   0.378503   0.654788   0.751254   0.514762   0.913881   0.474708   0.703288   0.036856   0.360154   0.658082   0.751595   0.515293   0.912964   0.475258   0.706065   0.034291   0.337737   0.662414   0.749271   0.511842   0.912261   0.471718   0.709664   0.029561   0.318694   0.666846   0.743684   0.503552   0.912121   0.463216   0.714954   0.025729   0.309985   0.669561   0.737694   0.494729   0.912322   0.454179   0.716468   0.025922   0.308853   0.670108   0.734657   0.490311   0.912797   0.449665   0.713582   0.027300   0.308891   0.670035   0.733079   0.488038   0.913258   0.447346   0.710988   0.027571   0.308932   0.669920   0.731731   0.486114   0.913373   0.445387   0.708786   0.027508   0.308975   0.669816   0.730456   0.484309   0.913305   0.443552   0.706850   0.027710   0.309011   0.669746   0.729224   0.482578   0.913178   0.441794   0.704888   0.028340   0.309058   0.669640   0.728200   0.481147   0.913233   0.440343   0.703139   0.028767   0.309124   0.669467   0.727475   0.480142   0.913606   0.439324   0.701691   0.029082 405344
  6   0.140905   0.665678   0.611954   0.338898   0.643012   0.299318   0.464661   0.038186   0.306687   0.670589   0.631272   0.358476   0.641606   0.318073   0.469402   0.042943   0.307138   0.670059   0.632575   0.359911   0.642227   0.319467   0.467896   0.038306   0.307556   0.669423   0.633573   0.361027   0.643961   0.320555   0.468957   0.036163   0.307825   0.668968   0.633610   0.361062   0.644952   0.320588   0.469903   0.035304   0.308850   0.667964   0.634039   0.361536   0.644896   0.321048   0.470303   0.034848   0.319981   0.662545   0.639322   0.367683   0.644264   0.327081   0.471644   0.033252   0.349036   0.652409   0.647342   0.377112   0.643226   0.336351   0.478515   0.032787   0.387291   0.642436   0.654358   0.385504   0.642847   0.344629   0.490698   0.037327   0.421437   0.635420   0.661241   0.393890   0.643305   0.352928   0.503221   0.044882   0.441480   0.632511   0.666595   0.400530   0.643481   0.359520   0.514333   0.051940   0.441494   0.634119   0.669438   0.404115   0.643330   0.363090   0.523365   0.056467   0.422375   0.639693   0.669134   0.403778   0.642944   0.362762   0.529999   0.057174   0.390783   0.647917   0.665565   0.399364   0.642259   0.358383   0.533949   0.053683   0.355673   0.657201   0.659632   0.392056   0.641574   0.351137   0.535191   0.046808   0.326275   0.665807   0.652218   0.383008   0.641420   0.342179   0.535114   0.039458   0.310880   0.671139   0.645366   0.374736   0.641725   0.334007   0.532728   0.035934   0.307563   0.672377   0.642054   0.370782   0.642225   0.330108   0.527957   0.035684   0.307640   0.671971   0.641094   0.369652   0.642605   0.328997   0.523517   0.035651   0.307699   0.671612   0.640105   0.368501   0.642637   0.327868   0.519764   0.035802   0.307736   0.671316   0.639097   0.367338   0.642704   0.326728   0.516397   0.036414   0.307775   0.671069   0.638067   0.366159   0.642749   0.325574   0.513138   0.037149   0.307821   0.670805   0.637178   0.365146   0.642779   0.324584   0.510020   0.037586   0.307864   0.670490   0.636626   0.364523   0.643090   0.323976   0.507198   0.037832 338886
  7   0.152496   0.667112   0.505165   0.236327   0.437908   0.201869   0.326238   0.043005   0.304820   0.673295   0.524195   0.251282   0.437200   0.215575   0.328385   0.048974   0.305181   0.672600   0.525316   0.252220   0.437724   0.216444   0.328053   0.046257   0.305380   0.671939   0.526171   0.252952   0.439230   0.217124   0.328273   0.045953   0.305506   0.671416   0.526533   0.253266   0.440094   0.217417   0.328247   0.046319   0.307949   0.668704   0.528572   0.255048   0.440032   0.219080   0.329088   0.046673   0.326874   0.657126   0.536521   0.262246   0.439414   0.225840   0.331822   0.045927   0.370253   0.637711   0.546411   0.271405   0.438431   0.234474   0.338398   0.048930   0.423289   0.619465   0.555188   0.279743   0.438077   0.242370   0.348424   0.058648   0.467510   0.607551   0.563967   0.288260   0.438485   0.250465   0.358691   0.069882   0.490303   0.604300   0.570638   0.294882   0.438646   0.256786   0.368020   0.079334   0.486194   0.609950   0.574072   0.298377   0.438529   0.260137   0.375817   0.085542   0.458932   0.622294   0.573720   0.298067   0.438197   0.259848   0.381725   0.087153   0.418250   0.638099   0.569542   0.293892   0.437593   0.255859   0.385293   0.083222   0.373583   0.654812   0.562432   0.286839   0.436979   0.249128   0.386194   0.074188   0.334562   0.669770   0.553912   0.278532   0.436835   0.241224   0.384726   0.062333   0.311314   0.679200   0.545876   0.270851   0.437111   0.233943   0.380868   0.053217   0.304433   0.681645   0.541095   0.266362   0.437568   0.229700   0.375443   0.049951   0.304011   0.680857   0.539045   0.264484   0.437910   0.227933   0.370228   0.049510   0.303696   0.680140   0.537287   0.262901   0.437916   0.226448   0.365573   0.050313   0.303415   0.679511   0.535717   0.261505   0.437958   0.225142   0.361338   0.051748   0.303191   0.678965   0.534137   0.260109   0.437987   0.223835   0.357577   0.052469   0.303009   0.678456   0.532621   0.258768   0.438008   0.222582   0.354215   0.052646   0.302796   0.677995   0.531367   0.257672   0.438284   0.221558   0.351007   0.053010 389020
  8   0.163225   0.667938   0.397428   0.156176   0.239559   0.129010   0.232258   0.055898   0.301674   0.674348   0.394771   0.154050   0.239048   0.127062   0.227300   0.070456   0.302458   0.672954   0.396915   0.155359   0.239564   0.128212   0.228985   0.073170   0.302867   0.672219   0.397488   0.155723   0.240937   0.128534   0.230288   0.075222   0.303083   0.671735   0.397445   0.155704   0.241731   0.128518   0.231045   0.076930   0.307287   0.667331   0.399848   0.157227   0.241686   0.129866   0.232102   0.078757   0.333180   0.649338   0.408341   0.162801   0.241131   0.134820   0.234355   0.082666   0.387343   0.621139   0.419672   0.170458   0.240252   0.141662   0.238349   0.093807   0.450358   0.596177   0.430596   0.178062   0.239971   0.148491   0.243991   0.108201   0.504433   0.579746   0.441207   0.185641   0.240427   0.155326   0.250031   0.117593   0.535727   0.575006   0.449505   0.191700   0.240665   0.160811   0.255804   0.123588   0.535872   0.582904   0.453946   0.195001   0.240623   0.163809   0.261006   0.127153   0.507042   0.600711   0.454113   0.195127   0.240358   0.163923   0.265045   0.126922   0.458530   0.624011   0.450287   0.192262   0.239803   0.161318   0.267186   0.121224   0.401423   0.649365   0.443305   0.187100   0.239227   0.156636   0.267175   0.112124   0.347820   0.673261   0.433758   0.180203   0.239070   0.150404   0.265405   0.101948   0.312155   0.689746   0.423244   0.172819   0.239266   0.143763   0.262119   0.091912   0.299626   0.694883   0.415812   0.167737   0.239640   0.139213   0.258009   0.086609   0.298674   0.693432   0.412095   0.165274   0.239931   0.137020   0.254185   0.085599   0.298366   0.691770   0.409222   0.163397   0.239925   0.135352   0.251105   0.087885   0.298187   0.690260   0.406491   0.161626   0.239947   0.133781   0.248550   0.090805   0.297831   0.689010   0.403880   0.159952   0.239950   0.132298   0.245938   0.090668   0.297325   0.688033   0.401544   0.158473   0.239952   0.130990   0.243252   0.089523   0.296800   0.687238   0.399491   0.157186   0.240190   0.129856   0.240725   0.089855 334351
  9   0.151757   0.677063   0.447075   0.191328   0.353191   0.160682   0.247527   0.081285   0.286761   0.693250   0.458286   0.198905   0.352997   0.167452   0.240046   0.099113   0.286054   0.692089   0.460147   0.200274   0.353437   0.168693   0.236408   0.101573   0.286080   0.690414   0.461637   0.201386   0.354748   0.169704   0.234261   0.105436   0.285850   0.688975   0.462141   0.201796   0.355448   0.170083   0.232534   0.111442   0.297873   0.676945   0.471567   0.208816   0.355317   0.176463   0.235002   0.116738   0.355353   0.642311   0.495354   0.227604   0.354655   0.193710   0.241021   0.124914   0.462263   0.598215   0.520706   0.249132   0.353673   0.213716   0.245636   0.149149   0.579809   0.562506   0.541788   0.268224   0.353319   0.231655   0.249708   0.177446   0.676895   0.539246   0.559548   0.284997   0.353647   0.247533   0.254794   0.190569   0.736422   0.530821   0.572486   0.297662   0.353736   0.259597   0.260956   0.195181   0.742210   0.540442   0.579472   0.304744   0.353574   0.266385   0.267955   0.197368   0.692677   0.566450   0.579487   0.304912   0.353226   0.266573   0.275143   0.197497   0.604561   0.601964   0.572358   0.297895   0.352696   0.259881   0.281296   0.193087   0.496596   0.641279   0.559211   0.285026   0.352168   0.247622   0.285050   0.183576   0.390618   0.678808   0.541293   0.267984   0.352051   0.231468   0.285952   0.165723   0.310163   0.709844   0.516898   0.246029   0.352339   0.210855   0.283117   0.139423   0.277060   0.723000   0.496934   0.228903   0.352803   0.194910   0.275519   0.125584   0.275219   0.720508   0.488255   0.221868   0.353125   0.188424   0.267374   0.125989   0.275179   0.716643   0.482920   0.217630   0.353118   0.184530   0.261541   0.128675   0.275303   0.713012   0.478506   0.214191   0.353166   0.181381   0.256989   0.132270   0.275686   0.709790   0.474446   0.211066   0.353209   0.178526   0.253302   0.133381   0.276035   0.707026   0.470765   0.208262   0.353235   0.175968   0.249896   0.133218   0.276219   0.704529   0.467763   0.206005   0.353489   0.173914   0.246550   0.133719 185840
 10   0.125034   0.666937   0.741745   0.500765   0.931273   0.460373   0.758967   0.026392   0.308220   0.673063   0.751514   0.514852   0.930524   0.474746   0.765316   0.022985   0.308493   0.672498   0.751918   0.515429   0.931327   0.475333   0.766310   0.023665   0.308734   0.671933   0.752249   0.515913   0.933327   0.475828   0.767799   0.024464   0.308904   0.671618   0.751535   0.514850   0.934541   0.474737   0.767991   0.025403   0.309118   0.671551   0.749818   0.512307   0.934653   0.472130   0.766608   0.026545   0.313210   0.670680   0.748906   0.510966   0.934195   0.470757   0.763487   0.028755   0.325965   0.667700   0.750411   0.513217   0.933348   0.473068   0.761967   0.030907   0.344702   0.663396   0.754236   0.518937   0.932856   0.478943   0.765161   0.032869   0.363153   0.659384   0.759844   0.527402   0.933437   0.487651   0.770680   0.035661   0.376298   0.656601   0.765615   0.536208   0.933922   0.496730   0.775497   0.037820   0.379585   0.655675   0.770119   0.543155   0.933860   0.503906   0.778726   0.038459   0.371547   0.656737   0.772539   0.546913   0.933339   0.507792   0.780345   0.037277   0.354771   0.659459   0.772363   0.546643   0.932371   0.507513   0.780802   0.034244   0.334303   0.663030   0.769867   0.542771   0.931661   0.503510   0.783011   0.028959   0.317340   0.666610   0.764487   0.534464   0.931520   0.494927   0.788605   0.024267   0.310020   0.668795   0.758809   0.525750   0.931679   0.485935   0.790308   0.024079   0.309268   0.669284   0.755740   0.521090   0.932134   0.481135   0.787036   0.025443   0.309270   0.669309   0.753831   0.518217   0.932599   0.478181   0.784254   0.025595   0.309269   0.669280   0.752152   0.515701   0.932730   0.475597   0.781837   0.025279   0.309288   0.669224   0.750652   0.513467   0.932602   0.473305   0.779427   0.025138   0.309328   0.669143   0.749377   0.511578   0.932458   0.471368   0.777080   0.025363   0.309380   0.668992   0.748437   0.510191   0.932571   0.469947   0.775296   0.025346   0.309454   0.668769   0.747814   0.509274   0.932996   0.469008   0.774020   0.025162 753968
 11   0.127038   0.668670   0.720323   0.470744   0.927604   0.429901   0.660007   0.028011   0.306804   0.676232   0.734609   0.490395   0.926624   0.449779   0.663748   0.025300   0.307095   0.675101   0.736449   0.492980   0.927414   0.452403   0.662271   0.024811   0.307430   0.674013   0.738191   0.495457   0.929344   0.454924   0.662574   0.024111   0.307712   0.673179   0.738975   0.496570   0.930415   0.456056   0.662838   0.023749   0.308535   0.672492   0.739045   0.496655   0.930368   0.456140   0.662377   0.023556   0.317545   0.669952   0.741752   0.500594   0.929776   0.460165   0.661107   0.023024   0.340378   0.663820   0.748989   0.511231   0.928798   0.471056   0.663391   0.021945   0.370132   0.656014   0.759464   0.526899   0.928227   0.487149   0.672190   0.022316   0.397935   0.649152   0.772322   0.546624   0.928599   0.507503   0.682388   0.024729   0.417173   0.644622   0.785039   0.566656   0.928766   0.528275   0.690041   0.027449   0.421646   0.643310   0.795123   0.582925   0.928465   0.545222   0.695716   0.029331   0.408995   0.645394   0.801214   0.592920   0.927799   0.555666   0.700528   0.029841   0.383057   0.650076   0.802753   0.595471   0.926780   0.558337   0.705910   0.028592   0.351149   0.655903   0.800075   0.591055   0.926063   0.553718   0.714541   0.024911   0.323980   0.662250   0.790785   0.575919   0.925975   0.537923   0.726408   0.022314   0.311204   0.666935   0.779427   0.557623   0.926241   0.518871   0.732225   0.024754   0.309057   0.668463   0.773042   0.547523   0.926802   0.508390   0.730434   0.028060   0.308893   0.668792   0.769354   0.541802   0.927339   0.502474   0.728079   0.029200   0.308781   0.669031   0.766111   0.536816   0.927531   0.497328   0.725987   0.029550   0.308719   0.669187   0.763226   0.532414   0.927549   0.492790   0.724093   0.029746   0.308678   0.669307   0.760615   0.528454   0.927516   0.488713   0.722390   0.029976   0.308650   0.669383   0.758354   0.525045   0.927648   0.485206   0.720889   0.029903   0.308687   0.669351   0.756563   0.522360   0.928078   0.482448   0.719611   0.029618 686348
 12   0.135767   0.665461   0.651136   0.382974   0.729379   0.342351   0.539355   0.034768   0.307159   0.670172   0.671481   0.406167   0.728139   0.365040   0.545935   0.037780   0.307574   0.669629   0.672848   0.407856   0.728771   0.366716   0.544098   0.034280   0.308024   0.668980   0.674207   0.409549   0.730580   0.368398   0.544909   0.032339   0.308322   0.668546   0.674579   0.410023   0.731613   0.368870   0.545031   0.031583   0.309019   0.667956   0.674712   0.410193   0.731561   0.369040   0.544326   0.031199   0.317711   0.664253   0.678900   0.415561   0.730940   0.374400   0.543906   0.029327   0.341845   0.656611   0.686064   0.424786   0.729887   0.383621   0.549288   0.027389   0.375221   0.648541   0.692755   0.433514   0.729490   0.392364   0.561233   0.030006   0.406627   0.642421   0.699583   0.442571   0.729975   0.401466   0.573811   0.036289   0.427252   0.639226   0.705386   0.450389   0.730150   0.409345   0.584818   0.042413   0.430009   0.639592   0.709117   0.455480   0.729961   0.414489   0.593652   0.046468   0.413917   0.643466   0.709826   0.456480   0.729529   0.415505   0.600180   0.047235   0.385165   0.649845   0.707176   0.452895   0.728781   0.411889   0.604270   0.044322   0.352250   0.657385   0.701811   0.445640   0.728052   0.404572   0.606473   0.038284   0.324607   0.664606   0.694200   0.435420   0.727897   0.394279   0.608604   0.031904   0.310723   0.669171   0.686769   0.425549   0.728222   0.384357   0.607924   0.029582   0.308058   0.670299   0.683084   0.420712   0.728751   0.379506   0.603619   0.029809   0.308128   0.670074   0.681909   0.419194   0.729167   0.377988   0.599307   0.029588   0.308215   0.669851   0.680802   0.417778   0.729230   0.376574   0.595539   0.029563   0.308295   0.669659   0.679672   0.416343   0.729318   0.375144   0.592235   0.029861   0.308376   0.669479   0.678602   0.414995   0.729372   0.373802   0.589076   0.030247   0.308460   0.669261   0.677797   0.413986   0.729410   0.372799   0.585949   0.030424   0.308540   0.668995   0.677343   0.413430   0.729740   0.372248   0.583058   0.030605 334595
 13   0.136985   0.671669   0.600767   0.328027   0.653142   0.288981   0.367645   0.056947   0.298190   0.681911   0.632709   0.361153   0.649514   0.320867   0.370405   0.057035   0.298861   0.680342   0.636731   0.365635   0.649971   0.325233   0.365665   0.050910   0.299391   0.679065   0.639185   0.368393   0.651593   0.327923   0.364462   0.048093   0.299864   0.678027   0.640206   0.369526   0.652545   0.329025   0.364429   0.046968   0.303786   0.673550   0.645424   0.375409   0.652512   0.334771   0.366200   0.045956   0.329794   0.658545   0.662398   0.395693   0.651896   0.354783   0.369921   0.045005   0.388979   0.636734   0.683084   0.421629   0.650888   0.380594   0.376045   0.052256   0.462751   0.617970   0.701332   0.445853   0.650442   0.404952   0.383543   0.068884   0.529298   0.605669   0.719239   0.470555   0.650641   0.429968   0.390505   0.086297   0.571526   0.601511   0.733462   0.490835   0.650515   0.450632   0.398285   0.101207   0.573687   0.606367   0.741677   0.502868   0.650149   0.462955   0.407653   0.111763   0.535524   0.618857   0.742348   0.503970   0.649656   0.464106   0.418809   0.116713   0.473229   0.635652   0.735360   0.493905   0.648992   0.453830   0.430734   0.114781   0.404064   0.653621   0.722297   0.475302   0.648396   0.434876   0.441859   0.105038   0.344380   0.669937   0.704687   0.450854   0.648364   0.410083   0.451918   0.087344   0.309334   0.681458   0.684816   0.424204   0.648802   0.383230   0.456305   0.069700   0.299354   0.685163   0.671917   0.407406   0.649387   0.366397   0.453533   0.060527   0.299461   0.684036   0.667459   0.401815   0.649823   0.360832   0.449119   0.056412   0.299658   0.682821   0.664604   0.398283   0.649937   0.357326   0.445040   0.054250   0.299767   0.681797   0.662255   0.395415   0.650093   0.354487   0.441216   0.053649   0.299855   0.680967   0.660006   0.392703   0.650177   0.351806   0.437524   0.053272   0.299919   0.680305   0.657683   0.389929   0.650224   0.349071   0.433838   0.052845   0.299913   0.679768   0.655389   0.387224   0.650567   0.346408   0.430300   0.052448 142596
 14   0.144077   0.679379   0.521192   0.251218   0.489053   0.215919   0.298530   0.071803   0.289324   0.697463   0.549964   0.275866   0.488520   0.238872   0.297546   0.079457   0.288665   0.695748   0.552684   0.278404   0.488826   0.241269   0.291758   0.080410   0.288805   0.693909   0.553958   0.279643   0.490200   0.242448   0.288436   0.082625   0.288942   0.692450   0.553951   0.279678   0.490953   0.242488   0.285963   0.085406   0.299207   0.680957   0.562207   0.287385   0.490796   0.249768   0.287247   0.087623   0.351998   0.645079   0.585472   0.310393   0.490041   0.271726   0.292658   0.093890   0.454693   0.596159   0.611676   0.338073   0.488909   0.298450   0.298308   0.116223   0.570007   0.555760   0.634310   0.363615   0.488415   0.323400   0.303301   0.145238   0.666377   0.531826   0.654308   0.387235   0.488608   0.346664   0.308780   0.165939   0.725138   0.526584   0.668814   0.405091   0.488545   0.364382   0.316153   0.180521   0.728747   0.541339   0.676356   0.414747   0.488273   0.374031   0.325503   0.190844   0.676285   0.572249   0.675690   0.414150   0.487880   0.373480   0.336181   0.195641   0.586092   0.611141   0.666686   0.403091   0.487364   0.362510   0.346706   0.192390   0.479667   0.651617   0.650985   0.383981   0.486872   0.343584   0.355128   0.180225   0.380731   0.687123   0.631256   0.360604   0.486845   0.320542   0.359788   0.156793   0.310723   0.712947   0.608201   0.334565   0.487286   0.295095   0.358427   0.124321   0.283765   0.721448   0.590875   0.315828   0.487873   0.276927   0.350938   0.104701   0.282535   0.717554   0.583357   0.308109   0.488246   0.269512   0.342227   0.101340   0.282332   0.713686   0.578433   0.303157   0.488246   0.264773   0.334743   0.101221   0.282071   0.710523   0.574423   0.299191   0.488314   0.260989   0.327991   0.102648   0.281940   0.707950   0.570598   0.295467   0.488382   0.257445   0.322227   0.103288   0.281981   0.705811   0.566766   0.291778   0.488426   0.253942   0.317151   0.103515   0.282075   0.703881   0.563369   0.288535   0.488722   0.250867   0.312521   0.103863 111563
 15   0.123946   0.666562   0.755174   0.520492   0.939121   0.480569   0.785669   0.021816   0.308517   0.672143   0.765926   0.536518   0.938499   0.497018   0.795519   0.018180   0.308813   0.671271   0.767423   0.538784   0.939380   0.499351   0.799346   0.019026   0.309099   0.670460   0.768679   0.540703   0.941493   0.501328   0.803644   0.019968   0.309308   0.669926   0.768796   0.540874   0.942744   0.501504   0.806513   0.020842   0.309609   0.669611   0.768031   0.539689   0.942866   0.500279   0.807598   0.021710   0.314704   0.668153   0.768763   0.540823   0.942396   0.501451   0.806317   0.022991   0.329666   0.664191   0.772693   0.546939   0.941481   0.507779   0.807426   0.023980   0.350472   0.659016   0.779145   0.557084   0.940827   0.518295   0.814174   0.024898   0.370224   0.654501   0.787412   0.570281   0.941277   0.532013   0.821945   0.027122   0.383566   0.651613   0.795429   0.583286   0.941685   0.545572   0.827650   0.029366   0.385859   0.650888   0.801438   0.593181   0.941551   0.555917   0.831103   0.030259   0.376007   0.652381   0.804695   0.598598   0.941002   0.561591   0.832841   0.029810   0.357334   0.655598   0.804763   0.598725   0.940016   0.561727   0.834282   0.028100   0.335373   0.659468   0.802006   0.594157   0.939399   0.556946   0.840376   0.024025   0.317931   0.663512   0.795018   0.582658   0.939355   0.544924   0.850594   0.021372   0.310939   0.666218   0.787558   0.570483   0.939535   0.532216   0.853261   0.023430   0.310213   0.666961   0.783661   0.564222   0.940031   0.525700   0.849144   0.025659   0.310132   0.667185   0.781037   0.560051   0.940592   0.521368   0.845979   0.026028   0.310067   0.667341   0.778669   0.556309   0.940821   0.517486   0.843242   0.025741   0.310003   0.667463   0.776470   0.552850   0.940704   0.513900   0.840576   0.025408   0.309953   0.667557   0.774520   0.549798   0.940597   0.510739   0.837879   0.025473   0.309928   0.667592   0.772892   0.547262   0.940797   0.508115   0.835495   0.025554   0.309931   0.667567   0.771538   0.545164   0.941291   0.505946   0.833468   0.025471 1127219
 16   0.125559   0.667866   0.738195   0.495809   0.932295   0.455348   0.715932   0.024349   0.307598   0.674604   0.751264   0.514520   0.931499   0.474413   0.723718   0.021608   0.307887   0.673472   0.753305   0.517505   0.932339   0.477465   0.726126   0.021437   0.308179   0.672444   0.755048   0.520077   0.934401   0.480100   0.729579   0.021050   0.308417   0.671705   0.755650   0.520960   0.935565   0.481004   0.732153   0.020958   0.309070   0.671109   0.755576   0.520833   0.935607   0.480869   0.733229   0.021059   0.316862   0.668883   0.757874   0.524286   0.935145   0.484419   0.731990   0.021172   0.336893   0.663501   0.764246   0.533969   0.934220   0.494393   0.734075   0.020397   0.362969   0.656701   0.773773   0.548700   0.933575   0.509616   0.743027   0.020404   0.387318   0.650790   0.785594   0.567396   0.933950   0.529018   0.752821   0.022498   0.403608   0.647005   0.797055   0.585952   0.934176   0.548357   0.759894   0.024793   0.406438   0.646027   0.805889   0.600557   0.933918   0.563638   0.764864   0.026186   0.394733   0.647872   0.811087   0.609271   0.933313   0.572780   0.768641   0.026496   0.372070   0.651833   0.812233   0.611207   0.932293   0.574813   0.772705   0.025397   0.344518   0.656615   0.809758   0.607042   0.931616   0.570441   0.781199   0.022059   0.321506   0.661875   0.801215   0.592824   0.931545   0.555546   0.794732   0.020179   0.311404   0.665738   0.791115   0.576180   0.931744   0.538142   0.801505   0.023206   0.310026   0.666926   0.785790   0.567548   0.932254   0.529144   0.799725   0.026382   0.309877   0.667210   0.782614   0.562475   0.932803   0.523869   0.797685   0.027177   0.309746   0.667436   0.779762   0.557953   0.933031   0.519176   0.795830   0.027434   0.309635   0.667621   0.777135   0.553818   0.933016   0.514888   0.794087   0.027520   0.309562   0.667759   0.774778   0.550132   0.932970   0.511072   0.792378   0.027516   0.309528   0.667837   0.772756   0.546989   0.933139   0.507820   0.790682   0.027479   0.309521   0.667844   0.771080   0.544397   0.933609   0.505143   0.789324   0.027332 978391
 17   0.124928   0.669377   0.734610   0.491190   0.931667   0.450735   0.642154   0.026328   0.305799   0.677451   0.748943   0.511421   0.930801   0.471298   0.649654   0.025287   0.306247   0.676037   0.751197   0.514684   0.931677   0.474629   0.650367   0.025412   0.306582   0.674829   0.752976   0.517289   0.933715   0.477296   0.652207   0.024838   0.306794   0.673957   0.753573   0.518163   0.934851   0.478189   0.653487   0.024304   0.309073   0.672994   0.754147   0.519010   0.934871   0.479057   0.652946   0.023950   0.325777   0.668968   0.759213   0.526672   0.934384   0.486944   0.652443   0.022537   0.363806   0.659979   0.770510   0.544023   0.933494   0.504854   0.659052   0.020307   0.412789   0.649093   0.786794   0.569785   0.932869   0.531593   0.672068   0.021023   0.461508   0.639528   0.806733   0.602541   0.933107   0.565832   0.683085   0.025020   0.498818   0.633027   0.825874   0.635220   0.933153   0.600237   0.689982   0.029488   0.510857   0.631244   0.840641   0.661315   0.932702   0.627888   0.694971   0.033398   0.490892   0.634684   0.849345   0.677078   0.931908   0.644667   0.699432   0.036356   0.445154   0.641984   0.851357   0.680776   0.930776   0.648616   0.705263   0.036963   0.388041   0.650494   0.847500   0.673727   0.930045   0.641100   0.716113   0.033181   0.338623   0.659293   0.834368   0.650204   0.929962   0.616109   0.731607   0.028316   0.313312   0.666810   0.815759   0.617575   0.930198   0.581587   0.739930   0.030064   0.307914   0.669974   0.803832   0.597213   0.930756   0.560150   0.738816   0.034251   0.307651   0.670389   0.798066   0.587672   0.931356   0.550166   0.736798   0.035006   0.307462   0.670685   0.793195   0.579719   0.931668   0.541863   0.735155   0.034872   0.307314   0.670907   0.788812   0.572641   0.931729   0.534490   0.733898   0.034555   0.307241   0.671011   0.784981   0.566514   0.931730   0.528118   0.732641   0.034262   0.307236   0.671010   0.781775   0.561431   0.931930   0.522840   0.731174   0.034060   0.307285   0.670937   0.779024   0.557100   0.932419   0.518350   0.730120   0.033724 467988
 18   0.131315   0.665810   0.689924   0.430888   0.805739   0.389915   0.602706   0.035512   0.307494   0.670661   0.713729   0.461294   0.804573   0.420273   0.604972   0.038327   0.308032   0.669917   0.715911   0.464365   0.805241   0.423393   0.601847   0.034706   0.308496   0.669298   0.717201   0.466194   0.807146   0.425253   0.602783   0.033153   0.308799   0.668889   0.717346   0.466426   0.808244   0.425494   0.603398   0.032688   0.309362   0.668449   0.717157   0.466186   0.808225   0.425254   0.603189   0.032262   0.316779   0.665620   0.720783   0.471345   0.807648   0.430505   0.602507   0.030058   0.338097   0.659239   0.727693   0.481170   0.806612   0.440504   0.607578   0.026792   0.368416   0.651914   0.734687   0.491203   0.806185   0.450732   0.619938   0.027214   0.398627   0.645823   0.742240   0.502201   0.806655   0.461975   0.632743   0.031648   0.420529   0.642068   0.749042   0.512252   0.806801   0.472280   0.643706   0.036785   0.426283   0.641538   0.753745   0.519290   0.806554   0.479512   0.652824   0.040678   0.413181   0.644491   0.755308   0.521647   0.806053   0.481938   0.660171   0.042283   0.385703   0.650180   0.753156   0.518393   0.805220   0.478588   0.665755   0.040690   0.352706   0.657201   0.747708   0.510209   0.804466   0.470172   0.670683   0.035881   0.324657   0.664067   0.739045   0.497338   0.804343   0.456966   0.676941   0.030261   0.310849   0.668453   0.730251   0.484444   0.804700   0.443769   0.679541   0.028110   0.308413   0.669588   0.725753   0.477946   0.805273   0.437137   0.676441   0.028202   0.308498   0.669461   0.724083   0.475575   0.805742   0.434725   0.672539   0.027812   0.308598   0.669318   0.722686   0.473612   0.805854   0.432732   0.668733   0.027814   0.308714   0.669174   0.721501   0.471965   0.805958   0.431063   0.664970   0.028310   0.308816   0.669045   0.720397   0.470443   0.806008   0.429523   0.661186   0.029022   0.308892   0.668897   0.719461   0.469164   0.806060   0.428231   0.657463   0.029438   0.308979   0.668702   0.718788   0.468254   0.806420   0.427312   0.654094   0.029783 292833
 19   0.131666   0.667344   0.661124   0.396007   0.768052   0.355407   0.444946   0.046847   0.302980   0.673596   0.689753   0.430230   0.766312   0.389188   0.450767   0.047311   0.303685   0.672724   0.693514   0.435105   0.766924   0.394068   0.448332   0.041209   0.304229   0.672019   0.696185   0.438515   0.768749   0.397470   0.448308   0.037874   0.304669   0.671317   0.698071   0.440928   0.769793   0.399880   0.447970   0.036589   0.306435   0.669434   0.701774   0.445734   0.769802   0.404691   0.447693   0.035214   0.320163   0.662637   0.714160   0.462562   0.769296   0.421681   0.448736   0.030060   0.353976   0.651777   0.730875   0.485917   0.768386   0.445380   0.455211   0.025512   0.398411   0.641492   0.745782   0.507568   0.767969   0.467507   0.465587   0.028130   0.441120   0.633335   0.761048   0.530543   0.768215   0.491142   0.474690   0.035069   0.471114   0.628586   0.774649   0.551699   0.768108   0.513042   0.483028   0.042948   0.476819   0.628624   0.784317   0.567164   0.767670   0.529134   0.491730   0.050197   0.455595   0.633442   0.788364   0.573760   0.767012   0.536022   0.501299   0.055397   0.415926   0.641624   0.785903   0.569787   0.766097   0.531881   0.511773   0.056961   0.369551   0.651458   0.777167   0.555781   0.765382   0.517299   0.523991   0.053758   0.329801   0.661549   0.760566   0.529924   0.765362   0.490527   0.538865   0.045013   0.309358   0.669142   0.741028   0.500393   0.765813   0.460123   0.546717   0.039328   0.305230   0.671811   0.730006   0.484193   0.766457   0.443532   0.545042   0.038581   0.305486   0.671747   0.726279   0.478884   0.767002   0.438127   0.542432   0.036750   0.305739   0.671565   0.723532   0.475011   0.767241   0.434191   0.540167   0.035491   0.305983   0.671335   0.721235   0.471805   0.767436   0.430940   0.538157   0.035198   0.306182   0.671115   0.719159   0.468935   0.767494   0.428034   0.536209   0.035294   0.306294   0.670935   0.717357   0.466464   0.767535   0.425535   0.534216   0.035114   0.306366   0.670742   0.715932   0.464529   0.767895   0.423583   0.532215   0.034823 211842
 20   0.123331   0.666686   0.762451   0.531501   0.942947   0.491900   0.795496   0.020755   0.308637   0.672249   0.774654   0.550017   0.942243   0.510968   0.807652   0.016490   0.308905   0.671121   0.776966   0.553607   0.943115   0.514681   0.813251   0.017257   0.309210   0.670111   0.778862   0.556570   0.945276   0.517748   0.819125   0.018497   0.309453   0.669419   0.779490   0.557549   0.946523   0.518761   0.823074   0.019663   0.310425   0.668784   0.779643   0.557784   0.946693   0.519004   0.824466   0.020483   0.320004   0.665971   0.782809   0.562827   0.946297   0.524244   0.823928   0.020772   0.343149   0.659744   0.790403   0.575053   0.945375   0.536973   0.828799   0.020272   0.372208   0.652604   0.800887   0.592260   0.944630   0.554952   0.840268   0.020679   0.398517   0.646812   0.813180   0.612914   0.944948   0.576629   0.850740   0.022869   0.415399   0.643380   0.824503   0.632380   0.945219   0.597146   0.857688   0.025011   0.417186   0.642910   0.832858   0.647040   0.944951   0.612658   0.861802   0.026377   0.402759   0.645319   0.837605   0.655481   0.944312   0.621612   0.864022   0.026746   0.377133   0.649741   0.838464   0.657022   0.943213   0.623249   0.866116   0.025784   0.347381   0.654740   0.835899   0.652458   0.942518   0.618407   0.874150   0.022452   0.323142   0.660029   0.827433   0.637561   0.942408   0.602636   0.888406   0.020332   0.312813   0.663842   0.817509   0.620247   0.942527   0.584337   0.895146   0.023129   0.311477   0.665027   0.812217   0.611153   0.943019   0.574751   0.892805   0.026411   0.311290   0.665372   0.808943   0.605611   0.943623   0.568928   0.890401   0.027375   0.311118   0.665642   0.806002   0.600669   0.943898   0.563741   0.888541   0.027445   0.310957   0.665861   0.803272   0.596112   0.943808   0.558965   0.886960   0.026937   0.310817   0.666030   0.800852   0.592099   0.943752   0.554763   0.885632   0.026232   0.310725   0.666149   0.798784   0.588692   0.944004   0.551201   0.884195   0.025897   0.310685   0.666205   0.797039   0.585836   0.944556   0.548218   0.882675   0.025736 851024
 21   0.124337   0.667899   0.749793   0.512736   0.936323   0.472657   0.730699   0.022027   0.307620   0.674618   0.762326   0.531148   0.935609   0.491506   0.740452   0.020079   0.307957   0.673377   0.764560   0.534498   0.936537   0.494948   0.744953   0.020530   0.308284   0.672261   0.766466   0.537380   0.938671   0.497914   0.750105   0.020805   0.308546   0.671465   0.767137   0.538384   0.939879   0.498946   0.753987   0.021210   0.309905   0.670688   0.767402   0.538773   0.939968   0.499343   0.755859   0.021578   0.321551   0.667550   0.771099   0.544492   0.939574   0.505254   0.756511   0.021695   0.348736   0.660646   0.779714   0.558007   0.938705   0.519257   0.762693   0.020825   0.382760   0.652533   0.791969   0.577681   0.937967   0.539730   0.775139   0.021223   0.414440   0.645718   0.806759   0.602095   0.938219   0.565268   0.786317   0.023876   0.436172   0.641433   0.820661   0.625706   0.938362   0.590098   0.793826   0.026499   0.440178   0.640544   0.831180   0.644025   0.938011   0.609454   0.798731   0.028371   0.424087   0.643117   0.837295   0.654855   0.937332   0.620933   0.802067   0.029372   0.393592   0.648132   0.838706   0.657371   0.936256   0.623602   0.805555   0.028946   0.357349   0.653762   0.836147   0.652806   0.935597   0.618757   0.814659   0.025408   0.326914   0.659780   0.826540   0.635940   0.935544   0.600910   0.829473   0.022371   0.313030   0.664473   0.814322   0.614748   0.935731   0.578536   0.837257   0.025322   0.310891   0.666113   0.807418   0.602996   0.936260   0.566173   0.836044   0.029432   0.310649   0.666527   0.803487   0.596425   0.936866   0.559283   0.834210   0.030446   0.310439   0.666836   0.800059   0.590744   0.937169   0.553337   0.832960   0.030474   0.310252   0.667088   0.796910   0.585567   0.937145   0.547925   0.832183   0.029942   0.310092   0.667273   0.794140   0.581042   0.937090   0.543202   0.831456   0.029190   0.309985   0.667379   0.791829   0.577292   0.937310   0.539292   0.830340   0.028770   0.309939   0.667407   0.789892   0.574169   0.937826   0.536040   0.829264   0.028459 1035257
 22   0.121786   0.668215   0.755524   0.521368   0.939303   0.481534   0.713805   0.022896   0.304913   0.675251   0.767120   0.538618   0.938558   0.499235   0.725864   0.022022   0.305287   0.674053   0.768963   0.541415   0.939433   0.502116   0.731040   0.022779   0.305574   0.673009   0.770460   0.543705   0.941549   0.504477   0.736369   0.023444   0.305797   0.672271   0.770735   0.544112   0.942761   0.504895   0.740121   0.024301   0.311098   0.670811   0.772019   0.546069   0.942887   0.506912   0.741013   0.025175   0.337991   0.665100   0.779171   0.557289   0.942526   0.518538   0.744140   0.024994   0.393591   0.654181   0.793398   0.580214   0.941658   0.542412   0.756753   0.024595   0.464150   0.642039   0.813174   0.613375   0.940820   0.577207   0.773140   0.027583   0.531871   0.632018   0.835828   0.653029   0.940898   0.619154   0.785269   0.033257   0.578049   0.626037   0.856263   0.690300   0.940827   0.658887   0.792227   0.038217   0.582545   0.625872   0.871333   0.718744   0.940280   0.689407   0.794998   0.041709   0.541560   0.631570   0.879501   0.734478   0.939482   0.706354   0.795892   0.044035   0.474122   0.640620   0.880421   0.736199   0.938347   0.708198   0.799198   0.044939   0.401810   0.649513   0.875251   0.726053   0.937762   0.697230   0.811515   0.040709   0.343872   0.657804   0.860804   0.698500   0.937839   0.667610   0.830290   0.034430   0.315362   0.664249   0.843183   0.665705   0.938099   0.632519   0.838444   0.035798   0.309253   0.666752   0.832827   0.647025   0.938689   0.612649   0.836330   0.039637   0.308815   0.667372   0.826895   0.636585   0.939385   0.601597   0.835250   0.039538   0.308531   0.667820   0.821809   0.627750   0.939760   0.592265   0.835112   0.038299   0.308276   0.668168   0.817246   0.619909   0.939738   0.584001   0.835395   0.036513   0.308033   0.668429   0.813254   0.613105   0.939701   0.576841   0.835580   0.034883   0.307828   0.668611   0.809848   0.607353   0.939990   0.570799   0.835022   0.033966   0.307680   0.668712   0.806916   0.602445   0.940572   0.565651   0.834194   0.033199 369587
 23   0.122779   0.670457   0.739131   0.497338   0.938516   0.456939   0.633540   0.023221   0.302841   0.679568   0.749150   0.511734   0.937765   0.471620   0.642475   0.024268   0.303421   0.678084   0.750700   0.514002   0.938711   0.473941   0.644582   0.025449   0.303794   0.676926   0.751628   0.515362   0.940730   0.475332   0.647186   0.025786   0.303952   0.676203   0.751204   0.514729   0.941854   0.474681   0.648744   0.026088   0.311566   0.674132   0.753174   0.517635   0.941858   0.477659   0.648128   0.025996   0.349961   0.665638   0.763577   0.533428   0.941353   0.493927   0.651442   0.024175   0.432551   0.649079   0.785302   0.567821   0.940444   0.529634   0.665713   0.023214   0.540669   0.630431   0.816892   0.620770   0.939559   0.585203   0.680985   0.027766   0.647052   0.614924   0.851590   0.682681   0.939441   0.650950   0.687948   0.034712   0.719796   0.605863   0.881200   0.738752   0.939142   0.711166   0.687635   0.040300   0.725890   0.606311   0.901848   0.779758   0.938345   0.755602   0.681706   0.044965   0.663371   0.615521   0.912588   0.801721   0.937312   0.779533   0.675059   0.048979   0.561111   0.629529   0.913835   0.804256   0.936056   0.782292   0.674125   0.051036   0.451751   0.643625   0.906712   0.789486   0.935332   0.766158   0.686839   0.048305   0.362866   0.656557   0.886252   0.748387   0.935257   0.721529   0.713034   0.042122   0.315931   0.668120   0.856714   0.691396   0.935480   0.660112   0.726706   0.043035   0.304459   0.673820   0.836542   0.654179   0.936064   0.620347   0.724023   0.047512   0.303858   0.674714   0.826617   0.636685   0.936757   0.601817   0.722497   0.047325   0.303706   0.675158   0.818603   0.622829   0.937209   0.587193   0.722787   0.045819   0.303807   0.675240   0.811958   0.611518   0.937304   0.575291   0.724257   0.043526   0.303992   0.675059   0.806456   0.602283   0.937290   0.565597   0.726096   0.041583   0.304163   0.674783   0.801867   0.594679   0.937542   0.557635   0.727810   0.040310   0.304337   0.674469   0.798050   0.588429   0.938114   0.551105   0.729225   0.038992 176193
 24   0.125825   0.671088   0.704578   0.450608   0.909966   0.409797   0.496614   0.032723   0.301366   0.680722   0.721940   0.473881   0.908988   0.433243   0.501377   0.033392   0.301908   0.679366   0.724459   0.477411   0.909679   0.436826   0.498238   0.032328   0.302019   0.678580   0.725256   0.478495   0.911391   0.437920   0.497858   0.030941   0.302091   0.677920   0.725228   0.478480   0.912400   0.437909   0.498376   0.030759   0.306091   0.675657   0.728317   0.482870   0.912406   0.442379   0.499474   0.029953   0.332516   0.667697   0.740763   0.501035   0.911833   0.460966   0.505789   0.024921   0.394260   0.653034   0.761751   0.532557   0.910900   0.493392   0.521968   0.020849   0.477698   0.636432   0.788562   0.574682   0.910270   0.537092   0.541725   0.024702   0.565003   0.622006   0.818823   0.625002   0.910317   0.589844   0.555583   0.033520   0.636362   0.612234   0.846085   0.672943   0.910097   0.640625   0.563463   0.043428   0.661261   0.610117   0.865941   0.709517   0.909428   0.679703   0.569716   0.052110   0.626177   0.616357   0.876671   0.729871   0.908465   0.701570   0.576206   0.058438   0.547619   0.628356   0.878028   0.732411   0.907275   0.704291   0.584554   0.061333   0.450832   0.642565   0.870758   0.718367   0.906480   0.689153   0.598348   0.059013   0.364056   0.656442   0.851311   0.681984   0.906414   0.650170   0.621192   0.049269   0.314979   0.669183   0.820816   0.627475   0.906794   0.592263   0.634037   0.044576   0.302797   0.675377   0.799811   0.591371   0.907516   0.554193   0.630340   0.046158   0.303076   0.675379   0.792554   0.579470   0.908272   0.541756   0.626193   0.044342   0.303568   0.675076   0.787267   0.570905   0.908759   0.532826   0.623831   0.042368   0.304066   0.674672   0.783013   0.564084   0.909004   0.525728   0.622431   0.040718   0.304404   0.674308   0.779330   0.558230   0.909056   0.519645   0.621371   0.039488   0.304546   0.674046   0.776007   0.553005   0.909242   0.514227   0.620379   0.038877   0.304538   0.673914   0.772820   0.548077   0.909737   0.509133   0.619416   0.038538 172187
