timestamp=                2021-11-22T13:08:40.819266
shape=                    (5, 5)
sigma=                    2.5
nepochs=                  5
thresh=                   None
rate=                     0.0072
neighborhood function=    gaussian
init weights=             pca
topology=                 hexagonal
activation distance=      euclidean
output type=              labels
mapfile_prefix=           full2017_5x5_5_0072_3_01
apply classification=     False
seed=                     None
random order=             True
custom init file=         None
order labels by size=     False
decay_function=           3

Quantization Error=       0.34707319
Topographic Error=        0.13763392

############ NEURONS #############
 25 192
  0   0.127467   0.668869   0.706524   0.452941   0.893318   0.412099   0.524639   0.033225   0.304742   0.676504   0.726725   0.479937   0.892270   0.439273   0.525145   0.034063   0.305278   0.675301   0.729627   0.484021   0.892986   0.443423   0.520016   0.032419   0.305750   0.674285   0.731593   0.486797   0.894831   0.446245   0.519225   0.031156   0.306128   0.673455   0.732698   0.488370   0.895917   0.447846   0.519709   0.030749   0.307193   0.672552   0.733660   0.489760   0.895987   0.449265   0.520131   0.030146   0.317172   0.669197   0.739763   0.498733   0.895531   0.458455   0.522012   0.027181   0.342061   0.662149   0.751251   0.515729   0.894711   0.475883   0.531214   0.022269   0.374207   0.654000   0.763985   0.534882   0.894286   0.495584   0.546916   0.020780   0.405500   0.646857   0.777957   0.556477   0.894609   0.517908   0.562779   0.023597   0.429437   0.641849   0.791430   0.577908   0.894720   0.540179   0.576189   0.027680   0.437009   0.640287   0.801831   0.594889   0.894416   0.557912   0.587174   0.031258   0.424366   0.642518   0.807376   0.604108   0.893745   0.567571   0.597457   0.033249   0.395216   0.647621   0.807472   0.604261   0.892744   0.567730   0.608553   0.032473   0.357689   0.654292   0.802111   0.595297   0.892068   0.558328   0.622403   0.028752   0.325358   0.661986   0.788187   0.572510   0.892037   0.534524   0.637760   0.026102   0.310051   0.668089   0.771928   0.546439   0.892342   0.507393   0.644890   0.028275   0.307434   0.670171   0.763444   0.533177   0.892914   0.493659   0.642995   0.030982   0.307435   0.670279   0.759820   0.527648   0.893480   0.487959   0.639727   0.031579   0.307515   0.670260   0.756970   0.523347   0.893743   0.483533   0.636700   0.032068   0.307620   0.670202   0.754534   0.519708   0.893817   0.479797   0.634012   0.032850   0.307713   0.670155   0.752371   0.516505   0.893760   0.476512   0.631397   0.033616   0.307799   0.670095   0.750515   0.513771   0.893841   0.473712   0.629150   0.033854   0.307899   0.669993   0.748977   0.511526   0.894240   0.471416   0.627411   0.033960 335444
  1   0.146670   0.666394   0.554050   0.280415   0.532444   0.243285   0.375597   0.041348   0.304997   0.671982   0.576437   0.300182   0.531178   0.261765   0.380007   0.046157   0.305513   0.671449   0.577756   0.301455   0.531758   0.262975   0.379699   0.041183   0.305799   0.670910   0.578150   0.301838   0.533358   0.263338   0.380400   0.039783   0.305941   0.670547   0.577877   0.301564   0.534283   0.263076   0.380835   0.039256   0.307762   0.668561   0.579147   0.302818   0.534233   0.264272   0.381740   0.039185   0.323902   0.659721   0.586558   0.310405   0.533602   0.271551   0.384545   0.037674   0.362652   0.645059   0.595651   0.319886   0.532600   0.280676   0.392379   0.039094   0.410883   0.631545   0.602786   0.327511   0.532245   0.288048   0.404522   0.047075   0.451133   0.622791   0.609813   0.335164   0.532680   0.295472   0.416786   0.057077   0.472048   0.620315   0.614927   0.340838   0.532860   0.300995   0.427815   0.065515   0.468292   0.624161   0.617215   0.343412   0.532742   0.303508   0.436938   0.070598   0.442904   0.632897   0.616192   0.342277   0.532389   0.302402   0.443708   0.071091   0.405131   0.644396   0.611856   0.337462   0.531756   0.297715   0.447773   0.066321   0.364457   0.656682   0.605151   0.330109   0.531125   0.290573   0.448905   0.057311   0.330114   0.667745   0.597356   0.321700   0.530982   0.282429   0.447650   0.047066   0.310836   0.674729   0.590239   0.314145   0.531263   0.275135   0.444076   0.040578   0.305749   0.676488   0.586539   0.310274   0.531726   0.271406   0.438818   0.038876   0.305540   0.675942   0.585402   0.309116   0.532075   0.270296   0.433669   0.038717   0.305344   0.675489   0.584308   0.308017   0.532081   0.269246   0.429078   0.039275   0.305161   0.675132   0.583156   0.306872   0.532122   0.268153   0.424928   0.040391   0.305057   0.674790   0.581942   0.305669   0.532150   0.267005   0.421151   0.041177   0.304993   0.674435   0.580843   0.304582   0.532177   0.265969   0.417684   0.041577   0.304909   0.674097   0.580004   0.303761   0.532473   0.265187   0.414462   0.041989 314622
  2   0.158318   0.666551   0.450279   0.192501   0.335290   0.161569   0.278695   0.049615   0.304443   0.672037   0.460099   0.199027   0.334821   0.167378   0.277731   0.059741   0.304867   0.671092   0.461902   0.200328   0.335327   0.168552   0.278399   0.059762   0.305166   0.670284   0.463312   0.201383   0.336769   0.169511   0.279211   0.061055   0.305355   0.669706   0.464036   0.201935   0.337598   0.170014   0.279739   0.062824   0.307973   0.667087   0.465979   0.203413   0.337526   0.171362   0.280574   0.064119   0.327216   0.655260   0.473026   0.208909   0.336930   0.176392   0.282848   0.064525   0.370716   0.635073   0.482788   0.216688   0.336003   0.183537   0.287994   0.070025   0.423507   0.616203   0.492464   0.224604   0.335681   0.190842   0.295363   0.081769   0.468592   0.603606   0.502107   0.232649   0.336103   0.198291   0.303013   0.092559   0.493624   0.599742   0.509553   0.238986   0.336306   0.204179   0.310102   0.100727   0.492477   0.605122   0.513589   0.242501   0.336232   0.207459   0.315976   0.106007   0.468003   0.617589   0.513758   0.242684   0.335925   0.207636   0.320187   0.107006   0.428092   0.634134   0.510068   0.239502   0.335342   0.204673   0.322375   0.102384   0.381343   0.652403   0.503162   0.233580   0.334758   0.199162   0.322432   0.093253   0.338319   0.669574   0.494149   0.225989   0.334618   0.192121   0.320522   0.081886   0.311505   0.680986   0.485019   0.218468   0.334860   0.185173   0.316801   0.072548   0.303231   0.684200   0.479258   0.213808   0.335285   0.180880   0.312238   0.069040   0.302830   0.683225   0.476659   0.211752   0.335614   0.178993   0.308164   0.068892   0.302569   0.682274   0.474504   0.210073   0.335623   0.177457   0.304679   0.070920   0.302331   0.681433   0.472547   0.208569   0.335652   0.176084   0.301478   0.073541   0.302119   0.680649   0.470759   0.207206   0.335662   0.174842   0.298519   0.074134   0.301892   0.679931   0.469171   0.206000   0.335679   0.173743   0.295849   0.073759   0.301636   0.679271   0.467872   0.205025   0.335943   0.172856   0.293400   0.074085 371342
  3   0.161135   0.675036   0.368835   0.139143   0.199917   0.114103   0.202926   0.118682   0.287051   0.687921   0.354049   0.129985   0.199590   0.106032   0.194968   0.175751   0.287826   0.685299   0.356205   0.131182   0.200113   0.107067   0.196652   0.186181   0.288272   0.683465   0.357227   0.131772   0.201390   0.107581   0.198190   0.193987   0.288570   0.682120   0.357382   0.131863   0.202092   0.107660   0.199164   0.201639   0.299874   0.672917   0.361794   0.134369   0.202037   0.109837   0.200829   0.208081   0.350254   0.643872   0.373960   0.141631   0.201484   0.116195   0.203530   0.217984   0.442075   0.602724   0.388923   0.151029   0.200641   0.124493   0.206241   0.235852   0.542740   0.566212   0.403194   0.160351   0.200433   0.132780   0.209308   0.250323   0.627100   0.541013   0.416107   0.169064   0.200914   0.140567   0.212637   0.252368   0.678645   0.531583   0.426150   0.176022   0.201178   0.146814   0.215813   0.250381   0.683926   0.540873   0.432022   0.180174   0.201174   0.150555   0.218943   0.248470   0.643347   0.566288   0.432966   0.180854   0.200928   0.151171   0.221649   0.245536   0.569782   0.601452   0.428756   0.177861   0.200411   0.148472   0.223167   0.238395   0.477304   0.641954   0.419940   0.171679   0.199857   0.142910   0.222959   0.230588   0.383533   0.682353   0.406651   0.162632   0.199647   0.134811   0.221274   0.225450   0.310538   0.713949   0.389857   0.151635   0.199763   0.125031   0.218461   0.217622   0.279706   0.725305   0.376864   0.143430   0.200076   0.117778   0.214785   0.212322   0.277469   0.721585   0.370509   0.139582   0.200319   0.114401   0.211139   0.212549   0.277473   0.716901   0.366195   0.137022   0.200284   0.112161   0.208289   0.216544   0.277884   0.712559   0.362625   0.134932   0.200292   0.110338   0.206140   0.220835   0.278072   0.708978   0.359417   0.133079   0.200290   0.108725   0.204069   0.220209   0.277800   0.706259   0.356577   0.131453   0.200294   0.107311   0.201920   0.217880   0.277628   0.703761   0.354457   0.130243   0.200517   0.106259   0.200009   0.217789 162456
  4   0.151822   0.672493   0.430541   0.179751   0.275133   0.150269   0.232869   0.212164   0.277101   0.682753   0.421208   0.173284   0.276967   0.144461   0.223891   0.354392   0.276706   0.679790   0.423701   0.175021   0.277376   0.146023   0.224692   0.377991   0.276477   0.677643   0.425118   0.176039   0.278657   0.146944   0.225645   0.391916   0.275848   0.676279   0.425339   0.176237   0.279312   0.147129   0.226374   0.406950   0.290371   0.670466   0.427438   0.177716   0.279178   0.148461   0.226872   0.418287   0.354382   0.649122   0.436632   0.184257   0.278522   0.154364   0.229239   0.412093   0.466822   0.615235   0.451961   0.195556   0.277599   0.164624   0.232616   0.407970   0.584857   0.583681   0.468467   0.208247   0.277407   0.176234   0.235510   0.415166   0.679253   0.561104   0.483425   0.220176   0.277937   0.187214   0.238462   0.410068   0.737115   0.550332   0.494834   0.229559   0.278239   0.195898   0.241102   0.399201   0.747181   0.554441   0.501268   0.234970   0.278270   0.200926   0.243579   0.389780   0.708103   0.573149   0.501977   0.235579   0.278043   0.201494   0.245749   0.382465   0.629265   0.602740   0.496793   0.231198   0.277552   0.197420   0.246988   0.375217   0.522628   0.639925   0.485924   0.222190   0.276975   0.189073   0.246616   0.371854   0.407173   0.679634   0.469610   0.209130   0.276698   0.177042   0.244493   0.378179   0.309155   0.713217   0.449825   0.193934   0.276776   0.163144   0.240596   0.395005   0.264895   0.725217   0.436391   0.183981   0.277074   0.154098   0.235942   0.414215   0.261855   0.719770   0.431590   0.180604   0.277293   0.151056   0.232141   0.426121   0.261689   0.713629   0.428414   0.178415   0.277215   0.149091   0.229411   0.437201   0.261606   0.708259   0.425749   0.176596   0.277221   0.147461   0.227449   0.446441   0.261681   0.703624   0.423504   0.175072   0.277261   0.146096   0.225747   0.448260   0.261579   0.699761   0.421587   0.173776   0.277303   0.144936   0.223943   0.446957   0.261308   0.696413   0.420156   0.172820   0.277564   0.144084   0.222124   0.447017 89743
  5   0.127891   0.667613   0.713144   0.460824   0.906693   0.419857   0.675146   0.029889   0.307607   0.674519   0.724808   0.476490   0.905815   0.435635   0.678066   0.028765   0.307918   0.674107   0.724491   0.476039   0.906587   0.435175   0.676030   0.028959   0.308212   0.673615   0.724300   0.475783   0.908523   0.434918   0.675352   0.028933   0.308427   0.673301   0.723292   0.474391   0.909615   0.433509   0.674167   0.029041   0.308734   0.673125   0.721648   0.472108   0.909645   0.431197   0.672256   0.029288   0.313730   0.671792   0.721446   0.471848   0.909139   0.430937   0.669559   0.030003   0.328875   0.667752   0.724305   0.475869   0.908245   0.435021   0.669323   0.030355   0.350734   0.662163   0.729599   0.483340   0.907832   0.442612   0.674507   0.031388   0.371819   0.657117   0.736524   0.493237   0.908349   0.452693   0.682490   0.033897   0.386547   0.653641   0.743625   0.503535   0.908691   0.463211   0.690059   0.036239   0.390174   0.652449   0.749383   0.512004   0.908591   0.471883   0.696035   0.037183   0.380936   0.653835   0.752645   0.516864   0.908086   0.476871   0.700294   0.036525   0.361934   0.657314   0.752859   0.517201   0.907179   0.477221   0.703398   0.034058   0.338818   0.661843   0.750375   0.513498   0.906471   0.473419   0.707169   0.029366   0.319135   0.666479   0.744515   0.504785   0.906330   0.464480   0.712643   0.025624   0.310076   0.669356   0.738230   0.495514   0.906543   0.454982   0.714260   0.025962   0.308861   0.669963   0.735058   0.490896   0.907025   0.450263   0.711325   0.027392   0.308894   0.669901   0.733440   0.488566   0.907484   0.447886   0.708644   0.027611   0.308940   0.669791   0.732079   0.486621   0.907597   0.445905   0.706329   0.027539   0.308988   0.669684   0.730826   0.484847   0.907543   0.444102   0.704255   0.027761   0.309024   0.669609   0.729611   0.483138   0.907429   0.442366   0.702217   0.028354   0.309070   0.669508   0.728598   0.481723   0.907481   0.440931   0.700272   0.028890   0.309147   0.669346   0.727867   0.480712   0.907850   0.439907   0.698632   0.029277 420845
  6   0.141935   0.665827   0.602975   0.329313   0.624176   0.290046   0.446887   0.039038   0.306359   0.670871   0.622113   0.348191   0.622972   0.308043   0.451306   0.044071   0.306827   0.670313   0.623513   0.349699   0.623588   0.309503   0.450161   0.039447   0.307241   0.669670   0.624408   0.350677   0.625302   0.310452   0.451337   0.037367   0.307497   0.669215   0.624406   0.350666   0.626274   0.310439   0.452362   0.036393   0.308646   0.668058   0.624977   0.351284   0.626216   0.311038   0.453000   0.035872   0.320631   0.662066   0.630671   0.357762   0.625586   0.317370   0.454710   0.034193   0.351473   0.651134   0.638958   0.367300   0.624556   0.326712   0.461852   0.033928   0.391548   0.640582   0.646053   0.375624   0.624181   0.334893   0.474078   0.038975   0.426555   0.633319   0.653022   0.383955   0.624632   0.343109   0.486604   0.047001   0.446587   0.630448   0.658313   0.390395   0.624806   0.349481   0.497798   0.054287   0.445811   0.632405   0.661023   0.393752   0.624660   0.352814   0.506955   0.058882   0.425529   0.638528   0.660578   0.393245   0.624280   0.352318   0.513714   0.059719   0.393109   0.647280   0.656852   0.388718   0.623605   0.347841   0.517671   0.056161   0.357210   0.657067   0.650725   0.381315   0.622934   0.340526   0.518876   0.049104   0.326944   0.666123   0.643212   0.372333   0.622785   0.331667   0.518640   0.041393   0.310844   0.671758   0.636289   0.364161   0.623086   0.323626   0.516188   0.037363   0.307221   0.673094   0.632838   0.360137   0.623578   0.319675   0.511508   0.036671   0.307264   0.672652   0.631868   0.359026   0.623952   0.318588   0.506913   0.036462   0.307311   0.672246   0.630943   0.357974   0.623978   0.317561   0.502893   0.036765   0.307333   0.671916   0.629960   0.356867   0.624039   0.316480   0.499343   0.037302   0.307375   0.671618   0.628944   0.355730   0.624080   0.315371   0.496089   0.037835   0.307414   0.671326   0.628022   0.354703   0.624110   0.314372   0.493045   0.038247   0.307427   0.671016   0.627408   0.354029   0.624419   0.313717   0.490226   0.038454 327620
  7   0.153283   0.667083   0.499561   0.231551   0.427503   0.197428   0.321387   0.043317   0.304956   0.673211   0.517849   0.245715   0.426943   0.210376   0.323368   0.049733   0.305357   0.672436   0.519112   0.246753   0.427460   0.211335   0.323169   0.047229   0.305594   0.671722   0.520146   0.247625   0.428956   0.212143   0.323364   0.047067   0.305727   0.671204   0.520550   0.247967   0.429814   0.212460   0.323393   0.047598   0.308109   0.668573   0.522497   0.249646   0.429751   0.214024   0.324248   0.047947   0.326763   0.656994   0.530330   0.256641   0.429132   0.220577   0.326841   0.047329   0.370124   0.637190   0.540307   0.265745   0.428149   0.229138   0.333180   0.050456   0.423144   0.618522   0.549274   0.274144   0.427796   0.237072   0.342859   0.060152   0.467288   0.606443   0.558174   0.282660   0.428207   0.245147   0.352888   0.071439   0.490155   0.603139   0.564951   0.289301   0.428373   0.251470   0.362021   0.080928   0.485981   0.608847   0.568499   0.292866   0.428257   0.254881   0.369563   0.087115   0.458919   0.621427   0.568251   0.292672   0.427924   0.254705   0.375189   0.088961   0.418365   0.637673   0.564153   0.288646   0.427322   0.250869   0.378510   0.085315   0.373649   0.654790   0.557045   0.281689   0.426708   0.244245   0.379337   0.076405   0.334652   0.669982   0.548468   0.273422   0.426561   0.236396   0.377867   0.064618   0.311365   0.679511   0.540374   0.265780   0.426836   0.229167   0.374031   0.055477   0.304475   0.681941   0.535508   0.261268   0.427294   0.224912   0.368768   0.051935   0.304094   0.681081   0.533433   0.259387   0.427637   0.223144   0.363763   0.051227   0.303789   0.680315   0.531703   0.257846   0.427643   0.221702   0.359324   0.052100   0.303457   0.679716   0.530045   0.256387   0.427687   0.220339   0.355255   0.053717   0.303236   0.679139   0.528446   0.254986   0.427716   0.219031   0.351595   0.054456   0.303094   0.678576   0.526938   0.253671   0.427735   0.217803   0.348342   0.054536   0.302889   0.678097   0.525621   0.252532   0.428009   0.216742   0.345297   0.054910 382163
  8   0.163550   0.667834   0.395791   0.155140   0.236028   0.128094   0.230995   0.056044   0.301774   0.674194   0.392375   0.152527   0.235499   0.125716   0.225859   0.070706   0.302532   0.672853   0.394390   0.153741   0.236015   0.126780   0.227678   0.073310   0.302939   0.672100   0.394948   0.154084   0.237381   0.127081   0.229040   0.075431   0.303125   0.671641   0.394904   0.154065   0.238168   0.127065   0.229760   0.077481   0.307327   0.667269   0.397244   0.155539   0.238124   0.128368   0.230801   0.079484   0.333237   0.649198   0.405681   0.161037   0.237572   0.133250   0.233068   0.083644   0.387561   0.620756   0.416958   0.168603   0.236694   0.140001   0.237056   0.095161   0.450771   0.595638   0.427809   0.176101   0.236416   0.146725   0.242647   0.109732   0.504571   0.579248   0.438291   0.183531   0.236878   0.153418   0.248601   0.119090   0.535809   0.574457   0.446522   0.189494   0.237119   0.158809   0.254266   0.125069   0.536401   0.582245   0.451046   0.192830   0.237078   0.161834   0.259367   0.128688   0.508053   0.599975   0.451395   0.193088   0.236814   0.162069   0.263295   0.128408   0.459846   0.623345   0.447688   0.190333   0.236261   0.159567   0.265366   0.122606   0.402407   0.649027   0.440743   0.185238   0.235684   0.154951   0.265287   0.113413   0.348173   0.673341   0.431186   0.178385   0.235524   0.148767   0.263416   0.103142   0.312092   0.690120   0.420579   0.170991   0.235717   0.142126   0.260044   0.093005   0.299423   0.695336   0.413057   0.165890   0.236088   0.137565   0.255927   0.087595   0.298437   0.693905   0.409241   0.163382   0.236375   0.135335   0.252169   0.086481   0.298124   0.692232   0.406327   0.161493   0.236367   0.133659   0.249091   0.088749   0.297976   0.690669   0.403642   0.159765   0.236390   0.132128   0.246535   0.091641   0.297664   0.689344   0.401080   0.158134   0.236392   0.130684   0.244029   0.091371   0.297170   0.688356   0.398737   0.156661   0.236395   0.129384   0.241422   0.090187   0.296603   0.687602   0.396638   0.155358   0.236634   0.128236   0.238921   0.090592 320705
  9   0.151950   0.677128   0.444536   0.189470   0.349289   0.158997   0.245496   0.081724   0.286464   0.693388   0.455071   0.196524   0.349174   0.165289   0.237696   0.099869   0.285729   0.692248   0.456885   0.197858   0.349614   0.166500   0.234030   0.102535   0.285813   0.690522   0.458423   0.199000   0.350922   0.167537   0.232008   0.106489   0.285583   0.689040   0.459037   0.199489   0.351625   0.167986   0.230404   0.112544   0.297711   0.676929   0.468581   0.206523   0.351500   0.174367   0.232877   0.117376   0.355393   0.642084   0.492422   0.225178   0.350843   0.191466   0.238802   0.125524   0.462408   0.597779   0.517674   0.246449   0.349865   0.211205   0.243292   0.149681   0.580073   0.561890   0.538681   0.265323   0.349517   0.228916   0.247302   0.177555   0.677484   0.538475   0.556450   0.281976   0.349852   0.244658   0.252296   0.190669   0.737339   0.530128   0.569411   0.294570   0.349941   0.256639   0.258313   0.195660   0.743739   0.539695   0.576454   0.301657   0.349777   0.263422   0.265191   0.198259   0.694348   0.565647   0.576528   0.301882   0.349429   0.263663   0.272309   0.198499   0.605496   0.601493   0.569401   0.294921   0.348900   0.257035   0.278495   0.194071   0.497113   0.641146   0.556207   0.282107   0.348373   0.244844   0.282388   0.184521   0.390881   0.678902   0.538283   0.265187   0.348254   0.228827   0.283325   0.166571   0.310078   0.710123   0.513872   0.243390   0.348535   0.208391   0.280514   0.140242   0.276813   0.723371   0.493872   0.226370   0.348992   0.192567   0.273064   0.126339   0.274964   0.720887   0.485154   0.219373   0.349311   0.186127   0.264982   0.126498   0.274897   0.717090   0.479708   0.215083   0.349305   0.182191   0.259209   0.129139   0.275063   0.713441   0.475307   0.211671   0.349356   0.179069   0.254753   0.132804   0.275506   0.710136   0.471251   0.208573   0.349401   0.176242   0.251092   0.133802   0.275845   0.707328   0.467517   0.205754   0.349427   0.173674   0.247613   0.133650   0.275983   0.704827   0.464510   0.203514   0.349677   0.171639   0.244222   0.134456 180212
 10   0.125162   0.667025   0.739925   0.498138   0.931278   0.457692   0.754518   0.026891   0.308132   0.673238   0.749640   0.512086   0.930514   0.471911   0.760546   0.023457   0.308400   0.672672   0.750064   0.512685   0.931311   0.472520   0.761340   0.024108   0.308644   0.672104   0.750389   0.513156   0.933305   0.473000   0.762622   0.024856   0.308820   0.671789   0.749655   0.512064   0.934520   0.471881   0.762688   0.025714   0.309043   0.671722   0.747923   0.509508   0.934636   0.469262   0.761208   0.026808   0.313182   0.670840   0.746986   0.508136   0.934181   0.467859   0.758005   0.028970   0.326122   0.667800   0.748521   0.510423   0.933335   0.470206   0.756402   0.031082   0.345057   0.663411   0.752457   0.516287   0.932838   0.476224   0.759471   0.033058   0.363532   0.659358   0.758193   0.524911   0.933410   0.485089   0.764915   0.035791   0.376700   0.656522   0.764112   0.533914   0.933887   0.494364   0.769803   0.037869   0.380095   0.655540   0.768728   0.541007   0.933821   0.501687   0.773139   0.038483   0.371962   0.656629   0.771195   0.544828   0.933297   0.505635   0.774913   0.037240   0.355058   0.659394   0.771097   0.544683   0.932325   0.505487   0.775581   0.034156   0.334476   0.663009   0.768669   0.540932   0.931614   0.501611   0.777970   0.028984   0.317329   0.666631   0.763335   0.532716   0.931473   0.493127   0.783704   0.024372   0.309964   0.668830   0.757682   0.524060   0.931631   0.484198   0.785475   0.024212   0.309211   0.669321   0.754601   0.519393   0.932082   0.479394   0.782310   0.025635   0.309210   0.669335   0.752719   0.516565   0.932544   0.476488   0.779700   0.025718   0.309212   0.669293   0.751087   0.514126   0.932677   0.473983   0.777447   0.025359   0.309233   0.669230   0.749614   0.511937   0.932554   0.471737   0.775179   0.025285   0.309269   0.669155   0.748326   0.510032   0.932412   0.469785   0.772920   0.025593   0.309314   0.669016   0.747354   0.508602   0.932524   0.468320   0.771208   0.025604   0.309386   0.668802   0.746705   0.507650   0.932946   0.467347   0.770044   0.025448 737872
 11   0.127076   0.668738   0.719813   0.470082   0.925993   0.429239   0.653504   0.028127   0.306738   0.676349   0.734419   0.490142   0.925044   0.449525   0.657222   0.025634   0.307047   0.675188   0.736347   0.492852   0.925838   0.452276   0.655731   0.025127   0.307389   0.674083   0.738149   0.495416   0.927770   0.454886   0.656045   0.024442   0.307661   0.673243   0.738968   0.496583   0.928842   0.456074   0.656280   0.024045   0.308514   0.672537   0.739092   0.496749   0.928795   0.456241   0.655766   0.023837   0.317865   0.669899   0.742049   0.501061   0.928211   0.460650   0.654526   0.023123   0.341403   0.663594   0.749652   0.512251   0.927241   0.472108   0.657125   0.021741   0.371862   0.655636   0.760444   0.528419   0.926673   0.488720   0.666331   0.022051   0.400562   0.648640   0.773601   0.548644   0.927038   0.509599   0.676955   0.024515   0.420654   0.644010   0.786602   0.569182   0.927193   0.530907   0.684875   0.027365   0.425403   0.642687   0.796909   0.585868   0.926882   0.548300   0.690643   0.029418   0.412622   0.644823   0.803121   0.596101   0.926208   0.559000   0.695615   0.030073   0.385921   0.649610   0.804671   0.598679   0.925189   0.561700   0.701288   0.028978   0.352747   0.655584   0.801838   0.593989   0.924468   0.556791   0.710239   0.025387   0.324570   0.662094   0.792219   0.578266   0.924374   0.540374   0.722283   0.022682   0.311298   0.666945   0.780430   0.559221   0.924642   0.520532   0.728198   0.025044   0.309016   0.668558   0.773755   0.548637   0.925204   0.509543   0.726476   0.028398   0.308844   0.668890   0.769959   0.542739   0.925741   0.503444   0.724077   0.029528   0.308742   0.669115   0.766662   0.537664   0.925939   0.498203   0.721970   0.029911   0.308683   0.669281   0.763700   0.533140   0.925969   0.493539   0.720022   0.030149   0.308636   0.669423   0.760982   0.529018   0.925943   0.489294   0.718131   0.030464   0.308613   0.669495   0.758664   0.525523   0.926073   0.485700   0.716535   0.030440   0.308635   0.669482   0.756786   0.522712   0.926502   0.482812   0.715185   0.030112 664737
 12   0.137021   0.665485   0.641682   0.371939   0.709871   0.331508   0.519369   0.035649   0.307061   0.670200   0.661918   0.394408   0.708448   0.353386   0.525184   0.039083   0.307509   0.669615   0.663532   0.396350   0.709074   0.355302   0.523235   0.035298   0.307964   0.668933   0.665046   0.398194   0.710868   0.357127   0.523800   0.033088   0.308242   0.668488   0.665465   0.398715   0.711884   0.357644   0.524020   0.032189   0.308989   0.667806   0.665828   0.399161   0.711827   0.358086   0.523549   0.031783   0.318202   0.663707   0.670550   0.405093   0.711206   0.363989   0.523459   0.029805   0.343503   0.655484   0.678225   0.414797   0.710158   0.373656   0.529295   0.027937   0.378047   0.647006   0.685276   0.423838   0.709762   0.382685   0.541395   0.030971   0.410052   0.640721   0.692342   0.433068   0.710232   0.391934   0.553946   0.037592   0.430713   0.637537   0.698202   0.440864   0.710396   0.399773   0.564979   0.043954   0.432806   0.638146   0.701832   0.445763   0.710210   0.404712   0.573891   0.048181   0.415796   0.642407   0.702340   0.446490   0.709788   0.405454   0.580484   0.049079   0.386334   0.649165   0.699446   0.442641   0.709056   0.401583   0.584654   0.046103   0.352879   0.657073   0.693831   0.435172   0.708338   0.394073   0.586880   0.039932   0.324869   0.664607   0.686069   0.424925   0.708185   0.383785   0.588786   0.033457   0.310687   0.669399   0.678497   0.415040   0.708507   0.373879   0.587851   0.031054   0.307920   0.670613   0.674691   0.410132   0.709028   0.368973   0.583337   0.031358   0.308011   0.670369   0.673500   0.408620   0.709439   0.367466   0.578905   0.031136   0.308106   0.670129   0.672383   0.407217   0.709500   0.366069   0.575194   0.031056   0.308184   0.669930   0.671254   0.405809   0.709588   0.364671   0.571918   0.031442   0.308256   0.669741   0.670194   0.404500   0.709641   0.363372   0.568754   0.031847   0.308325   0.669517   0.669360   0.403476   0.709677   0.362358   0.565671   0.031980   0.308394   0.669243   0.668832   0.402836   0.710004   0.361725   0.562868   0.032090 347894
 13   0.136739   0.672306   0.599824   0.327077   0.651389   0.288072   0.364321   0.058653   0.297316   0.683145   0.631540   0.359926   0.647756   0.319685   0.366390   0.058767   0.297898   0.681565   0.635551   0.364399   0.648199   0.324043   0.361191   0.052915   0.298370   0.680310   0.637820   0.366950   0.649806   0.326532   0.359871   0.050165   0.298865   0.679221   0.638750   0.367980   0.650751   0.327533   0.359719   0.049052   0.303212   0.674245   0.644490   0.374437   0.650713   0.333836   0.361553   0.048092   0.331403   0.657921   0.662623   0.396063   0.650083   0.355167   0.365603   0.047476   0.394575   0.634653   0.684390   0.423376   0.649064   0.382352   0.371854   0.055904   0.472695   0.614958   0.703502   0.448820   0.648609   0.407952   0.379076   0.073944   0.542995   0.602109   0.722133   0.474631   0.648791   0.434112   0.385655   0.092116   0.587428   0.597738   0.736838   0.495713   0.648649   0.455614   0.393293   0.107273   0.589384   0.602963   0.745152   0.507955   0.648274   0.468163   0.402922   0.118011   0.549460   0.616196   0.745637   0.508791   0.647783   0.469043   0.414483   0.123138   0.483938   0.634046   0.738293   0.498173   0.647132   0.458195   0.426694   0.121145   0.410393   0.653327   0.724693   0.478735   0.646544   0.438376   0.438067   0.111199   0.347019   0.670689   0.706534   0.453428   0.646518   0.412694   0.448149   0.092821   0.309443   0.682940   0.685900   0.425680   0.646968   0.384720   0.452461   0.073693   0.298482   0.686899   0.672294   0.407947   0.647562   0.366947   0.449721   0.063308   0.298583   0.685648   0.667509   0.401961   0.648000   0.360992   0.445240   0.058850   0.298819   0.684298   0.664478   0.398223   0.648112   0.357284   0.441007   0.056705   0.298925   0.683178   0.662021   0.395225   0.648269   0.354315   0.437058   0.056165   0.298972   0.682292   0.659604   0.392313   0.648355   0.351438   0.433294   0.055859   0.298994   0.681583   0.657082   0.389315   0.648402   0.348483   0.429460   0.055399   0.298953   0.681022   0.654626   0.386424   0.648744   0.345639   0.425686   0.054855 134312
 14   0.144557   0.679188   0.517041   0.247557   0.480995   0.212493   0.295619   0.071023   0.289486   0.697126   0.545377   0.271586   0.480382   0.234828   0.294731   0.078507   0.288855   0.695559   0.547902   0.273911   0.480702   0.237020   0.289252   0.078869   0.288898   0.693839   0.549072   0.275034   0.482076   0.238086   0.285978   0.080943   0.288959   0.692422   0.549095   0.275100   0.482820   0.238156   0.283429   0.084024   0.299247   0.680899   0.557319   0.282686   0.482659   0.245307   0.284666   0.086485   0.352168   0.644865   0.580436   0.305261   0.481911   0.266804   0.290132   0.092225   0.455302   0.595552   0.606481   0.332430   0.480785   0.292975   0.295905   0.113479   0.571197   0.554636   0.628971   0.357486   0.480298   0.317394   0.301188   0.141827   0.667932   0.530321   0.648788   0.380601   0.480497   0.340109   0.306953   0.162381   0.726933   0.524965   0.663150   0.398070   0.480438   0.357405   0.314422   0.176982   0.730406   0.539879   0.670549   0.407434   0.480169   0.366744   0.323869   0.187110   0.677274   0.571185   0.669796   0.406748   0.479775   0.366107   0.334483   0.191626   0.586377   0.610699   0.660831   0.395884   0.479256   0.355357   0.344739   0.188469   0.479767   0.651564   0.645324   0.377253   0.478764   0.336947   0.352829   0.176626   0.380839   0.687167   0.625884   0.354505   0.478733   0.314576   0.357057   0.153402   0.310679   0.713112   0.602938   0.328920   0.479167   0.289631   0.355296   0.121592   0.283698   0.721653   0.585651   0.310459   0.479750   0.271770   0.347550   0.102751   0.282551   0.717723   0.578201   0.302904   0.480122   0.264529   0.338643   0.099651   0.282303   0.713888   0.573317   0.298062   0.480121   0.259906   0.330987   0.099577   0.281992   0.710782   0.569304   0.294148   0.480191   0.256181   0.324143   0.101155   0.281850   0.708267   0.565425   0.290418   0.480258   0.252639   0.318317   0.101966   0.281813   0.706240   0.561490   0.286671   0.480300   0.249087   0.313139   0.102110   0.281822   0.704406   0.557954   0.283334   0.480589   0.245929   0.308395   0.102508 116497
 15   0.123936   0.666533   0.755108   0.520401   0.938936   0.480476   0.785894   0.022121   0.308519   0.672100   0.765726   0.536220   0.938326   0.496712   0.795555   0.018491   0.308812   0.671255   0.767126   0.538337   0.939208   0.498891   0.799273   0.019324   0.309096   0.670472   0.768292   0.540116   0.941312   0.500725   0.803429   0.020318   0.309298   0.669968   0.768318   0.540150   0.942561   0.500758   0.806130   0.021240   0.309582   0.669683   0.767449   0.538807   0.942686   0.499371   0.807045   0.022127   0.314476   0.668318   0.767963   0.539605   0.942216   0.500195   0.805536   0.023565   0.329075   0.664493   0.771601   0.545255   0.941305   0.506039   0.806390   0.024616   0.349432   0.659450   0.777724   0.554858   0.940664   0.515988   0.812929   0.025498   0.368865   0.655026   0.785627   0.567432   0.941135   0.529051   0.820520   0.027746   0.382169   0.652169   0.793339   0.579893   0.941558   0.542033   0.826104   0.030008   0.384472   0.651453   0.799102   0.589337   0.941437   0.551898   0.829549   0.030934   0.374861   0.652918   0.802157   0.594391   0.940896   0.557188   0.831227   0.030568   0.356474   0.656097   0.802079   0.594276   0.939915   0.557069   0.832412   0.028820   0.334771   0.659923   0.799233   0.589583   0.939295   0.552162   0.837990   0.024518   0.317656   0.663871   0.792403   0.578401   0.939243   0.540483   0.847564   0.021570   0.310801   0.666484   0.785196   0.566704   0.939416   0.528286   0.849913   0.023426   0.310101   0.667191   0.781404   0.560641   0.939904   0.521982   0.845770   0.025568   0.310024   0.667398   0.778849   0.556596   0.940453   0.517784   0.842583   0.025876   0.309959   0.667534   0.776566   0.553003   0.940672   0.514059   0.839779   0.025606   0.309908   0.667642   0.774432   0.549662   0.940555   0.510598   0.836994   0.025360   0.309881   0.667718   0.772521   0.546683   0.940446   0.507515   0.834300   0.025438   0.309863   0.667739   0.770934   0.544220   0.940640   0.504968   0.831917   0.025534   0.309867   0.667696   0.769655   0.542244   0.941128   0.502927   0.829855   0.025550 1089903
 16   0.125619   0.667865   0.737401   0.494670   0.931803   0.454186   0.714291   0.024583   0.307582   0.674607   0.750443   0.513312   0.930976   0.473176   0.721825   0.021832   0.307871   0.673483   0.752492   0.516302   0.931805   0.476233   0.724052   0.021667   0.308162   0.672457   0.754253   0.518897   0.933858   0.478890   0.727351   0.021279   0.308397   0.671715   0.754874   0.519805   0.935017   0.479818   0.729815   0.021200   0.309063   0.671118   0.754812   0.519693   0.935053   0.479700   0.730731   0.021288   0.316863   0.668903   0.757099   0.523125   0.934589   0.483227   0.729432   0.021480   0.336863   0.663570   0.763424   0.532720   0.933666   0.493107   0.731445   0.020818   0.362859   0.656826   0.772868   0.547296   0.933031   0.508165   0.740277   0.020846   0.387114   0.650928   0.784610   0.565831   0.933414   0.527391   0.750070   0.022912   0.403263   0.647140   0.796022   0.584264   0.933638   0.546595   0.757168   0.025189   0.406118   0.646127   0.804834   0.598800   0.933381   0.561797   0.762197   0.026559   0.394556   0.647911   0.810030   0.607493   0.932775   0.570913   0.766066   0.026727   0.371864   0.651856   0.811170   0.609414   0.931755   0.572930   0.770191   0.025479   0.344320   0.656659   0.808680   0.605231   0.931072   0.568540   0.778591   0.022066   0.321379   0.661936   0.800110   0.590998   0.930994   0.553636   0.792040   0.020202   0.311309   0.665806   0.790001   0.574378   0.931190   0.536264   0.798770   0.023296   0.309959   0.666994   0.784695   0.565799   0.931700   0.527325   0.796910   0.026527   0.309821   0.667270   0.781541   0.560774   0.932248   0.522104   0.794909   0.027287   0.309692   0.667488   0.778720   0.556313   0.932473   0.517475   0.793069   0.027450   0.309592   0.667663   0.776128   0.552241   0.932460   0.513256   0.791312   0.027508   0.309522   0.667794   0.773799   0.548607   0.932418   0.509494   0.789636   0.027503   0.309477   0.667876   0.771790   0.545493   0.932584   0.506274   0.787964   0.027465   0.309475   0.667873   0.770157   0.542974   0.933051   0.503673   0.786573   0.027293 954304
 17   0.124794   0.669351   0.735899   0.493033   0.932779   0.452612   0.645482   0.026201   0.305789   0.677407   0.750034   0.513029   0.931913   0.472945   0.653375   0.025168   0.306254   0.675995   0.752226   0.516200   0.932800   0.476183   0.654471   0.025277   0.306606   0.674784   0.753977   0.518767   0.934846   0.478810   0.656542   0.024758   0.306831   0.673916   0.754523   0.519562   0.935991   0.479622   0.657993   0.024253   0.309164   0.672970   0.755018   0.520289   0.936014   0.480367   0.657654   0.023908   0.326082   0.668949   0.760041   0.527895   0.935530   0.488197   0.657225   0.022540   0.364450   0.659951   0.771396   0.545365   0.934641   0.506235   0.663778   0.020383   0.413856   0.649029   0.787843   0.571445   0.934007   0.533316   0.676854   0.021099   0.462965   0.639435   0.807944   0.604555   0.934245   0.567941   0.688007   0.025097   0.500387   0.632967   0.827169   0.637468   0.934294   0.602611   0.694940   0.029639   0.512300   0.631181   0.841989   0.663729   0.933839   0.630452   0.699875   0.033538   0.491885   0.634594   0.850749   0.679634   0.933039   0.647392   0.704191   0.036379   0.445652   0.641904   0.852801   0.683415   0.931901   0.651429   0.709827   0.036934   0.388238   0.650406   0.848933   0.676325   0.931173   0.643864   0.720747   0.033218   0.338622   0.659190   0.835727   0.652602   0.931088   0.618651   0.736375   0.028440   0.313334   0.666691   0.817111   0.619873   0.931316   0.584004   0.744695   0.030256   0.307973   0.669889   0.805146   0.599393   0.931869   0.562433   0.743431   0.034592   0.307665   0.670368   0.799234   0.589586   0.932472   0.552165   0.741196   0.035479   0.307452   0.670694   0.794260   0.581449   0.932790   0.543668   0.739543   0.035279   0.307295   0.670938   0.789813   0.574255   0.932849   0.536171   0.738249   0.034855   0.307217   0.671037   0.785990   0.568129   0.932853   0.529798   0.736987   0.034446   0.307214   0.671025   0.782786   0.563039   0.933062   0.524510   0.735663   0.034123   0.307255   0.670966   0.779999   0.558644   0.933557   0.519953   0.734619   0.033705 464364
 18   0.132031   0.665692   0.682670   0.421600   0.790723   0.380635   0.594759   0.034926   0.307423   0.670512   0.705153   0.449687   0.789463   0.408568   0.598666   0.037547   0.307909   0.669890   0.706663   0.451788   0.790130   0.410697   0.596374   0.034096   0.308338   0.669324   0.707616   0.453118   0.792012   0.412046   0.597680   0.032568   0.308627   0.668947   0.707589   0.453110   0.793094   0.412043   0.598337   0.031947   0.309187   0.668525   0.707289   0.452723   0.793061   0.411656   0.598027   0.031521   0.316680   0.665635   0.710651   0.457402   0.792463   0.416399   0.597293   0.029462   0.338216   0.659122   0.717189   0.466490   0.791414   0.425610   0.602105   0.026616   0.368905   0.651734   0.723767   0.475714   0.790997   0.434974   0.614002   0.027619   0.399181   0.645725   0.730835   0.485773   0.791481   0.445215   0.626522   0.032567   0.420849   0.642120   0.737216   0.494979   0.791642   0.454610   0.637251   0.037922   0.426206   0.641744   0.741649   0.501449   0.791417   0.461228   0.645961   0.041756   0.412619   0.644817   0.743091   0.503575   0.790939   0.463407   0.652708   0.043029   0.385093   0.650570   0.740925   0.500390   0.790131   0.460146   0.657565   0.041013   0.352401   0.657605   0.735673   0.492703   0.789376   0.452279   0.661345   0.035940   0.324577   0.664412   0.727651   0.481067   0.789233   0.440393   0.665933   0.030183   0.310754   0.668731   0.719577   0.469499   0.789577   0.428602   0.667188   0.027942   0.308264   0.669815   0.715450   0.463665   0.790140   0.422672   0.663555   0.028011   0.308346   0.669637   0.714014   0.461667   0.790593   0.420647   0.659445   0.027523   0.308438   0.669459   0.712750   0.459927   0.790684   0.418887   0.655604   0.027378   0.308550   0.669302   0.711568   0.458315   0.790781   0.417259   0.651995   0.027837   0.308657   0.669158   0.710473   0.456839   0.790838   0.415771   0.648332   0.028513   0.308734   0.668996   0.709574   0.455636   0.790891   0.414560   0.644684   0.028949   0.308822   0.668788   0.708941   0.454795   0.791248   0.413715   0.641486   0.029302 309634
 19   0.131674   0.667299   0.661869   0.396892   0.769106   0.356279   0.447886   0.046859   0.303153   0.673485   0.690710   0.431420   0.767468   0.390369   0.453997   0.047152   0.303854   0.672603   0.694539   0.436398   0.768083   0.395355   0.451537   0.040887   0.304393   0.671890   0.697253   0.439880   0.769914   0.398833   0.451361   0.037580   0.304823   0.671199   0.699116   0.442268   0.770963   0.401217   0.450804   0.036346   0.306558   0.669363   0.702709   0.446947   0.770972   0.405906   0.450363   0.035092   0.320197   0.662617   0.715022   0.463727   0.770468   0.422856   0.451423   0.029962   0.353738   0.651839   0.731585   0.486924   0.769556   0.446405   0.458092   0.025308   0.397971   0.641596   0.746292   0.508312   0.769135   0.468268   0.468756   0.027937   0.440795   0.633420   0.761422   0.531091   0.769383   0.491704   0.477992   0.034938   0.471112   0.628628   0.774939   0.552123   0.769276   0.513475   0.486236   0.042928   0.476992   0.628624   0.784550   0.567502   0.768835   0.529480   0.494879   0.050202   0.455759   0.633428   0.788580   0.574074   0.768182   0.536344   0.504451   0.055338   0.416068   0.641611   0.786120   0.570106   0.767271   0.532208   0.514890   0.056921   0.369539   0.651464   0.777369   0.556079   0.766560   0.517605   0.527174   0.053754   0.329727   0.661553   0.760794   0.530258   0.766546   0.490869   0.542206   0.045062   0.309426   0.669099   0.741359   0.500862   0.766996   0.460601   0.550120   0.039459   0.305376   0.671760   0.730364   0.484695   0.767638   0.444042   0.548627   0.038638   0.305645   0.671703   0.726623   0.479360   0.768181   0.438609   0.546216   0.036822   0.305906   0.671509   0.723901   0.475513   0.768416   0.434698   0.543956   0.035613   0.306121   0.671294   0.721600   0.472298   0.768610   0.431437   0.541918   0.035174   0.306302   0.671098   0.719496   0.469389   0.768667   0.428491   0.539864   0.035224   0.306409   0.670918   0.717722   0.466955   0.768704   0.426030   0.537737   0.035096   0.306460   0.670724   0.716359   0.465106   0.769059   0.424164   0.535613   0.034792 213032
 20   0.123354   0.666671   0.762428   0.531455   0.942901   0.491851   0.796586   0.020823   0.308649   0.672227   0.774561   0.549865   0.942209   0.510810   0.808646   0.016565   0.308912   0.671114   0.776826   0.553381   0.943082   0.514445   0.814198   0.017303   0.309215   0.670111   0.778697   0.556304   0.945245   0.517472   0.820006   0.018457   0.309460   0.669417   0.779326   0.557284   0.946490   0.518486   0.823879   0.019581   0.310381   0.668790   0.779452   0.557477   0.946660   0.518685   0.825279   0.020425   0.319643   0.666041   0.782500   0.562332   0.946264   0.523729   0.824742   0.020713   0.342236   0.659918   0.789918   0.574266   0.945343   0.536152   0.829391   0.020243   0.370681   0.652881   0.800198   0.591119   0.944599   0.553758   0.840610   0.020670   0.396366   0.647181   0.812259   0.611348   0.944919   0.574982   0.850972   0.022852   0.412786   0.643790   0.823384   0.630432   0.945199   0.595088   0.857873   0.024976   0.414438   0.643311   0.831618   0.644841   0.944938   0.610327   0.861870   0.026254   0.400405   0.645660   0.836295   0.653135   0.944301   0.619120   0.864004   0.026508   0.375427   0.649996   0.837122   0.654614   0.943208   0.620691   0.866078   0.025444   0.346311   0.654931   0.834561   0.650072   0.942519   0.615874   0.874113   0.022107   0.322703   0.660170   0.826152   0.635316   0.942413   0.600261   0.888321   0.020138   0.312709   0.663927   0.816376   0.618304   0.942534   0.582289   0.894899   0.022979   0.311431   0.665068   0.811214   0.609455   0.943028   0.572967   0.892478   0.026181   0.311253   0.665399   0.808000   0.604027   0.943632   0.567265   0.890038   0.027132   0.311091   0.665664   0.805096   0.599158   0.943904   0.562158   0.888033   0.027247   0.310926   0.665887   0.802380   0.594635   0.943811   0.557418   0.886380   0.026732   0.310790   0.666053   0.799991   0.590678   0.943754   0.553277   0.885071   0.025997   0.310710   0.666159   0.797973   0.587360   0.944007   0.549809   0.883649   0.025674   0.310674   0.666209   0.796268   0.584573   0.944560   0.546899   0.882097   0.025559 875067
 21   0.124411   0.667837   0.749316   0.512001   0.936379   0.471898   0.733714   0.022013   0.307669   0.674500   0.761810   0.530347   0.935657   0.490678   0.743459   0.019920   0.308008   0.673265   0.764067   0.533729   0.936573   0.494153   0.747826   0.020398   0.308340   0.672153   0.765999   0.536650   0.938710   0.497158   0.752819   0.020722   0.308603   0.671366   0.766686   0.537679   0.939915   0.498215   0.756611   0.021132   0.309809   0.670618   0.766910   0.538005   0.940002   0.498548   0.758542   0.021434   0.320757   0.667614   0.770411   0.543414   0.939608   0.504136   0.759001   0.021583   0.346654   0.660938   0.778690   0.556375   0.938729   0.517560   0.764667   0.020731   0.379060   0.653069   0.790496   0.575274   0.937993   0.537217   0.776765   0.020950   0.408986   0.646483   0.804763   0.598730   0.938259   0.561734   0.787844   0.023391   0.429350   0.642363   0.818176   0.621399   0.938416   0.585551   0.795264   0.025939   0.432817   0.641517   0.828317   0.638959   0.938082   0.604085   0.800053   0.027706   0.417625   0.643943   0.834205   0.649321   0.937413   0.615055   0.803361   0.028514   0.389104   0.648709   0.835569   0.651738   0.936341   0.617617   0.806833   0.027960   0.354781   0.654151   0.833089   0.647347   0.935682   0.612962   0.815769   0.024464   0.325881   0.660008   0.823750   0.631055   0.935626   0.595744   0.830451   0.021739   0.312825   0.664522   0.811998   0.610785   0.935810   0.574365   0.838186   0.024727   0.310891   0.666052   0.805465   0.599716   0.936335   0.562731   0.836935   0.028612   0.310662   0.666443   0.801707   0.593459   0.936938   0.556176   0.835077   0.029652   0.310457   0.666745   0.798386   0.587975   0.937231   0.550439   0.833790   0.029845   0.310285   0.666983   0.795347   0.582995   0.937202   0.545237   0.832964   0.029439   0.310149   0.667151   0.792680   0.578652   0.937149   0.540707   0.832168   0.028769   0.310066   0.667240   0.790454   0.575052   0.937366   0.536954   0.831057   0.028402   0.310035   0.667263   0.788591   0.572056   0.937880   0.533836   0.830021   0.028084 1078065
 22   0.122060   0.668123   0.756478   0.522789   0.939183   0.482992   0.718643   0.022905   0.305542   0.675064   0.768188   0.540236   0.938444   0.500901   0.730660   0.021708   0.305904   0.673857   0.770094   0.543130   0.939345   0.503882   0.736006   0.022431   0.306194   0.672797   0.771674   0.545547   0.941491   0.506375   0.741557   0.023111   0.306427   0.672037   0.772055   0.546118   0.942724   0.506962   0.745469   0.023955   0.310974   0.670735   0.773146   0.547789   0.942851   0.508685   0.746548   0.024835   0.334915   0.665535   0.779647   0.558015   0.942470   0.519286   0.749296   0.024805   0.384912   0.655347   0.792854   0.579286   0.941583   0.541437   0.761008   0.024399   0.447980   0.643928   0.811263   0.610032   0.940759   0.573672   0.776834   0.027033   0.508614   0.634491   0.832477   0.646906   0.940866   0.612625   0.788887   0.032370   0.550414   0.628814   0.851682   0.681608   0.940820   0.649552   0.796336   0.037126   0.555205   0.628485   0.865876   0.708108   0.940298   0.677925   0.800158   0.040314   0.519437   0.633544   0.873675   0.722962   0.939517   0.693890   0.802023   0.042373   0.459391   0.641835   0.874722   0.724922   0.938392   0.695989   0.805507   0.043124   0.394022   0.650134   0.870082   0.715929   0.937787   0.686293   0.817268   0.038808   0.341028   0.657979   0.856652   0.690599   0.937841   0.659121   0.835104   0.032652   0.315062   0.664116   0.840104   0.660074   0.938093   0.626514   0.842816   0.034103   0.309693   0.666475   0.830412   0.642697   0.938679   0.608052   0.840663   0.038015   0.309311   0.667063   0.824847   0.632951   0.939364   0.597743   0.839343   0.038117   0.309042   0.667494   0.820037   0.624625   0.939724   0.588956   0.839023   0.037115   0.308801   0.667821   0.815742   0.617270   0.939696   0.581210   0.839199   0.035548   0.308559   0.668082   0.811944   0.610821   0.939654   0.574428   0.839271   0.033999   0.308329   0.668276   0.808678   0.605322   0.939929   0.568655   0.838673   0.033176   0.308188   0.668371   0.805890   0.600659   0.940502   0.563764   0.838008   0.032500 408946
 23   0.122281   0.670143   0.743576   0.503680   0.939339   0.463398   0.651544   0.022457   0.302932   0.678966   0.753394   0.517966   0.938597   0.477999   0.661032   0.023675   0.303486   0.677532   0.754891   0.520187   0.939539   0.480277   0.663798   0.025007   0.303850   0.676383   0.755852   0.521618   0.941560   0.481746   0.666899   0.025539   0.304046   0.675635   0.755537   0.521140   0.942688   0.481254   0.668851   0.025971   0.312092   0.673492   0.757596   0.524203   0.942726   0.484397   0.668327   0.026036   0.351537   0.664898   0.767962   0.540073   0.942277   0.500769   0.672144   0.024506   0.435012   0.648468   0.789441   0.574365   0.941403   0.536426   0.687090   0.023980   0.543230   0.630188   0.820343   0.626562   0.940498   0.591283   0.702732   0.028588   0.647676   0.615234   0.854020   0.687034   0.940362   0.655576   0.710063   0.035141   0.716615   0.606817   0.882735   0.741642   0.940081   0.714266   0.709752   0.040088   0.719460   0.607657   0.902788   0.781575   0.939312   0.757559   0.703602   0.044203   0.654948   0.616984   0.913141   0.802775   0.938313   0.780666   0.696793   0.047879   0.552353   0.630896   0.914082   0.804671   0.937086   0.782725   0.696064   0.049734   0.444856   0.644637   0.906686   0.789327   0.936423   0.765962   0.709462   0.046964   0.359546   0.657021   0.886252   0.748261   0.936389   0.721367   0.735627   0.041310   0.315735   0.667647   0.858298   0.694170   0.936602   0.663045   0.749006   0.042724   0.305264   0.672691   0.839799   0.659919   0.937174   0.626427   0.746827   0.047192   0.304636   0.673595   0.830203   0.642895   0.937866   0.608373   0.746086   0.046924   0.304384   0.674110   0.822308   0.629143   0.938316   0.593838   0.746837   0.045315   0.304377   0.674285   0.815759   0.617906   0.938378   0.581996   0.748202   0.043027   0.304510   0.674158   0.810469   0.608946   0.938341   0.572575   0.749789   0.040931   0.304657   0.673902   0.806177   0.601767   0.938598   0.565046   0.751048   0.039395   0.304789   0.673619   0.802534   0.595752   0.939172   0.558751   0.751896   0.038040 183925
 24   0.125700   0.671093   0.706988   0.453688   0.915826   0.412873   0.511460   0.031341   0.301623   0.680726   0.723514   0.475892   0.914885   0.435249   0.516960   0.031689   0.302181   0.679327   0.725906   0.479239   0.915595   0.438646   0.514309   0.031124   0.302273   0.678500   0.726676   0.480287   0.917322   0.439704   0.514127   0.029975   0.302279   0.677882   0.726497   0.480061   0.918332   0.439478   0.514611   0.029711   0.306512   0.675733   0.729315   0.484086   0.918326   0.443580   0.515433   0.028937   0.334271   0.667788   0.741361   0.501687   0.917746   0.461593   0.521269   0.024268   0.398603   0.652846   0.762370   0.533310   0.916805   0.494134   0.537190   0.020563   0.485360   0.635825   0.790051   0.577023   0.916154   0.539521   0.556640   0.024588   0.576310   0.621032   0.821445   0.629570   0.916201   0.594675   0.569596   0.033447   0.650183   0.611025   0.849523   0.679334   0.915974   0.647466   0.576361   0.043211   0.674724   0.608979   0.869917   0.717203   0.915281   0.687989   0.581209   0.051613   0.636607   0.615544   0.880980   0.738350   0.914299   0.710741   0.586292   0.057675   0.554534   0.627871   0.882518   0.741252   0.913087   0.713855   0.593665   0.060503   0.454797   0.642244   0.875384   0.727327   0.912275   0.698816   0.607104   0.058156   0.365685   0.656174   0.855896   0.690492   0.912193   0.659273   0.630157   0.048703   0.315405   0.668982   0.825272   0.635220   0.912559   0.600447   0.642582   0.044659   0.302851   0.675293   0.804010   0.598357   0.913273   0.561514   0.638356   0.046686   0.303052   0.675411   0.796308   0.585606   0.914026   0.548165   0.634509   0.044977   0.303526   0.675161   0.790633   0.576341   0.914514   0.538490   0.632816   0.042842   0.304008   0.674803   0.786053   0.568947   0.914758   0.530786   0.632126   0.040869   0.304322   0.674482   0.782084   0.562595   0.914825   0.524177   0.631618   0.039434   0.304475   0.674220   0.778517   0.556948   0.915032   0.518315   0.631117   0.038789   0.304478   0.674067   0.775153   0.551704   0.915540   0.512885   0.630583   0.038489 189261
