timestamp=                2021-11-22T15:14:35.281826
shape=                    (5, 5)
sigma=                    2.5
nepochs=                  5
thresh=                   None
rate=                     0.0072
neighborhood function=    gaussian
init weights=             pca
topology=                 hexagonal
activation distance=      euclidean
output type=              labels
mapfile_prefix=           full2017_5x5_5_0072_3_10
apply classification=     False
seed=                     None
random order=             True
custom init file=         None
order labels by size=     False
decay_function=           3

Quantization Error=       0.34718759
Topographic Error=        0.13006442

############ NEURONS #############
 25 192
  0   0.127623   0.668791   0.706728   0.453141   0.894647   0.412287   0.534330   0.032697   0.304988   0.676371   0.726762   0.479896   0.893581   0.439215   0.534684   0.033654   0.305508   0.675165   0.729633   0.483930   0.894296   0.443313   0.529403   0.032131   0.305982   0.674117   0.731712   0.486871   0.896149   0.446303   0.528239   0.030892   0.306346   0.673290   0.732792   0.488411   0.897233   0.447872   0.528512   0.030455   0.307351   0.672439   0.733616   0.489609   0.897294   0.449095   0.528799   0.029970   0.317084   0.669230   0.739392   0.498093   0.896836   0.457783   0.530378   0.027282   0.341264   0.662397   0.750397   0.514338   0.896012   0.474433   0.539063   0.022477   0.372387   0.654435   0.762672   0.532755   0.895589   0.493367   0.554269   0.020883   0.402473   0.647449   0.776157   0.553533   0.895928   0.514833   0.570049   0.023443   0.424843   0.642637   0.789183   0.574167   0.896050   0.536260   0.583514   0.027197   0.431727   0.641148   0.799296   0.590591   0.895756   0.553393   0.594405   0.030558   0.419685   0.643263   0.804731   0.599567   0.895098   0.562784   0.604567   0.032291   0.391664   0.648207   0.804842   0.599744   0.894107   0.562968   0.615615   0.031359   0.355688   0.654669   0.799619   0.591070   0.893430   0.553883   0.629331   0.027830   0.324723   0.662121   0.786185   0.569201   0.893391   0.531061   0.644130   0.025466   0.310105   0.667965   0.770685   0.544445   0.893692   0.505318   0.650687   0.027866   0.307646   0.669920   0.762605   0.531855   0.894260   0.492288   0.648602   0.030898   0.307637   0.670048   0.759055   0.526450   0.894820   0.486718   0.645324   0.031687   0.307708   0.670056   0.756275   0.522263   0.895074   0.482411   0.642244   0.032126   0.307810   0.670013   0.753912   0.518743   0.895149   0.478798   0.639456   0.032813   0.307907   0.669973   0.751792   0.515606   0.895100   0.475583   0.636836   0.033484   0.307998   0.669921   0.749935   0.512870   0.895179   0.472780   0.634742   0.033627   0.308099   0.669817   0.748418   0.510651   0.895574   0.470510   0.633183   0.033687 349495
  1   0.146663   0.666370   0.554103   0.280400   0.532390   0.243261   0.376351   0.040995   0.305061   0.671966   0.576393   0.300133   0.531180   0.261718   0.380690   0.045743   0.305568   0.671458   0.577628   0.301323   0.531766   0.262847   0.380268   0.040952   0.305840   0.670913   0.578064   0.301747   0.533368   0.263250   0.380834   0.039411   0.305979   0.670542   0.577779   0.301462   0.534288   0.262978   0.381254   0.038773   0.307783   0.668592   0.578972   0.302638   0.534238   0.264099   0.382157   0.038637   0.323925   0.659788   0.586314   0.310154   0.533605   0.271310   0.384976   0.037084   0.362771   0.645060   0.595468   0.319690   0.532599   0.280487   0.392881   0.038450   0.411200   0.631442   0.602663   0.327375   0.532246   0.287916   0.405015   0.046385   0.451763   0.622573   0.609732   0.335073   0.532678   0.295384   0.417239   0.056539   0.472692   0.620063   0.614843   0.340743   0.532858   0.300903   0.428266   0.065218   0.468563   0.623994   0.617069   0.343254   0.532743   0.303354   0.437415   0.070384   0.442977   0.632810   0.615985   0.342058   0.532393   0.302192   0.444256   0.070823   0.405211   0.644346   0.611585   0.337180   0.531764   0.297444   0.448325   0.065863   0.364549   0.656667   0.604863   0.329814   0.531136   0.290291   0.449381   0.056754   0.330182   0.667778   0.597129   0.321471   0.530994   0.282211   0.448063   0.046515   0.310839   0.674789   0.590092   0.314003   0.531278   0.275000   0.444487   0.039928   0.305732   0.676547   0.586428   0.310169   0.531744   0.271307   0.439204   0.038106   0.305544   0.675982   0.585351   0.309071   0.532093   0.270254   0.433965   0.037956   0.305382   0.675500   0.584333   0.308045   0.532098   0.269273   0.429321   0.038477   0.305229   0.675101   0.583260   0.306975   0.532137   0.268251   0.425150   0.039426   0.305134   0.674746   0.582097   0.305821   0.532163   0.267150   0.421378   0.040265   0.305043   0.674433   0.580944   0.304680   0.532189   0.266061   0.417918   0.040797   0.304914   0.674158   0.580018   0.303774   0.532481   0.265199   0.414649   0.041094 313820
  2   0.158306   0.666508   0.450337   0.192543   0.334980   0.161607   0.278580   0.049722   0.304445   0.671966   0.460007   0.198959   0.334454   0.167316   0.277503   0.059611   0.304891   0.671067   0.461692   0.200163   0.334969   0.168401   0.278259   0.059424   0.305212   0.670257   0.463086   0.201202   0.336412   0.169344   0.279200   0.060516   0.305408   0.669658   0.463819   0.201758   0.337241   0.169852   0.279774   0.062118   0.307995   0.667075   0.465679   0.203178   0.337173   0.171146   0.280583   0.063343   0.327119   0.655363   0.472611   0.208587   0.336578   0.176097   0.282836   0.063747   0.370389   0.635333   0.482308   0.216307   0.335649   0.183187   0.287977   0.069025   0.423011   0.616549   0.491968   0.224197   0.335327   0.190466   0.295354   0.080460   0.468127   0.603986   0.501531   0.232164   0.335750   0.197842   0.303075   0.091346   0.493603   0.599994   0.508823   0.238357   0.335957   0.203594   0.310305   0.099807   0.492803   0.605241   0.512802   0.241813   0.335883   0.206817   0.316233   0.105268   0.468269   0.617679   0.513048   0.242063   0.335575   0.207056   0.320309   0.106393   0.428168   0.634146   0.509423   0.238946   0.334992   0.204155   0.322354   0.101669   0.381183   0.652363   0.502558   0.233070   0.334407   0.198689   0.322338   0.092260   0.338165   0.669507   0.493608   0.225543   0.334268   0.191710   0.320406   0.080755   0.311444   0.680919   0.484523   0.218069   0.334510   0.184806   0.316709   0.071483   0.303149   0.684186   0.478754   0.213409   0.334936   0.180515   0.312118   0.068135   0.302760   0.683222   0.476200   0.211391   0.335267   0.178663   0.308005   0.068068   0.302545   0.682226   0.474188   0.209823   0.335278   0.177229   0.304533   0.070008   0.302322   0.681345   0.472353   0.208413   0.335308   0.175941   0.301373   0.072594   0.302151   0.680500   0.470621   0.207093   0.335319   0.174738   0.298537   0.073201   0.301963   0.679747   0.469035   0.205891   0.335338   0.173642   0.295986   0.072789   0.301655   0.679158   0.467664   0.204863   0.335603   0.172708   0.293541   0.072991 371493
  3   0.161195   0.675072   0.367904   0.138590   0.199612   0.113619   0.202378   0.118727   0.286975   0.688015   0.353227   0.129521   0.199231   0.105630   0.194528   0.175576   0.287678   0.685479   0.355364   0.130703   0.199755   0.106651   0.196094   0.186185   0.288074   0.683699   0.356379   0.131285   0.201030   0.107158   0.197567   0.193698   0.288383   0.682318   0.356570   0.131398   0.201731   0.107256   0.198571   0.201072   0.299775   0.673042   0.361061   0.133942   0.201679   0.109464   0.200257   0.207452   0.350218   0.644026   0.373294   0.141223   0.201128   0.115837   0.202978   0.217319   0.441848   0.603042   0.388195   0.150562   0.200284   0.124079   0.205682   0.235257   0.542211   0.566750   0.402365   0.159794   0.200078   0.132282   0.208783   0.249887   0.626308   0.541798   0.415211   0.168433   0.200561   0.139998   0.212192   0.252297   0.677925   0.532396   0.425218   0.175346   0.200829   0.146202   0.215418   0.250670   0.684073   0.541361   0.431101   0.179499   0.200825   0.149943   0.218544   0.249115   0.643777   0.566643   0.432033   0.180172   0.200575   0.150552   0.221286   0.246217   0.569715   0.601862   0.427782   0.177160   0.200057   0.147838   0.222854   0.238943   0.477227   0.642126   0.418968   0.170998   0.199502   0.142298   0.222650   0.230905   0.383542   0.682229   0.405711   0.161996   0.199293   0.134243   0.220983   0.225342   0.310613   0.713658   0.388933   0.151042   0.199411   0.124505   0.218148   0.217229   0.279902   0.724969   0.375970   0.142884   0.199725   0.117299   0.214353   0.211857   0.277634   0.721327   0.369630   0.139060   0.199968   0.113944   0.210596   0.212130   0.277557   0.716764   0.365277   0.136477   0.199933   0.111685   0.207710   0.216213   0.277909   0.712539   0.361661   0.134361   0.199941   0.109839   0.205537   0.220674   0.278122   0.708980   0.358509   0.132545   0.199940   0.108258   0.203497   0.220101   0.277823   0.706301   0.355699   0.130940   0.199944   0.106863   0.201372   0.217792   0.277462   0.703980   0.353457   0.129666   0.200168   0.105757   0.199368   0.217649 162065
  4   0.151899   0.672350   0.430409   0.179628   0.275219   0.150154   0.233205   0.212310   0.277264   0.682460   0.421019   0.173109   0.277131   0.144298   0.224350   0.354913   0.276959   0.679480   0.423494   0.174833   0.277535   0.145848   0.225175   0.378540   0.276763   0.677322   0.425003   0.175925   0.278818   0.146837   0.226144   0.392517   0.276084   0.675956   0.425331   0.176202   0.279474   0.147094   0.226927   0.408002   0.290345   0.670270   0.427422   0.177672   0.279343   0.148417   0.227463   0.419423   0.353882   0.649269   0.436497   0.184116   0.278692   0.154230   0.229802   0.413115   0.465877   0.615737   0.451724   0.195328   0.277769   0.164410   0.233130   0.408996   0.583815   0.584362   0.468178   0.207970   0.277577   0.175972   0.236034   0.416169   0.678254   0.561897   0.483048   0.219819   0.278107   0.186878   0.239045   0.411134   0.735858   0.551267   0.494351   0.229108   0.278411   0.195473   0.241702   0.400391   0.745740   0.555375   0.500722   0.234457   0.278446   0.200441   0.244180   0.391008   0.706480   0.574021   0.501356   0.234996   0.278218   0.200944   0.246351   0.383921   0.627640   0.603459   0.496103   0.230561   0.277723   0.196820   0.247593   0.376928   0.521446   0.640282   0.485227   0.221565   0.277142   0.188487   0.247265   0.373456   0.406684   0.679536   0.469018   0.208608   0.276865   0.176555   0.245186   0.379549   0.309269   0.712704   0.449468   0.193618   0.276941   0.162849   0.241254   0.396647   0.265117   0.724584   0.436210   0.183813   0.277238   0.153940   0.236554   0.416201   0.261944   0.719240   0.431431   0.180457   0.277457   0.150919   0.232731   0.428268   0.261767   0.713185   0.428257   0.178273   0.277380   0.148959   0.229968   0.439288   0.261673   0.707876   0.425600   0.176462   0.277387   0.147336   0.227974   0.448718   0.261690   0.703305   0.423357   0.174944   0.277426   0.145978   0.226245   0.451016   0.261548   0.699490   0.421448   0.173658   0.277466   0.144828   0.224422   0.449795   0.261255   0.696154   0.420057   0.172724   0.277726   0.143994   0.222588   0.449681 89304
  5   0.127755   0.667612   0.714351   0.462452   0.908336   0.421498   0.679510   0.029960   0.307660   0.674517   0.725789   0.477860   0.907458   0.437024   0.682716   0.028607   0.307962   0.674104   0.725445   0.477370   0.908236   0.436526   0.680884   0.028795   0.308245   0.673614   0.725223   0.477071   0.910182   0.436225   0.680232   0.028816   0.308457   0.673306   0.724191   0.475642   0.911278   0.434777   0.678887   0.028977   0.308747   0.673158   0.722464   0.473239   0.911310   0.432342   0.676712   0.029374   0.313651   0.671893   0.722085   0.472727   0.910808   0.431826   0.673714   0.030165   0.328575   0.667949   0.724804   0.476556   0.909918   0.435716   0.673134   0.030527   0.350093   0.662446   0.730010   0.483908   0.909503   0.443187   0.678047   0.031593   0.370890   0.657459   0.736826   0.493654   0.910023   0.453115   0.685880   0.034132   0.385535   0.654018   0.743849   0.503844   0.910368   0.463524   0.693246   0.036414   0.389178   0.652821   0.749566   0.512258   0.910269   0.472141   0.698999   0.037251   0.380172   0.654135   0.752861   0.517171   0.909764   0.477184   0.703049   0.036502   0.361468   0.657518   0.753140   0.517606   0.908851   0.477633   0.706027   0.034025   0.338530   0.661986   0.750667   0.513919   0.908143   0.473849   0.709757   0.029460   0.319022   0.666555   0.744850   0.505267   0.908002   0.464972   0.715286   0.025725   0.310068   0.669379   0.738616   0.496066   0.908212   0.455544   0.716980   0.025970   0.308898   0.669975   0.735458   0.491465   0.908693   0.450841   0.714072   0.027363   0.308930   0.669907   0.733847   0.489140   0.909156   0.448469   0.711471   0.027605   0.308968   0.669797   0.732470   0.487170   0.909273   0.446463   0.709240   0.027495   0.309013   0.669695   0.731215   0.485393   0.909217   0.444655   0.707128   0.027706   0.309047   0.669627   0.729989   0.483668   0.909101   0.442904   0.704990   0.028386   0.309097   0.669521   0.728960   0.482231   0.909154   0.441445   0.703141   0.028835   0.309167   0.669352   0.728231   0.481219   0.909526   0.440421   0.701576   0.029115 432105
  6   0.141944   0.665855   0.602765   0.329093   0.623529   0.289835   0.446163   0.039407   0.306313   0.670930   0.621982   0.348051   0.622278   0.307907   0.450301   0.044306   0.306798   0.670362   0.623296   0.349461   0.622893   0.309272   0.449252   0.039404   0.307206   0.669732   0.624174   0.350420   0.624601   0.310202   0.450478   0.037324   0.307448   0.669290   0.624152   0.350389   0.625576   0.310170   0.451517   0.036387   0.308615   0.668114   0.624738   0.351020   0.625526   0.310781   0.452206   0.035876   0.320560   0.662131   0.630377   0.357427   0.624900   0.317042   0.454015   0.034254   0.351239   0.651206   0.638625   0.366914   0.623873   0.326333   0.461168   0.034068   0.390999   0.640631   0.645750   0.375266   0.623499   0.334541   0.473321   0.039110   0.425879   0.633345   0.652750   0.383631   0.623950   0.342790   0.485778   0.047139   0.446204   0.630426   0.658150   0.390195   0.624121   0.349284   0.496871   0.054521   0.445527   0.632386   0.660914   0.393610   0.623975   0.352672   0.506013   0.059199   0.425096   0.638598   0.660412   0.393034   0.623595   0.352108   0.512820   0.060082   0.392772   0.647386   0.656625   0.388436   0.622920   0.347561   0.516842   0.056520   0.357028   0.657166   0.650456   0.380987   0.622248   0.340200   0.518112   0.049343   0.326835   0.666225   0.642873   0.371931   0.622098   0.331271   0.517918   0.041523   0.310805   0.671860   0.635909   0.363720   0.622400   0.323193   0.515482   0.037420   0.307211   0.673181   0.632478   0.359722   0.622893   0.319269   0.510859   0.036648   0.307253   0.672724   0.631508   0.358613   0.623266   0.318184   0.506378   0.036376   0.307306   0.672299   0.630597   0.357580   0.623294   0.317175   0.502483   0.036646   0.307359   0.671932   0.629667   0.356532   0.623356   0.316152   0.499075   0.037311   0.307399   0.671634   0.628660   0.355404   0.623397   0.315053   0.495852   0.037940   0.307425   0.671347   0.627749   0.354390   0.623428   0.314065   0.492757   0.038336   0.307440   0.671031   0.627154   0.353736   0.623736   0.313430   0.489877   0.038635 326415
  7   0.153216   0.667118   0.499485   0.231523   0.427299   0.197407   0.321466   0.043127   0.304916   0.673271   0.517953   0.245818   0.426702   0.210474   0.323331   0.049293   0.305323   0.672519   0.519211   0.246847   0.427219   0.211423   0.323072   0.046931   0.305532   0.671850   0.520133   0.247622   0.428713   0.212141   0.323264   0.046783   0.305662   0.671325   0.520502   0.247935   0.429575   0.212432   0.323255   0.047380   0.308103   0.668617   0.522557   0.249706   0.429508   0.214082   0.324080   0.047933   0.326962   0.656920   0.530504   0.256802   0.428884   0.220729   0.326742   0.047312   0.370639   0.637066   0.540525   0.265951   0.427900   0.229332   0.333192   0.050509   0.424011   0.618328   0.549574   0.274431   0.427544   0.237343   0.342922   0.060407   0.468686   0.606010   0.558648   0.283119   0.427953   0.245583   0.352943   0.071788   0.491922   0.602670   0.565537   0.289870   0.428118   0.252011   0.362150   0.081382   0.487522   0.608566   0.569067   0.293421   0.428005   0.255409   0.369833   0.087642   0.460290   0.621190   0.568813   0.293227   0.427670   0.255233   0.375516   0.089465   0.419610   0.637434   0.564732   0.289211   0.427068   0.251406   0.378852   0.085918   0.374388   0.654670   0.557605   0.282224   0.426454   0.244752   0.379657   0.077022   0.334951   0.669991   0.548947   0.273873   0.426310   0.236822   0.378192   0.064962   0.311441   0.679576   0.540792   0.266167   0.426589   0.229531   0.374370   0.055442   0.304450   0.682064   0.535863   0.261592   0.427049   0.225216   0.369076   0.051815   0.304035   0.681229   0.533723   0.259650   0.427392   0.223392   0.364058   0.051095   0.303717   0.680447   0.531997   0.258112   0.427396   0.221952   0.359487   0.051881   0.303386   0.679822   0.530391   0.256699   0.427440   0.220632   0.355291   0.053441   0.303173   0.679243   0.528786   0.255293   0.427473   0.219318   0.351619   0.054127   0.303027   0.678691   0.527209   0.253920   0.427497   0.218037   0.348317   0.054097   0.302850   0.678180   0.525935   0.252822   0.427773   0.217015   0.345277   0.054170 383621
  8   0.163460   0.667960   0.395576   0.154986   0.235792   0.127955   0.230633   0.056188   0.301615   0.674398   0.392081   0.152329   0.235255   0.125539   0.225452   0.070867   0.302400   0.672980   0.394221   0.153628   0.235769   0.126679   0.227280   0.073429   0.302802   0.672221   0.394824   0.154004   0.237135   0.127011   0.228642   0.075654   0.303003   0.671742   0.394788   0.153990   0.237923   0.127000   0.229358   0.077765   0.307307   0.667244   0.397201   0.155513   0.237879   0.128345   0.230396   0.079884   0.333420   0.648996   0.405686   0.161047   0.237329   0.133260   0.232669   0.083996   0.387960   0.620357   0.416997   0.168641   0.236453   0.140037   0.236658   0.095238   0.450935   0.595225   0.427850   0.176139   0.236176   0.146762   0.242306   0.109487   0.504766   0.578747   0.438376   0.183601   0.236635   0.153483   0.248326   0.118750   0.536488   0.573773   0.446691   0.189625   0.236876   0.158929   0.254029   0.124641   0.536844   0.581762   0.451215   0.192958   0.236834   0.161951   0.259182   0.128203   0.507860   0.599824   0.451458   0.193134   0.236570   0.162110   0.263142   0.127923   0.459588   0.623265   0.447698   0.190337   0.236018   0.159571   0.265162   0.122069   0.402293   0.649008   0.440760   0.185247   0.235443   0.154959   0.265028   0.112934   0.348061   0.673460   0.431196   0.178387   0.235283   0.148768   0.263127   0.102833   0.312033   0.690271   0.420620   0.171010   0.235476   0.142142   0.259765   0.092732   0.299334   0.695507   0.413119   0.165921   0.235846   0.137592   0.255674   0.087228   0.298347   0.694053   0.409296   0.163411   0.236133   0.135360   0.251881   0.086128   0.298066   0.692351   0.406333   0.161489   0.236127   0.133654   0.248768   0.088468   0.297969   0.690738   0.403599   0.159727   0.236150   0.132093   0.246198   0.091506   0.297647   0.689417   0.400998   0.158072   0.236152   0.130628   0.243651   0.091290   0.297143   0.688406   0.398659   0.156600   0.236155   0.129328   0.241022   0.089916   0.296571   0.687655   0.396508   0.155262   0.236393   0.128149   0.238502   0.090099 320183
  9   0.151907   0.677017   0.444897   0.189721   0.349365   0.159223   0.246192   0.081993   0.286488   0.693224   0.455316   0.196695   0.349283   0.165444   0.238289   0.100632   0.285793   0.692101   0.457064   0.197971   0.349733   0.166599   0.234690   0.103284   0.285836   0.690400   0.458492   0.199024   0.351049   0.167555   0.232662   0.107213   0.285539   0.689008   0.458954   0.199400   0.351750   0.167902   0.230979   0.113292   0.297712   0.676911   0.468456   0.206406   0.351622   0.174258   0.233400   0.118215   0.355567   0.642052   0.492357   0.225125   0.350962   0.191417   0.239296   0.126391   0.462974   0.597839   0.517739   0.246519   0.349978   0.211272   0.243735   0.151357   0.580918   0.562251   0.538781   0.265431   0.349627   0.229019   0.247656   0.180116   0.678235   0.539167   0.556420   0.281967   0.349963   0.244652   0.252670   0.193068   0.737597   0.530951   0.569266   0.294457   0.350060   0.256537   0.258751   0.197563   0.743377   0.540480   0.576242   0.301481   0.349904   0.263261   0.265609   0.199732   0.694111   0.566045   0.576303   0.301680   0.349560   0.263475   0.272618   0.199644   0.605591   0.601434   0.569179   0.294711   0.349034   0.256837   0.278675   0.195237   0.497179   0.640871   0.556043   0.281955   0.348505   0.244701   0.282498   0.185770   0.390963   0.678547   0.538173   0.265091   0.348382   0.228737   0.283461   0.168003   0.310207   0.709757   0.513819   0.243336   0.348663   0.208340   0.280849   0.141516   0.276976   0.722988   0.493916   0.226392   0.349119   0.192584   0.273574   0.127283   0.275212   0.720452   0.485263   0.219436   0.349439   0.186181   0.265700   0.127579   0.275260   0.716542   0.479933   0.215228   0.349433   0.182319   0.260221   0.130338   0.275449   0.712867   0.475574   0.211847   0.349481   0.179226   0.255926   0.134051   0.275875   0.709587   0.471555   0.208775   0.349522   0.176422   0.252368   0.135081   0.276205   0.706828   0.467898   0.206015   0.349546   0.173908   0.248959   0.134912   0.276279   0.704427   0.464861   0.203754   0.349797   0.171853   0.245576   0.135636 180740
 10   0.125056   0.667003   0.741225   0.500007   0.931859   0.459599   0.758088   0.026444   0.308211   0.673201   0.750927   0.513979   0.931089   0.473849   0.764458   0.022980   0.308478   0.672640   0.751317   0.514531   0.931888   0.474411   0.765437   0.023720   0.308710   0.672069   0.751643   0.515005   0.933877   0.474895   0.766866   0.024469   0.308877   0.671749   0.750930   0.513945   0.935084   0.473808   0.766959   0.025355   0.309091   0.671665   0.749246   0.511457   0.935197   0.471258   0.765559   0.026541   0.313166   0.670758   0.748392   0.510203   0.934740   0.469975   0.762535   0.028759   0.325966   0.667712   0.749977   0.512568   0.933886   0.472403   0.760956   0.030868   0.344770   0.663314   0.753959   0.518518   0.933385   0.478512   0.764024   0.032800   0.363211   0.659231   0.759741   0.527238   0.933958   0.487481   0.769487   0.035565   0.376450   0.656412   0.765637   0.536233   0.934434   0.496754   0.774188   0.037686   0.379834   0.655478   0.770240   0.543333   0.934366   0.504088   0.777365   0.038381   0.371697   0.656579   0.772719   0.547187   0.933843   0.508074   0.779056   0.037234   0.354819   0.659364   0.772557   0.546942   0.932879   0.507822   0.779610   0.034207   0.334284   0.663002   0.770032   0.543025   0.932175   0.503772   0.781948   0.028957   0.317282   0.666622   0.764636   0.534690   0.932038   0.495160   0.787642   0.024199   0.309989   0.668809   0.758964   0.525985   0.932202   0.486176   0.789397   0.024000   0.309253   0.669290   0.755885   0.521309   0.932658   0.481361   0.786260   0.025402   0.309252   0.669316   0.753962   0.518414   0.933123   0.478384   0.783639   0.025461   0.309250   0.669286   0.752282   0.515897   0.933254   0.475799   0.781280   0.025093   0.309275   0.669228   0.750787   0.513670   0.933126   0.473513   0.778872   0.025057   0.309314   0.669157   0.749478   0.511728   0.932984   0.471522   0.776531   0.025418   0.309365   0.669019   0.748488   0.510265   0.933100   0.470023   0.774699   0.025413   0.309437   0.668808   0.747825   0.509292   0.933524   0.469026   0.773388   0.025229 763810
 11   0.127068   0.668647   0.720021   0.470339   0.927241   0.429494   0.659136   0.027882   0.306775   0.676183   0.734432   0.490151   0.926278   0.449532   0.662821   0.025261   0.307075   0.675048   0.736323   0.492808   0.927070   0.452230   0.661508   0.024841   0.307411   0.673961   0.738085   0.495314   0.928999   0.454780   0.661951   0.024198   0.307687   0.673134   0.738877   0.496438   0.930070   0.455923   0.662304   0.023852   0.308540   0.672441   0.738983   0.496574   0.930019   0.456059   0.661896   0.023654   0.317794   0.669855   0.741821   0.500704   0.929428   0.460280   0.660594   0.023083   0.340993   0.663661   0.749228   0.511592   0.928455   0.471428   0.662952   0.021896   0.371013   0.655816   0.759847   0.527488   0.927879   0.487756   0.671856   0.022242   0.399078   0.648934   0.772840   0.547439   0.928249   0.508348   0.682183   0.024685   0.418485   0.644412   0.785651   0.567641   0.928413   0.529301   0.689936   0.027470   0.423090   0.643083   0.795807   0.584047   0.928107   0.546394   0.695623   0.029371   0.410604   0.645129   0.801958   0.594156   0.927437   0.556960   0.700457   0.029845   0.384471   0.649820   0.803530   0.596768   0.926414   0.559695   0.705878   0.028619   0.352024   0.655680   0.800858   0.592355   0.925694   0.555079   0.714621   0.025002   0.324339   0.662078   0.791505   0.577092   0.925603   0.539148   0.726622   0.022410   0.311270   0.666836   0.780011   0.558547   0.925863   0.519830   0.732494   0.024820   0.309054   0.668400   0.773547   0.548306   0.926419   0.509199   0.730684   0.028162   0.308890   0.668727   0.769846   0.542556   0.926955   0.503252   0.728217   0.029398   0.308784   0.668966   0.766584   0.537533   0.927153   0.498066   0.726052   0.029838   0.308725   0.669131   0.763668   0.533079   0.927174   0.493474   0.724217   0.030064   0.308681   0.669250   0.761060   0.529123   0.927142   0.489401   0.722441   0.030335   0.308659   0.669315   0.758825   0.525754   0.927276   0.485935   0.720824   0.030286   0.308685   0.669297   0.757012   0.523037   0.927708   0.483144   0.719502   0.029913 685130
 12   0.136973   0.665473   0.641715   0.371970   0.709579   0.331537   0.519193   0.035757   0.307009   0.670188   0.661799   0.394257   0.708262   0.353234   0.525243   0.039213   0.307464   0.669612   0.663330   0.396094   0.708893   0.355048   0.523395   0.035438   0.307929   0.668930   0.664862   0.397957   0.710686   0.356890   0.523997   0.033221   0.308212   0.668485   0.665321   0.398529   0.711701   0.357459   0.524129   0.032357   0.308961   0.667803   0.665677   0.398972   0.711651   0.357898   0.523540   0.032020   0.318124   0.663742   0.670331   0.404816   0.711037   0.363713   0.523437   0.030110   0.343354   0.655573   0.677950   0.414448   0.709993   0.373307   0.529125   0.028357   0.377775   0.647121   0.684923   0.423388   0.709599   0.382236   0.541040   0.031308   0.409672   0.640826   0.691961   0.432575   0.710070   0.391441   0.553575   0.037749   0.430270   0.637646   0.697863   0.440415   0.710236   0.399322   0.564603   0.044043   0.432398   0.638248   0.701541   0.445374   0.710053   0.404321   0.573462   0.048207   0.415409   0.642478   0.702103   0.446176   0.709632   0.405138   0.580003   0.049012   0.386071   0.649206   0.699233   0.442361   0.708898   0.401303   0.584172   0.046087   0.352869   0.657068   0.693670   0.434967   0.708178   0.393869   0.586375   0.039990   0.324899   0.664584   0.685923   0.424745   0.708025   0.383606   0.588330   0.033566   0.310678   0.669372   0.678347   0.414854   0.708347   0.373695   0.587486   0.031201   0.307886   0.670584   0.674559   0.409965   0.708869   0.368806   0.583077   0.031455   0.307973   0.670340   0.673356   0.408437   0.709278   0.367283   0.578758   0.031275   0.308070   0.670092   0.672250   0.407046   0.709340   0.365899   0.575077   0.031118   0.308172   0.669867   0.671159   0.405685   0.709428   0.364546   0.571889   0.031374   0.308253   0.669668   0.670106   0.404381   0.709480   0.363252   0.568838   0.031780   0.308311   0.669462   0.669235   0.403310   0.709515   0.362191   0.565816   0.031935   0.308366   0.669209   0.668712   0.402676   0.709839   0.361565   0.562973   0.032077 348648
 13   0.136841   0.672150   0.599910   0.327164   0.651696   0.288155   0.365871   0.058193   0.297516   0.682865   0.631741   0.360131   0.648072   0.319881   0.367976   0.058411   0.298157   0.681246   0.635761   0.364603   0.648516   0.324236   0.362951   0.052614   0.298652   0.679978   0.638073   0.367195   0.650123   0.326764   0.361654   0.049806   0.299086   0.678981   0.638919   0.368129   0.651067   0.327671   0.361489   0.048652   0.303359   0.674134   0.644529   0.374445   0.651030   0.333837   0.363218   0.047633   0.331383   0.658008   0.662529   0.395918   0.650405   0.355017   0.367025   0.046931   0.394298   0.634843   0.684225   0.423129   0.649386   0.382098   0.373101   0.055304   0.472258   0.615106   0.703287   0.448495   0.648928   0.407617   0.380247   0.073246   0.542249   0.602394   0.721862   0.474220   0.649109   0.433688   0.386746   0.091517   0.586024   0.598275   0.736490   0.495181   0.648967   0.455065   0.394277   0.106705   0.587967   0.603517   0.744812   0.507441   0.648590   0.467634   0.403838   0.117366   0.548325   0.616709   0.745420   0.508487   0.648095   0.468735   0.415281   0.122513   0.483003   0.634410   0.738253   0.498144   0.647438   0.458171   0.427311   0.120454   0.409976   0.653389   0.724818   0.478928   0.646845   0.438576   0.438586   0.110514   0.346943   0.670530   0.706774   0.453756   0.646816   0.413026   0.448632   0.092370   0.309458   0.682696   0.686192   0.426044   0.647266   0.385082   0.452916   0.073427   0.298514   0.686700   0.672534   0.408230   0.647862   0.367224   0.450119   0.062984   0.298599   0.685530   0.667705   0.402189   0.648300   0.361216   0.445645   0.058553   0.298800   0.684232   0.664661   0.398432   0.648414   0.357487   0.441516   0.056404   0.298971   0.683058   0.662310   0.395566   0.648573   0.354650   0.437604   0.055690   0.299125   0.682091   0.660038   0.392827   0.648663   0.351944   0.433865   0.055370   0.299187   0.681383   0.657532   0.389835   0.648711   0.348993   0.430210   0.054937   0.299150   0.680826   0.655087   0.386946   0.649053   0.346149   0.426634   0.054398 135509
 14   0.144613   0.679326   0.516380   0.247028   0.481067   0.212004   0.295133   0.071451   0.289325   0.697417   0.544997   0.271245   0.480339   0.234508   0.294299   0.078923   0.288575   0.695852   0.547564   0.273600   0.480654   0.236727   0.288724   0.079749   0.288649   0.694057   0.548841   0.274825   0.482023   0.237889   0.285403   0.082045   0.288790   0.692581   0.548930   0.274949   0.482765   0.238014   0.282853   0.085012   0.299108   0.681029   0.557083   0.282464   0.482606   0.245097   0.284153   0.087295   0.352070   0.644832   0.580245   0.305085   0.481856   0.266638   0.289606   0.093245   0.455231   0.595316   0.606426   0.332397   0.480733   0.292948   0.295294   0.114830   0.571099   0.554302   0.629045   0.357606   0.480249   0.317518   0.300431   0.143284   0.667597   0.529847   0.648983   0.380875   0.480446   0.340386   0.305980   0.163871   0.726478   0.524287   0.663482   0.398514   0.480386   0.357852   0.313199   0.178361   0.729865   0.539163   0.671069   0.408107   0.480115   0.367417   0.322395   0.188414   0.676989   0.570442   0.670499   0.407645   0.479718   0.367003   0.332886   0.193105   0.586878   0.609878   0.661689   0.396951   0.479193   0.356418   0.343190   0.190262   0.480619   0.651026   0.646244   0.378347   0.478697   0.338027   0.351388   0.178765   0.381394   0.687104   0.626740   0.355476   0.478662   0.315527   0.355750   0.155896   0.310714   0.713347   0.603726   0.329775   0.479094   0.290460   0.354195   0.124301   0.283437   0.722021   0.586367   0.311212   0.479679   0.272497   0.346600   0.105330   0.282192   0.718160   0.578743   0.303467   0.480054   0.265070   0.337741   0.101945   0.282000   0.714274   0.573693   0.298440   0.480058   0.260268   0.330198   0.101735   0.281736   0.711067   0.569617   0.294447   0.480129   0.256465   0.323415   0.103205   0.281512   0.708570   0.565667   0.290638   0.480196   0.252846   0.317574   0.103781   0.281479   0.706500   0.561693   0.286851   0.480240   0.249255   0.312460   0.103731   0.281519   0.704594   0.558185   0.283540   0.480531   0.246122   0.307785   0.104084 115649
 15   0.123940   0.666552   0.755222   0.520570   0.939140   0.480650   0.785639   0.021852   0.308507   0.672118   0.766026   0.536674   0.938522   0.497179   0.795516   0.018180   0.308806   0.671244   0.767522   0.538939   0.939403   0.499510   0.799397   0.019009   0.309099   0.670442   0.768756   0.540823   0.941519   0.501453   0.803684   0.020000   0.309309   0.669916   0.768850   0.540960   0.942770   0.501593   0.806501   0.020887   0.309615   0.669603   0.768065   0.539744   0.942895   0.500336   0.807621   0.021772   0.314731   0.668140   0.768796   0.540878   0.942430   0.501508   0.806313   0.023101   0.329714   0.664166   0.772751   0.547032   0.941517   0.507876   0.807331   0.024001   0.350536   0.658967   0.779227   0.557215   0.940860   0.518430   0.814112   0.024818   0.370325   0.654431   0.787502   0.570427   0.941313   0.532165   0.821947   0.027054   0.383731   0.651532   0.795531   0.583455   0.941726   0.545748   0.827693   0.029340   0.385976   0.650819   0.801514   0.593309   0.941596   0.556052   0.831231   0.030273   0.376062   0.652336   0.804732   0.598664   0.941048   0.561661   0.833036   0.029779   0.357343   0.655575   0.804801   0.598792   0.940057   0.561798   0.834454   0.028000   0.335355   0.659465   0.802035   0.594209   0.939436   0.557001   0.840457   0.023937   0.317939   0.663530   0.795023   0.582670   0.939390   0.544938   0.850614   0.021342   0.310933   0.666248   0.787544   0.570467   0.939567   0.532200   0.853264   0.023468   0.310212   0.666990   0.783631   0.564179   0.940059   0.525657   0.849080   0.025722   0.310125   0.667207   0.781012   0.560014   0.940616   0.521330   0.845891   0.026056   0.310053   0.667350   0.778684   0.556333   0.940842   0.517511   0.843172   0.025781   0.309990   0.667466   0.776504   0.552904   0.940725   0.513956   0.840492   0.025486   0.309949   0.667553   0.774558   0.549856   0.940618   0.510799   0.837816   0.025545   0.309930   0.667582   0.772941   0.547337   0.940816   0.508192   0.835462   0.025644   0.309929   0.667553   0.771603   0.545262   0.941308   0.506047   0.833518   0.025584 1137514
 16   0.125571   0.667867   0.738177   0.495779   0.932275   0.455315   0.716129   0.024366   0.307617   0.674606   0.751222   0.514459   0.931458   0.474349   0.723804   0.021546   0.307915   0.673469   0.753286   0.517479   0.932292   0.477439   0.726135   0.021294   0.308215   0.672440   0.755047   0.520078   0.934359   0.480102   0.729539   0.020936   0.308453   0.671708   0.755636   0.520940   0.935525   0.480983   0.732072   0.020900   0.309112   0.671110   0.755561   0.520811   0.935569   0.480847   0.733111   0.020979   0.316922   0.668866   0.757866   0.524274   0.935113   0.484407   0.731948   0.021091   0.336973   0.663471   0.764253   0.533981   0.934187   0.494406   0.734120   0.020355   0.363039   0.656658   0.773816   0.548769   0.933542   0.509687   0.743144   0.020312   0.387430   0.650724   0.785677   0.567530   0.933917   0.529157   0.753098   0.022368   0.403763   0.646941   0.797148   0.586104   0.934141   0.548516   0.760337   0.024685   0.406558   0.645980   0.805979   0.600707   0.933887   0.563796   0.765395   0.026081   0.394803   0.647808   0.811207   0.609474   0.933285   0.572993   0.769205   0.026340   0.371980   0.651777   0.812361   0.611424   0.932262   0.575042   0.773249   0.025179   0.344355   0.656594   0.809874   0.607236   0.931584   0.570645   0.781718   0.021887   0.321431   0.661866   0.801302   0.592967   0.931511   0.555696   0.795368   0.020092   0.311395   0.665723   0.791194   0.576307   0.931703   0.538274   0.802178   0.023164   0.310063   0.666905   0.785899   0.567722   0.932214   0.529324   0.800235   0.026439   0.309928   0.667183   0.782764   0.562713   0.932765   0.524117   0.798079   0.027277   0.309805   0.667400   0.779950   0.558249   0.932995   0.519483   0.796231   0.027511   0.309706   0.667577   0.777342   0.554143   0.932982   0.515225   0.794596   0.027518   0.309628   0.667715   0.774992   0.550464   0.932938   0.511415   0.792991   0.027451   0.309585   0.667797   0.772967   0.547313   0.933106   0.508155   0.791381   0.027464   0.309581   0.667806   0.771301   0.544736   0.933576   0.505492   0.790023   0.027340 984197
 17   0.124814   0.669374   0.735028   0.491810   0.932213   0.451371   0.642741   0.026248   0.305697   0.677453   0.749367   0.512056   0.931334   0.471951   0.650497   0.025181   0.306144   0.676044   0.751572   0.515245   0.932218   0.475206   0.651434   0.025336   0.306489   0.674833   0.753294   0.517767   0.934262   0.477787   0.653479   0.024794   0.306707   0.673971   0.753829   0.518549   0.935398   0.478586   0.654853   0.024303   0.309062   0.673023   0.754342   0.519302   0.935417   0.479357   0.654425   0.023983   0.326160   0.668971   0.759396   0.526943   0.934931   0.487221   0.653959   0.022539   0.364639   0.659928   0.770765   0.544412   0.934039   0.505255   0.660471   0.020293   0.414028   0.648972   0.787209   0.570450   0.933411   0.532285   0.673485   0.020955   0.463411   0.639327   0.807322   0.603532   0.933644   0.566872   0.684546   0.024917   0.501581   0.632743   0.826640   0.636568   0.933685   0.601663   0.691358   0.029489   0.513984   0.630912   0.841543   0.662951   0.933229   0.629629   0.696188   0.033504   0.493426   0.634406   0.850309   0.678847   0.932430   0.646556   0.700484   0.036504   0.446773   0.641802   0.852372   0.682637   0.931298   0.650600   0.706154   0.037144   0.389056   0.650382   0.848497   0.675547   0.930568   0.643039   0.716938   0.033396   0.339112   0.659211   0.835332   0.651924   0.930482   0.617935   0.732518   0.028501   0.313362   0.666778   0.816660   0.619124   0.930713   0.583220   0.740905   0.030207   0.307851   0.670019   0.804573   0.598452   0.931270   0.561450   0.739691   0.034538   0.307549   0.670488   0.798646   0.588635   0.931873   0.551174   0.737566   0.035423   0.307362   0.670783   0.793702   0.580552   0.932189   0.542733   0.735971   0.035226   0.307239   0.670974   0.789321   0.573471   0.932252   0.535356   0.734648   0.034839   0.307179   0.671069   0.785490   0.567341   0.932255   0.528981   0.733269   0.034480   0.307184   0.671056   0.782288   0.562254   0.932455   0.523697   0.731806   0.034126   0.307230   0.670980   0.779526   0.557900   0.932942   0.519182   0.730720   0.033709 462894
 18   0.131971   0.665726   0.682785   0.421724   0.791175   0.380756   0.595296   0.034838   0.307385   0.670579   0.705160   0.449690   0.789937   0.408570   0.599348   0.037637   0.307886   0.669966   0.706579   0.451671   0.790615   0.410579   0.597184   0.034221   0.308337   0.669402   0.707498   0.452954   0.792500   0.411880   0.598555   0.032710   0.308632   0.668999   0.707540   0.453039   0.793579   0.411971   0.599153   0.032111   0.309177   0.668572   0.707247   0.452666   0.793543   0.411599   0.598760   0.031569   0.316611   0.665703   0.710526   0.457233   0.792938   0.416229   0.597978   0.029563   0.338121   0.659193   0.716988   0.466217   0.791883   0.425335   0.602802   0.026734   0.368838   0.651757   0.723602   0.475482   0.791463   0.434738   0.614736   0.027708   0.399058   0.645720   0.730689   0.485558   0.791948   0.444994   0.627233   0.032610   0.420583   0.642150   0.736982   0.494634   0.792110   0.454257   0.638013   0.037882   0.426030   0.641773   0.741357   0.501014   0.791886   0.460782   0.646893   0.041695   0.412619   0.644841   0.742782   0.503108   0.791407   0.462926   0.653738   0.042981   0.385026   0.650625   0.740592   0.499890   0.790603   0.459632   0.658525   0.041117   0.352318   0.657683   0.735355   0.492230   0.789849   0.451794   0.662116   0.036163   0.324569   0.664500   0.727397   0.480695   0.789707   0.440011   0.666576   0.030417   0.310752   0.668798   0.719427   0.469281   0.790051   0.428380   0.667816   0.028133   0.308255   0.669850   0.715411   0.463602   0.790610   0.422607   0.664239   0.028035   0.308340   0.669659   0.714004   0.461646   0.791060   0.420624   0.660220   0.027497   0.308433   0.669474   0.712737   0.459905   0.791149   0.418863   0.656446   0.027403   0.308535   0.669312   0.711577   0.458325   0.791246   0.417268   0.652829   0.027798   0.308636   0.669167   0.710499   0.456873   0.791301   0.415805   0.649159   0.028464   0.308715   0.668999   0.709627   0.455705   0.791349   0.414629   0.645506   0.028950   0.308798   0.668786   0.709006   0.454882   0.791703   0.413803   0.642268   0.029242 309651
 19   0.131689   0.667240   0.662617   0.397797   0.769224   0.357176   0.448477   0.046762   0.303195   0.673350   0.691311   0.432221   0.767629   0.391176   0.454154   0.047351   0.303916   0.672438   0.695247   0.437328   0.768241   0.396288   0.451734   0.041132   0.304458   0.671734   0.697974   0.440822   0.770072   0.399777   0.451665   0.037800   0.304884   0.671063   0.699830   0.443214   0.771117   0.402169   0.451304   0.036520   0.306618   0.669263   0.703353   0.447807   0.771128   0.406771   0.451083   0.035083   0.320093   0.662612   0.715506   0.464384   0.770631   0.423519   0.452117   0.029963   0.353149   0.651934   0.731982   0.487469   0.769721   0.446955   0.458677   0.025230   0.396485   0.641835   0.746571   0.508688   0.769303   0.468647   0.469332   0.027521   0.438122   0.633861   0.761440   0.531072   0.769560   0.491674   0.478610   0.034343   0.467354   0.629223   0.774633   0.551581   0.769464   0.512901   0.486940   0.042170   0.473254   0.629203   0.783984   0.566530   0.769033   0.528454   0.495656   0.049320   0.453051   0.633865   0.787891   0.572902   0.768381   0.535109   0.505276   0.054457   0.414077   0.641940   0.785380   0.568865   0.767462   0.530904   0.515752   0.056007   0.368274   0.651660   0.776666   0.554919   0.766749   0.516391   0.528007   0.052799   0.329325   0.661601   0.760188   0.529292   0.766732   0.489864   0.542990   0.044255   0.309386   0.669064   0.740980   0.500282   0.767176   0.460001   0.550808   0.038903   0.305383   0.671683   0.730223   0.484483   0.767811   0.443823   0.549069   0.038341   0.305621   0.671636   0.726536   0.479228   0.768351   0.438473   0.546452   0.036646   0.305870   0.671449   0.723822   0.475396   0.768586   0.434578   0.544157   0.035394   0.306107   0.671212   0.721582   0.472268   0.768776   0.431406   0.542092   0.035077   0.306314   0.670996   0.719565   0.469477   0.768827   0.428579   0.540132   0.035151   0.306435   0.670819   0.717765   0.467003   0.768864   0.426077   0.538305   0.034965   0.306514   0.670618   0.716383   0.465125   0.769220   0.424181   0.536419   0.034839 215808
 20   0.123343   0.666662   0.762424   0.531457   0.942902   0.491854   0.795894   0.020758   0.308636   0.672208   0.774629   0.549979   0.942201   0.510928   0.808085   0.016510   0.308896   0.671094   0.776930   0.553549   0.943072   0.514620   0.813673   0.017258   0.309204   0.670089   0.778828   0.556517   0.945233   0.517693   0.819557   0.018449   0.309452   0.669395   0.779477   0.557530   0.946477   0.518741   0.823492   0.019564   0.310404   0.668759   0.779645   0.557788   0.946647   0.519008   0.824875   0.020373   0.319964   0.665937   0.782833   0.562867   0.946255   0.524286   0.824340   0.020681   0.343188   0.659694   0.790458   0.575143   0.945332   0.537066   0.829260   0.020169   0.372296   0.652558   0.800986   0.592424   0.944586   0.555123   0.840792   0.020567   0.398646   0.646778   0.813331   0.613169   0.944904   0.576896   0.851302   0.022765   0.415559   0.643353   0.824685   0.632694   0.945176   0.597477   0.858326   0.024914   0.417238   0.642884   0.833068   0.647408   0.944904   0.613046   0.862432   0.026204   0.402861   0.645264   0.837844   0.655902   0.944259   0.622058   0.864563   0.026431   0.377275   0.649660   0.838729   0.657491   0.943157   0.623746   0.866619   0.025434   0.347454   0.654656   0.836185   0.652961   0.942462   0.618939   0.874679   0.022205   0.323185   0.659966   0.827680   0.637986   0.942353   0.603085   0.889012   0.020249   0.312826   0.663806   0.817689   0.620550   0.942476   0.584654   0.895769   0.023141   0.311500   0.664992   0.812388   0.611437   0.942970   0.575049   0.893361   0.026435   0.311315   0.665333   0.809130   0.605921   0.943576   0.569252   0.890912   0.027387   0.311140   0.665610   0.806171   0.600948   0.943851   0.564033   0.889011   0.027474   0.310969   0.665840   0.803413   0.596344   0.943762   0.559207   0.887440   0.026941   0.310822   0.666011   0.801003   0.592345   0.943707   0.555020   0.886067   0.026225   0.310728   0.666123   0.798968   0.588991   0.943961   0.551512   0.884609   0.025899   0.310693   0.666172   0.797244   0.586164   0.944517   0.548559   0.883166   0.025740 841004
 21   0.124359   0.667931   0.749891   0.512883   0.936378   0.472809   0.730548   0.022042   0.307644   0.674678   0.762406   0.531269   0.935673   0.491631   0.740271   0.020040   0.307985   0.673425   0.764642   0.534624   0.936602   0.495078   0.744783   0.020532   0.308310   0.672296   0.766570   0.537541   0.938740   0.498080   0.749926   0.020803   0.308577   0.671491   0.767272   0.538593   0.939953   0.499161   0.753731   0.021229   0.309954   0.670714   0.767549   0.538999   0.940047   0.499576   0.755581   0.021662   0.321643   0.667568   0.771248   0.544725   0.939655   0.505495   0.756293   0.021826   0.348782   0.660628   0.779909   0.558320   0.938788   0.519582   0.762545   0.020943   0.382750   0.652479   0.792227   0.578106   0.938050   0.540174   0.775098   0.021309   0.414628   0.645612   0.807073   0.602625   0.938300   0.565825   0.786443   0.023964   0.436592   0.641270   0.821030   0.626342   0.938438   0.590769   0.794096   0.026586   0.440574   0.640382   0.831609   0.644781   0.938083   0.610254   0.799056   0.028459   0.424327   0.642982   0.837766   0.655695   0.937401   0.621823   0.802384   0.029420   0.393715   0.648029   0.839179   0.658217   0.936325   0.624500   0.805870   0.028924   0.357433   0.653710   0.836614   0.653637   0.935669   0.619639   0.814967   0.025380   0.326962   0.659761   0.827002   0.636746   0.935617   0.601762   0.829736   0.022376   0.313055   0.664466   0.814748   0.615475   0.935804   0.579301   0.837569   0.025325   0.310929   0.666104   0.807821   0.603671   0.936331   0.566881   0.836475   0.029391   0.310674   0.666529   0.803856   0.597038   0.936937   0.559925   0.834646   0.030452   0.310468   0.666840   0.800396   0.591300   0.937239   0.553918   0.833398   0.030506   0.310290   0.667076   0.797256   0.586132   0.937214   0.548515   0.832680   0.029866   0.310142   0.667245   0.794516   0.581652   0.937160   0.543838   0.832077   0.029085   0.310041   0.667348   0.792217   0.577919   0.937380   0.539945   0.831090   0.028685   0.309979   0.667392   0.790249   0.574743   0.937896   0.536637   0.829994   0.028391 1028134
 22   0.121760   0.668202   0.756014   0.522111   0.939567   0.482299   0.714450   0.022861   0.304983   0.675221   0.767652   0.539438   0.938818   0.500083   0.726676   0.021951   0.305354   0.674018   0.769493   0.542236   0.939693   0.502964   0.732024   0.022673   0.305642   0.672971   0.770991   0.544527   0.941806   0.505327   0.737500   0.023342   0.305875   0.672222   0.771293   0.544976   0.943024   0.505788   0.741262   0.024277   0.311112   0.670794   0.772557   0.546907   0.943149   0.507780   0.742132   0.025192   0.337632   0.665172   0.779604   0.557971   0.942777   0.519246   0.745233   0.025069   0.392909   0.654303   0.793731   0.580753   0.941901   0.542974   0.757837   0.024738   0.462845   0.642186   0.813417   0.613772   0.941063   0.577621   0.774232   0.027765   0.530241   0.632118   0.835994   0.653295   0.941140   0.619430   0.786430   0.033433   0.576814   0.626024   0.856418   0.690556   0.941064   0.659154   0.793444   0.038397   0.581748   0.625798   0.871496   0.719032   0.940518   0.689711   0.796207   0.041845   0.541105   0.631471   0.879695   0.734843   0.939717   0.706745   0.797033   0.044075   0.473836   0.640540   0.880692   0.736720   0.938582   0.708758   0.800095   0.044976   0.401602   0.649494   0.875529   0.726581   0.937992   0.697798   0.812405   0.040776   0.343716   0.657823   0.861031   0.698917   0.938062   0.668056   0.831359   0.034528   0.315345   0.664263   0.843437   0.666155   0.938320   0.632996   0.839433   0.035935   0.309269   0.666750   0.833154   0.647593   0.938911   0.613249   0.837196   0.039736   0.308854   0.667367   0.827218   0.637139   0.939608   0.602180   0.836159   0.039544   0.308583   0.667808   0.822134   0.628301   0.939983   0.592845   0.836100   0.038292   0.308347   0.668140   0.817616   0.620531   0.939959   0.584654   0.836384   0.036584   0.308106   0.668413   0.813599   0.613681   0.939923   0.577445   0.836527   0.034953   0.307867   0.668625   0.810130   0.607820   0.940213   0.571287   0.835934   0.033980   0.307728   0.668723   0.807178   0.602873   0.940792   0.566098   0.835246   0.033165 364649
 23   0.122802   0.670484   0.739267   0.497532   0.938237   0.457137   0.632504   0.023252   0.302912   0.679597   0.749369   0.512057   0.937490   0.471951   0.641548   0.024401   0.303491   0.678113   0.750929   0.514342   0.938435   0.474288   0.643510   0.025633   0.303843   0.676978   0.751808   0.515634   0.940441   0.475612   0.645903   0.025889   0.303972   0.676272   0.751339   0.514935   0.941557   0.474895   0.647428   0.026130   0.311566   0.674193   0.753334   0.517878   0.941560   0.477910   0.646784   0.026111   0.350070   0.665611   0.763901   0.533924   0.941059   0.494439   0.650233   0.024234   0.433192   0.648889   0.785885   0.568752   0.940153   0.530602   0.664774   0.023241   0.542049   0.630069   0.817739   0.622196   0.939265   0.586701   0.680214   0.027788   0.648614   0.614491   0.852562   0.684410   0.939139   0.652785   0.687224   0.034691   0.721135   0.605460   0.882138   0.740506   0.938835   0.713046   0.687041   0.040289   0.726892   0.605977   0.902712   0.781436   0.938036   0.757412   0.681252   0.044998   0.664145   0.615243   0.913413   0.803360   0.936999   0.781309   0.674697   0.049013   0.561657   0.629335   0.914635   0.805851   0.935744   0.784022   0.673848   0.051001   0.451819   0.643550   0.907466   0.790966   0.935020   0.767758   0.686604   0.048354   0.362708   0.656574   0.886827   0.749474   0.934948   0.722696   0.712924   0.042287   0.315897   0.668138   0.857192   0.692252   0.935174   0.661021   0.726633   0.043183   0.304568   0.673801   0.837038   0.655047   0.935757   0.621265   0.724129   0.047655   0.303971   0.674721   0.827022   0.637375   0.936449   0.602543   0.722852   0.047459   0.303772   0.675195   0.818937   0.623389   0.936904   0.587781   0.722810   0.045953   0.303867   0.675275   0.812330   0.612137   0.937002   0.575938   0.724036   0.043637   0.304094   0.675060   0.806962   0.603110   0.936992   0.566460   0.725913   0.041576   0.304310   0.674736   0.802501   0.595699   0.937247   0.558697   0.727723   0.040148   0.304498   0.674400   0.798718   0.589494   0.937821   0.552212   0.729245   0.038819 174686
 24   0.125854   0.671043   0.704226   0.450144   0.910078   0.409331   0.497247   0.032675   0.301389   0.680652   0.721572   0.473371   0.909100   0.432726   0.502157   0.033290   0.301947   0.679282   0.724069   0.476865   0.909792   0.436273   0.499190   0.032187   0.302092   0.678440   0.724943   0.478050   0.911501   0.437468   0.498879   0.030737   0.302143   0.677789   0.724932   0.478058   0.912511   0.437480   0.499348   0.030589   0.306115   0.675595   0.727936   0.482327   0.912516   0.441826   0.500386   0.029876   0.332468   0.667727   0.740299   0.500375   0.911941   0.460294   0.506489   0.024907   0.393720   0.653231   0.761133   0.531641   0.911008   0.492453   0.522390   0.020869   0.476490   0.636789   0.787648   0.573232   0.910379   0.535586   0.542055   0.024733   0.563471   0.622423   0.817699   0.623088   0.910427   0.587830   0.555866   0.033571   0.633822   0.612772   0.844872   0.670760   0.910215   0.638303   0.563540   0.043325   0.657771   0.610736   0.864666   0.707132   0.909557   0.677147   0.569543   0.051691   0.623320   0.616830   0.875401   0.727438   0.908599   0.698951   0.576004   0.057863   0.545473   0.628684   0.876790   0.730021   0.907410   0.701715   0.584404   0.060690   0.449215   0.642811   0.869523   0.716005   0.906620   0.686612   0.598211   0.058289   0.363322   0.656579   0.850105   0.679763   0.906559   0.647798   0.620960   0.048735   0.314826   0.669187   0.819854   0.625802   0.906937   0.590495   0.633664   0.044262   0.302826   0.675276   0.799168   0.590303   0.907654   0.553075   0.630126   0.045794   0.303098   0.675264   0.792037   0.578621   0.908406   0.540868   0.626082   0.044025   0.303558   0.674980   0.786729   0.570045   0.908891   0.531931   0.623701   0.042273   0.304052   0.674573   0.782454   0.563210   0.909133   0.524822   0.622396   0.040767   0.304386   0.674220   0.778785   0.557385   0.909182   0.518771   0.621328   0.039556   0.304553   0.673950   0.775524   0.552261   0.909367   0.513459   0.620265   0.038915   0.304596   0.673756   0.772442   0.547488   0.909863   0.508523   0.619377   0.038519 176441
