timestamp=                2022-01-09T00:58:47.057467
shape=                    (5, 5)
sigma=                    2.5
nepochs=                  4
rate=                     0.00724
neighborhood function=    gaussian
init weights=             pca
topology=                 hexagonal
activation distance=      euclidean
output type=              labels
mapfile_prefix=           2017-2021_5x5_4_00724_15
apply classification=     False
apply activation=         False
seed=                     None
random order=             True
custom init file=         None
decay_function=           3

quantization error=       0.35000008
topographic error=        0.21664533

############ NEURONS #############
 25 192
  0   0.142348   0.688325   0.596249   0.321645   0.603861   0.282555   0.423290   0.032569   0.305576   0.694317   0.611799   0.336884   0.602674   0.297063   0.426377   0.035833   0.306104   0.693691   0.612788   0.337915   0.603369   0.298056   0.425110   0.032995   0.306490   0.693058   0.613315   0.338471   0.605328   0.298591   0.425588   0.032179   0.306690   0.692653   0.612972   0.338093   0.606481   0.298224   0.425780   0.032068   0.308643   0.690835   0.614075   0.339269   0.606468   0.299360   0.426212   0.032051   0.325283   0.683524   0.620404   0.346280   0.605810   0.306181   0.429021   0.030837   0.364470   0.671584   0.628374   0.355257   0.604662   0.314940   0.437240   0.031736   0.413115   0.660496   0.635320   0.363239   0.604218   0.322756   0.449646   0.037898   0.454398   0.653235   0.642264   0.371349   0.604627   0.330722   0.462093   0.046045   0.476807   0.650902   0.647437   0.377486   0.604778   0.336767   0.473057   0.053150   0.474252   0.653716   0.649941   0.380497   0.604677   0.339740   0.481615   0.057688   0.448851   0.660739   0.649118   0.379529   0.604286   0.338788   0.487262   0.058450   0.410458   0.669940   0.645105   0.374750   0.603531   0.334078   0.489622   0.054671   0.369055   0.679673   0.639047   0.367600   0.602834   0.327042   0.488862   0.047500   0.333246   0.688717   0.631898   0.359277   0.602729   0.318873   0.486135   0.039743   0.312545   0.694818   0.624855   0.351194   0.603049   0.310959   0.481518   0.035286   0.306980   0.696595   0.620946   0.346762   0.603583   0.306630   0.475598   0.034288   0.306770   0.696221   0.619751   0.345444   0.603973   0.305348   0.470118   0.034046   0.306631   0.695869   0.618566   0.344147   0.603971   0.304090   0.465440   0.034292   0.306511   0.695568   0.617378   0.342853   0.603980   0.302834   0.461321   0.034772   0.306448   0.695268   0.616188   0.341561   0.603922   0.301582   0.457473   0.035106   0.306396   0.694970   0.615089   0.340376   0.603907   0.300435   0.453772   0.035217   0.306308   0.694687   0.614254   0.339487   0.604265   0.299575   0.450312   0.035382 
  1   0.132702   0.688034   0.673969   0.410097   0.774466   0.369089   0.564675   0.028147   0.307171   0.693771   0.691247   0.431275   0.773035   0.390072   0.571892   0.030453   0.307673   0.693185   0.692355   0.432735   0.773806   0.391538   0.569524   0.028143   0.308118   0.692557   0.693288   0.433968   0.775989   0.392776   0.569708   0.027078   0.308388   0.692126   0.693190   0.433847   0.777297   0.392657   0.569398   0.026831   0.309278   0.691431   0.692921   0.433496   0.777318   0.392305   0.568537   0.026403   0.319423   0.687849   0.696338   0.438072   0.776641   0.396911   0.568431   0.024650   0.346409   0.680702   0.702548   0.446397   0.775427   0.405292   0.574235   0.023284   0.383139   0.673087   0.708976   0.455082   0.774944   0.414048   0.586053   0.025929   0.418663   0.667087   0.716122   0.464890   0.775390   0.423966   0.597889   0.031349   0.443348   0.663625   0.722663   0.474016   0.775542   0.433223   0.607725   0.036538   0.448481   0.663499   0.727413   0.480723   0.775395   0.440041   0.615288   0.040201   0.432058   0.666813   0.729066   0.483077   0.774915   0.442436   0.620369   0.041297   0.400243   0.672644   0.727121   0.480314   0.774019   0.439626   0.622766   0.039039   0.362680   0.679639   0.722410   0.473649   0.773224   0.432848   0.623261   0.033632   0.329683   0.686476   0.715383   0.463793   0.773119   0.422842   0.624130   0.027333   0.311947   0.691260   0.707390   0.452705   0.773479   0.411610   0.622702   0.024772   0.308159   0.692759   0.702782   0.446384   0.774079   0.405218   0.617483   0.025046   0.308178   0.692580   0.701379   0.444500   0.774532   0.403322   0.612154   0.024861   0.308256   0.692353   0.700136   0.442849   0.774558   0.401663   0.607594   0.024687   0.308352   0.692142   0.698900   0.441220   0.774575   0.400027   0.603575   0.024883   0.308427   0.691989   0.697588   0.439496   0.774505   0.398298   0.599702   0.025323   0.308477   0.691855   0.696367   0.437902   0.774497   0.396702   0.595962   0.025643   0.308531   0.691668   0.695468   0.436737   0.774904   0.395536   0.592685   0.025888 
  2   0.128748   0.688495   0.714518   0.462378   0.905383   0.421369   0.656620   0.023109   0.307916   0.694745   0.723320   0.474301   0.904432   0.433395   0.660349   0.022833   0.308272   0.694258   0.723472   0.474501   0.905260   0.433595   0.659237   0.022867   0.308581   0.693690   0.723866   0.475055   0.907417   0.434157   0.659282   0.022793   0.308832   0.693308   0.723353   0.474343   0.908718   0.433437   0.658702   0.023109   0.309254   0.693043   0.722082   0.472570   0.908852   0.431639   0.657376   0.023356   0.315099   0.691369   0.722635   0.473361   0.908367   0.432444   0.655359   0.023600   0.331938   0.687111   0.726186   0.478376   0.907360   0.437540   0.656109   0.023873   0.355730   0.681726   0.731862   0.486452   0.906869   0.445760   0.662054   0.025480   0.378843   0.677001   0.739123   0.496922   0.907372   0.456441   0.669616   0.028452   0.395990   0.673721   0.746426   0.507622   0.907693   0.467389   0.675877   0.031100   0.401396   0.672539   0.752459   0.516594   0.907613   0.476595   0.680327   0.032477   0.392011   0.673834   0.756109   0.522091   0.907085   0.482248   0.682941   0.032171   0.371220   0.677211   0.756650   0.522930   0.906079   0.483116   0.684271   0.030059   0.345216   0.681740   0.754335   0.519465   0.905308   0.479556   0.686224   0.025839   0.322225   0.686561   0.748295   0.510424   0.905176   0.470268   0.690826   0.021794   0.310904   0.690042   0.740740   0.499203   0.905393   0.458759   0.691526   0.021828   0.309072   0.691148   0.736233   0.492599   0.905921   0.452001   0.687303   0.023588   0.309055   0.691194   0.734000   0.489380   0.906409   0.448718   0.683916   0.024000   0.309065   0.691192   0.732056   0.486603   0.906504   0.445889   0.680919   0.023965   0.309103   0.691163   0.730311   0.484128   0.906414   0.443372   0.678076   0.024100   0.309146   0.691134   0.728676   0.481824   0.906246   0.441031   0.675216   0.024529   0.309199   0.691061   0.727295   0.479889   0.906273   0.439067   0.672688   0.024752   0.309280   0.690917   0.726303   0.478512   0.906682   0.437672   0.670568   0.024846 
  3   0.126608   0.688327   0.732877   0.487798   0.931392   0.447112   0.702861   0.019471   0.307266   0.694274   0.739442   0.497133   0.930526   0.456610   0.707639   0.018644   0.307674   0.693573   0.740174   0.498175   0.931539   0.457671   0.709058   0.019200   0.308021   0.692862   0.741054   0.499439   0.933899   0.458959   0.711146   0.019689   0.308301   0.692348   0.741027   0.499389   0.935330   0.458906   0.712120   0.020144   0.308925   0.691851   0.740520   0.498634   0.935560   0.458131   0.712049   0.020522   0.315927   0.689670   0.742412   0.501361   0.935146   0.460913   0.711468   0.021148   0.334206   0.684998   0.747649   0.509032   0.934142   0.468761   0.714129   0.021620   0.358432   0.679651   0.755055   0.520066   0.933490   0.480084   0.721434   0.023010   0.381651   0.675122   0.764036   0.533693   0.933938   0.494117   0.729411   0.025736   0.398207   0.672126   0.772608   0.546945   0.934332   0.507811   0.735659   0.028194   0.402368   0.671223   0.779268   0.557412   0.934262   0.518661   0.739729   0.029519   0.392240   0.672612   0.783102   0.563511   0.933671   0.524996   0.741755   0.029499   0.371243   0.675899   0.783601   0.564322   0.932550   0.525842   0.742519   0.028123   0.345117   0.680118   0.781235   0.560574   0.931817   0.521951   0.745334   0.024430   0.321887   0.684845   0.774170   0.549447   0.931723   0.510413   0.752268   0.020525   0.310729   0.688612   0.764947   0.535071   0.931874   0.495535   0.752716   0.021343   0.309072   0.689975   0.759321   0.526440   0.932380   0.486630   0.746976   0.023901   0.308927   0.690160   0.756255   0.521810   0.932919   0.481866   0.743629   0.024248   0.308841   0.690266   0.753597   0.517827   0.933078   0.477774   0.740744   0.023867   0.308781   0.690341   0.751179   0.514227   0.932880   0.474079   0.737852   0.023634   0.308756   0.690376   0.749053   0.511080   0.932627   0.470854   0.735021   0.023635   0.308773   0.690342   0.747336   0.508552   0.932709   0.468265   0.732602   0.023465   0.308815   0.690251   0.745984   0.506573   0.933182   0.466241   0.730554   0.023298 
  4   0.124747   0.688342   0.750949   0.514042   0.937844   0.473920   0.738714   0.017953   0.307418   0.694232   0.758023   0.524527   0.937142   0.484670   0.745227   0.017014   0.307829   0.693408   0.759019   0.526015   0.938278   0.486199   0.747877   0.017968   0.308197   0.692623   0.760019   0.527517   0.940765   0.487742   0.751051   0.018881   0.308477   0.692068   0.760010   0.527496   0.942270   0.487720   0.752837   0.019599   0.309250   0.691486   0.759613   0.526882   0.942537   0.487085   0.753308   0.019994   0.317183   0.689026   0.762008   0.530504   0.942120   0.490811   0.753207   0.020342   0.337253   0.683954   0.767986   0.539659   0.941087   0.500255   0.756780   0.020578   0.363263   0.678305   0.776119   0.552334   0.940314   0.513373   0.764976   0.021733   0.387806   0.673581   0.785913   0.567892   0.940683   0.529530   0.773264   0.024134   0.404308   0.670592   0.795169   0.582876   0.941080   0.545146   0.779431   0.026240   0.407241   0.669881   0.802199   0.594448   0.940990   0.557244   0.783308   0.027297   0.395635   0.671517   0.806146   0.601018   0.940360   0.564127   0.785180   0.027342   0.373070   0.675050   0.806567   0.601729   0.939198   0.564874   0.786123   0.026337   0.345691   0.679404   0.803984   0.597428   0.938517   0.560368   0.790379   0.023024   0.321992   0.684268   0.796167   0.584543   0.938490   0.546894   0.799323   0.019674   0.311056   0.688088   0.786304   0.568471   0.938667   0.530123   0.800539   0.020923   0.309535   0.689414   0.780492   0.559164   0.939211   0.520443   0.794718   0.023526   0.309359   0.689635   0.777125   0.553854   0.939815   0.514935   0.791305   0.024032   0.309241   0.689776   0.774186   0.549252   0.940036   0.510170   0.788321   0.023736   0.309152   0.689882   0.771459   0.545011   0.939797   0.505782   0.785380   0.023372   0.309097   0.689941   0.769041   0.541273   0.939525   0.501920   0.782504   0.023205   0.309088   0.689921   0.767111   0.538305   0.939668   0.498856   0.780008   0.022944   0.309116   0.689844   0.765569   0.535947   0.940196   0.496424   0.777818   0.022694 
  5   0.147088   0.689283   0.549139   0.274908   0.507918   0.237935   0.362910   0.033477   0.303974   0.696194   0.563499   0.287440   0.506411   0.249624   0.363806   0.036960   0.304485   0.695587   0.563930   0.287829   0.507065   0.249989   0.363284   0.035002   0.304700   0.695054   0.563783   0.287684   0.508903   0.249850   0.363407   0.034826   0.304787   0.694712   0.563035   0.286970   0.509980   0.249173   0.363075   0.035153   0.307874   0.691731   0.565139   0.288980   0.509939   0.251079   0.363997   0.035336   0.330142   0.680913   0.573216   0.296953   0.509264   0.258680   0.368010   0.034419   0.379188   0.664532   0.582018   0.305870   0.508117   0.267219   0.376585   0.037318   0.436864   0.650051   0.589464   0.313598   0.507673   0.274652   0.388632   0.046224   0.482236   0.641437   0.596612   0.321133   0.508070   0.281920   0.400742   0.056085   0.503024   0.639986   0.601522   0.326386   0.508229   0.287000   0.411530   0.064251   0.495226   0.645377   0.603476   0.328496   0.508156   0.289044   0.420036   0.069196   0.464080   0.655510   0.602113   0.327019   0.507806   0.287613   0.425429   0.069705   0.421177   0.667569   0.597683   0.322247   0.507111   0.282992   0.427307   0.065121   0.375831   0.679846   0.591213   0.315365   0.506461   0.276344   0.426010   0.056363   0.336505   0.690924   0.583872   0.307697   0.506364   0.268961   0.422330   0.046214   0.312887   0.698388   0.576885   0.300539   0.506672   0.262092   0.416602   0.039243   0.305660   0.700661   0.572836   0.296455   0.507181   0.258185   0.409899   0.037032   0.304994   0.700265   0.571303   0.294951   0.507540   0.256753   0.403878   0.036769   0.304450   0.699934   0.569758   0.293456   0.507507   0.255332   0.398562   0.037292   0.304000   0.699639   0.568233   0.291994   0.507497   0.253945   0.393723   0.038178   0.303739   0.699290   0.566714   0.290540   0.507437   0.252567   0.389341   0.038578   0.303525   0.698961   0.565214   0.289107   0.507420   0.251208   0.385269   0.038759   0.303262   0.698690   0.563904   0.287863   0.507756   0.250031   0.381411   0.039192 
  6   0.137684   0.688087   0.633266   0.361780   0.689369   0.321475   0.485278   0.030017   0.306376   0.693816   0.650928   0.381238   0.687654   0.340392   0.491155   0.032841   0.306879   0.693149   0.652398   0.382943   0.688361   0.342065   0.489014   0.030463   0.307286   0.692448   0.653833   0.384631   0.690419   0.343724   0.488857   0.029158   0.307546   0.691965   0.654217   0.385080   0.691633   0.344165   0.488390   0.028727   0.309006   0.690712   0.655021   0.386031   0.691628   0.345101   0.487814   0.028415   0.322715   0.685250   0.660626   0.392881   0.690968   0.351883   0.489126   0.026571   0.356534   0.675757   0.668587   0.402722   0.689802   0.361646   0.496431   0.026138   0.400460   0.666470   0.675940   0.411970   0.689352   0.370850   0.508668   0.030749   0.440942   0.659689   0.683605   0.421791   0.689774   0.380658   0.520858   0.037965   0.466047   0.656672   0.689861   0.429950   0.689905   0.388832   0.531405   0.044554   0.467266   0.657961   0.693657   0.434972   0.689762   0.393877   0.539656   0.048879   0.445222   0.663081   0.693992   0.435439   0.689325   0.394351   0.545377   0.050007   0.408877   0.670594   0.690680   0.431085   0.688505   0.389982   0.548395   0.047102   0.368158   0.678961   0.684830   0.423439   0.687753   0.382319   0.548929   0.040736   0.332453   0.686958   0.677226   0.413612   0.687641   0.372490   0.548420   0.033478   0.312442   0.692561   0.669025   0.403162   0.687980   0.362065   0.545480   0.030043   0.307497   0.694382   0.664230   0.397131   0.688544   0.356063   0.539658   0.030073   0.307425   0.694183   0.662729   0.395290   0.688965   0.354239   0.534035   0.029968   0.307446   0.693900   0.661398   0.393667   0.688983   0.352633   0.529534   0.029816   0.307499   0.693610   0.660132   0.392130   0.689013   0.351113   0.525797   0.029928   0.307516   0.693388   0.658824   0.390554   0.688966   0.349557   0.522171   0.030085   0.307494   0.693179   0.657663   0.389163   0.688951   0.348185   0.518568   0.030128   0.307466   0.692954   0.656803   0.388143   0.689328   0.347180   0.515267   0.030204 
  7   0.130178   0.690359   0.693753   0.435320   0.923733   0.394264   0.533603   0.024405   0.305811   0.698257   0.705022   0.449920   0.922466   0.408875   0.536135   0.024066   0.306164   0.697429   0.705733   0.450814   0.923150   0.409765   0.533651   0.023828   0.306468   0.696624   0.706449   0.451743   0.925062   0.410694   0.533211   0.023343   0.306706   0.696011   0.706369   0.451625   0.926196   0.410574   0.532830   0.023288   0.307647   0.695364   0.706029   0.451156   0.926342   0.410099   0.531665   0.023410   0.317608   0.692695   0.708935   0.455110   0.925959   0.414091   0.530399   0.023206   0.343185   0.686549   0.716788   0.465918   0.925096   0.425027   0.532995   0.022699   0.376850   0.678987   0.728055   0.481727   0.924658   0.441078   0.540917   0.023938   0.408745   0.672356   0.741526   0.501163   0.925104   0.460914   0.550349   0.026952   0.432601   0.667682   0.754909   0.521083   0.925349   0.481361   0.558126   0.029778   0.441897   0.665819   0.766031   0.538140   0.925144   0.498967   0.563777   0.031648   0.431311   0.667341   0.773154   0.549324   0.924506   0.510561   0.568441   0.032110   0.402888   0.671771   0.775289   0.552767   0.923400   0.514149   0.573651   0.030772   0.365158   0.677692   0.772684   0.548698   0.922611   0.509934   0.581292   0.026913   0.330206   0.684386   0.762761   0.533253   0.922468   0.493948   0.591344   0.022830   0.311286   0.690303   0.748516   0.511493   0.922661   0.471502   0.595791   0.023548   0.307206   0.692815   0.739412   0.497936   0.923227   0.457585   0.593364   0.026361   0.307111   0.693011   0.735219   0.491880   0.923830   0.451403   0.590754   0.027034   0.307143   0.693076   0.731738   0.486895   0.924087   0.446323   0.588821   0.026926   0.307224   0.693081   0.728652   0.482512   0.924108   0.441862   0.587118   0.026998   0.307356   0.693020   0.725964   0.478714   0.924045   0.438002   0.585461   0.027262   0.307491   0.692931   0.723640   0.475451   0.924166   0.434688   0.584183   0.027359   0.307587   0.692828   0.721648   0.472681   0.924615   0.431880   0.583320   0.027428 
  8   0.127219   0.690260   0.721857   0.472767   0.929399   0.431933   0.626004   0.022795   0.306028   0.697965   0.731619   0.486279   0.928273   0.445617   0.630033   0.022161   0.306386   0.696959   0.732651   0.487717   0.929106   0.447074   0.629126   0.022136   0.306718   0.695989   0.733827   0.489382   0.931255   0.448767   0.629674   0.021781   0.307023   0.695218   0.734166   0.489856   0.932495   0.449248   0.629928   0.021718   0.308451   0.694187   0.734682   0.490553   0.932567   0.449951   0.629462   0.021418   0.320830   0.690406   0.739484   0.497440   0.932041   0.456970   0.628590   0.020143   0.350417   0.682756   0.749442   0.512022   0.930981   0.471890   0.632307   0.018829   0.388426   0.673881   0.762787   0.532104   0.930386   0.492540   0.642352   0.020000   0.424739   0.666257   0.778627   0.556692   0.930740   0.517970   0.652301   0.022991   0.450549   0.661209   0.793942   0.581227   0.930875   0.543495   0.659041   0.025781   0.457879   0.659684   0.806121   0.601297   0.930575   0.564483   0.663787   0.027697   0.443587   0.661989   0.813755   0.614137   0.929849   0.577963   0.667619   0.028442   0.411423   0.667400   0.816213   0.618325   0.928685   0.582371   0.671622   0.027659   0.369836   0.674250   0.813875   0.614352   0.927863   0.578192   0.678803   0.024556   0.332006   0.681824   0.803584   0.597106   0.927723   0.560099   0.690264   0.021181   0.312477   0.688386   0.788306   0.571956   0.927938   0.533803   0.695902   0.022600   0.308593   0.691135   0.778295   0.555851   0.928518   0.517036   0.693583   0.025914   0.308358   0.691487   0.773245   0.547946   0.929086   0.508848   0.691051   0.026853   0.308214   0.691720   0.768908   0.541235   0.929276   0.501913   0.688936   0.026971   0.308123   0.691875   0.765051   0.535324   0.929271   0.495814   0.686971   0.026960   0.308074   0.691979   0.761604   0.530088   0.929213   0.490421   0.685040   0.026910   0.308035   0.692060   0.758558   0.525496   0.929357   0.485698   0.683144   0.026786   0.307999   0.692099   0.755926   0.521558   0.929857   0.481653   0.681380   0.026662 
  9   0.125747   0.689270   0.735738   0.491959   0.931173   0.451364   0.692978   0.019457   0.305975   0.696014   0.742783   0.502055   0.930253   0.461651   0.698494   0.019257   0.306393   0.695066   0.743942   0.503738   0.931269   0.463370   0.700085   0.019759   0.306769   0.694174   0.745204   0.505581   0.933670   0.465255   0.702471   0.020195   0.307095   0.693491   0.745543   0.506073   0.935075   0.465757   0.703839   0.020640   0.308856   0.692320   0.746426   0.507339   0.935265   0.467047   0.704165   0.020573   0.322291   0.688018   0.752198   0.515862   0.934826   0.475780   0.704543   0.019517   0.352641   0.680234   0.762958   0.532072   0.933752   0.492451   0.710434   0.018203   0.390273   0.672052   0.776561   0.553165   0.933016   0.514259   0.721666   0.019199   0.425691   0.665372   0.792076   0.577953   0.933337   0.540032   0.731628   0.022154   0.450300   0.661152   0.806421   0.601563   0.933552   0.564716   0.738476   0.024882   0.455983   0.660167   0.817468   0.620217   0.933303   0.584312   0.742829   0.026692   0.440602   0.662542   0.824128   0.631666   0.932552   0.596380   0.745487   0.027623   0.408767   0.667597   0.825929   0.634794   0.931272   0.599682   0.747648   0.027436   0.368309   0.673833   0.823493   0.630576   0.930463   0.595231   0.753578   0.024690   0.331335   0.680793   0.813476   0.613487   0.930357   0.577245   0.765846   0.021080   0.312500   0.687128   0.798370   0.588162   0.930509   0.550677   0.770395   0.022572   0.309040   0.689940   0.788364   0.571752   0.931059   0.533532   0.765663   0.026209   0.308703   0.690358   0.783302   0.563652   0.931675   0.525109   0.762674   0.027039   0.308473   0.690644   0.778984   0.556820   0.931920   0.518018   0.760365   0.026909   0.308302   0.690847   0.775120   0.550765   0.931805   0.511746   0.758248   0.026518   0.308190   0.690964   0.771750   0.545527   0.931637   0.506328   0.756232   0.026166   0.308133   0.690996   0.768962   0.541224   0.931801   0.501884   0.754310   0.025836   0.308117   0.690970   0.766648   0.537678   0.932354   0.498225   0.752609   0.025415 
 10   0.158967   0.688862   0.451711   0.193347   0.318669   0.162306   0.270036   0.042450   0.303954   0.695187   0.451303   0.192465   0.318148   0.161418   0.266083   0.052160   0.304328   0.694416   0.451931   0.192889   0.318717   0.161796   0.267061   0.054013   0.304521   0.693772   0.452428   0.193253   0.320357   0.162126   0.267754   0.056290   0.304711   0.693247   0.452391   0.193229   0.321325   0.162104   0.268090   0.058645   0.308265   0.690087   0.454116   0.194497   0.321284   0.163253   0.268902   0.060554   0.331126   0.677472   0.460646   0.199425   0.320676   0.167738   0.271588   0.062038   0.380050   0.657308   0.469450   0.206228   0.319654   0.173954   0.276890   0.068164   0.436869   0.639250   0.478650   0.213498   0.319266   0.180624   0.284041   0.078883   0.483042   0.628187   0.487662   0.220735   0.319666   0.187281   0.291556   0.088161   0.507121   0.626004   0.494407   0.226241   0.319870   0.192360   0.298422   0.095508   0.503889   0.632499   0.498029   0.229256   0.319844   0.195151   0.303657   0.100564   0.477497   0.644970   0.498092   0.229330   0.319540   0.195224   0.306630   0.101961   0.436755   0.660210   0.494670   0.226493   0.318902   0.192600   0.307085   0.097828   0.388945   0.676646   0.488497   0.221397   0.318308   0.187889   0.305281   0.089525   0.343364   0.692527   0.480277   0.214727   0.318219   0.181742   0.301809   0.079640   0.313306   0.703772   0.471412   0.207694   0.318490   0.175286   0.296973   0.071110   0.303139   0.707363   0.465438   0.203052   0.318954   0.171041   0.291794   0.067448   0.302208   0.706619   0.462548   0.200863   0.319297   0.169047   0.287435   0.067152   0.301718   0.705751   0.460134   0.199056   0.319277   0.167404   0.283840   0.068956   0.301388   0.704893   0.457956   0.197441   0.319254   0.165938   0.280714   0.071082   0.301112   0.704060   0.455904   0.195930   0.319174   0.164570   0.277819   0.071168   0.300748   0.703394   0.453914   0.194477   0.319142   0.163255   0.274989   0.070553   0.300343   0.702825   0.452220   0.193254   0.319430   0.162149   0.272369   0.070984 
 11   0.153416   0.689661   0.498613   0.230238   0.407767   0.196132   0.311903   0.035746   0.303987   0.696848   0.507573   0.236874   0.406915   0.202148   0.311023   0.040766   0.304382   0.696135   0.507864   0.237069   0.407500   0.202321   0.311048   0.040549   0.304577   0.695487   0.508208   0.237339   0.409226   0.202567   0.311102   0.041419   0.304733   0.694946   0.508123   0.237259   0.410247   0.202492   0.310860   0.042790   0.308187   0.691662   0.510335   0.239106   0.410200   0.204203   0.311764   0.043804   0.331307   0.679144   0.518072   0.245795   0.409548   0.210434   0.315038   0.044161   0.381817   0.659254   0.527615   0.254271   0.408452   0.218366   0.321540   0.048713   0.441409   0.641237   0.536968   0.262781   0.408027   0.226364   0.330709   0.059130   0.488094   0.630471   0.545924   0.271074   0.408406   0.234182   0.340348   0.069848   0.509418   0.628647   0.552468   0.277260   0.408560   0.240036   0.349039   0.078455   0.502496   0.635248   0.555852   0.280541   0.408491   0.243155   0.355752   0.084400   0.472816   0.647767   0.555489   0.280234   0.408160   0.242870   0.359928   0.086334   0.430488   0.662809   0.551446   0.276374   0.407501   0.239212   0.361229   0.082808   0.383456   0.678326   0.544729   0.269999   0.406876   0.233176   0.359862   0.074397   0.340539   0.692581   0.536493   0.262314   0.406787   0.225920   0.356445   0.063313   0.313258   0.702289   0.528125   0.254673   0.407100   0.218735   0.351179   0.053978   0.304320   0.705279   0.522631   0.249755   0.407605   0.214125   0.345137   0.049906   0.303483   0.704662   0.520011   0.247465   0.407961   0.211988   0.339900   0.049087   0.302908   0.704024   0.517792   0.245559   0.407933   0.210215   0.335301   0.049701   0.302381   0.703512   0.515685   0.243768   0.407925   0.208551   0.330982   0.050906   0.302061   0.702929   0.513721   0.242102   0.407868   0.207004   0.327161   0.051267   0.301807   0.702372   0.511859   0.240530   0.407844   0.205545   0.323779   0.051048   0.301462   0.701940   0.510135   0.239090   0.408154   0.204212   0.320589   0.051201 
 12   0.132979   0.689636   0.652838   0.385511   0.755209   0.344950   0.454369   0.038007   0.302912   0.696645   0.679389   0.416878   0.753040   0.375838   0.459010   0.038666   0.303472   0.695694   0.683681   0.422338   0.753648   0.381285   0.453963   0.034594   0.303939   0.694911   0.686880   0.426395   0.755650   0.385328   0.451690   0.032502   0.304334   0.694205   0.688879   0.428935   0.756827   0.387862   0.449602   0.031870   0.307416   0.691423   0.693728   0.435135   0.756879   0.394052   0.448674   0.030754   0.328202   0.682901   0.707619   0.453653   0.756361   0.412683   0.451768   0.026265   0.375190   0.670537   0.724509   0.476903   0.755347   0.436212   0.461628   0.023449   0.435288   0.658947   0.739783   0.498777   0.754891   0.458507   0.473894   0.027762   0.494996   0.649690   0.755932   0.522727   0.755128   0.483080   0.483491   0.035445   0.538571   0.644375   0.770300   0.544787   0.754981   0.505859   0.491910   0.043424   0.547597   0.644909   0.780281   0.560569   0.754549   0.522245   0.500695   0.050501   0.518084   0.651177   0.783921   0.566467   0.753887   0.528398   0.510387   0.055362   0.463304   0.661060   0.780477   0.561022   0.752902   0.522744   0.520657   0.056265   0.400140   0.672314   0.770870   0.545873   0.752114   0.507022   0.531635   0.052249   0.344288   0.683148   0.755022   0.521489   0.752055   0.481833   0.543927   0.042425   0.312766   0.691755   0.735038   0.491780   0.752451   0.451339   0.549104   0.035509   0.304988   0.695409   0.722167   0.473194   0.753072   0.432365   0.544785   0.034457   0.304975   0.695506   0.717707   0.466985   0.753594   0.426070   0.539365   0.032919   0.305075   0.695387   0.714375   0.462395   0.753784   0.421426   0.534999   0.031543   0.305223   0.695176   0.711602   0.458610   0.753935   0.417602   0.531360   0.030963   0.305311   0.694978   0.709050   0.455160   0.753928   0.414123   0.527785   0.030723   0.305286   0.694853   0.706717   0.452035   0.753941   0.410977   0.524113   0.030442   0.305267   0.694704   0.704775   0.449456   0.754364   0.408384   0.520645   0.030222 
 13   0.129389   0.688674   0.701514   0.445847   0.834298   0.404886   0.570250   0.034742   0.305934   0.694530   0.726152   0.478746   0.832873   0.437995   0.568696   0.037098   0.306678   0.693262   0.731687   0.486608   0.833588   0.445995   0.561427   0.033694   0.307327   0.692306   0.735276   0.491734   0.835782   0.451215   0.558454   0.032335   0.307815   0.691582   0.737189   0.494480   0.837114   0.454016   0.556269   0.032471   0.309660   0.690135   0.739571   0.497910   0.837227   0.457514   0.554857   0.031813   0.323947   0.685193   0.748442   0.511014   0.836734   0.470945   0.557117   0.027502   0.357731   0.676912   0.760510   0.529120   0.835695   0.489555   0.568802   0.022386   0.401769   0.668448   0.771258   0.545649   0.835206   0.506625   0.585886   0.022729   0.446258   0.661335   0.782824   0.563875   0.835561   0.525531   0.600148   0.027508   0.480558   0.656718   0.793305   0.580761   0.835599   0.543121   0.611631   0.033374   0.491264   0.656018   0.800713   0.592918   0.835295   0.555827   0.621598   0.038652   0.472905   0.659593   0.803609   0.597725   0.834647   0.560861   0.630399   0.041764   0.433123   0.666211   0.801367   0.593998   0.833565   0.556956   0.638354   0.041294   0.383315   0.674300   0.794566   0.582772   0.832733   0.545210   0.647150   0.036911   0.337564   0.682596   0.782077   0.562558   0.832676   0.524138   0.658789   0.029908   0.312872   0.689407   0.765946   0.537105   0.833033   0.497731   0.664201   0.027119   0.307503   0.692287   0.755899   0.521607   0.833647   0.481721   0.659813   0.028150   0.307481   0.692377   0.752545   0.516579   0.834188   0.476554   0.653846   0.027961   0.307567   0.692311   0.750011   0.512819   0.834369   0.472698   0.648623   0.027766   0.307713   0.692188   0.747786   0.509540   0.834453   0.469339   0.644100   0.028045   0.307812   0.692098   0.745723   0.506524   0.834382   0.466254   0.639612   0.028643   0.307848   0.692015   0.743969   0.503978   0.834411   0.463654   0.635190   0.028975   0.307899   0.691877   0.742642   0.502066   0.834876   0.461703   0.631094   0.029147 
 14   0.123702   0.689014   0.757865   0.524466   0.938522   0.484642   0.738531   0.018273   0.306749   0.695494   0.765213   0.535506   0.937806   0.495989   0.746193   0.017695   0.307136   0.694506   0.766376   0.537274   0.938917   0.497811   0.749470   0.018564   0.307516   0.693579   0.767556   0.539080   0.941365   0.499674   0.753227   0.019354   0.307821   0.692900   0.767713   0.539317   0.942809   0.499917   0.755402   0.020078   0.309701   0.691795   0.768330   0.540242   0.943059   0.500868   0.755902   0.020336   0.323322   0.687674   0.773600   0.548407   0.942634   0.509309   0.756310   0.019779   0.353918   0.680092   0.783785   0.564484   0.941590   0.525985   0.762559   0.018925   0.391706   0.672127   0.796778   0.585549   0.940775   0.547946   0.773665   0.020058   0.425932   0.665817   0.811490   0.610082   0.941034   0.573658   0.783059   0.022898   0.448895   0.661953   0.824908   0.633088   0.941287   0.597894   0.789494   0.025382   0.453641   0.661197   0.835068   0.650933   0.941035   0.616779   0.793438   0.027018   0.437741   0.663682   0.841048   0.661612   0.940273   0.628117   0.795522   0.027814   0.406159   0.668659   0.842434   0.664118   0.939009   0.630783   0.797215   0.027673   0.366588   0.674624   0.839838   0.659467   0.938255   0.625842   0.803483   0.024868   0.330884   0.681174   0.830015   0.642104   0.938168   0.607445   0.816122   0.021109   0.313001   0.686932   0.815820   0.617411   0.938318   0.581360   0.820922   0.022425   0.309809   0.689369   0.806647   0.601784   0.938876   0.564917   0.816515   0.025820   0.309506   0.689744   0.801834   0.593773   0.939535   0.556525   0.813553   0.026620   0.309282   0.689989   0.797695   0.586956   0.939838   0.549397   0.811280   0.026535   0.309118   0.690155   0.793974   0.580880   0.939689   0.543054   0.809281   0.026014   0.309017   0.690246   0.790757   0.575667   0.939532   0.537620   0.807492   0.025303   0.308966   0.690270   0.788079   0.571360   0.939779   0.533136   0.805722   0.024823   0.308955   0.690234   0.785825   0.567757   0.940376   0.529391   0.803929   0.024542 
 15   0.160744   0.698261   0.377020   0.144114   0.192906   0.118470   0.200970   0.111995   0.284769   0.712871   0.353228   0.129311   0.192415   0.105417   0.190589   0.166516   0.285100   0.710293   0.354428   0.129968   0.192934   0.105983   0.191381   0.177565   0.284803   0.708527   0.354862   0.130211   0.194383   0.106194   0.191884   0.188155   0.284620   0.707168   0.354502   0.130006   0.195188   0.106016   0.192139   0.198192   0.298947   0.697215   0.358648   0.132372   0.195110   0.108072   0.193277   0.205999   0.358254   0.666946   0.370685   0.139540   0.194516   0.114344   0.195644   0.216170   0.462893   0.624495   0.385823   0.148982   0.193554   0.122670   0.198159   0.232006   0.576616   0.586363   0.400824   0.158698   0.193301   0.131293   0.201034   0.243117   0.672131   0.559353   0.414583   0.167905   0.193804   0.139510   0.204133   0.242831   0.732349   0.548226   0.425408   0.175368   0.194068   0.146203   0.207096   0.240192   0.741989   0.556741   0.431982   0.180014   0.194106   0.150388   0.210025   0.239369   0.698907   0.582869   0.433331   0.180996   0.193869   0.151278   0.212598   0.238084   0.616308   0.619787   0.429196   0.178074   0.193302   0.148647   0.213977   0.232319   0.509950   0.662830   0.420188   0.171781   0.192722   0.142990   0.213658   0.225523   0.400528   0.706373   0.406298   0.162348   0.192532   0.134550   0.211885   0.222975   0.314263   0.740641   0.388736   0.150856   0.192651   0.124332   0.208766   0.218206   0.276952   0.752739   0.375307   0.142366   0.192986   0.116826   0.204772   0.213881   0.273989   0.748161   0.368722   0.138368   0.193227   0.113316   0.200969   0.214328   0.274142   0.742500   0.364075   0.135608   0.193137   0.110902   0.197990   0.218724   0.274724   0.737398   0.360033   0.133241   0.193097   0.108838   0.195718   0.223034   0.275006   0.733199   0.356414   0.131149   0.193036   0.107016   0.193542   0.221376   0.274679   0.729978   0.353210   0.129315   0.192995   0.105422   0.191276   0.218341   0.274274   0.727195   0.350689   0.127887   0.193241   0.104182   0.189281   0.218435 
 16   0.163274   0.691985   0.397703   0.156406   0.225361   0.129223   0.223964   0.050747   0.299344   0.700873   0.385032   0.147883   0.224639   0.121613   0.216228   0.064765   0.300177   0.699353   0.386280   0.148617   0.225186   0.122254   0.217580   0.068718   0.300410   0.698555   0.386477   0.148737   0.226749   0.122359   0.218455   0.072545   0.300559   0.698001   0.386032   0.148466   0.227665   0.122120   0.218876   0.076189   0.307018   0.691769   0.388925   0.150235   0.227630   0.123675   0.220064   0.079424   0.339903   0.670491   0.397908   0.155948   0.227043   0.128728   0.222587   0.085021   0.404518   0.639499   0.409250   0.163429   0.226060   0.135384   0.226376   0.097118   0.477490   0.612673   0.420734   0.171221   0.225726   0.142350   0.231591   0.110222   0.538756   0.595705   0.431690   0.178844   0.226157   0.149194   0.237313   0.117862   0.574165   0.591783   0.440142   0.184860   0.226377   0.154618   0.242959   0.123281   0.573876   0.601771   0.444723   0.188179   0.226379   0.157618   0.247923   0.127392   0.539915   0.622099   0.444901   0.188307   0.226115   0.157733   0.251288   0.128209   0.483918   0.647323   0.440950   0.185419   0.225510   0.155119   0.252458   0.123307   0.418268   0.674101   0.433833   0.180290   0.224928   0.150487   0.251462   0.114696   0.355958   0.699362   0.424101   0.173438   0.224820   0.144322   0.248842   0.105332   0.313441   0.716999   0.413060   0.165884   0.225050   0.137559   0.244925   0.095458   0.297811   0.722530   0.404888   0.160448   0.225466   0.132715   0.240420   0.089449   0.296194   0.720977   0.400358   0.157529   0.225762   0.130128   0.236256   0.088010   0.295669   0.719071   0.396793   0.155261   0.225713   0.128122   0.232810   0.090067   0.295578   0.717114   0.393528   0.153203   0.225680   0.126305   0.230037   0.092672   0.295312   0.715477   0.390368   0.151237   0.225595   0.124573   0.227332   0.091834   0.294692   0.714327   0.387473   0.149453   0.225543   0.123003   0.224502   0.090048   0.294062   0.713319   0.385057   0.147975   0.225800   0.121705   0.221945   0.090149 
 17   0.137134   0.698976   0.585267   0.311441   0.610800   0.272935   0.365555   0.050862   0.292434   0.714850   0.616946   0.343577   0.607056   0.303741   0.367105   0.050593   0.292650   0.712817   0.619867   0.346782   0.607451   0.306856   0.358782   0.049690   0.292935   0.711165   0.621207   0.348282   0.609220   0.308317   0.354432   0.050192   0.293054   0.710062   0.620749   0.347801   0.610220   0.307853   0.351507   0.051313   0.301959   0.701404   0.628009   0.355745   0.610097   0.315569   0.352260   0.051640   0.349456   0.675272   0.649080   0.380035   0.609309   0.339384   0.357768   0.054475   0.443756   0.640450   0.673068   0.409417   0.608011   0.368505   0.364754   0.069583   0.553696   0.611928   0.695000   0.438015   0.607432   0.397173   0.371104   0.093401   0.648184   0.595632   0.714825   0.465016   0.607579   0.424459   0.377348   0.114625   0.705251   0.592465   0.728866   0.484854   0.607410   0.444642   0.385544   0.130716   0.709082   0.601790   0.735793   0.494936   0.607108   0.454955   0.395834   0.140954   0.658066   0.621923   0.734421   0.493152   0.606715   0.453169   0.407358   0.144491   0.570002   0.648337   0.724745   0.479575   0.606122   0.439371   0.418556   0.140285   0.467704   0.676577   0.708800   0.457540   0.605570   0.417039   0.427438   0.127411   0.375619   0.701703   0.689781   0.431883   0.605580   0.391152   0.432579   0.105551   0.313979   0.720131   0.668404   0.404150   0.606067   0.363368   0.431613   0.079617   0.291213   0.726710   0.652542   0.384300   0.606719   0.343613   0.424489   0.063628   0.290053   0.724663   0.645524   0.375918   0.607104   0.335342   0.416035   0.058891   0.289629   0.722484   0.640835   0.370435   0.607049   0.329954   0.408488   0.057130   0.289191   0.720606   0.637235   0.366301   0.607094   0.325904   0.401295   0.057283   0.288959   0.718994   0.633824   0.362445   0.607111   0.322137   0.394579   0.057698   0.288999   0.717595   0.630312   0.358499   0.607123   0.318287   0.388450   0.057729   0.289200   0.716232   0.627157   0.354985   0.607502   0.314863   0.382968   0.057677 
 18   0.124798   0.690244   0.733171   0.488527   0.930098   0.447912   0.668675   0.021112   0.303995   0.697891   0.739528   0.497590   0.929073   0.457140   0.674060   0.021846   0.304453   0.696876   0.740503   0.498996   0.930114   0.458574   0.674921   0.022323   0.304786   0.696006   0.741466   0.500400   0.932545   0.460009   0.676531   0.022733   0.305060   0.695351   0.741455   0.500390   0.933929   0.460000   0.677086   0.023161   0.308973   0.693320   0.743648   0.503528   0.934069   0.463197   0.677196   0.022548   0.332202   0.686537   0.753287   0.517750   0.933560   0.477769   0.679598   0.020308   0.383066   0.675104   0.769616   0.542623   0.932427   0.503403   0.689522   0.018998   0.449437   0.662952   0.790297   0.575486   0.931637   0.537541   0.703652   0.021653   0.516835   0.652665   0.813408   0.613871   0.931816   0.577747   0.714193   0.026572   0.566913   0.646023   0.834474   0.650395   0.931835   0.616312   0.720375   0.031018   0.578845   0.645073   0.850387   0.679005   0.931383   0.646727   0.723447   0.034325   0.547085   0.649990   0.859501   0.695815   0.930452   0.664684   0.725095   0.036598   0.486191   0.658576   0.861464   0.699499   0.929050   0.668632   0.727553   0.037295   0.414848   0.668391   0.856993   0.691195   0.928185   0.659750   0.733954   0.035022   0.350823   0.678433   0.843005   0.665698   0.928080   0.632575   0.745853   0.030306   0.315261   0.687791   0.820973   0.626693   0.928278   0.591228   0.750437   0.030310   0.306907   0.692469   0.805027   0.599296   0.928909   0.562351   0.745839   0.033462   0.306429   0.693060   0.797509   0.586866   0.929602   0.549344   0.742792   0.033734   0.306166   0.693409   0.791318   0.576783   0.929909   0.538823   0.740773   0.033049   0.306009   0.693624   0.785980   0.568204   0.929857   0.529893   0.739041   0.031970   0.305947   0.693709   0.781406   0.560930   0.929741   0.522337   0.737366   0.030935   0.305914   0.693717   0.777533   0.554831   0.929953   0.516012   0.735629   0.030199   0.305869   0.693694   0.774195   0.549624   0.930566   0.510622   0.733915   0.029507 
 19   0.122283   0.689950   0.758170   0.525035   0.937816   0.485247   0.725492   0.019765   0.304621   0.697294   0.763384   0.532871   0.937033   0.493303   0.733330   0.020300   0.305104   0.696241   0.764107   0.533959   0.938297   0.494421   0.736113   0.021223   0.305452   0.695341   0.764820   0.535040   0.940931   0.495535   0.739185   0.022110   0.305695   0.694708   0.764479   0.534514   0.942463   0.494991   0.740737   0.022868   0.310779   0.692495   0.766756   0.537972   0.942698   0.498553   0.741141   0.022656   0.337681   0.685182   0.776750   0.553537   0.942189   0.514660   0.744699   0.021204   0.393865   0.673305   0.793425   0.580325   0.941007   0.542542   0.756341   0.020932   0.465218   0.661138   0.814189   0.615083   0.940056   0.579000   0.770669   0.024233   0.535021   0.651194   0.836727   0.654455   0.940125   0.620631   0.781290   0.029138   0.582852   0.645294   0.856838   0.691049   0.940153   0.659624   0.787730   0.033160   0.587960   0.645341   0.871613   0.718864   0.939678   0.689451   0.790238   0.036025   0.549241   0.651010   0.879465   0.733974   0.938663   0.705723   0.790886   0.038001   0.484532   0.659956   0.880062   0.735148   0.937170   0.706992   0.792673   0.038668   0.411518   0.669900   0.874032   0.723523   0.936347   0.694469   0.799483   0.036492   0.348163   0.679727   0.858829   0.694825   0.936313   0.663679   0.812043   0.031675   0.314945   0.688144   0.837722   0.656092   0.936544   0.622341   0.816049   0.031303   0.307787   0.692080   0.823263   0.630337   0.937230   0.595010   0.810967   0.034007   0.307359   0.692584   0.816174   0.618117   0.938028   0.582123   0.808309   0.033933   0.307128   0.692856   0.810307   0.608145   0.938431   0.571634   0.806693   0.033090   0.306994   0.693007   0.805147   0.599480   0.938308   0.562541   0.805439   0.031854   0.306871   0.693096   0.800655   0.592012   0.938141   0.554718   0.804118   0.030541   0.306768   0.693120   0.796862   0.585765   0.938426   0.548186   0.802441   0.029686   0.306708   0.693075   0.793584   0.580415   0.939107   0.542602   0.800680   0.029135 
 20   0.151278   0.692949   0.453470   0.195611   0.302519   0.164509   0.245259   0.163353   0.278869   0.702478   0.442753   0.187620   0.304719   0.157248   0.234668   0.269887   0.277982   0.700018   0.444841   0.189168   0.305088   0.158655   0.234164   0.293879   0.277112   0.698053   0.446320   0.190277   0.306516   0.159664   0.234295   0.310857   0.276084   0.696682   0.446742   0.190618   0.307253   0.159979   0.234505   0.327515   0.291431   0.691099   0.449252   0.192461   0.307079   0.161650   0.234844   0.339777   0.356999   0.671394   0.459110   0.199850   0.306396   0.168373   0.237361   0.336530   0.469452   0.641040   0.474636   0.211936   0.305362   0.179443   0.241017   0.335067   0.586761   0.613053   0.491130   0.225326   0.305123   0.191799   0.244271   0.342256   0.681136   0.592674   0.506168   0.237972   0.305658   0.203539   0.247619   0.338481   0.740152   0.582566   0.517591   0.247883   0.305926   0.212790   0.250696   0.330423   0.752666   0.585599   0.524053   0.253630   0.305963   0.218178   0.253506   0.323987   0.716093   0.601633   0.524803   0.254327   0.305744   0.218836   0.255822   0.318971   0.639147   0.627358   0.519691   0.249783   0.305211   0.214577   0.257092   0.312661   0.533676   0.659992   0.509233   0.240638   0.304600   0.206029   0.256560   0.308944   0.417567   0.695467   0.493701   0.227480   0.304331   0.193798   0.253989   0.313181   0.315522   0.727063   0.474075   0.211493   0.304403   0.179037   0.249453   0.324840   0.267034   0.739821   0.460149   0.200529   0.304718   0.168975   0.244183   0.340091   0.262708   0.735675   0.455069   0.196723   0.304938   0.165512   0.240030   0.351189   0.262440   0.730275   0.451853   0.194363   0.304824   0.163372   0.237025   0.360900   0.262319   0.725522   0.449115   0.192378   0.304811   0.161577   0.234654   0.369094   0.262413   0.721466   0.446632   0.190585   0.304818   0.159955   0.232527   0.369752   0.262446   0.718031   0.444499   0.189054   0.304831   0.158572   0.230421   0.367226   0.262308   0.714973   0.442892   0.187916   0.305123   0.157547   0.228585   0.366778 
 21   0.153190   0.698325   0.444451   0.188716   0.328820   0.158214   0.247845   0.059516   0.288738   0.713898   0.447446   0.190393   0.328075   0.159652   0.240182   0.069057   0.288452   0.712629   0.448391   0.191071   0.328611   0.160265   0.238010   0.071130   0.287918   0.711513   0.448875   0.191453   0.330205   0.160615   0.236033   0.075382   0.287229   0.710569   0.448418   0.191165   0.331085   0.160361   0.234081   0.080881   0.300151   0.698424   0.457471   0.197717   0.330970   0.166285   0.236331   0.085336   0.359121   0.664828   0.479189   0.214267   0.330283   0.181382   0.241881   0.093874   0.466432   0.622987   0.501504   0.232497   0.329158   0.198206   0.245952   0.115329   0.584452   0.588338   0.521253   0.249518   0.328731   0.214062   0.249781   0.137412   0.683237   0.565129   0.538404   0.264871   0.329066   0.228458   0.254440   0.147178   0.744504   0.556678   0.551080   0.276610   0.329150   0.239531   0.260068   0.151660   0.751039   0.566268   0.558019   0.283257   0.329035   0.245836   0.266609   0.155057   0.700785   0.591803   0.558232   0.283581   0.328690   0.246164   0.273215   0.156023   0.610376   0.626555   0.551622   0.277388   0.328066   0.240312   0.278382   0.152020   0.500393   0.664736   0.539588   0.266173   0.327495   0.229721   0.280875   0.143607   0.393689   0.700761   0.523284   0.251378   0.327417   0.215814   0.280352   0.129935   0.312881   0.730180   0.501056   0.232178   0.327722   0.197920   0.276634   0.107659   0.279045   0.742819   0.482367   0.216738   0.328227   0.183641   0.269350   0.093369   0.276646   0.740854   0.473550   0.209834   0.328566   0.177316   0.261716   0.092000   0.276417   0.737456   0.467880   0.205489   0.328512   0.173350   0.256029   0.093629   0.276545   0.734121   0.463215   0.201975   0.328499   0.170151   0.251403   0.096340   0.276955   0.731104   0.458865   0.198749   0.328455   0.167223   0.247397   0.096474   0.277269   0.728549   0.454817   0.195784   0.328435   0.164537   0.243656   0.095713   0.277513   0.726136   0.451538   0.193416   0.328730   0.162397   0.240287   0.096236 
 22   0.147082   0.700054   0.505587   0.236863   0.440074   0.202396   0.293916   0.052529   0.290893   0.717454   0.526187   0.253683   0.439334   0.217924   0.293472   0.056876   0.290306   0.716146   0.527263   0.254632   0.439786   0.218811   0.288450   0.057946   0.290056   0.714802   0.527825   0.255161   0.441429   0.219311   0.284809   0.060408   0.289682   0.713833   0.527289   0.254721   0.442330   0.218904   0.281602   0.063711   0.301262   0.701980   0.535008   0.261518   0.442179   0.225259   0.282186   0.066385   0.357113   0.666037   0.555879   0.280844   0.441407   0.243487   0.286775   0.071745   0.462099   0.617532   0.579300   0.303913   0.440147   0.265481   0.291461   0.088592   0.579877   0.576343   0.601075   0.326601   0.439598   0.287327   0.295914   0.110793   0.678916   0.550916   0.620668   0.347926   0.439801   0.308022   0.301024   0.126991   0.738976   0.544993   0.635140   0.364353   0.439723   0.324085   0.307694   0.138847   0.744154   0.559488   0.643030   0.373665   0.439482   0.333252   0.316121   0.148243   0.693525   0.590174   0.643034   0.373878   0.439087   0.333499   0.325364   0.153347   0.602396   0.630132   0.634987   0.364696   0.438476   0.324511   0.333661   0.151623   0.492132   0.672361   0.620557   0.348339   0.437939   0.308520   0.339337   0.142307   0.388533   0.709326   0.602286   0.328174   0.437944   0.288900   0.341195   0.123807   0.313621   0.736192   0.580596   0.305363   0.438392   0.266895   0.337797   0.097616   0.283412   0.745479   0.563403   0.288057   0.439023   0.250330   0.329496   0.081215   0.281526   0.741817   0.555091   0.280070   0.439420   0.242748   0.320745   0.077912   0.281245   0.737849   0.549695   0.274993   0.439377   0.237947   0.313498   0.077629   0.280864   0.734644   0.545228   0.270862   0.439399   0.234051   0.306922   0.078867   0.280730   0.731977   0.541053   0.267052   0.439402   0.230467   0.301194   0.079150   0.280822   0.729730   0.536972   0.263381   0.439411   0.227022   0.296062   0.078565   0.280942   0.727733   0.533332   0.260147   0.439750   0.223995   0.291398   0.078356 
 23   0.126004   0.692302   0.712004   0.459707   0.926200   0.418810   0.561568   0.026257   0.302142   0.701787   0.722316   0.473764   0.925005   0.433009   0.564814   0.027108   0.302678   0.700481   0.723740   0.475790   0.925863   0.435072   0.562009   0.026715   0.303009   0.699456   0.724747   0.477222   0.927996   0.436529   0.561090   0.026208   0.303316   0.698581   0.724960   0.477549   0.929212   0.436865   0.560476   0.026102   0.308099   0.696021   0.728087   0.481899   0.929266   0.441277   0.560705   0.025173   0.336392   0.687949   0.739772   0.498730   0.928640   0.458453   0.565170   0.022076   0.399278   0.674076   0.759154   0.527668   0.927441   0.488179   0.577580   0.020322   0.483933   0.658630   0.784142   0.566780   0.926720   0.528711   0.592780   0.024026   0.572652   0.645066   0.812689   0.613915   0.926831   0.578045   0.602447   0.030498   0.641953   0.635984   0.839014   0.659709   0.926634   0.626445   0.606327   0.036734   0.663647   0.634253   0.859013   0.696096   0.926021   0.665228   0.607308   0.041977   0.627154   0.640287   0.870856   0.718314   0.925035   0.689045   0.607873   0.045553   0.548770   0.651520   0.873913   0.724116   0.923714   0.695277   0.610666   0.046552   0.453332   0.664897   0.868546   0.713850   0.922848   0.684234   0.618656   0.044135   0.367573   0.678028   0.852041   0.683080   0.922740   0.651290   0.633876   0.038288   0.317418   0.690389   0.823865   0.632676   0.923054   0.597741   0.641850   0.036261   0.303556   0.696890   0.802096   0.595111   0.923779   0.558103   0.637728   0.038254   0.303276   0.697459   0.792345   0.579107   0.924498   0.541374   0.633598   0.038163   0.303316   0.697741   0.784224   0.566033   0.924832   0.527758   0.630971   0.037064   0.303501   0.697786   0.777459   0.555323   0.924946   0.516638   0.628943   0.035703   0.303701   0.697663   0.771832   0.546555   0.924971   0.507562   0.627058   0.034436   0.303850   0.697465   0.767131   0.539324   0.925191   0.500094   0.625400   0.033373   0.303981   0.697199   0.763230   0.533396   0.925777   0.493986   0.624154   0.032535 
 24   0.122086   0.691592   0.750560   0.514000   0.932243   0.473977   0.667174   0.022724   0.302602   0.700442   0.754928   0.520454   0.931386   0.480592   0.674426   0.024691   0.303114   0.699235   0.755513   0.521351   0.932660   0.481517   0.676138   0.025463   0.303366   0.698345   0.755802   0.521819   0.935249   0.482004   0.677905   0.026056   0.303474   0.697768   0.754902   0.520502   0.936738   0.480657   0.678569   0.026528   0.312781   0.694073   0.759473   0.527274   0.936928   0.487602   0.680533   0.025153   0.354910   0.683259   0.775345   0.551700   0.936395   0.512827   0.688232   0.022261   0.439547   0.666943   0.799841   0.591390   0.935203   0.554211   0.703920   0.022127   0.547969   0.650135   0.829981   0.643136   0.934237   0.608757   0.719757   0.026716   0.651822   0.636796   0.861026   0.699620   0.934177   0.668955   0.727537   0.032507   0.713963   0.630181   0.886743   0.748969   0.934007   0.722079   0.727790   0.036892   0.707522   0.632333   0.904040   0.783599   0.933392   0.759658   0.723820   0.040173   0.643784   0.641067   0.912375   0.800753   0.932290   0.778371   0.720705   0.042266   0.551629   0.652793   0.912480   0.801021   0.930764   0.778675   0.722051   0.042554   0.453935   0.665311   0.904766   0.785223   0.929919   0.761456   0.730352   0.040896   0.369063   0.677393   0.886282   0.748260   0.929859   0.721355   0.746282   0.037169   0.318900   0.688954   0.857800   0.693488   0.930063   0.662367   0.754168   0.037069   0.305267   0.695176   0.836248   0.653571   0.930727   0.619686   0.750755   0.039804   0.304659   0.695912   0.826094   0.635683   0.931502   0.600741   0.748805   0.039783   0.304452   0.696257   0.817874   0.621483   0.931913   0.585757   0.748369   0.038693   0.304460   0.696361   0.810981   0.609763   0.931840   0.573428   0.748295   0.036983   0.304529   0.696343   0.805172   0.600009   0.931692   0.563189   0.748050   0.035264   0.304601   0.696213   0.800371   0.592039   0.931977   0.554842   0.747533   0.034028   0.304662   0.696040   0.796201   0.585197   0.932678   0.547691   0.746885   0.033071 
