timestamp=                2022-01-08T18:51:44.958538
shape=                    (5, 5)
sigma=                    2.5
nepochs=                  4
rate=                     0.00724
neighborhood function=    gaussian
init weights=             pca
topology=                 hexagonal
activation distance=      euclidean
output type=              labels
mapfile_prefix=           2017-2021_5x5_4_00724_13
apply classification=     False
apply activation=         False
seed=                     None
random order=             True
custom init file=         None
decay_function=           3

quantization error=       0.34995250
topographic error=        0.12813768

############ NEURONS #############
 25 192
  0   0.142312   0.688296   0.596668   0.322055   0.604754   0.282945   0.423868   0.032457   0.305596   0.694274   0.612317   0.337443   0.603555   0.297605   0.426894   0.035687   0.306113   0.693686   0.613228   0.338395   0.604250   0.298521   0.425606   0.032817   0.306515   0.693049   0.613741   0.338934   0.606217   0.299040   0.426149   0.032002   0.306725   0.692624   0.613399   0.338553   0.607372   0.298669   0.426428   0.031894   0.308673   0.690832   0.614459   0.339682   0.607355   0.299760   0.426830   0.031804   0.325322   0.683520   0.620793   0.346701   0.606695   0.306589   0.429533   0.030553   0.364616   0.671573   0.628784   0.355707   0.605544   0.315377   0.437650   0.031442   0.413661   0.660422   0.635756   0.363726   0.605101   0.323230   0.449977   0.037497   0.455298   0.653113   0.642774   0.371935   0.605514   0.331295   0.462381   0.045573   0.477748   0.650830   0.647973   0.378115   0.605667   0.337385   0.473433   0.052727   0.475093   0.653685   0.650430   0.381074   0.605567   0.340307   0.482216   0.057306   0.449380   0.660718   0.649578   0.380067   0.605175   0.339316   0.487924   0.058057   0.410891   0.669867   0.645623   0.375354   0.604416   0.334671   0.490202   0.054361   0.369385   0.679606   0.639619   0.368262   0.603715   0.327691   0.489363   0.047316   0.333335   0.688698   0.632481   0.359938   0.603606   0.319518   0.486581   0.039557   0.312594   0.694824   0.625415   0.351818   0.603923   0.311567   0.481955   0.035064   0.306979   0.696630   0.621460   0.347335   0.604454   0.307187   0.475956   0.034111   0.306739   0.696279   0.620231   0.345978   0.604843   0.305868   0.470406   0.033891   0.306594   0.695918   0.619071   0.344710   0.604836   0.304637   0.465674   0.034053   0.306501   0.695572   0.617938   0.343479   0.604844   0.303444   0.461516   0.034519   0.306442   0.695265   0.616760   0.342202   0.604789   0.302206   0.457688   0.034852   0.306381   0.694990   0.615639   0.340989   0.604776   0.301031   0.454001   0.034982   0.306272   0.694746   0.614710   0.339996   0.605136   0.300071   0.450553   0.035103 
  1   0.130253   0.690278   0.693550   0.435033   0.923639   0.393972   0.535995   0.024372   0.305862   0.698104   0.704845   0.449662   0.922445   0.408611   0.538428   0.024007   0.306200   0.697290   0.705535   0.450526   0.923135   0.409470   0.535923   0.023834   0.306494   0.696494   0.706227   0.451422   0.925040   0.410366   0.535577   0.023377   0.306733   0.695894   0.706125   0.451277   0.926169   0.410220   0.535297   0.023318   0.307658   0.695274   0.705723   0.450726   0.926313   0.409662   0.534128   0.023450   0.317503   0.692669   0.708525   0.454526   0.925928   0.413497   0.532781   0.023333   0.342660   0.686642   0.716195   0.465064   0.925073   0.424155   0.535229   0.022896   0.376063   0.679179   0.727258   0.480562   0.924644   0.439886   0.542852   0.024062   0.407808   0.672624   0.740524   0.499667   0.925097   0.459377   0.552040   0.027035   0.431292   0.668021   0.753717   0.519267   0.925352   0.479488   0.559622   0.029858   0.439975   0.666232   0.764676   0.536041   0.925155   0.496795   0.565059   0.031728   0.429130   0.667762   0.771659   0.546983   0.924521   0.508135   0.569606   0.032145   0.401355   0.672079   0.773720   0.550304   0.923421   0.511594   0.574713   0.030674   0.364243   0.677860   0.771166   0.546332   0.922639   0.507484   0.582211   0.026716   0.329764   0.684439   0.761424   0.531217   0.922499   0.491848   0.592107   0.022667   0.311231   0.690267   0.747454   0.509923   0.922692   0.469893   0.596354   0.023372   0.307248   0.692714   0.738609   0.496771   0.923257   0.456395   0.593837   0.026102   0.307172   0.692886   0.734542   0.490906   0.923856   0.450409   0.591262   0.026896   0.307205   0.692951   0.731128   0.486024   0.924111   0.445434   0.589277   0.027007   0.307281   0.692957   0.728096   0.481722   0.924127   0.441058   0.587538   0.027090   0.307383   0.692919   0.725419   0.477946   0.924057   0.437221   0.585910   0.027265   0.307501   0.692840   0.723168   0.474786   0.924174   0.434013   0.584622   0.027298   0.307602   0.692719   0.721327   0.472230   0.924614   0.431423   0.583682   0.027297 
  2   0.132662   0.688048   0.674222   0.410425   0.775375   0.369416   0.564586   0.028324   0.307168   0.693786   0.691606   0.431750   0.773862   0.390550   0.571580   0.030471   0.307681   0.693197   0.692732   0.433235   0.774639   0.392040   0.569212   0.028139   0.308114   0.692581   0.693660   0.434458   0.776833   0.393268   0.569388   0.027175   0.308389   0.692163   0.693533   0.434299   0.778141   0.393110   0.569135   0.026888   0.309273   0.691479   0.693242   0.433924   0.778164   0.392734   0.568230   0.026368   0.319325   0.687913   0.696680   0.438539   0.777492   0.397382   0.567947   0.024602   0.345964   0.680837   0.702876   0.446854   0.776275   0.405755   0.573646   0.023270   0.382348   0.673290   0.709302   0.455544   0.775790   0.414518   0.585450   0.025856   0.417528   0.667303   0.716536   0.465477   0.776240   0.424563   0.597255   0.031169   0.442411   0.663747   0.723163   0.474723   0.776392   0.433941   0.607064   0.036307   0.447885   0.663525   0.727935   0.481469   0.776243   0.440800   0.614627   0.039925   0.431483   0.666799   0.729659   0.483927   0.775761   0.443304   0.619727   0.040938   0.400222   0.672552   0.727832   0.481329   0.774858   0.440660   0.622295   0.038698   0.363016   0.679522   0.723122   0.474659   0.774064   0.433875   0.623032   0.033435   0.329897   0.686384   0.716025   0.464692   0.773962   0.423755   0.624086   0.027179   0.312004   0.691214   0.707907   0.453416   0.774322   0.412329   0.622849   0.024588   0.308117   0.692755   0.703180   0.446921   0.774925   0.405760   0.617772   0.024827   0.308134   0.692583   0.701762   0.445015   0.775381   0.403840   0.612469   0.024606   0.308209   0.692362   0.700505   0.443342   0.775408   0.402158   0.607982   0.024454   0.308312   0.692156   0.699245   0.441680   0.775425   0.400490   0.604009   0.024677   0.308388   0.692017   0.697875   0.439880   0.775355   0.398684   0.600118   0.025099   0.308426   0.691887   0.696625   0.438246   0.775345   0.397047   0.596388   0.025321   0.308477   0.691696   0.695752   0.437117   0.775751   0.395918   0.593021   0.025517 
  3   0.128729   0.688487   0.714740   0.462688   0.905185   0.421682   0.657014   0.023229   0.307935   0.694728   0.723595   0.474683   0.904209   0.433782   0.660801   0.023010   0.308290   0.694249   0.723728   0.474858   0.905039   0.433957   0.659702   0.022979   0.308604   0.693691   0.724102   0.475382   0.907200   0.434489   0.659792   0.022910   0.308860   0.693308   0.723604   0.474692   0.908503   0.433790   0.659233   0.023228   0.309272   0.693038   0.722349   0.472942   0.908640   0.432015   0.657936   0.023497   0.315100   0.691358   0.722950   0.473801   0.908158   0.432891   0.655934   0.023755   0.331874   0.687109   0.726529   0.478861   0.907151   0.438034   0.656685   0.024013   0.355510   0.681753   0.732197   0.486930   0.906660   0.446246   0.662615   0.025539   0.378675   0.677009   0.739500   0.497465   0.907162   0.456995   0.670192   0.028408   0.395810   0.673721   0.746869   0.508271   0.907484   0.468053   0.676462   0.031067   0.401266   0.672523   0.752915   0.517274   0.907407   0.477293   0.680971   0.032532   0.391970   0.673802   0.756514   0.522701   0.906880   0.482876   0.683689   0.032242   0.370991   0.677227   0.756984   0.523436   0.905873   0.483637   0.685046   0.030223   0.344992   0.681778   0.754593   0.519853   0.905102   0.479956   0.687074   0.026070   0.322135   0.686584   0.748473   0.510689   0.904966   0.470541   0.691676   0.022017   0.310922   0.690040   0.740893   0.499425   0.905179   0.458985   0.692243   0.022055   0.309120   0.691142   0.736380   0.492806   0.905702   0.452211   0.687980   0.023723   0.309098   0.691190   0.734135   0.489568   0.906187   0.448908   0.684620   0.024051   0.309102   0.691195   0.732182   0.486779   0.906281   0.446068   0.681536   0.023977   0.309138   0.691166   0.730443   0.484313   0.906190   0.443560   0.678632   0.024099   0.309187   0.691131   0.728834   0.482044   0.906027   0.441254   0.675799   0.024561   0.309240   0.691055   0.727493   0.480163   0.906057   0.439345   0.673224   0.024865   0.309316   0.690911   0.726513   0.478800   0.906468   0.437963   0.671106   0.024968 
  4   0.126616   0.688296   0.733123   0.488149   0.931824   0.447468   0.703666   0.019486   0.307307   0.694215   0.739602   0.497369   0.930964   0.456851   0.708368   0.018636   0.307708   0.693515   0.740335   0.498412   0.931978   0.457913   0.709698   0.019211   0.308056   0.692807   0.741210   0.499669   0.934348   0.459195   0.711768   0.019751   0.308342   0.692304   0.741150   0.499571   0.935791   0.459093   0.712698   0.020243   0.308974   0.691815   0.740621   0.498783   0.936026   0.458284   0.712578   0.020552   0.315964   0.689635   0.742534   0.501541   0.935606   0.461097   0.712112   0.021088   0.334229   0.684978   0.747767   0.509203   0.934600   0.468935   0.714926   0.021575   0.358423   0.679677   0.755118   0.520155   0.933949   0.480175   0.722223   0.022996   0.381507   0.675189   0.764046   0.533703   0.934398   0.494127   0.730145   0.025698   0.397971   0.672220   0.772574   0.546887   0.934797   0.507750   0.736321   0.028154   0.401902   0.671371   0.779148   0.557219   0.934729   0.518459   0.740343   0.029499   0.391680   0.672766   0.782899   0.563183   0.934132   0.524654   0.742322   0.029446   0.370948   0.675975   0.783417   0.564023   0.933003   0.525530   0.743082   0.028003   0.344979   0.680144   0.781104   0.560356   0.932265   0.521723   0.745907   0.024267   0.321820   0.684853   0.774045   0.549241   0.932170   0.510198   0.752807   0.020454   0.310727   0.688592   0.764844   0.534906   0.932322   0.495364   0.753175   0.021348   0.309099   0.689934   0.759268   0.526357   0.932827   0.486543   0.747414   0.023862   0.308949   0.690125   0.756211   0.521743   0.933367   0.481796   0.744093   0.024250   0.308850   0.690247   0.753545   0.517749   0.933525   0.477694   0.741166   0.023906   0.308800   0.690322   0.751156   0.514193   0.933321   0.474045   0.738231   0.023684   0.308793   0.690351   0.749061   0.511094   0.933063   0.470869   0.735338   0.023693   0.308812   0.690325   0.747350   0.508575   0.933144   0.468290   0.732834   0.023529   0.308853   0.690241   0.746008   0.506611   0.933616   0.466280   0.730722   0.023432 
  5   0.147083   0.689196   0.549818   0.275540   0.509027   0.238532   0.363445   0.033328   0.304105   0.695985   0.564125   0.288043   0.507417   0.250196   0.364499   0.036804   0.304615   0.695381   0.564544   0.288416   0.508064   0.250546   0.364015   0.034947   0.304792   0.694920   0.564349   0.288225   0.509898   0.250363   0.364079   0.034754   0.304885   0.694597   0.563597   0.287503   0.510978   0.249678   0.363830   0.035169   0.307901   0.691702   0.565567   0.289386   0.510941   0.251464   0.364717   0.035393   0.329748   0.681079   0.573460   0.297195   0.510270   0.258911   0.368580   0.034428   0.378311   0.664888   0.582193   0.306044   0.509128   0.267385   0.377103   0.037221   0.435734   0.650537   0.589505   0.313628   0.508688   0.274679   0.389176   0.046117   0.481141   0.641920   0.596573   0.321073   0.509088   0.281858   0.401364   0.055989   0.501790   0.640483   0.601474   0.326311   0.509249   0.286923   0.412199   0.064032   0.494044   0.645731   0.603461   0.328456   0.509175   0.289001   0.420594   0.068908   0.463662   0.655535   0.602209   0.327099   0.508828   0.287687   0.425818   0.069320   0.420951   0.667477   0.597870   0.322426   0.508135   0.283163   0.427653   0.064675   0.375533   0.679755   0.591448   0.315594   0.507485   0.276562   0.426364   0.056103   0.336434   0.690786   0.584134   0.307951   0.507388   0.269202   0.422692   0.046182   0.312878   0.698243   0.577171   0.300814   0.507696   0.262353   0.416936   0.039271   0.305632   0.700567   0.573150   0.296758   0.508208   0.258472   0.410156   0.037017   0.304960   0.700201   0.571594   0.295235   0.508570   0.257022   0.404099   0.036724   0.304472   0.699825   0.570103   0.293792   0.508537   0.255652   0.398831   0.037250   0.304043   0.699519   0.568604   0.292353   0.508526   0.254287   0.394064   0.038131   0.303746   0.699199   0.567070   0.290878   0.508466   0.252887   0.389763   0.038539   0.303541   0.698863   0.565598   0.289466   0.508450   0.251548   0.385801   0.038632   0.303298   0.698588   0.564266   0.288207   0.508787   0.250356   0.382041   0.038971 
  6   0.137675   0.688031   0.633912   0.362493   0.690371   0.322169   0.485834   0.030008   0.306425   0.693731   0.651278   0.381647   0.688686   0.340794   0.491504   0.032863   0.306935   0.693092   0.652693   0.383287   0.689401   0.342402   0.489422   0.030447   0.307355   0.692413   0.654054   0.384887   0.691459   0.343975   0.489349   0.029080   0.307612   0.691954   0.654365   0.385252   0.692669   0.344334   0.489004   0.028546   0.309066   0.690700   0.655198   0.386241   0.692660   0.345308   0.488522   0.028196   0.322690   0.685246   0.660867   0.393171   0.692005   0.352170   0.489860   0.026398   0.356312   0.675791   0.668868   0.403061   0.690846   0.361981   0.497142   0.025847   0.399941   0.666582   0.676193   0.412272   0.690397   0.371148   0.509387   0.030379   0.439955   0.659919   0.683839   0.422068   0.690818   0.380930   0.521563   0.037589   0.464839   0.656890   0.690126   0.430270   0.690946   0.389148   0.532050   0.044179   0.466188   0.658143   0.693887   0.435252   0.690805   0.394154   0.540256   0.048568   0.444528   0.663204   0.694205   0.435705   0.690369   0.394615   0.545946   0.049647   0.408300   0.670636   0.690947   0.431423   0.689547   0.390319   0.548948   0.046728   0.367539   0.679009   0.685083   0.423754   0.688793   0.382632   0.549497   0.040406   0.332204   0.686943   0.677443   0.413877   0.688676   0.372752   0.549055   0.033166   0.312453   0.692485   0.669254   0.403437   0.689012   0.362336   0.546213   0.029703   0.307544   0.694293   0.664462   0.397411   0.689574   0.356339   0.540541   0.029671   0.307467   0.694081   0.662995   0.395608   0.689992   0.354552   0.535054   0.029551   0.307490   0.693804   0.661702   0.394029   0.690008   0.352990   0.530523   0.029410   0.307537   0.693535   0.660450   0.392512   0.690038   0.351490   0.526606   0.029501   0.307556   0.693318   0.659153   0.390950   0.689988   0.349947   0.522881   0.029614   0.307539   0.693132   0.657948   0.389508   0.689976   0.348525   0.519236   0.029675   0.307523   0.692903   0.657098   0.388497   0.690356   0.347529   0.515935   0.029786 
  7   0.129391   0.688702   0.701558   0.445912   0.834243   0.404953   0.568712   0.034867   0.305914   0.694563   0.726277   0.478923   0.832914   0.438175   0.567228   0.037327   0.306701   0.693243   0.731937   0.486957   0.833640   0.446349   0.559965   0.033943   0.307357   0.692267   0.735576   0.492157   0.835839   0.451645   0.557088   0.032455   0.307830   0.691552   0.737444   0.494841   0.837171   0.454382   0.554958   0.032572   0.309707   0.690097   0.739893   0.498366   0.837282   0.457978   0.553431   0.031891   0.324058   0.685093   0.749016   0.511851   0.836789   0.471800   0.555473   0.027483   0.358012   0.676698   0.761379   0.530419   0.835754   0.490891   0.567025   0.022271   0.401995   0.668188   0.772269   0.547200   0.835268   0.508226   0.584155   0.022518   0.445947   0.661136   0.783815   0.565437   0.835621   0.527152   0.598480   0.027371   0.479955   0.656592   0.794240   0.582278   0.835657   0.544703   0.609998   0.033257   0.491079   0.655876   0.801623   0.594424   0.835350   0.557403   0.619978   0.038458   0.473158   0.659447   0.804480   0.599177   0.834700   0.562383   0.628801   0.041623   0.433375   0.666119   0.802197   0.595369   0.833621   0.558392   0.636847   0.041157   0.383577   0.674214   0.795421   0.584163   0.832791   0.546662   0.645819   0.036761   0.337733   0.682522   0.782897   0.563861   0.832735   0.525491   0.657752   0.029722   0.312870   0.689392   0.766610   0.538129   0.833095   0.498789   0.663384   0.026903   0.307504   0.692315   0.756462   0.522466   0.833709   0.482606   0.659070   0.028016   0.307494   0.692395   0.753096   0.517414   0.834250   0.477414   0.653214   0.027874   0.307589   0.692326   0.750514   0.513581   0.834434   0.473482   0.648104   0.027710   0.307741   0.692198   0.748275   0.510281   0.834519   0.470102   0.643548   0.028045   0.307845   0.692107   0.746218   0.507270   0.834447   0.467021   0.639005   0.028681   0.307878   0.692042   0.744422   0.504660   0.834474   0.464354   0.634596   0.029053   0.307959   0.691887   0.743090   0.502737   0.834943   0.462392   0.630626   0.029215 
  8   0.127194   0.690242   0.721869   0.472768   0.929669   0.431931   0.626404   0.022828   0.306004   0.697937   0.731577   0.486210   0.928546   0.445544   0.630458   0.022105   0.306356   0.696935   0.732613   0.487654   0.929379   0.447008   0.629544   0.022083   0.306692   0.695957   0.733831   0.489378   0.931521   0.448762   0.630021   0.021738   0.307000   0.695180   0.734208   0.489909   0.932762   0.449301   0.630158   0.021708   0.308401   0.694158   0.734730   0.490617   0.932841   0.450015   0.629547   0.021461   0.320714   0.690395   0.739529   0.497501   0.932316   0.457032   0.628572   0.020167   0.350332   0.682738   0.749442   0.512016   0.931255   0.471883   0.632299   0.018875   0.388465   0.673826   0.762732   0.532012   0.930663   0.492444   0.642292   0.020082   0.424684   0.666221   0.778539   0.556549   0.931016   0.517821   0.652070   0.023146   0.450435   0.661205   0.793817   0.581024   0.931148   0.543283   0.658729   0.026029   0.457756   0.659678   0.805998   0.601093   0.930846   0.564270   0.663429   0.027931   0.443309   0.661993   0.813683   0.614019   0.930120   0.577840   0.667168   0.028627   0.411288   0.667394   0.816207   0.618320   0.928957   0.582366   0.671198   0.027883   0.369859   0.674221   0.813912   0.614422   0.928137   0.578267   0.678367   0.024769   0.331979   0.681806   0.803609   0.597158   0.927997   0.560156   0.689739   0.021297   0.312416   0.688409   0.788263   0.571896   0.928212   0.533743   0.695343   0.022684   0.308515   0.691176   0.778190   0.555690   0.928789   0.516871   0.693004   0.026027   0.308282   0.691532   0.773104   0.547730   0.929353   0.508626   0.690375   0.027021   0.308138   0.691780   0.768705   0.540926   0.929543   0.501594   0.688215   0.027135   0.308047   0.691940   0.764819   0.534974   0.929534   0.495453   0.686280   0.027031   0.307984   0.692047   0.761359   0.529719   0.929471   0.490042   0.684299   0.026977   0.307950   0.692104   0.758331   0.525154   0.929613   0.485346   0.682452   0.026879   0.307946   0.692104   0.755738   0.521274   0.930111   0.481360   0.680782   0.026707 
  9   0.124735   0.688326   0.750971   0.514074   0.937929   0.473953   0.738823   0.017986   0.307424   0.694206   0.757953   0.524424   0.937226   0.484566   0.745294   0.017101   0.307833   0.693385   0.758950   0.525914   0.938366   0.486095   0.747949   0.018045   0.308200   0.692601   0.759964   0.527438   0.940855   0.487662   0.751102   0.018926   0.308484   0.692046   0.759963   0.527431   0.942364   0.487653   0.752820   0.019623   0.309286   0.691454   0.759585   0.526845   0.942635   0.487047   0.753260   0.020051   0.317267   0.688985   0.761987   0.530474   0.942216   0.490782   0.753251   0.020408   0.337261   0.683925   0.767973   0.539641   0.941181   0.500237   0.757010   0.020536   0.363104   0.678298   0.776130   0.552355   0.940408   0.513395   0.765293   0.021664   0.387482   0.673617   0.785919   0.567905   0.940779   0.529544   0.773547   0.024068   0.404062   0.670654   0.795154   0.582854   0.941179   0.545124   0.779705   0.026212   0.407083   0.669959   0.802120   0.594321   0.941089   0.557113   0.783590   0.027298   0.395469   0.671594   0.806022   0.600817   0.940455   0.563918   0.785483   0.027334   0.373132   0.675069   0.806475   0.601580   0.939290   0.564719   0.786484   0.026414   0.345868   0.679385   0.803912   0.597313   0.938612   0.560248   0.790689   0.023147   0.322081   0.684248   0.796090   0.584423   0.938587   0.546769   0.799518   0.019794   0.311075   0.688064   0.786221   0.568343   0.938764   0.529991   0.800631   0.021025   0.309540   0.689385   0.780423   0.559059   0.939309   0.520335   0.794793   0.023595   0.309372   0.689603   0.777086   0.553794   0.939916   0.514873   0.791448   0.024087   0.309253   0.689747   0.774155   0.549204   0.940138   0.510120   0.788456   0.023767   0.309165   0.689858   0.771428   0.544966   0.939899   0.505736   0.785454   0.023373   0.309113   0.689916   0.769025   0.541254   0.939624   0.501901   0.782546   0.023209   0.309104   0.689901   0.767090   0.538281   0.939767   0.498833   0.779998   0.023006   0.309144   0.689822   0.765539   0.535909   0.940294   0.496387   0.777791   0.022784 
 10   0.158817   0.688981   0.451599   0.193271   0.319262   0.162239   0.269877   0.042024   0.303803   0.695375   0.451541   0.192635   0.318734   0.161571   0.265968   0.051240   0.304257   0.694524   0.452256   0.193123   0.319296   0.162007   0.266965   0.052833   0.304471   0.693853   0.452813   0.193529   0.320932   0.162375   0.267690   0.055044   0.304633   0.693351   0.452780   0.193509   0.321899   0.162357   0.268019   0.057263   0.308168   0.690191   0.454533   0.194801   0.321855   0.163528   0.268853   0.058962   0.330927   0.677516   0.461134   0.199789   0.321244   0.168068   0.271535   0.060489   0.379621   0.657285   0.469971   0.206623   0.320221   0.174314   0.276836   0.066782   0.436521   0.639124   0.479189   0.213916   0.319834   0.181005   0.284025   0.077645   0.482562   0.628116   0.488176   0.221145   0.320234   0.187657   0.291602   0.087063   0.506104   0.626085   0.494892   0.226635   0.320436   0.192723   0.298519   0.094536   0.503191   0.632546   0.498520   0.229659   0.320409   0.195524   0.303764   0.099713   0.477392   0.644897   0.498629   0.229770   0.320105   0.195630   0.306700   0.100988   0.436493   0.660185   0.495220   0.226934   0.319467   0.193005   0.307159   0.096865   0.388527   0.676714   0.489007   0.221797   0.318873   0.188256   0.305438   0.088485   0.343142   0.692555   0.480781   0.215118   0.318784   0.182099   0.302024   0.078192   0.313281   0.703761   0.471945   0.208099   0.319054   0.175656   0.297221   0.069367   0.303180   0.707361   0.465997   0.203470   0.319518   0.171420   0.292067   0.065594   0.302239   0.706629   0.463125   0.201291   0.319860   0.169435   0.287729   0.065353   0.301788   0.705720   0.460737   0.199500   0.319838   0.167806   0.284140   0.067155   0.301495   0.704844   0.458498   0.197836   0.319814   0.166297   0.281042   0.069203   0.301177   0.704073   0.456329   0.196238   0.319739   0.164848   0.278136   0.069242   0.300829   0.703392   0.454366   0.194803   0.319711   0.163548   0.275304   0.068609   0.300449   0.702802   0.452674   0.193577   0.320001   0.162440   0.272723   0.068855 
 11   0.153405   0.689644   0.499117   0.230673   0.408666   0.196538   0.312280   0.035585   0.304063   0.696820   0.508038   0.237261   0.407779   0.202506   0.311485   0.040577   0.304460   0.696107   0.508374   0.237494   0.408360   0.202714   0.311509   0.040435   0.304612   0.695492   0.508688   0.237739   0.410086   0.202938   0.311523   0.041341   0.304703   0.695029   0.508476   0.237559   0.411108   0.202771   0.311216   0.042729   0.308108   0.691765   0.510616   0.239351   0.411062   0.204431   0.312030   0.043806   0.331003   0.679316   0.518320   0.246020   0.410407   0.210645   0.315176   0.044190   0.381111   0.659524   0.527803   0.254449   0.409311   0.218534   0.321559   0.048677   0.440202   0.641490   0.537079   0.262891   0.408887   0.226470   0.330657   0.058850   0.486881   0.630539   0.546045   0.271195   0.409265   0.234298   0.340215   0.069337   0.508820   0.628554   0.552653   0.277440   0.409417   0.240207   0.348812   0.078055   0.502160   0.635235   0.556030   0.280708   0.409347   0.243312   0.355524   0.084122   0.472314   0.647882   0.555619   0.280349   0.409016   0.242978   0.359789   0.086166   0.429747   0.662991   0.551559   0.276473   0.408358   0.239305   0.361163   0.082721   0.382778   0.678492   0.544830   0.270086   0.407734   0.233257   0.359819   0.074182   0.340273   0.692649   0.536654   0.262457   0.407644   0.226054   0.356390   0.063055   0.313221   0.702297   0.528352   0.254874   0.407956   0.218923   0.351143   0.053877   0.304238   0.705328   0.522835   0.249934   0.408463   0.214292   0.345107   0.049946   0.303341   0.704770   0.520183   0.247620   0.408819   0.212133   0.339737   0.049295   0.302774   0.704119   0.518013   0.245752   0.408790   0.210394   0.335107   0.050062   0.302242   0.703588   0.515927   0.243973   0.408783   0.208741   0.330952   0.051232   0.301895   0.703039   0.513870   0.242226   0.408731   0.207119   0.327231   0.051517   0.301662   0.702462   0.511986   0.240635   0.408709   0.205642   0.323866   0.051269   0.301397   0.701952   0.510366   0.239284   0.409020   0.204392   0.320690   0.051396 
 12   0.132930   0.689592   0.652760   0.385431   0.755464   0.344873   0.453290   0.038146   0.302893   0.696544   0.679536   0.417068   0.753248   0.376029   0.458120   0.038767   0.303461   0.695593   0.683820   0.422524   0.753865   0.381472   0.453078   0.034751   0.303916   0.694814   0.687039   0.426613   0.755866   0.385549   0.450638   0.032697   0.304357   0.694072   0.689108   0.429235   0.757044   0.388162   0.448619   0.031934   0.307405   0.691340   0.693908   0.435370   0.757097   0.394287   0.447746   0.030735   0.328070   0.682969   0.707656   0.453708   0.756585   0.412739   0.450832   0.026198   0.374887   0.670717   0.724489   0.476887   0.755578   0.436196   0.460785   0.023223   0.435288   0.659129   0.739763   0.498764   0.755126   0.458498   0.473054   0.027459   0.494446   0.650007   0.755744   0.522468   0.755366   0.482818   0.482673   0.035256   0.537104   0.644863   0.769875   0.544150   0.755225   0.505204   0.491181   0.043236   0.545401   0.645451   0.779734   0.559714   0.754796   0.521360   0.499920   0.050127   0.515927   0.651585   0.783403   0.565639   0.754131   0.527536   0.509435   0.054772   0.462316   0.661209   0.780131   0.560460   0.753143   0.522158   0.519539   0.055636   0.399541   0.672331   0.770707   0.545602   0.752353   0.506738   0.530373   0.051633   0.343948   0.683080   0.754918   0.521324   0.752296   0.481661   0.542657   0.041836   0.312702   0.691648   0.734933   0.491622   0.752689   0.451176   0.547906   0.035078   0.304947   0.695327   0.722014   0.472977   0.753306   0.432145   0.543516   0.034109   0.304893   0.695464   0.717522   0.466728   0.753825   0.425810   0.538054   0.032618   0.305041   0.695295   0.714315   0.462309   0.754011   0.421338   0.533746   0.031320   0.305225   0.695038   0.711624   0.458634   0.754160   0.417625   0.530104   0.030727   0.305284   0.694894   0.708987   0.455071   0.754152   0.414032   0.526485   0.030475   0.305265   0.694782   0.706631   0.451916   0.754167   0.410857   0.522882   0.030128   0.305249   0.694621   0.704724   0.449389   0.754590   0.408317   0.519569   0.029842 
 13   0.125785   0.689241   0.735461   0.491571   0.930908   0.450969   0.692564   0.019438   0.305988   0.695958   0.742641   0.501854   0.929989   0.461447   0.698048   0.019159   0.306416   0.695007   0.743820   0.503566   0.930998   0.463195   0.699614   0.019675   0.306798   0.694109   0.745099   0.505432   0.933400   0.465103   0.702079   0.020101   0.307114   0.693430   0.745451   0.505944   0.934805   0.465626   0.703485   0.020565   0.308841   0.692278   0.746334   0.507212   0.934991   0.466919   0.703760   0.020561   0.322167   0.688013   0.752072   0.515682   0.934545   0.475597   0.704092   0.019557   0.352486   0.680265   0.762770   0.531793   0.933466   0.492165   0.709948   0.018296   0.390281   0.672091   0.776285   0.552735   0.932729   0.513815   0.721197   0.019326   0.425743   0.665425   0.791724   0.577384   0.933055   0.539440   0.731150   0.022311   0.450515   0.661177   0.806035   0.600921   0.933273   0.564043   0.738015   0.025030   0.456543   0.660124   0.817083   0.619565   0.933025   0.583627   0.742482   0.026859   0.441044   0.662511   0.823744   0.631007   0.932271   0.595685   0.745184   0.027808   0.408894   0.667593   0.825557   0.634150   0.930994   0.599003   0.747344   0.027579   0.368407   0.673822   0.823169   0.630015   0.930186   0.594638   0.753171   0.024812   0.331445   0.680766   0.813235   0.613077   0.930081   0.576813   0.765350   0.021125   0.312532   0.687081   0.798202   0.587887   0.930243   0.550389   0.769991   0.022527   0.309042   0.689891   0.788223   0.571528   0.930803   0.533300   0.765332   0.026141   0.308713   0.690300   0.783211   0.563511   0.931421   0.524963   0.762350   0.026981   0.308482   0.690577   0.778930   0.556740   0.931665   0.517936   0.760041   0.026883   0.308309   0.690781   0.775087   0.550717   0.931550   0.511697   0.758003   0.026446   0.308195   0.690902   0.771742   0.545517   0.931386   0.506319   0.756056   0.026024   0.308150   0.690930   0.768983   0.541259   0.931549   0.501919   0.754172   0.025722   0.308130   0.690906   0.766677   0.537723   0.932100   0.498271   0.752417   0.025397 
 14   0.123730   0.688994   0.757829   0.524409   0.938524   0.484582   0.738324   0.018311   0.306788   0.695454   0.765197   0.535481   0.937804   0.495964   0.746022   0.017697   0.307177   0.694468   0.766348   0.537232   0.938914   0.497768   0.749264   0.018544   0.307559   0.693542   0.767517   0.539019   0.941364   0.499610   0.752966   0.019355   0.307866   0.692869   0.767675   0.539258   0.942808   0.499856   0.755071   0.020123   0.309718   0.691777   0.768290   0.540181   0.943056   0.500805   0.755562   0.020392   0.323290   0.687672   0.773582   0.548379   0.942631   0.509280   0.756026   0.019821   0.353922   0.680100   0.783779   0.564471   0.941583   0.525971   0.762313   0.018940   0.391590   0.672169   0.796734   0.585472   0.940765   0.547865   0.773428   0.020066   0.425995   0.665856   0.811426   0.609970   0.941020   0.573539   0.782833   0.022954   0.449165   0.661991   0.824868   0.633015   0.941268   0.597817   0.789289   0.025442   0.453536   0.661280   0.835041   0.650882   0.941012   0.616725   0.793210   0.027109   0.437323   0.663791   0.840993   0.661509   0.940253   0.628006   0.795300   0.027966   0.405738   0.668742   0.842369   0.663998   0.938994   0.630655   0.796974   0.027762   0.366360   0.674641   0.839762   0.659330   0.938240   0.625697   0.803225   0.024827   0.330769   0.681171   0.829870   0.641853   0.938150   0.607180   0.815918   0.021033   0.312950   0.686920   0.815648   0.617119   0.938298   0.581053   0.820719   0.022343   0.309827   0.689341   0.806504   0.601545   0.938853   0.564666   0.816284   0.025785   0.309537   0.689715   0.801704   0.593560   0.939512   0.556301   0.813290   0.026673   0.309319   0.689961   0.797586   0.586777   0.939814   0.549209   0.811050   0.026550   0.309149   0.690138   0.793858   0.580691   0.939663   0.542857   0.809087   0.025973   0.309041   0.690244   0.790609   0.575428   0.939503   0.537371   0.807252   0.025282   0.308985   0.690272   0.787921   0.571105   0.939746   0.532871   0.805410   0.024815   0.308959   0.690247   0.785632   0.567449   0.940339   0.529070   0.803548   0.024566 
 15   0.163331   0.691810   0.398313   0.156792   0.226406   0.129564   0.224499   0.050703   0.299646   0.700546   0.385948   0.148450   0.225686   0.122112   0.216913   0.064304   0.300412   0.699086   0.387141   0.149151   0.226235   0.122724   0.218186   0.068211   0.300628   0.698311   0.387364   0.149285   0.227795   0.122841   0.219039   0.071871   0.300801   0.697720   0.386998   0.149059   0.228708   0.122642   0.219520   0.075330   0.307039   0.691711   0.389766   0.150755   0.228669   0.124133   0.220728   0.078540   0.339436   0.670869   0.398599   0.156391   0.228083   0.129120   0.223208   0.084326   0.403480   0.640249   0.409993   0.163922   0.227101   0.135823   0.226950   0.096450   0.476031   0.613668   0.421426   0.171695   0.226765   0.142775   0.232169   0.109459   0.536689   0.596913   0.432238   0.179229   0.227197   0.149541   0.237954   0.117126   0.571664   0.593107   0.440638   0.185215   0.227417   0.154938   0.243583   0.122513   0.571299   0.602994   0.445234   0.188547   0.227418   0.157950   0.248497   0.126525   0.537034   0.623182   0.445358   0.188630   0.227152   0.158025   0.251883   0.127288   0.481355   0.648157   0.441334   0.185686   0.226547   0.155359   0.253077   0.122512   0.416693   0.674489   0.434243   0.180574   0.225965   0.150741   0.252068   0.114025   0.355295   0.699228   0.424597   0.173776   0.225858   0.144625   0.249434   0.104573   0.313548   0.716404   0.413678   0.166294   0.226087   0.137924   0.245480   0.094590   0.298201   0.721815   0.405608   0.160920   0.226501   0.133135   0.240930   0.088560   0.296556   0.720334   0.401109   0.158017   0.226798   0.130561   0.236761   0.087154   0.296044   0.718446   0.397587   0.155774   0.226750   0.128577   0.233356   0.089138   0.295924   0.716536   0.394400   0.153763   0.226718   0.126801   0.230647   0.091471   0.295611   0.714955   0.391247   0.151794   0.226635   0.125065   0.227996   0.090494   0.295016   0.713812   0.388377   0.150022   0.226584   0.123505   0.225232   0.088874   0.294463   0.712784   0.386025   0.148585   0.226842   0.122243   0.222712   0.089118 
 16   0.153178   0.698272   0.444490   0.188726   0.328735   0.158221   0.247845   0.059892   0.288659   0.713779   0.447353   0.190316   0.328035   0.159582   0.240142   0.069802   0.288345   0.712421   0.448368   0.191046   0.328576   0.160241   0.237981   0.072084   0.287829   0.711258   0.448858   0.191429   0.330168   0.160592   0.235990   0.076424   0.287188   0.710314   0.448381   0.191124   0.331043   0.160322   0.234113   0.081939   0.300066   0.698274   0.457393   0.197651   0.330927   0.166224   0.236511   0.086179   0.358739   0.665010   0.479051   0.214167   0.330240   0.181291   0.242105   0.094640   0.465809   0.623496   0.501422   0.232454   0.329117   0.198171   0.246147   0.116059   0.584258   0.588923   0.521190   0.249503   0.328689   0.214054   0.249976   0.138130   0.683665   0.565720   0.538321   0.264843   0.329022   0.228439   0.254586   0.147926   0.745047   0.557166   0.551057   0.276636   0.329106   0.239563   0.260139   0.151974   0.751774   0.566423   0.558103   0.283382   0.328992   0.245963   0.266594   0.155093   0.701898   0.591739   0.558320   0.283711   0.328649   0.246295   0.273111   0.156098   0.611465   0.626389   0.551673   0.277470   0.328027   0.240394   0.278289   0.151907   0.501243   0.664445   0.539620   0.266223   0.327458   0.229771   0.280857   0.143341   0.394284   0.700419   0.523320   0.251430   0.327376   0.215866   0.280360   0.129755   0.313001   0.730013   0.500946   0.232109   0.327677   0.197860   0.276541   0.107712   0.278762   0.742923   0.481980   0.216441   0.328179   0.183370   0.269001   0.093522   0.276219   0.741119   0.472992   0.209403   0.328514   0.176922   0.261206   0.092175   0.276026   0.737692   0.467324   0.205057   0.328459   0.172955   0.255542   0.093942   0.276063   0.734398   0.462662   0.201546   0.328446   0.169759   0.250875   0.096738   0.276401   0.731400   0.458334   0.198338   0.328402   0.166848   0.246817   0.096866   0.276784   0.728777   0.454319   0.195404   0.328382   0.164190   0.243003   0.096075   0.276932   0.726467   0.450919   0.192949   0.328677   0.161971   0.239489   0.096642 
 17   0.137133   0.698871   0.585346   0.311528   0.610869   0.273020   0.365316   0.050814   0.292464   0.714675   0.616945   0.343569   0.607186   0.303732   0.366884   0.050829   0.292710   0.712629   0.619877   0.346774   0.607593   0.306845   0.358735   0.049706   0.293013   0.710971   0.621263   0.348326   0.609369   0.308357   0.354484   0.049953   0.293105   0.709893   0.620821   0.347862   0.610378   0.307910   0.351605   0.050955   0.302035   0.701234   0.628135   0.355871   0.610258   0.315690   0.352464   0.051085   0.349367   0.675375   0.649149   0.380098   0.609467   0.339443   0.358159   0.053819   0.443273   0.640856   0.672948   0.409248   0.608166   0.368333   0.365326   0.068859   0.552556   0.612557   0.694819   0.437752   0.607588   0.396905   0.371735   0.092316   0.646372   0.596191   0.714689   0.464788   0.607738   0.424221   0.377973   0.112987   0.703705   0.592874   0.728761   0.484648   0.607570   0.444421   0.386258   0.128742   0.707421   0.602298   0.735605   0.494603   0.607269   0.454604   0.396669   0.138940   0.656114   0.622308   0.734149   0.492701   0.606873   0.452698   0.408320   0.142729   0.567912   0.648780   0.724339   0.478958   0.606278   0.438736   0.419650   0.138984   0.465948   0.676967   0.708242   0.456748   0.605725   0.416234   0.428621   0.126381   0.374987   0.701674   0.689227   0.431133   0.605740   0.390395   0.433808   0.104603   0.313927   0.719797   0.667986   0.403604   0.606233   0.362822   0.432735   0.078889   0.291505   0.726219   0.652270   0.383952   0.606882   0.343266   0.425538   0.063264   0.290420   0.724182   0.645365   0.375700   0.607262   0.335123   0.417135   0.058610   0.289957   0.722079   0.640739   0.370302   0.607207   0.329820   0.409564   0.056747   0.289450   0.720294   0.637129   0.366168   0.607248   0.325772   0.402321   0.056815   0.289244   0.718706   0.633759   0.362354   0.607262   0.322045   0.395631   0.057160   0.289323   0.717262   0.630360   0.358538   0.607274   0.318322   0.389557   0.057232   0.289422   0.715940   0.627248   0.355079   0.607654   0.314953   0.384063   0.057433 
 18   0.124747   0.690242   0.733306   0.488725   0.930049   0.448114   0.668849   0.021150   0.303972   0.697874   0.739781   0.497953   0.929038   0.457510   0.674240   0.021892   0.304445   0.696849   0.740773   0.499384   0.930079   0.458969   0.675145   0.022359   0.304768   0.695982   0.741735   0.500787   0.932515   0.460404   0.676704   0.022717   0.305029   0.695323   0.741743   0.500804   0.933902   0.460422   0.677202   0.023127   0.308969   0.693296   0.743941   0.503954   0.934042   0.463631   0.677361   0.022528   0.332227   0.686535   0.753547   0.518135   0.933527   0.478163   0.679733   0.020348   0.382940   0.675171   0.769795   0.542894   0.932389   0.503683   0.689597   0.019055   0.449327   0.663035   0.790389   0.575628   0.931598   0.537688   0.703733   0.021698   0.516620   0.652760   0.813467   0.613968   0.931778   0.577849   0.714196   0.026614   0.566456   0.646161   0.834520   0.650477   0.931797   0.616399   0.720313   0.031025   0.577389   0.645342   0.850328   0.678898   0.931349   0.646613   0.723425   0.034375   0.546169   0.650203   0.859391   0.695618   0.930421   0.664474   0.725086   0.036753   0.486765   0.658597   0.861428   0.699443   0.929019   0.668574   0.727482   0.037442   0.415079   0.668397   0.856991   0.691199   0.928148   0.659755   0.733912   0.035098   0.350893   0.678384   0.843082   0.665846   0.928038   0.632734   0.745844   0.030352   0.315327   0.687768   0.821052   0.626844   0.928235   0.591391   0.750269   0.030319   0.306860   0.692493   0.805087   0.599404   0.928866   0.562466   0.745569   0.033436   0.306396   0.693059   0.797658   0.587117   0.929562   0.549609   0.742628   0.033650   0.306141   0.693408   0.791484   0.577061   0.929870   0.539115   0.740724   0.032941   0.306016   0.693599   0.786198   0.568556   0.929820   0.530260   0.739135   0.031894   0.305955   0.693678   0.781650   0.561315   0.929708   0.522737   0.737548   0.030854   0.305896   0.693707   0.777736   0.555148   0.929921   0.516340   0.735813   0.030068   0.305864   0.693675   0.774401   0.549943   0.930536   0.510952   0.734113   0.029377 
 19   0.122278   0.689969   0.758326   0.525266   0.937806   0.485484   0.725456   0.019796   0.304603   0.697350   0.763488   0.533032   0.937025   0.493470   0.733193   0.020368   0.305068   0.696318   0.764136   0.534007   0.938283   0.494472   0.735929   0.021346   0.305429   0.695408   0.764847   0.535088   0.940918   0.495586   0.738956   0.022204   0.305688   0.694758   0.764519   0.534582   0.942456   0.495062   0.740546   0.022897   0.310732   0.692545   0.766775   0.538007   0.942694   0.498591   0.740998   0.022663   0.337482   0.685223   0.776736   0.553518   0.942177   0.514641   0.744540   0.021192   0.393975   0.673272   0.793446   0.580363   0.940988   0.542582   0.756218   0.020875   0.465643   0.661023   0.814295   0.615262   0.940041   0.579188   0.770613   0.024247   0.535378   0.651062   0.836872   0.654712   0.940114   0.620903   0.781268   0.029251   0.582730   0.645215   0.856953   0.691260   0.940144   0.659849   0.787726   0.033283   0.587178   0.645340   0.871611   0.718852   0.939671   0.689437   0.790265   0.036139   0.548771   0.651010   0.879377   0.733797   0.938656   0.705530   0.790953   0.038137   0.484503   0.659943   0.879921   0.734873   0.937162   0.706694   0.792714   0.038832   0.411629   0.669923   0.873857   0.723191   0.936337   0.694112   0.799430   0.036623   0.348372   0.679773   0.858697   0.694589   0.936304   0.663427   0.811897   0.031743   0.315012   0.688200   0.837656   0.655985   0.936535   0.622230   0.815966   0.031257   0.307771   0.692141   0.823223   0.630275   0.937222   0.594947   0.811077   0.033841   0.307345   0.692649   0.816094   0.617987   0.938023   0.581987   0.808527   0.033746   0.307099   0.692929   0.810214   0.607993   0.938425   0.571476   0.806887   0.032940   0.306944   0.693089   0.805049   0.599317   0.938301   0.562370   0.805580   0.031707   0.306848   0.693169   0.800553   0.591844   0.938139   0.554543   0.804252   0.030432   0.306796   0.693146   0.796834   0.585719   0.938425   0.548139   0.802605   0.029625   0.306733   0.693096   0.793586   0.580419   0.939104   0.542606   0.800712   0.029142 
 20   0.160875   0.698260   0.376068   0.143534   0.192583   0.117961   0.200573   0.110750   0.284824   0.712945   0.352480   0.128868   0.192060   0.105030   0.190276   0.164491   0.285075   0.710444   0.353643   0.129500   0.192582   0.105575   0.191078   0.175451   0.284903   0.708606   0.354195   0.129810   0.194041   0.105843   0.191638   0.185901   0.284787   0.707200   0.353913   0.129647   0.194852   0.105701   0.191963   0.195716   0.299102   0.697129   0.358109   0.132036   0.194778   0.107775   0.193137   0.203438   0.358567   0.666572   0.370180   0.139216   0.194184   0.114057   0.195523   0.213690   0.462883   0.623997   0.385270   0.148612   0.193223   0.122340   0.198052   0.229375   0.576182   0.585749   0.400250   0.158291   0.192971   0.130927   0.200959   0.240129   0.671281   0.558758   0.414001   0.167472   0.193471   0.139117   0.204095   0.239811   0.731056   0.547836   0.424821   0.174915   0.193734   0.145790   0.207108   0.237287   0.740303   0.556534   0.431373   0.179537   0.193772   0.149952   0.210113   0.236419   0.696824   0.582912   0.432711   0.180508   0.193536   0.150832   0.212753   0.235062   0.614346   0.619877   0.428638   0.177633   0.192968   0.148242   0.214167   0.229171   0.508706   0.662764   0.419718   0.171411   0.192389   0.142650   0.213848   0.222309   0.399961   0.706297   0.405883   0.162031   0.192200   0.134260   0.212100   0.219617   0.313993   0.740639   0.388360   0.150581   0.192315   0.124084   0.209032   0.214700   0.276895   0.752758   0.374921   0.142101   0.192650   0.116590   0.205054   0.210559   0.273934   0.748220   0.368230   0.138051   0.192889   0.113036   0.201243   0.211230   0.274042   0.742622   0.363489   0.135241   0.192800   0.110579   0.198224   0.215558   0.274691   0.737495   0.359451   0.132880   0.192758   0.108520   0.195933   0.219798   0.275022   0.733294   0.355855   0.130804   0.192692   0.106712   0.193742   0.218082   0.274758   0.730045   0.352758   0.129033   0.192649   0.105173   0.191448   0.214790   0.274425   0.727196   0.350308   0.127643   0.192894   0.103967   0.189478   0.214618 
 21   0.151141   0.693058   0.452738   0.195117   0.301328   0.164068   0.244710   0.164706   0.278517   0.702681   0.441725   0.186937   0.303510   0.156640   0.234146   0.271896   0.277706   0.700165   0.443860   0.188513   0.303879   0.158072   0.233700   0.295704   0.276909   0.698137   0.445337   0.189622   0.305300   0.159081   0.233916   0.312890   0.275956   0.696753   0.445705   0.189929   0.306037   0.159365   0.234201   0.329433   0.291329   0.691213   0.448148   0.191720   0.305867   0.160989   0.234584   0.341517   0.357066   0.671552   0.457918   0.199026   0.305186   0.167634   0.237126   0.338154   0.469754   0.641215   0.473444   0.211082   0.304154   0.178673   0.240746   0.336812   0.586860   0.613296   0.489977   0.224473   0.303913   0.191024   0.243950   0.344235   0.681019   0.592940   0.505032   0.237094   0.304446   0.202735   0.247243   0.340404   0.739424   0.582882   0.516428   0.246948   0.304718   0.211928   0.250268   0.332161   0.751841   0.585821   0.522897   0.252683   0.304760   0.217302   0.253029   0.325781   0.716088   0.601646   0.523692   0.253417   0.304541   0.217995   0.255265   0.320963   0.639557   0.627281   0.518633   0.248932   0.304012   0.213793   0.256432   0.314631   0.533779   0.659977   0.508139   0.239783   0.303404   0.205245   0.255837   0.310742   0.417449   0.695509   0.492583   0.226638   0.303133   0.193030   0.253227   0.315319   0.315678   0.726956   0.473067   0.210774   0.303201   0.178389   0.248668   0.327385   0.267171   0.739668   0.459182   0.199863   0.303518   0.168378   0.243486   0.342465   0.262754   0.735592   0.454085   0.196058   0.303738   0.164918   0.239425   0.353643   0.262438   0.730235   0.450846   0.193690   0.303625   0.162773   0.236474   0.363497   0.262391   0.725487   0.448055   0.191674   0.303615   0.160949   0.234197   0.371322   0.262494   0.721462   0.445535   0.189863   0.303624   0.159314   0.232163   0.371911   0.262546   0.718050   0.443356   0.188303   0.303640   0.157905   0.230120   0.369492   0.262528   0.714969   0.441705   0.187134   0.303932   0.156851   0.228297   0.369012 
 22   0.147126   0.700034   0.505648   0.236906   0.440044   0.202435   0.293732   0.053112   0.290936   0.717379   0.526674   0.254107   0.439293   0.218319   0.293413   0.057387   0.290396   0.716035   0.527788   0.255092   0.439747   0.219240   0.288481   0.058422   0.290032   0.714781   0.528341   0.255615   0.441391   0.219735   0.284989   0.061066   0.289602   0.713887   0.527797   0.255172   0.442293   0.219326   0.281854   0.064395   0.301291   0.701936   0.535418   0.261887   0.442143   0.225605   0.282427   0.066953   0.357260   0.665797   0.556221   0.281168   0.441368   0.243794   0.286991   0.072445   0.462131   0.617300   0.579672   0.304298   0.440103   0.265851   0.291632   0.089967   0.579246   0.576606   0.601514   0.327085   0.439548   0.287798   0.295911   0.112779   0.677827   0.551780   0.621163   0.348501   0.439749   0.308586   0.300864   0.129333   0.738510   0.545503   0.635690   0.365010   0.439671   0.324732   0.307475   0.141235   0.744253   0.559560   0.643601   0.374348   0.439432   0.333927   0.315918   0.150318   0.693306   0.590547   0.643518   0.374456   0.439036   0.334068   0.325167   0.155327   0.601937   0.630486   0.635370   0.365148   0.438423   0.324956   0.333373   0.153570   0.491986   0.672358   0.620953   0.348791   0.437890   0.308963   0.338852   0.144104   0.388839   0.709068   0.602723   0.328650   0.437899   0.289362   0.340618   0.125309   0.313844   0.735945   0.581039   0.305807   0.438345   0.267320   0.337336   0.098660   0.283367   0.745343   0.563850   0.288480   0.438975   0.250731   0.329074   0.081990   0.281536   0.741701   0.555519   0.280471   0.439373   0.243127   0.320345   0.078730   0.281166   0.737821   0.550055   0.275327   0.439330   0.238262   0.313072   0.078472   0.280698   0.734631   0.545585   0.271195   0.439350   0.234366   0.306402   0.079609   0.280620   0.731900   0.541384   0.267370   0.439350   0.230769   0.300693   0.079761   0.280741   0.729655   0.537236   0.263636   0.439360   0.227264   0.295716   0.079156   0.280912   0.727622   0.533636   0.260427   0.439700   0.224259   0.291223   0.078950 
 23   0.126015   0.692285   0.711817   0.459426   0.926446   0.418521   0.562961   0.026045   0.302160   0.701744   0.721853   0.473110   0.925272   0.432343   0.566198   0.026916   0.302698   0.700439   0.723313   0.475189   0.926134   0.434460   0.563455   0.026546   0.303018   0.699413   0.724367   0.476676   0.928274   0.435971   0.562563   0.026086   0.303321   0.698545   0.724571   0.476976   0.929485   0.436279   0.561873   0.026019   0.308141   0.695987   0.727687   0.481305   0.929538   0.440668   0.562062   0.025041   0.336442   0.687930   0.739377   0.498124   0.928917   0.457827   0.566523   0.021927   0.399468   0.674091   0.758727   0.526994   0.927722   0.487480   0.578846   0.020289   0.484726   0.658584   0.783764   0.566164   0.927001   0.528067   0.593887   0.024069   0.573635   0.645027   0.812312   0.613267   0.927111   0.577362   0.603435   0.030536   0.642915   0.636018   0.838576   0.658931   0.926918   0.625620   0.607250   0.036715   0.665109   0.634201   0.858581   0.695292   0.926305   0.664367   0.608088   0.041865   0.627904   0.640252   0.870356   0.717358   0.925317   0.688016   0.608738   0.045355   0.548575   0.651578   0.873381   0.723103   0.923990   0.694188   0.611628   0.046399   0.453635   0.664897   0.868139   0.713090   0.923124   0.683419   0.619423   0.044066   0.368041   0.677979   0.851754   0.682568   0.923018   0.650747   0.634568   0.038301   0.317493   0.690368   0.823530   0.632094   0.923330   0.597126   0.642527   0.036402   0.303535   0.696882   0.801664   0.594369   0.924054   0.557320   0.638440   0.038422   0.303252   0.697477   0.791811   0.578208   0.924773   0.540431   0.634438   0.038286   0.303246   0.697795   0.783615   0.565035   0.925105   0.526715   0.631738   0.037129   0.303412   0.697842   0.776853   0.554363   0.925218   0.515641   0.629541   0.035752   0.303616   0.697735   0.771243   0.545642   0.925245   0.506617   0.627590   0.034496   0.303762   0.697562   0.766525   0.538400   0.925466   0.499141   0.625889   0.033409   0.303883   0.697316   0.762567   0.532395   0.926054   0.492956   0.624506   0.032525 
 24   0.122078   0.691594   0.750492   0.513880   0.932274   0.473851   0.667578   0.022736   0.302564   0.700431   0.754845   0.520313   0.931421   0.480445   0.674717   0.024653   0.303090   0.699228   0.755384   0.521141   0.932696   0.481299   0.676375   0.025470   0.303335   0.698356   0.755620   0.521532   0.935289   0.481707   0.678142   0.026056   0.303448   0.697768   0.754755   0.520272   0.936779   0.480419   0.678801   0.026486   0.312751   0.694072   0.759372   0.527119   0.936972   0.487442   0.680748   0.025125   0.354877   0.683299   0.775285   0.551614   0.936444   0.512740   0.688388   0.022249   0.440004   0.667010   0.799896   0.591495   0.935249   0.554324   0.704055   0.022170   0.548590   0.650256   0.830111   0.643375   0.934282   0.609013   0.719975   0.026820   0.652215   0.636936   0.861116   0.699805   0.934222   0.669156   0.727925   0.032651   0.714075   0.630299   0.886705   0.748905   0.934050   0.722012   0.728349   0.037114   0.707566   0.632381   0.903901   0.783320   0.933432   0.759356   0.724616   0.040296   0.643649   0.641107   0.912245   0.800484   0.932327   0.778077   0.721709   0.042190   0.551744   0.652799   0.912392   0.800843   0.930797   0.778481   0.723039   0.042412   0.454497   0.665197   0.904749   0.785199   0.929952   0.761432   0.731049   0.040760   0.369339   0.677299   0.886297   0.748306   0.929892   0.721408   0.746721   0.037085   0.319009   0.688930   0.857692   0.693303   0.930097   0.662173   0.754390   0.037059   0.305205   0.695206   0.836010   0.653156   0.930760   0.619247   0.750748   0.039820   0.304641   0.695911   0.825947   0.635439   0.931534   0.600486   0.748828   0.039771   0.304448   0.696255   0.817753   0.621291   0.931942   0.585558   0.748462   0.038637   0.304391   0.696425   0.810686   0.609274   0.931865   0.572915   0.748323   0.036959   0.304468   0.696394   0.804849   0.599475   0.931719   0.562630   0.748048   0.035236   0.304551   0.696263   0.800023   0.591471   0.932007   0.554249   0.747388   0.034022   0.304582   0.696119   0.795794   0.584542   0.932709   0.547009   0.746524   0.033131 
