timestamp=                2021-11-23T19:31:20.194011
shape=                    (5, 5)
sigma=                    2.5
nepochs=                  4
thresh=                   None
rate=                     0.00724
neighborhood function=    gaussian
init weights=             pca
topology=                 hexagonal
activation distance=      euclidean
output type=              labels
mapfile_prefix=           full2017_5x5_4_00724_3_05
apply classification=     False
seed=                     None
random order=             True
custom init file=         None
order labels by size=     False
decay_function=           3

Quantization Error=       0.34780179
Topographic Error=        0.15641277

############ NEURONS #############
 25 192
  0   0.127342   0.669814   0.703371   0.448755   0.918193   0.407891   0.518811   0.029108   0.304199   0.678456   0.718897   0.469296   0.917152   0.428531   0.521843   0.029242   0.304626   0.677305   0.720510   0.471457   0.917897   0.430707   0.518286   0.028939   0.304994   0.676281   0.721728   0.473103   0.919703   0.432366   0.518256   0.027867   0.305283   0.675455   0.722282   0.473866   0.920778   0.433138   0.519256   0.027345   0.306425   0.674593   0.722773   0.474561   0.920856   0.433845   0.519820   0.027073   0.317510   0.671315   0.727897   0.481879   0.920382   0.441302   0.521589   0.025206   0.345295   0.663883   0.739156   0.498052   0.919567   0.457798   0.529931   0.021887   0.381792   0.654788   0.753609   0.519217   0.919105   0.479462   0.544483   0.021460   0.417780   0.646653   0.770155   0.544290   0.919393   0.505286   0.559742   0.024434   0.445388   0.640863   0.786414   0.569861   0.919519   0.531804   0.572284   0.028222   0.454632   0.638833   0.799455   0.591045   0.919208   0.553904   0.581940   0.031332   0.441052   0.640960   0.807171   0.603869   0.918492   0.567339   0.590984   0.032758   0.408322   0.646282   0.808894   0.606770   0.917452   0.570386   0.601181   0.031626   0.365763   0.653299   0.804695   0.599721   0.916772   0.562987   0.614344   0.028043   0.328637   0.661409   0.791062   0.577286   0.916709   0.539527   0.629365   0.025749   0.310341   0.668238   0.773716   0.549341   0.916961   0.510419   0.636292   0.028618   0.306862   0.670844   0.763962   0.534052   0.917518   0.494576   0.634175   0.032222   0.306842   0.670994   0.759689   0.527538   0.918105   0.487861   0.631111   0.033242   0.306916   0.671018   0.756265   0.522381   0.918403   0.482557   0.628533   0.033753   0.306997   0.671018   0.753288   0.517955   0.918473   0.478015   0.626366   0.034150   0.307076   0.670993   0.750650   0.514057   0.918424   0.474021   0.624588   0.034277   0.307160   0.670953   0.748301   0.510607   0.918560   0.470489   0.623436   0.034155   0.307250   0.670894   0.746230   0.507598   0.918996   0.467415   0.622744   0.034265 262566
  1   0.145424   0.666117   0.567124   0.293051   0.557648   0.255297   0.391073   0.041086   0.305376   0.671473   0.589471   0.313396   0.556613   0.274421   0.395751   0.045812   0.305856   0.670987   0.590844   0.314768   0.557201   0.275731   0.395058   0.040577   0.306168   0.670459   0.591334   0.315265   0.558836   0.276207   0.395813   0.038795   0.306334   0.670094   0.591067   0.314989   0.559782   0.275943   0.396542   0.038050   0.307934   0.668356   0.592120   0.316062   0.559737   0.276971   0.397417   0.037720   0.322843   0.660365   0.599095   0.323425   0.559114   0.284074   0.399962   0.036104   0.359437   0.646806   0.608037   0.333017   0.558110   0.293352   0.407781   0.037085   0.405722   0.634190   0.615118   0.340794   0.557754   0.300907   0.420076   0.044283   0.444760   0.625910   0.622097   0.348609   0.558195   0.308527   0.432451   0.053817   0.465500   0.623258   0.627296   0.354540   0.558374   0.314328   0.443578   0.061997   0.462544   0.626493   0.629759   0.357397   0.558249   0.317131   0.452795   0.067004   0.438500   0.634462   0.628937   0.356472   0.557887   0.316228   0.459730   0.067615   0.402149   0.645137   0.624708   0.351653   0.557241   0.311516   0.463981   0.063194   0.362623   0.656691   0.618065   0.344162   0.556599   0.304203   0.465340   0.054764   0.329242   0.667201   0.610214   0.335429   0.556456   0.295700   0.464640   0.045162   0.310785   0.673810   0.603009   0.327540   0.556743   0.288040   0.461672   0.039288   0.306130   0.675434   0.599317   0.323552   0.557213   0.284178   0.456752   0.037805   0.306016   0.674915   0.598240   0.322419   0.557567   0.283085   0.451802   0.037609   0.305927   0.674447   0.597267   0.321407   0.557579   0.282112   0.447413   0.038070   0.305840   0.674057   0.596246   0.320357   0.557626   0.281103   0.443468   0.038909   0.305791   0.673719   0.595125   0.319207   0.557656   0.280000   0.439898   0.039516   0.305745   0.673400   0.594106   0.318164   0.557681   0.278999   0.436572   0.039837   0.305673   0.673088   0.593349   0.317402   0.557979   0.278271   0.433411   0.040222 345074
  2   0.157752   0.666559   0.456758   0.197409   0.347791   0.166041   0.284492   0.048630   0.304733   0.672051   0.467907   0.204986   0.347281   0.172811   0.283979   0.057975   0.305143   0.671139   0.469637   0.206247   0.347789   0.173952   0.284404   0.057597   0.305413   0.670345   0.471104   0.207362   0.349237   0.174968   0.285095   0.058564   0.305622   0.669724   0.471952   0.208015   0.350071   0.175564   0.285650   0.060222   0.308131   0.667194   0.473878   0.209511   0.350001   0.176932   0.286529   0.061540   0.327013   0.655644   0.480880   0.215086   0.349399   0.182052   0.288811   0.061906   0.369886   0.635765   0.490594   0.222977   0.348463   0.189325   0.294077   0.066919   0.422223   0.617008   0.500262   0.231041   0.348134   0.196791   0.301655   0.078291   0.467185   0.604416   0.510004   0.239330   0.348550   0.204494   0.309481   0.089417   0.491866   0.600641   0.517461   0.245807   0.348749   0.210533   0.316693   0.098057   0.490250   0.606059   0.521506   0.249402   0.348670   0.213899   0.322593   0.103553   0.466081   0.618297   0.521744   0.249653   0.348357   0.214141   0.326758   0.104748   0.426620   0.634626   0.518021   0.246385   0.347769   0.211087   0.328975   0.100358   0.380066   0.652737   0.510991   0.240236   0.347180   0.205347   0.329155   0.091082   0.337685   0.669552   0.501963   0.232485   0.347040   0.198133   0.327389   0.079248   0.311518   0.680628   0.492947   0.224910   0.347289   0.191110   0.323802   0.069629   0.303472   0.683732   0.487256   0.220212   0.347721   0.186768   0.319288   0.066162   0.303084   0.682789   0.484681   0.218134   0.348056   0.184854   0.315177   0.066023   0.302840   0.681848   0.482611   0.216488   0.348068   0.183342   0.311604   0.067787   0.302636   0.680993   0.480808   0.215070   0.348100   0.182043   0.308322   0.070252   0.302491   0.680167   0.479176   0.213794   0.348116   0.180875   0.305373   0.070860   0.302303   0.679451   0.477628   0.212595   0.348137   0.179779   0.302668   0.070435   0.301996   0.678886   0.476260   0.211551   0.348403   0.178827   0.300080   0.070618 398993
  3   0.161314   0.675186   0.367745   0.138448   0.200144   0.113488   0.202482   0.110286   0.287569   0.688183   0.353688   0.129721   0.199734   0.105794   0.194455   0.160555   0.288433   0.685515   0.355981   0.130985   0.200261   0.106886   0.196013   0.170425   0.288900   0.683716   0.356955   0.131538   0.201544   0.107366   0.197448   0.177751   0.289165   0.682438   0.357056   0.131599   0.202251   0.107420   0.198323   0.184921   0.300298   0.672972   0.361756   0.134287   0.202200   0.109757   0.200041   0.191307   0.349803   0.643522   0.374398   0.141868   0.201650   0.116400   0.202901   0.201892   0.440022   0.602399   0.389462   0.151368   0.200805   0.124794   0.205706   0.220808   0.538766   0.566347   0.403581   0.160617   0.200591   0.133019   0.208922   0.236274   0.621928   0.541453   0.416406   0.169284   0.201070   0.140767   0.212423   0.239346   0.672826   0.532208   0.426464   0.176265   0.201334   0.147037   0.215739   0.238068   0.677353   0.541811   0.432342   0.180434   0.201323   0.150796   0.219063   0.236631   0.636836   0.567277   0.433282   0.181118   0.201071   0.151416   0.222009   0.233823   0.564048   0.602255   0.429058   0.178107   0.200552   0.148699   0.223744   0.226752   0.473050   0.642242   0.420274   0.171930   0.199998   0.143139   0.223708   0.218461   0.381473   0.681789   0.407157   0.162976   0.199793   0.135120   0.222106   0.211938   0.310628   0.712719   0.390481   0.152019   0.199915   0.125369   0.219292   0.202722   0.280932   0.723951   0.377497   0.143785   0.200230   0.118086   0.215515   0.196665   0.278769   0.720501   0.371126   0.139917   0.200474   0.114690   0.211722   0.196581   0.278677   0.716142   0.366737   0.137304   0.200442   0.112403   0.208756   0.200223   0.279012   0.712080   0.363053   0.135139   0.200450   0.110513   0.206519   0.204173   0.279199   0.708680   0.359773   0.133237   0.200445   0.108856   0.204391   0.203449   0.278890   0.706154   0.356847   0.131557   0.200448   0.107394   0.202113   0.201145   0.278549   0.703961   0.354545   0.130245   0.200672   0.106254   0.199992   0.201016 178342
  4   0.152314   0.672391   0.427323   0.177514   0.270606   0.148258   0.231541   0.208783   0.277592   0.682611   0.417702   0.170915   0.272295   0.142341   0.222522   0.347975   0.277190   0.679746   0.420077   0.172556   0.272716   0.143815   0.223413   0.370422   0.277011   0.677643   0.421460   0.173547   0.274001   0.144712   0.224482   0.383703   0.276525   0.676256   0.421719   0.173774   0.274662   0.144923   0.225310   0.398534   0.290967   0.670352   0.423861   0.175265   0.274532   0.146263   0.225920   0.409481   0.354374   0.648878   0.433026   0.181716   0.273880   0.152074   0.228295   0.403836   0.465786   0.614890   0.448213   0.192806   0.272963   0.162130   0.231584   0.400583   0.583386   0.583149   0.464568   0.205273   0.272770   0.173517   0.234465   0.407756   0.677627   0.560453   0.479356   0.216955   0.273292   0.184255   0.237481   0.403121   0.734645   0.549969   0.490542   0.226062   0.273592   0.192669   0.240188   0.392968   0.743864   0.554465   0.496813   0.231276   0.273626   0.197503   0.242711   0.383960   0.704120   0.573539   0.497414   0.231780   0.273400   0.197971   0.244916   0.376962   0.625418   0.603306   0.492238   0.227447   0.272905   0.193950   0.246131   0.369955   0.519913   0.640319   0.481528   0.218662   0.272330   0.185823   0.245719   0.366387   0.405901   0.679755   0.465473   0.205938   0.272056   0.174122   0.243609   0.372228   0.309308   0.713062   0.446051   0.191165   0.272130   0.160632   0.239726   0.388282   0.265710   0.724946   0.432882   0.181502   0.272424   0.151864   0.235115   0.406750   0.262648   0.719578   0.428114   0.178184   0.272643   0.148880   0.231356   0.418485   0.262447   0.713523   0.424917   0.176001   0.272569   0.146924   0.228641   0.429292   0.262470   0.708153   0.422281   0.174218   0.272574   0.145328   0.226715   0.438195   0.262564   0.703562   0.420040   0.172712   0.272609   0.143982   0.225005   0.439936   0.262420   0.699768   0.418116   0.171424   0.272647   0.142831   0.223209   0.438491   0.262207   0.696417   0.416733   0.170506   0.272905   0.142013   0.221434   0.438445 98371
  5   0.128152   0.667521   0.709409   0.455794   0.891518   0.414787   0.672648   0.029752   0.307694   0.674422   0.721168   0.471411   0.890613   0.430484   0.677146   0.029037   0.308008   0.674154   0.720152   0.470015   0.891372   0.429073   0.675236   0.028996   0.308279   0.673767   0.719384   0.468973   0.893307   0.428022   0.674811   0.028844   0.308466   0.673527   0.717972   0.467042   0.894416   0.426071   0.673762   0.028959   0.308743   0.673393   0.716062   0.464420   0.894437   0.423420   0.671770   0.029297   0.313734   0.671974   0.715507   0.463667   0.893884   0.422660   0.669165   0.030022   0.329314   0.667671   0.717867   0.466930   0.892928   0.425964   0.669347   0.030660   0.352230   0.661786   0.722722   0.473669   0.892528   0.432792   0.674849   0.032410   0.374539   0.656591   0.729141   0.482684   0.893069   0.441945   0.682914   0.035698   0.390077   0.653148   0.735610   0.491891   0.893404   0.451316   0.690486   0.038617   0.393815   0.652105   0.740774   0.499337   0.893311   0.458912   0.696388   0.039837   0.384168   0.653717   0.743604   0.503473   0.892837   0.463142   0.700196   0.038970   0.364152   0.657535   0.743536   0.503397   0.891975   0.463068   0.702324   0.036111   0.339978   0.662468   0.740907   0.499565   0.891251   0.459152   0.704276   0.031072   0.319627   0.667294   0.735655   0.491916   0.891079   0.451333   0.707274   0.026535   0.310098   0.670125   0.730218   0.484047   0.891303   0.443300   0.707560   0.025779   0.308758   0.670627   0.727471   0.480115   0.891794   0.439293   0.704454   0.026600   0.308821   0.670450   0.726227   0.478353   0.892234   0.437502   0.701493   0.026723   0.308886   0.670245   0.725207   0.476923   0.892303   0.436050   0.698822   0.026636   0.308944   0.670059   0.724265   0.475618   0.892262   0.434729   0.696416   0.026877   0.308988   0.669926   0.723261   0.474241   0.892182   0.433336   0.694024   0.027531   0.309035   0.669798   0.722325   0.472960   0.892231   0.432043   0.691739   0.028169   0.309096   0.669627   0.721616   0.471997   0.892598   0.431071   0.689764   0.028738 329096
  6   0.140438   0.665518   0.618841   0.346222   0.652641   0.306398   0.484436   0.036470   0.307157   0.670307   0.636060   0.363895   0.651373   0.323364   0.488875   0.041443   0.307585   0.669779   0.637169   0.365136   0.651991   0.324574   0.487495   0.037279   0.307997   0.669141   0.638080   0.366178   0.653728   0.325593   0.488678   0.035281   0.308214   0.668744   0.637934   0.366013   0.654720   0.325432   0.489662   0.034593   0.309145   0.667879   0.638102   0.366193   0.654656   0.325607   0.489869   0.034270   0.320027   0.662839   0.642762   0.371653   0.654009   0.330971   0.490890   0.032654   0.348920   0.653055   0.650202   0.380452   0.652946   0.339632   0.497578   0.032117   0.387322   0.643237   0.656960   0.388570   0.652552   0.347644   0.509972   0.036625   0.421306   0.636425   0.663450   0.396503   0.653021   0.355499   0.522926   0.044236   0.441449   0.633557   0.668371   0.402611   0.653206   0.361564   0.534313   0.051064   0.441432   0.635064   0.670934   0.405834   0.653061   0.364771   0.543328   0.055266   0.421749   0.640542   0.670500   0.405310   0.652682   0.364254   0.549639   0.055767   0.389965   0.648577   0.666982   0.400936   0.652003   0.359910   0.552889   0.052137   0.355133   0.657583   0.661275   0.393892   0.651315   0.352924   0.553251   0.045316   0.326246   0.665854   0.654415   0.385507   0.651153   0.344621   0.552196   0.038150   0.311128   0.670938   0.648249   0.378048   0.651457   0.337249   0.549063   0.034642   0.307891   0.672095   0.645278   0.374491   0.651955   0.333740   0.544073   0.034150   0.307955   0.671698   0.644444   0.373508   0.652333   0.332773   0.539524   0.034074   0.308022   0.671331   0.643625   0.372549   0.652353   0.331832   0.535576   0.034327   0.308082   0.671011   0.642768   0.371555   0.652414   0.330856   0.532078   0.034869   0.308139   0.670739   0.641837   0.370478   0.652464   0.329801   0.528766   0.035421   0.308176   0.670475   0.641031   0.369553   0.652499   0.328894   0.525557   0.035681   0.308215   0.670152   0.640596   0.369059   0.652810   0.328412   0.522674   0.035824 324709
  7   0.151919   0.667355   0.509046   0.239619   0.446011   0.204928   0.328971   0.043062   0.304569   0.673764   0.528937   0.255480   0.445234   0.219502   0.331389   0.049111   0.304995   0.673009   0.530144   0.256509   0.445763   0.220457   0.331085   0.046227   0.305222   0.672324   0.530921   0.257183   0.447272   0.221086   0.331288   0.045736   0.305330   0.671834   0.531151   0.257384   0.448137   0.221273   0.331255   0.046093   0.307846   0.669049   0.533199   0.259195   0.448073   0.222968   0.332165   0.046502   0.327204   0.657187   0.541451   0.266766   0.447445   0.230093   0.335010   0.045609   0.371758   0.637393   0.551635   0.276327   0.446453   0.239128   0.341756   0.048647   0.426204   0.618862   0.560451   0.284827   0.446095   0.247199   0.351981   0.058572   0.471358   0.606779   0.569195   0.293435   0.446502   0.255403   0.362523   0.069731   0.495058   0.603359   0.575852   0.300140   0.446663   0.261819   0.372188   0.079218   0.490601   0.609170   0.579198   0.303594   0.446542   0.265138   0.380313   0.085596   0.461834   0.621958   0.578655   0.303078   0.446204   0.264651   0.386453   0.087259   0.419900   0.638201   0.574264   0.298623   0.445601   0.260382   0.390217   0.083235   0.374233   0.655242   0.566919   0.291234   0.444989   0.253313   0.391369   0.074097   0.334717   0.670246   0.558234   0.282655   0.444848   0.245133   0.389989   0.062179   0.311276   0.679618   0.550159   0.274851   0.445127   0.237720   0.385966   0.052982   0.304348   0.682010   0.545390   0.270326   0.445586   0.233435   0.380325   0.049648   0.303917   0.681171   0.543423   0.268502   0.445928   0.231715   0.374947   0.049135   0.303589   0.680417   0.541756   0.266987   0.445931   0.230291   0.370119   0.049817   0.303286   0.679796   0.540164   0.265557   0.445973   0.228950   0.365806   0.051189   0.303067   0.679236   0.538589   0.264147   0.446003   0.227628   0.361984   0.051901   0.302880   0.678734   0.537067   0.262787   0.446025   0.226354   0.358465   0.052058   0.302662   0.678291   0.535755   0.261627   0.446302   0.225269   0.355155   0.052363 398102
  8   0.163012   0.667676   0.401041   0.158497   0.245349   0.131067   0.235175   0.055317   0.302016   0.673933   0.399095   0.156809   0.244790   0.129504   0.230352   0.069703   0.302738   0.672664   0.401073   0.158029   0.245307   0.130577   0.232028   0.072116   0.303153   0.671886   0.401705   0.158432   0.246685   0.130934   0.233278   0.074237   0.303395   0.671339   0.401770   0.158481   0.247479   0.130979   0.234015   0.076063   0.307374   0.667184   0.404070   0.159963   0.247432   0.132292   0.235081   0.077751   0.332475   0.649838   0.412371   0.165478   0.246876   0.137206   0.237335   0.081155   0.385728   0.622216   0.423495   0.173076   0.245993   0.144006   0.241459   0.091603   0.448126   0.597621   0.434231   0.180624   0.245711   0.150795   0.247273   0.105789   0.501138   0.581659   0.444655   0.188143   0.246168   0.157588   0.253408   0.115452   0.531759   0.577033   0.452787   0.194139   0.246407   0.163026   0.259257   0.121774   0.531874   0.584672   0.457187   0.197439   0.246364   0.166027   0.264540   0.125501   0.503385   0.602091   0.457389   0.197591   0.246096   0.166166   0.268603   0.125359   0.455792   0.624775   0.453606   0.194733   0.245540   0.163563   0.270664   0.119651   0.399585   0.649554   0.446661   0.189555   0.244964   0.158859   0.270556   0.110477   0.346835   0.672993   0.437220   0.182668   0.244806   0.152626   0.268695   0.100328   0.311963   0.689080   0.426856   0.175313   0.245006   0.145999   0.265322   0.090474   0.299969   0.693961   0.419638   0.170321   0.245384   0.141522   0.261126   0.085373   0.299099   0.692531   0.416068   0.167927   0.245675   0.139385   0.257244   0.084469   0.298750   0.690972   0.413244   0.166057   0.245669   0.137720   0.254105   0.086970   0.298592   0.689507   0.410580   0.164310   0.245693   0.136167   0.251495   0.090097   0.298345   0.688213   0.408061   0.162676   0.245697   0.134717   0.248949   0.089968   0.297905   0.687210   0.405827   0.161241   0.245702   0.133445   0.246350   0.088827   0.297377   0.686427   0.403847   0.159985   0.245943   0.132335   0.243885   0.089265 345302
  9   0.151202   0.677340   0.452924   0.195764   0.363891   0.164727   0.251133   0.079205   0.286921   0.693844   0.465696   0.204648   0.363662   0.172705   0.244087   0.095514   0.286129   0.692759   0.467537   0.206043   0.364090   0.173978   0.240164   0.097781   0.286180   0.691036   0.469108   0.207236   0.365404   0.175066   0.237822   0.101346   0.285980   0.689554   0.469708   0.207721   0.366109   0.175513   0.236004   0.106967   0.297940   0.677352   0.479120   0.214843   0.365978   0.182004   0.238340   0.111623   0.355475   0.641707   0.503044   0.234082   0.365308   0.199720   0.244253   0.119349   0.462602   0.596036   0.528694   0.256269   0.364314   0.220406   0.248909   0.143011   0.580469   0.559245   0.550178   0.276116   0.363946   0.239122   0.253029   0.171330   0.678312   0.535634   0.568376   0.293677   0.364256   0.255808   0.258110   0.185846   0.738491   0.527583   0.581636   0.306969   0.364321   0.268525   0.264291   0.192192   0.744379   0.538122   0.588785   0.314403   0.364142   0.275682   0.271482   0.195853   0.694623   0.565101   0.588808   0.314588   0.363788   0.275888   0.279014   0.196810   0.605720   0.601659   0.581536   0.307269   0.363257   0.268881   0.285603   0.192758   0.497008   0.641835   0.568082   0.293808   0.362731   0.256006   0.289912   0.183026   0.390782   0.679742   0.549879   0.276119   0.362621   0.239173   0.291198   0.164308   0.310183   0.710898   0.525249   0.253522   0.362922   0.217885   0.288521   0.136784   0.277081   0.723877   0.505196   0.235988   0.363397   0.201505   0.280860   0.122061   0.275372   0.721071   0.496567   0.228843   0.363726   0.194892   0.272478   0.122010   0.275392   0.717086   0.491265   0.224530   0.363723   0.190913   0.266448   0.124261   0.275521   0.713452   0.486868   0.221020   0.363779   0.187685   0.261726   0.127489   0.275856   0.710251   0.482754   0.217783   0.363827   0.184715   0.257893   0.128429   0.276208   0.707456   0.479054   0.214901   0.363857   0.182076   0.254357   0.128278   0.276407   0.704951   0.476077   0.212613   0.364113   0.179985   0.250946   0.128778 196312
 10   0.125225   0.667034   0.739723   0.497828   0.930625   0.457373   0.754633   0.026998   0.308190   0.673279   0.749310   0.511582   0.929845   0.471392   0.760506   0.023668   0.308449   0.672748   0.749576   0.511953   0.930634   0.471768   0.761088   0.024403   0.308692   0.672204   0.749799   0.512278   0.932630   0.472099   0.762161   0.025138   0.308865   0.671902   0.748995   0.511091   0.933840   0.470884   0.762000   0.026036   0.309064   0.671842   0.747197   0.508447   0.933953   0.468177   0.760335   0.027097   0.313046   0.671003   0.746144   0.506913   0.933501   0.466609   0.756923   0.029239   0.325696   0.668045   0.747493   0.508925   0.932657   0.468674   0.755125   0.031393   0.344327   0.663753   0.751180   0.514408   0.932171   0.474299   0.758035   0.033411   0.362611   0.659750   0.756665   0.522631   0.932749   0.482749   0.763356   0.036086   0.375613   0.656953   0.762362   0.531263   0.933229   0.491636   0.768135   0.037983   0.378991   0.655972   0.766852   0.538137   0.933169   0.498726   0.771398   0.038427   0.371074   0.656987   0.769325   0.541948   0.932651   0.502662   0.773118   0.037190   0.354375   0.659706   0.769206   0.541767   0.931684   0.502475   0.773791   0.034219   0.334052   0.663281   0.766752   0.537987   0.930972   0.498572   0.776092   0.029007   0.317177   0.666846   0.761509   0.529942   0.930830   0.490270   0.781575   0.024328   0.309953   0.668994   0.755995   0.521532   0.930988   0.481602   0.783274   0.024104   0.309234   0.669458   0.753008   0.517022   0.931438   0.476961   0.780145   0.025467   0.309244   0.669458   0.751175   0.514276   0.931899   0.474141   0.777507   0.025611   0.309256   0.669401   0.749581   0.511901   0.932027   0.471703   0.775271   0.025282   0.309287   0.669327   0.748149   0.509780   0.931900   0.469529   0.773052   0.025193   0.309328   0.669241   0.746913   0.507959   0.931751   0.467663   0.770799   0.025498   0.309374   0.669091   0.745989   0.506601   0.931854   0.466274   0.769058   0.025554   0.309445   0.668874   0.745369   0.505696   0.932268   0.465348   0.767807   0.025483 709490
 11   0.127136   0.668696   0.718826   0.468634   0.931905   0.427758   0.659767   0.027969   0.306804   0.676327   0.732173   0.486908   0.930905   0.446226   0.663473   0.024940   0.307072   0.675266   0.733686   0.489004   0.931697   0.448348   0.662369   0.024665   0.307387   0.674229   0.735162   0.491078   0.933602   0.450454   0.662799   0.024156   0.307653   0.673436   0.735740   0.491886   0.934648   0.451273   0.663080   0.023783   0.308430   0.672779   0.735665   0.491759   0.934591   0.451141   0.662645   0.023516   0.317107   0.670356   0.738025   0.495157   0.933988   0.454606   0.661351   0.023184   0.339178   0.664435   0.744811   0.505038   0.933019   0.464706   0.663106   0.022482   0.367833   0.656826   0.754941   0.520062   0.932461   0.480112   0.670950   0.023021   0.394748   0.650075   0.767482   0.539132   0.932845   0.499759   0.680518   0.025361   0.413459   0.645568   0.779999   0.558667   0.933032   0.519982   0.687822   0.027947   0.417704   0.644211   0.790046   0.574727   0.932745   0.536681   0.693133   0.029580   0.405462   0.646184   0.796223   0.584769   0.932080   0.547156   0.697590   0.029820   0.380353   0.650713   0.797937   0.587586   0.931063   0.550101   0.702755   0.028473   0.349431   0.656382   0.795478   0.583574   0.930357   0.545913   0.711222   0.024820   0.323274   0.662561   0.786555   0.569161   0.930273   0.530897   0.722680   0.022360   0.311084   0.667055   0.775729   0.551853   0.930533   0.512899   0.728015   0.024799   0.309049   0.668490   0.769690   0.542363   0.931085   0.503062   0.726067   0.028020   0.308895   0.668812   0.766107   0.536835   0.931613   0.497352   0.723734   0.029156   0.308773   0.669053   0.762934   0.531982   0.931799   0.492347   0.721682   0.029509   0.308698   0.669233   0.760075   0.527645   0.931802   0.487882   0.719908   0.029707   0.308654   0.669370   0.757474   0.523729   0.931758   0.483855   0.718340   0.029968   0.308629   0.669425   0.755287   0.520451   0.931889   0.480487   0.717068   0.029823   0.308664   0.669387   0.753553   0.517866   0.932313   0.477834   0.716090   0.029316 654492
 12   0.134611   0.665566   0.660191   0.393858   0.747938   0.353102   0.554681   0.034573   0.307194   0.670331   0.681323   0.418585   0.746617   0.377406   0.560940   0.037076   0.307646   0.669746   0.682747   0.420396   0.747266   0.379211   0.559243   0.033708   0.308078   0.669123   0.684009   0.422014   0.749102   0.380828   0.560319   0.032109   0.308368   0.668701   0.684323   0.422426   0.750146   0.381241   0.560520   0.031566   0.309011   0.668165   0.684394   0.422517   0.750099   0.381331   0.559875   0.031256   0.317185   0.664780   0.688323   0.427664   0.749489   0.386491   0.559214   0.029299   0.340253   0.657587   0.695228   0.436752   0.748443   0.395611   0.564246   0.027054   0.372566   0.649787   0.701853   0.445575   0.748046   0.404483   0.576036   0.029114   0.403338   0.643732   0.708756   0.454917   0.748534   0.413906   0.588415   0.034789   0.424238   0.640388   0.714748   0.463151   0.748707   0.422235   0.599175   0.040490   0.427982   0.640460   0.718722   0.468685   0.748511   0.427847   0.607926   0.044444   0.412696   0.644044   0.719666   0.470034   0.748067   0.429221   0.614505   0.045438   0.384408   0.650177   0.717180   0.466598   0.747301   0.425741   0.618792   0.042838   0.351816   0.657502   0.711879   0.459266   0.746561   0.418316   0.621505   0.037073   0.324388   0.664557   0.704156   0.448660   0.746404   0.407590   0.624356   0.030969   0.310668   0.669030   0.696524   0.438292   0.746732   0.397126   0.624161   0.028751   0.308095   0.670143   0.692687   0.433147   0.747269   0.391946   0.620041   0.028911   0.308176   0.669928   0.691440   0.431497   0.747695   0.390289   0.615848   0.028555   0.308265   0.669708   0.690323   0.430036   0.747770   0.388825   0.612101   0.028489   0.308356   0.669519   0.689199   0.428578   0.747865   0.387366   0.608760   0.028815   0.308440   0.669360   0.688078   0.427137   0.747921   0.385926   0.605570   0.029231   0.308512   0.669176   0.687185   0.425997   0.747963   0.384788   0.602364   0.029484   0.308596   0.668930   0.686674   0.425354   0.748301   0.384148   0.599309   0.029730 369085
 13   0.137319   0.669080   0.610433   0.338265   0.671868   0.298873   0.389939   0.051175   0.301227   0.676911   0.641514   0.371004   0.668823   0.330472   0.394075   0.052014   0.301971   0.675729   0.645265   0.375233   0.669355   0.334600   0.390402   0.045078   0.302483   0.674783   0.647825   0.378141   0.671048   0.337441   0.389618   0.041450   0.302899   0.673973   0.649227   0.379732   0.672030   0.338995   0.389569   0.040015   0.305373   0.671061   0.653093   0.384184   0.672020   0.343359   0.390628   0.039041   0.323966   0.660430   0.666663   0.400653   0.671455   0.359649   0.393095   0.036047   0.368591   0.644082   0.683876   0.422313   0.670497   0.381213   0.399161   0.037548   0.425940   0.629434   0.698939   0.442203   0.670096   0.401191   0.407876   0.047886   0.479218   0.619127   0.714342   0.463263   0.670364   0.422481   0.415786   0.061104   0.514002   0.614825   0.727161   0.481316   0.670305   0.440830   0.423844   0.073379   0.516562   0.617718   0.735024   0.492652   0.669967   0.452402   0.432919   0.082538   0.486705   0.626849   0.736517   0.494878   0.669456   0.454689   0.443051   0.087035   0.437269   0.639608   0.731336   0.487466   0.668719   0.447133   0.453510   0.085541   0.382144   0.653584   0.720613   0.472286   0.668063   0.431686   0.463520   0.077763   0.335145   0.666531   0.705012   0.450731   0.667999   0.409852   0.473607   0.064369   0.309144   0.675526   0.687504   0.427240   0.668403   0.386186   0.478328   0.053825   0.302636   0.678349   0.676866   0.413326   0.668972   0.372234   0.475806   0.049950   0.302814   0.677701   0.673300   0.408806   0.669419   0.367728   0.472022   0.047305   0.303037   0.676996   0.670822   0.405697   0.669557   0.364635   0.468675   0.045550   0.303177   0.676395   0.668764   0.403146   0.669719   0.362102   0.465614   0.045016   0.303298   0.675879   0.666878   0.400827   0.669797   0.359803   0.462685   0.044754   0.303368   0.675476   0.664976   0.398509   0.669840   0.357509   0.459694   0.044355   0.303361   0.675167   0.663140   0.396296   0.670178   0.355322   0.456717   0.043981 185362
 14   0.141256   0.679942   0.538941   0.267352   0.525717   0.231107   0.308756   0.074601   0.288359   0.698389   0.570023   0.295427   0.524430   0.257493   0.308086   0.080323   0.287880   0.696388   0.573100   0.298443   0.524698   0.260368   0.301614   0.081240   0.288149   0.694331   0.574469   0.299853   0.526087   0.261723   0.298428   0.083310   0.288417   0.692703   0.574390   0.299822   0.526854   0.261701   0.296301   0.085858   0.298500   0.681462   0.582878   0.308153   0.526695   0.269642   0.297854   0.087670   0.351034   0.646865   0.607301   0.333638   0.525926   0.294201   0.303326   0.095082   0.454020   0.600548   0.634864   0.364430   0.524775   0.324234   0.308700   0.120669   0.570169   0.563207   0.658519   0.392747   0.524263   0.352197   0.312928   0.152649   0.667699   0.541518   0.679337   0.418848   0.524426   0.378189   0.317418   0.175284   0.727687   0.537195   0.694293   0.438372   0.524328   0.397774   0.324073   0.191048   0.732334   0.550808   0.701871   0.448640   0.524038   0.408144   0.333234   0.201281   0.680694   0.578539   0.700976   0.447701   0.523645   0.407245   0.344242   0.204885   0.590323   0.613984   0.691578   0.435491   0.523136   0.395006   0.355651   0.200616   0.482493   0.651844   0.675207   0.414439   0.522650   0.373941   0.365401   0.187771   0.381857   0.685716   0.654620   0.388674   0.522637   0.348286   0.371387   0.163224   0.310800   0.710817   0.630219   0.359546   0.523105   0.319528   0.371323   0.128163   0.283765   0.719281   0.611830   0.338486   0.523709   0.298891   0.364693   0.105839   0.282673   0.715632   0.604157   0.330143   0.524083   0.290793   0.356208   0.101306   0.282508   0.711913   0.599251   0.324934   0.524082   0.285760   0.348801   0.100456   0.282298   0.708853   0.595248   0.320767   0.524157   0.281747   0.342040   0.101471   0.282224   0.706395   0.591364   0.316785   0.524229   0.277922   0.336167   0.102155   0.282290   0.704333   0.587492   0.312850   0.524274   0.274148   0.330955   0.102567   0.282368   0.702484   0.584017   0.309356   0.524578   0.270804   0.326151   0.102949 98295
 15   0.123918   0.666516   0.754985   0.520217   0.938992   0.480288   0.785975   0.022187   0.308506   0.672070   0.765624   0.536064   0.938375   0.496551   0.795592   0.018557   0.308804   0.671236   0.766998   0.538141   0.939252   0.498688   0.799215   0.019404   0.309088   0.670462   0.768143   0.539886   0.941358   0.500487   0.803289   0.020421   0.309292   0.669958   0.768167   0.539915   0.942612   0.500515   0.805935   0.021362   0.309568   0.669681   0.767269   0.538528   0.942735   0.499083   0.806875   0.022283   0.314412   0.668339   0.767736   0.539253   0.942259   0.499832   0.805442   0.023758   0.328937   0.664572   0.771278   0.544755   0.941348   0.505523   0.806154   0.024953   0.349255   0.659595   0.777282   0.554164   0.940712   0.515269   0.812463   0.025951   0.368593   0.655229   0.785103   0.566596   0.941188   0.528182   0.819999   0.028184   0.381764   0.652411   0.792728   0.578901   0.941618   0.540999   0.825587   0.030400   0.384067   0.651697   0.798411   0.588202   0.941502   0.550712   0.829018   0.031267   0.374504   0.653131   0.801459   0.593236   0.940960   0.555979   0.830705   0.030762   0.356280   0.656252   0.801393   0.593137   0.939978   0.555878   0.831878   0.028922   0.334795   0.660034   0.798540   0.588443   0.939355   0.550970   0.837353   0.024672   0.317696   0.663940   0.791745   0.577335   0.939304   0.539372   0.846778   0.021708   0.310780   0.666531   0.784565   0.565697   0.939481   0.527239   0.848928   0.023493   0.310068   0.667235   0.780780   0.559654   0.939966   0.520957   0.844625   0.025628   0.309990   0.667433   0.778244   0.555645   0.940511   0.516798   0.841436   0.025891   0.309929   0.667568   0.775961   0.552056   0.940731   0.513078   0.838639   0.025600   0.309877   0.667680   0.773820   0.548709   0.940608   0.509612   0.835800   0.025377   0.309843   0.667760   0.771916   0.545745   0.940493   0.506546   0.833005   0.025520   0.309824   0.667778   0.770340   0.543303   0.940685   0.504021   0.830626   0.025571   0.309824   0.667734   0.769064   0.541335   0.941173   0.501988   0.828698   0.025475 1096420
 16   0.125707   0.667879   0.736904   0.493954   0.931327   0.453456   0.713984   0.024618   0.307612   0.674640   0.750051   0.512724   0.930497   0.472571   0.721400   0.021871   0.307900   0.673516   0.752088   0.515693   0.931323   0.475606   0.723432   0.021654   0.308181   0.672487   0.753868   0.518314   0.933374   0.478290   0.726611   0.021171   0.308414   0.671743   0.754521   0.519272   0.934531   0.479270   0.728979   0.021072   0.309064   0.671143   0.754473   0.519183   0.934571   0.479175   0.729859   0.021141   0.316738   0.668951   0.756718   0.522550   0.934108   0.482635   0.728589   0.021221   0.336590   0.663621   0.763022   0.532107   0.933182   0.492475   0.730550   0.020572   0.362420   0.656854   0.772480   0.546690   0.932551   0.507537   0.739319   0.020631   0.386519   0.650957   0.784177   0.565137   0.932940   0.526669   0.749197   0.022690   0.402730   0.647162   0.795520   0.583444   0.933169   0.545738   0.756440   0.025032   0.405587   0.646171   0.804290   0.597895   0.932918   0.560850   0.761545   0.026464   0.393997   0.647993   0.809450   0.606519   0.932319   0.569891   0.765460   0.026696   0.371416   0.651942   0.810539   0.608353   0.931305   0.571817   0.769601   0.025439   0.344052   0.656745   0.807995   0.604087   0.930620   0.567341   0.777967   0.022036   0.321321   0.662001   0.799454   0.589924   0.930539   0.552514   0.791312   0.020208   0.311321   0.665845   0.789405   0.573423   0.930737   0.535270   0.797942   0.023222   0.309968   0.667029   0.784116   0.564878   0.931248   0.526369   0.795967   0.026432   0.309832   0.667306   0.780973   0.559876   0.931794   0.521173   0.793785   0.027263   0.309716   0.667519   0.778162   0.555437   0.932019   0.516567   0.791871   0.027446   0.309623   0.667692   0.775577   0.551381   0.932010   0.512364   0.790044   0.027481   0.309552   0.667824   0.773241   0.547740   0.931967   0.508597   0.788280   0.027412   0.309515   0.667896   0.771248   0.544653   0.932131   0.505405   0.786572   0.027336   0.309511   0.667893   0.769622   0.542145   0.932598   0.502816   0.785240   0.027165 957910
 17   0.124915   0.669372   0.735239   0.492105   0.931336   0.451670   0.642046   0.026485   0.305866   0.677453   0.749803   0.512687   0.930453   0.472595   0.649586   0.025319   0.306314   0.676042   0.752022   0.515900   0.931338   0.475875   0.650323   0.025414   0.306684   0.674823   0.753777   0.518472   0.933389   0.478507   0.652228   0.024908   0.306914   0.673946   0.754360   0.519323   0.934534   0.479378   0.653572   0.024334   0.309007   0.673017   0.754828   0.520010   0.934554   0.480080   0.653102   0.023927   0.324997   0.669133   0.759732   0.527434   0.934071   0.487724   0.652489   0.022429   0.361473   0.660438   0.770781   0.544411   0.933182   0.505249   0.658802   0.020081   0.408100   0.649896   0.786552   0.569352   0.932558   0.531134   0.671883   0.020595   0.454185   0.640640   0.805836   0.600994   0.932801   0.564200   0.683266   0.024273   0.489181   0.634390   0.824420   0.632656   0.932858   0.597521   0.690400   0.028488   0.500090   0.632676   0.838738   0.657879   0.932421   0.624231   0.695538   0.032192   0.480726   0.635974   0.847112   0.672979   0.931639   0.640293   0.700243   0.034936   0.437287   0.642952   0.849005   0.676446   0.930519   0.643992   0.706410   0.035438   0.383392   0.651078   0.845171   0.669483   0.929791   0.636576   0.717530   0.031839   0.336746   0.659585   0.832164   0.646299   0.929702   0.611970   0.733099   0.027531   0.313017   0.666814   0.814076   0.614697   0.929934   0.578556   0.741435   0.029623   0.308072   0.669826   0.802624   0.595201   0.930488   0.558043   0.740277   0.033838   0.307818   0.670247   0.796994   0.585905   0.931089   0.548318   0.738157   0.034656   0.307643   0.670528   0.792280   0.578220   0.931403   0.540298   0.736459   0.034495   0.307497   0.670755   0.788018   0.571349   0.931461   0.533142   0.734929   0.034201   0.307416   0.670870   0.784288   0.565398   0.931456   0.526955   0.733386   0.033988   0.307416   0.670875   0.781155   0.560436   0.931651   0.521805   0.731968   0.033722   0.307481   0.670804   0.778491   0.556246   0.932135   0.517461   0.730953   0.033273 503549
 18   0.130479   0.665934   0.699438   0.443517   0.825569   0.402615   0.591286   0.038659   0.307166   0.670594   0.728338   0.481634   0.824530   0.440893   0.587895   0.042249   0.307837   0.669372   0.733468   0.488935   0.825194   0.448324   0.581391   0.037935   0.308420   0.668473   0.736759   0.493670   0.827147   0.453153   0.580057   0.036051   0.308804   0.667861   0.738286   0.495878   0.828262   0.455407   0.579635   0.035910   0.309581   0.667193   0.739263   0.497290   0.828273   0.456848   0.579351   0.035404   0.317931   0.664015   0.745279   0.506164   0.827811   0.465941   0.579616   0.031713   0.340056   0.657513   0.754959   0.520585   0.826883   0.480743   0.587227   0.025727   0.370265   0.650394   0.763619   0.533746   0.826448   0.494304   0.602353   0.023965   0.400466   0.644418   0.772550   0.547587   0.826864   0.508616   0.616833   0.027630   0.422562   0.640693   0.780393   0.559947   0.826963   0.521437   0.629157   0.032906   0.428877   0.640113   0.785559   0.568205   0.826672   0.530026   0.639983   0.037619   0.416268   0.642925   0.787121   0.570731   0.826122   0.532658   0.649679   0.040333   0.388450   0.648462   0.784400   0.566371   0.825214   0.528121   0.658608   0.039565   0.354331   0.655342   0.777683   0.555669   0.824477   0.516997   0.668666   0.035330   0.324991   0.662409   0.766130   0.537582   0.824437   0.498260   0.681143   0.030327   0.310805   0.667265   0.754111   0.519107   0.824833   0.479185   0.687426   0.029268   0.308450   0.668717   0.748001   0.509898   0.825435   0.469713   0.685165   0.030115   0.308516   0.668751   0.745600   0.506351   0.825959   0.466078   0.681526   0.029761   0.308610   0.668707   0.743703   0.503577   0.826159   0.463241   0.677877   0.029729   0.308717   0.668633   0.742144   0.501314   0.826292   0.460928   0.674137   0.030278   0.308820   0.668551   0.740853   0.499448   0.826309   0.459024   0.670125   0.031217   0.308907   0.668446   0.739810   0.497947   0.826341   0.457493   0.666209   0.031854   0.309002   0.668289   0.739084   0.496910   0.826707   0.456438   0.662621   0.032275 247127
 19   0.130775   0.667551   0.667114   0.403322   0.777822   0.362658   0.443165   0.047854   0.302731   0.673947   0.695613   0.437967   0.776194   0.396957   0.448382   0.048357   0.303487   0.673019   0.699624   0.443254   0.776811   0.402266   0.446089   0.041931   0.304033   0.672324   0.702187   0.446574   0.778640   0.405588   0.446339   0.038503   0.304453   0.671657   0.703872   0.448760   0.779689   0.407776   0.446260   0.037167   0.306312   0.669703   0.707624   0.453673   0.779705   0.412703   0.446226   0.035691   0.320637   0.662658   0.720519   0.471409   0.779202   0.430651   0.447747   0.030384   0.355634   0.651513   0.737872   0.496005   0.778292   0.455675   0.454820   0.025800   0.401412   0.641008   0.753281   0.518720   0.777864   0.478954   0.465712   0.028440   0.445461   0.632728   0.768865   0.542546   0.778091   0.503537   0.475163   0.035375   0.476491   0.627927   0.782686   0.564408   0.777966   0.526237   0.483662   0.043340   0.482878   0.627926   0.792504   0.580395   0.777510   0.542927   0.492651   0.050825   0.461513   0.632802   0.796598   0.587192   0.776835   0.550050   0.502611   0.056317   0.420292   0.641213   0.794005   0.582938   0.775911   0.545602   0.513448   0.058162   0.371953   0.651310   0.784912   0.568115   0.775207   0.530123   0.526351   0.055246   0.330650   0.661616   0.767726   0.540918   0.775203   0.501880   0.542034   0.046405   0.309374   0.669381   0.747541   0.509940   0.775662   0.469896   0.550361   0.040165   0.305091   0.672122   0.736154   0.492961   0.776312   0.452461   0.548869   0.039047   0.305372   0.672036   0.732363   0.487485   0.776865   0.446872   0.546161   0.037185   0.305648   0.671819   0.729601   0.483534   0.777113   0.442846   0.543753   0.035803   0.305881   0.671580   0.727233   0.480183   0.777310   0.439439   0.541690   0.035531   0.306069   0.671364   0.725069   0.477155   0.777361   0.436366   0.539670   0.035913   0.306197   0.671167   0.723231   0.474611   0.777402   0.433789   0.537643   0.035851   0.306264   0.670970   0.721771   0.472614   0.777762   0.431771   0.535638   0.035490 191510
 20   0.123358   0.666654   0.762161   0.531054   0.942808   0.491439   0.796189   0.020791   0.308637   0.672191   0.774374   0.549575   0.942103   0.510509   0.808336   0.016544   0.308906   0.671079   0.776642   0.553094   0.942973   0.514148   0.813818   0.017315   0.309211   0.670081   0.778512   0.556014   0.945135   0.517171   0.819646   0.018550   0.309455   0.669391   0.779142   0.556996   0.946382   0.518188   0.823551   0.019645   0.310359   0.668767   0.779270   0.557193   0.946550   0.518390   0.825009   0.020417   0.319596   0.666023   0.782327   0.562059   0.946158   0.523445   0.824434   0.020711   0.342183   0.659905   0.789752   0.574001   0.945237   0.535876   0.829005   0.020233   0.370671   0.652851   0.800046   0.590871   0.944493   0.553498   0.840175   0.020615   0.396526   0.647120   0.812145   0.611160   0.944814   0.574784   0.850429   0.022699   0.413164   0.643707   0.823331   0.630345   0.945091   0.594997   0.857245   0.024755   0.414936   0.643210   0.831604   0.644821   0.944827   0.610307   0.861278   0.026060   0.400894   0.645553   0.836302   0.653153   0.944192   0.619140   0.863473   0.026383   0.375815   0.649903   0.837152   0.654675   0.943096   0.620756   0.865604   0.025374   0.346570   0.654862   0.834601   0.650147   0.942401   0.615955   0.873635   0.022045   0.322827   0.660119   0.826209   0.635422   0.942292   0.600374   0.887702   0.020103   0.312736   0.663902   0.816397   0.618347   0.942409   0.582336   0.894234   0.023005   0.311432   0.665061   0.811183   0.609409   0.942900   0.572921   0.891820   0.026229   0.311259   0.665387   0.807975   0.603992   0.943503   0.567230   0.889403   0.027173   0.311094   0.665644   0.805087   0.599148   0.943777   0.562148   0.887588   0.027223   0.310932   0.665862   0.802390   0.594654   0.943687   0.557439   0.886046   0.026685   0.310797   0.666033   0.799995   0.590689   0.943634   0.553290   0.884665   0.026004   0.310713   0.666147   0.797960   0.587342   0.943889   0.549791   0.883161   0.025745   0.310679   0.666199   0.796245   0.584539   0.944441   0.546864   0.881536   0.025666 892703
 21   0.124472   0.667844   0.749156   0.511767   0.936131   0.471659   0.733212   0.022006   0.307708   0.674512   0.761663   0.530124   0.935415   0.490448   0.742839   0.020018   0.308044   0.673278   0.763917   0.533503   0.936337   0.493919   0.747271   0.020503   0.308372   0.672162   0.765853   0.536428   0.938470   0.496929   0.752381   0.020715   0.308634   0.671361   0.766573   0.537507   0.939675   0.498038   0.756245   0.021036   0.309817   0.670619   0.766795   0.537830   0.939765   0.498368   0.758178   0.021381   0.320640   0.667657   0.770240   0.543151   0.939372   0.503865   0.758621   0.021573   0.346284   0.661046   0.778450   0.556000   0.938498   0.517173   0.764255   0.020716   0.378372   0.653230   0.790173   0.574752   0.937763   0.536673   0.776360   0.020907   0.408140   0.646648   0.804381   0.598094   0.938028   0.561068   0.787474   0.023326   0.428533   0.642496   0.817783   0.620724   0.938186   0.584839   0.794966   0.025800   0.432304   0.641606   0.827940   0.638297   0.937853   0.603384   0.799824   0.027543   0.417332   0.644013   0.833860   0.648707   0.937183   0.614403   0.803136   0.028373   0.388761   0.648771   0.835244   0.651158   0.936112   0.617001   0.806604   0.027801   0.354587   0.654186   0.832782   0.646802   0.935455   0.612385   0.815452   0.024368   0.325852   0.660017   0.823457   0.630547   0.935401   0.595207   0.830139   0.021734   0.312829   0.664519   0.811709   0.610295   0.935584   0.573851   0.837894   0.024810   0.310889   0.666059   0.805158   0.599201   0.936109   0.562191   0.836572   0.028768   0.310664   0.666454   0.801380   0.592917   0.936711   0.555608   0.834707   0.029834   0.310472   0.666749   0.798076   0.587465   0.937006   0.549907   0.833367   0.029910   0.310298   0.666984   0.795055   0.582519   0.936980   0.544740   0.832435   0.029390   0.310160   0.667147   0.792414   0.578222   0.936923   0.540258   0.831580   0.028759   0.310070   0.667243   0.790196   0.574636   0.937135   0.536521   0.830498   0.028451   0.310014   0.667288   0.788293   0.571578   0.937647   0.533339   0.829543   0.028154 1094836
 22   0.122250   0.668144   0.756152   0.522314   0.939093   0.482507   0.717885   0.022979   0.305728   0.675106   0.767916   0.539819   0.938358   0.500472   0.729810   0.021687   0.306074   0.673896   0.769836   0.542731   0.939260   0.503469   0.735156   0.022348   0.306350   0.672840   0.771410   0.545136   0.941400   0.505949   0.740612   0.023019   0.306565   0.672091   0.771755   0.545653   0.942628   0.506481   0.744437   0.023871   0.310997   0.670802   0.772804   0.547259   0.942751   0.508137   0.745518   0.024741   0.334452   0.665653   0.779248   0.557387   0.942370   0.518635   0.748186   0.024719   0.383596   0.655533   0.792379   0.578512   0.941489   0.540629   0.759672   0.024268   0.445930   0.644141   0.810726   0.609116   0.940671   0.572707   0.775377   0.026832   0.506254   0.634643   0.831946   0.645953   0.940779   0.611612   0.787429   0.032153   0.548131   0.628859   0.851210   0.680717   0.940730   0.648596   0.794893   0.036948   0.553671   0.628392   0.865518   0.707400   0.940201   0.677160   0.798734   0.040232   0.518619   0.633378   0.873428   0.722453   0.939416   0.693336   0.800617   0.042307   0.458825   0.641692   0.874527   0.724518   0.938289   0.695548   0.804073   0.042969   0.393655   0.650041   0.869951   0.715663   0.937680   0.686003   0.815666   0.038651   0.340800   0.657949   0.856518   0.690350   0.937730   0.658854   0.833592   0.032522   0.315026   0.664156   0.839772   0.659486   0.937980   0.625891   0.841550   0.034020   0.309761   0.666561   0.829932   0.641859   0.938563   0.607167   0.839352   0.037954   0.309361   0.667152   0.824356   0.632104   0.939247   0.596851   0.837994   0.038044   0.309089   0.667592   0.819513   0.623736   0.939607   0.588021   0.837680   0.037000   0.308855   0.667923   0.815197   0.616354   0.939582   0.580248   0.837805   0.035438   0.308617   0.668176   0.811414   0.609935   0.939542   0.573499   0.837868   0.033949   0.308424   0.668361   0.808157   0.604455   0.939818   0.567746   0.837293   0.033104   0.308286   0.668464   0.805331   0.599741   0.940391   0.562805   0.836552   0.032426 424157
 23   0.122229   0.670025   0.742708   0.502438   0.939576   0.462132   0.652242   0.022401   0.302719   0.678760   0.752634   0.516840   0.938817   0.476845   0.661799   0.023689   0.303267   0.677345   0.754169   0.519115   0.939749   0.479178   0.664622   0.024966   0.303651   0.676193   0.755203   0.520651   0.941772   0.480753   0.667735   0.025402   0.303824   0.675472   0.754892   0.520180   0.942907   0.480269   0.669733   0.025825   0.311897   0.673396   0.756846   0.523080   0.942939   0.483244   0.669219   0.025964   0.351182   0.665032   0.766945   0.538512   0.942478   0.499158   0.672677   0.024499   0.434122   0.648988   0.787959   0.571975   0.941604   0.533936   0.687189   0.023877   0.541748   0.631046   0.818360   0.623162   0.940708   0.587700   0.702868   0.028343   0.645453   0.616322   0.851694   0.682798   0.940583   0.651060   0.710559   0.034841   0.714062   0.607951   0.880255   0.736901   0.940313   0.709165   0.710497   0.039793   0.717363   0.608634   0.900277   0.776621   0.939555   0.752196   0.704399   0.043834   0.654071   0.617667   0.910697   0.797872   0.938563   0.775341   0.697624   0.047451   0.552388   0.631271   0.911777   0.800029   0.937336   0.777680   0.696844   0.049357   0.445140   0.644743   0.904584   0.785145   0.936665   0.761428   0.709869   0.046595   0.359947   0.656925   0.884439   0.744773   0.936626   0.717610   0.735415   0.040991   0.315846   0.667442   0.856793   0.691396   0.936840   0.660082   0.748397   0.042484   0.305182   0.672461   0.838430   0.657469   0.937410   0.623823   0.746156   0.047006   0.304507   0.673410   0.828849   0.640508   0.938096   0.605844   0.745243   0.046842   0.304216   0.673957   0.820990   0.626857   0.938539   0.591425   0.745689   0.045327   0.304204   0.674136   0.814501   0.615758   0.938597   0.579735   0.746856   0.043095   0.304326   0.674029   0.809200   0.606809   0.938558   0.570332   0.748270   0.041082   0.304469   0.673793   0.804866   0.599587   0.938813   0.562762   0.749506   0.039628   0.304583   0.673533   0.801219   0.593585   0.939384   0.556485   0.750386   0.038212 191021
 24   0.125117   0.671116   0.712147   0.460409   0.913105   0.419608   0.513513   0.032648   0.301763   0.680742   0.729016   0.483335   0.912156   0.442758   0.518711   0.033149   0.302372   0.679292   0.731489   0.486843   0.912868   0.446327   0.515411   0.032401   0.302497   0.678449   0.732265   0.487923   0.914604   0.447421   0.514757   0.030986   0.302526   0.677789   0.732187   0.487832   0.915610   0.447333   0.514930   0.030456   0.306753   0.675560   0.735227   0.492187   0.915596   0.451772   0.515598   0.029326   0.334026   0.667591   0.747649   0.510502   0.915022   0.470545   0.521512   0.024270   0.396789   0.652792   0.768739   0.542633   0.914092   0.503678   0.537797   0.020104   0.481275   0.635973   0.795973   0.586227   0.913466   0.549048   0.557476   0.023656   0.570330   0.621250   0.826861   0.638580   0.913519   0.604119   0.570501   0.032246   0.643515   0.611218   0.854573   0.688252   0.913276   0.656918   0.577324   0.041930   0.668844   0.609109   0.874607   0.725862   0.912571   0.697244   0.582335   0.050433   0.631872   0.615680   0.885277   0.746503   0.911584   0.719501   0.587843   0.056777   0.550657   0.628074   0.886460   0.748796   0.910380   0.721974   0.595745   0.059899   0.452350   0.642438   0.879045   0.734267   0.909567   0.706271   0.609774   0.057746   0.364873   0.656376   0.859272   0.696660   0.909486   0.665853   0.633402   0.048493   0.315425   0.669144   0.828513   0.640714   0.909860   0.606225   0.646496   0.044467   0.303071   0.675305   0.807405   0.603804   0.910575   0.567183   0.643028   0.046225   0.303258   0.675375   0.799849   0.591206   0.911322   0.553978   0.639214   0.044369   0.303722   0.675088   0.794373   0.582191   0.911797   0.544550   0.637104   0.042237   0.304301   0.674594   0.790119   0.575243   0.912034   0.537296   0.636231   0.040435   0.304682   0.674196   0.786342   0.569132   0.912095   0.530926   0.635645   0.039266   0.304867   0.673923   0.782824   0.563498   0.912288   0.525065   0.635172   0.038688   0.304902   0.673758   0.779495   0.558242   0.912789   0.519612   0.634602   0.038272 180141
