timestamp=                2021-11-23T21:21:01.406534
shape=                    (5, 5)
sigma=                    2.5
nepochs=                  4
thresh=                   None
rate=                     0.00724
neighborhood function=    gaussian
init weights=             pca
topology=                 hexagonal
activation distance=      euclidean
output type=              labels
mapfile_prefix=           full2017_5x5_4_00724_3_08
apply classification=     False
seed=                     None
random order=             True
custom init file=         None
order labels by size=     False
decay_function=           3

Quantization Error=       0.34790176
Topographic Error=        0.15051787

############ NEURONS #############
 25 192
  0   0.125153   0.671106   0.711238   0.459246   0.911024   0.418448   0.506008   0.033100   0.301648   0.680747   0.728423   0.482576   0.910064   0.442001   0.511026   0.033617   0.302218   0.679356   0.730847   0.486020   0.910769   0.445506   0.507620   0.032741   0.302368   0.678515   0.731625   0.487104   0.912497   0.446605   0.507093   0.031188   0.302480   0.677805   0.731629   0.487129   0.913504   0.446633   0.507495   0.030754   0.306602   0.675526   0.734792   0.491648   0.913495   0.451239   0.508418   0.029685   0.333242   0.667569   0.747390   0.510220   0.912918   0.470275   0.514527   0.024414   0.394995   0.652918   0.768430   0.542240   0.911993   0.503288   0.530911   0.020130   0.477739   0.636383   0.795243   0.585061   0.911386   0.547836   0.550858   0.023631   0.564392   0.622005   0.825588   0.636353   0.911449   0.601764   0.564336   0.032087   0.635515   0.612218   0.852849   0.685051   0.911216   0.653494   0.571829   0.041817   0.659744   0.610167   0.872535   0.721853   0.910525   0.692922   0.577741   0.050462   0.624056   0.616508   0.883016   0.742035   0.909546   0.714664   0.583943   0.056872   0.545781   0.628510   0.884166   0.744245   0.908345   0.717044   0.592349   0.060005   0.449563   0.642633   0.876722   0.729720   0.907535   0.701357   0.606491   0.057776   0.363453   0.656462   0.856929   0.692274   0.907458   0.661151   0.629757   0.048430   0.315151   0.669058   0.826477   0.637125   0.907837   0.602424   0.642659   0.044206   0.303217   0.675135   0.805731   0.600993   0.908554   0.564232   0.638950   0.045727   0.303406   0.675219   0.798353   0.588738   0.909299   0.551396   0.635040   0.043860   0.303857   0.674933   0.793010   0.579971   0.909770   0.542233   0.632957   0.041894   0.304414   0.674439   0.788883   0.573242   0.910004   0.535210   0.631814   0.040264   0.304774   0.674042   0.785221   0.567324   0.910059   0.529043   0.630935   0.039182   0.304918   0.673798   0.781796   0.561860   0.910244   0.523362   0.630112   0.038704   0.304966   0.673600   0.778689   0.556965   0.910741   0.518285   0.629420   0.038315 174890
  1   0.130857   0.667563   0.666000   0.401976   0.776907   0.361326   0.442285   0.047483   0.302734   0.673981   0.694610   0.436635   0.775258   0.395619   0.447870   0.047771   0.303461   0.673063   0.698589   0.441879   0.775872   0.400883   0.445424   0.041534   0.303982   0.672375   0.701162   0.445208   0.777697   0.404213   0.445447   0.038210   0.304404   0.671695   0.702886   0.447439   0.778745   0.406446   0.445118   0.037014   0.306290   0.669715   0.706701   0.452418   0.778756   0.411436   0.444991   0.035560   0.320685   0.662612   0.719716   0.470289   0.778247   0.429514   0.446554   0.030255   0.355944   0.651352   0.737172   0.494997   0.777334   0.454647   0.453657   0.025625   0.402019   0.640760   0.752621   0.517754   0.776906   0.477966   0.464465   0.028267   0.446356   0.632429   0.768289   0.541691   0.777135   0.502660   0.473798   0.035377   0.477615   0.627630   0.782183   0.563647   0.777009   0.525453   0.482220   0.043559   0.483502   0.627767   0.791988   0.579588   0.776552   0.542093   0.491222   0.051162   0.461483   0.632787   0.795957   0.586165   0.775881   0.548982   0.501392   0.056680   0.420069   0.641256   0.793249   0.581718   0.774959   0.544331   0.512524   0.058434   0.371725   0.651373   0.784118   0.566853   0.774254   0.528811   0.525521   0.055329   0.330573   0.661669   0.766927   0.539694   0.774254   0.500617   0.541069   0.046380   0.309372   0.669439   0.746671   0.508666   0.774715   0.468592   0.549364   0.040111   0.305059   0.672200   0.735204   0.491599   0.775366   0.451072   0.547919   0.038825   0.305323   0.672122   0.731390   0.486103   0.775917   0.445464   0.545220   0.036940   0.305601   0.671890   0.728650   0.482191   0.776161   0.441481   0.542869   0.035661   0.305862   0.671628   0.726342   0.478934   0.776357   0.438170   0.540819   0.035294   0.306062   0.671395   0.724231   0.475987   0.776411   0.435181   0.538723   0.035419   0.306181   0.671204   0.722381   0.473424   0.776452   0.432585   0.536634   0.035283   0.306250   0.671011   0.720926   0.471435   0.776811   0.430576   0.534585   0.035122 191955
  2   0.141706   0.679828   0.536936   0.265489   0.521302   0.229346   0.307957   0.073891   0.288636   0.698192   0.567334   0.292753   0.520149   0.254939   0.307190   0.079642   0.288151   0.696222   0.570345   0.295691   0.520420   0.257736   0.300726   0.080788   0.288405   0.694217   0.571676   0.297051   0.521802   0.259043   0.297440   0.082912   0.288619   0.692657   0.571539   0.296959   0.522565   0.258962   0.295167   0.085440   0.298583   0.681514   0.579923   0.305134   0.522406   0.266745   0.296559   0.087347   0.350916   0.646929   0.604176   0.330257   0.521640   0.290922   0.302003   0.094490   0.453894   0.600230   0.631521   0.360563   0.520494   0.320439   0.307592   0.119309   0.570158   0.562294   0.654873   0.388306   0.519990   0.347797   0.312194   0.150911   0.667601   0.540217   0.675371   0.413809   0.520162   0.373158   0.317140   0.173518   0.727638   0.535611   0.690095   0.432880   0.520072   0.392263   0.324135   0.189073   0.732422   0.549062   0.697605   0.442982   0.519786   0.402450   0.333380   0.198808   0.680652   0.577200   0.696768   0.442135   0.519397   0.401648   0.344193   0.202197   0.590177   0.613315   0.687545   0.430267   0.518889   0.389771   0.355216   0.197997   0.482630   0.651544   0.671475   0.409773   0.518396   0.369296   0.364602   0.185263   0.382233   0.685636   0.651186   0.384565   0.518371   0.344229   0.370323   0.161181   0.310914   0.710976   0.627011   0.355892   0.518830   0.315952   0.369952   0.126674   0.283713   0.719489   0.608791   0.335161   0.519430   0.295661   0.363090   0.104776   0.282715   0.715783   0.601078   0.326845   0.519804   0.287601   0.354613   0.100654   0.282584   0.712082   0.596100   0.321607   0.519802   0.282547   0.347250   0.100269   0.282346   0.709036   0.592092   0.317462   0.519876   0.278560   0.340406   0.101641   0.282222   0.706590   0.588156   0.313450   0.519948   0.274711   0.334373   0.102268   0.282322   0.704523   0.584220   0.309479   0.519992   0.270908   0.329015   0.102287   0.282416   0.702690   0.580719   0.305991   0.520294   0.267575   0.324177   0.102498 100615
  3   0.151196   0.677478   0.452199   0.195206   0.362920   0.164216   0.250371   0.079307   0.286692   0.694154   0.464910   0.204033   0.362694   0.172142   0.243200   0.095404   0.285824   0.693120   0.466656   0.205338   0.363123   0.173329   0.239264   0.097473   0.285815   0.691446   0.468092   0.206428   0.364434   0.174323   0.236872   0.101121   0.285586   0.689971   0.468599   0.206853   0.365136   0.174718   0.234995   0.106783   0.297804   0.677602   0.478171   0.214084   0.365004   0.181306   0.237416   0.111369   0.355871   0.641654   0.502457   0.233572   0.364335   0.199245   0.243408   0.119100   0.463773   0.595608   0.528353   0.255946   0.363341   0.220100   0.248036   0.142947   0.582460   0.558407   0.549899   0.275828   0.362972   0.238844   0.252218   0.171118   0.680381   0.534750   0.568023   0.293295   0.363282   0.255438   0.257438   0.185377   0.739700   0.526937   0.581105   0.306390   0.363352   0.267963   0.263788   0.191352   0.744886   0.537607   0.588127   0.313680   0.363180   0.274980   0.271061   0.194585   0.694938   0.564776   0.588052   0.313768   0.362827   0.275093   0.278675   0.195605   0.605987   0.601523   0.580689   0.306375   0.362299   0.268018   0.285314   0.191866   0.497316   0.641786   0.567301   0.293013   0.361773   0.255243   0.289484   0.182289   0.390915   0.679830   0.549218   0.275475   0.361664   0.238560   0.290626   0.163598   0.310076   0.711154   0.524694   0.252992   0.361963   0.217383   0.287752   0.136485   0.276891   0.724192   0.504696   0.235519   0.362436   0.201062   0.279914   0.122141   0.275149   0.721385   0.496011   0.228339   0.362765   0.194418   0.271568   0.122227   0.275205   0.717353   0.490705   0.224028   0.362760   0.190442   0.265603   0.124515   0.275368   0.713677   0.486314   0.220529   0.362811   0.187226   0.260891   0.127746   0.275722   0.710482   0.482142   0.217250   0.362858   0.184219   0.257074   0.128734   0.276098   0.707706   0.478370   0.214323   0.362885   0.181539   0.253508   0.128602   0.276275   0.705253   0.475277   0.211957   0.363139   0.179379   0.250006   0.129096 194966
  4   0.152294   0.672420   0.427963   0.178002   0.272006   0.148703   0.232248   0.209388   0.277578   0.682710   0.418190   0.171265   0.273646   0.142658   0.223295   0.349628   0.277137   0.679828   0.420612   0.172945   0.274058   0.144168   0.224021   0.372961   0.276988   0.677651   0.422059   0.173988   0.275345   0.145111   0.224936   0.386778   0.276445   0.676256   0.422364   0.174248   0.276008   0.145352   0.225656   0.401611   0.290833   0.670424   0.424474   0.175720   0.275881   0.146676   0.226177   0.412434   0.354203   0.649118   0.433611   0.182157   0.275230   0.152476   0.228524   0.406519   0.465357   0.615325   0.448785   0.193248   0.274312   0.162533   0.231893   0.402412   0.582345   0.583768   0.465115   0.205701   0.274122   0.173910   0.234881   0.408812   0.676464   0.561109   0.479917   0.217401   0.274647   0.184664   0.237964   0.403725   0.734101   0.550430   0.491156   0.226566   0.274946   0.193133   0.240746   0.393483   0.743948   0.554719   0.497464   0.231826   0.274977   0.198013   0.243345   0.384551   0.704748   0.573586   0.498108   0.232369   0.274749   0.198518   0.245569   0.377603   0.626217   0.603229   0.492962   0.228053   0.274256   0.194511   0.246784   0.370637   0.520350   0.640274   0.482244   0.219247   0.273679   0.186362   0.246363   0.367209   0.406114   0.679694   0.466178   0.206497   0.273405   0.174634   0.244206   0.373635   0.309334   0.712960   0.446728   0.191693   0.273481   0.161115   0.240261   0.390729   0.265522   0.724859   0.433498   0.181983   0.273777   0.152303   0.235603   0.409605   0.262476   0.719490   0.428680   0.178624   0.273998   0.149283   0.231824   0.420998   0.262329   0.713432   0.425462   0.176423   0.273925   0.147309   0.229101   0.431753   0.262370   0.708094   0.422780   0.174606   0.273933   0.145682   0.227152   0.440803   0.262547   0.703500   0.420523   0.173091   0.273969   0.144329   0.225432   0.442559   0.262457   0.699683   0.418604   0.171806   0.274007   0.143181   0.223591   0.441068   0.262148   0.696350   0.417200   0.170868   0.274264   0.142343   0.221744   0.440952 96826
  5   0.122479   0.670232   0.741043   0.500044   0.939216   0.459691   0.644042   0.022698   0.302784   0.679130   0.750958   0.514375   0.938463   0.474320   0.653376   0.023912   0.303370   0.677655   0.752552   0.516720   0.939410   0.476722   0.655925   0.025091   0.303738   0.676497   0.753554   0.518201   0.941435   0.478240   0.658835   0.025444   0.303886   0.675782   0.753188   0.517651   0.942560   0.477674   0.660639   0.025802   0.311738   0.673729   0.755145   0.520547   0.942576   0.480644   0.659911   0.025889   0.350652   0.665320   0.765373   0.536133   0.942096   0.496710   0.663263   0.024304   0.433603   0.649016   0.786751   0.570096   0.941207   0.531992   0.677653   0.023612   0.541747   0.630709   0.817767   0.622225   0.940316   0.586728   0.693007   0.028232   0.646751   0.615599   0.851753   0.682970   0.940191   0.651256   0.700279   0.034889   0.717499   0.606850   0.880782   0.737971   0.939905   0.710328   0.700060   0.040025   0.722583   0.607363   0.901136   0.778375   0.939126   0.754107   0.693914   0.044329   0.659413   0.616540   0.911762   0.800067   0.938114   0.777736   0.687017   0.048149   0.556924   0.630422   0.912934   0.802428   0.936876   0.780302   0.686087   0.050098   0.448428   0.644214   0.905736   0.787510   0.936183   0.764007   0.699013   0.047348   0.361373   0.656766   0.885442   0.746772   0.936126   0.719777   0.724934   0.041510   0.315838   0.667831   0.856821   0.691540   0.936341   0.660255   0.738346   0.042815   0.304695   0.673222   0.837473   0.655830   0.936916   0.622097   0.735805   0.047378   0.304068   0.674142   0.827695   0.638555   0.937605   0.603791   0.734614   0.047198   0.303874   0.674622   0.819736   0.624762   0.938051   0.589228   0.735149   0.045668   0.303895   0.674771   0.813102   0.613450   0.938124   0.577321   0.736446   0.043471   0.304051   0.674639   0.807655   0.604281   0.938096   0.567691   0.738117   0.041499   0.304247   0.674347   0.803240   0.596942   0.938344   0.560002   0.739589   0.040062   0.304418   0.674032   0.799535   0.590856   0.938914   0.553639   0.740764   0.038686 182827
  6   0.130549   0.665951   0.699116   0.443119   0.824350   0.402220   0.588964   0.038777   0.307178   0.670635   0.727994   0.481176   0.823300   0.440433   0.585764   0.042474   0.307847   0.669422   0.733071   0.488394   0.823964   0.447779   0.579442   0.038361   0.308420   0.668537   0.736285   0.493005   0.825915   0.452478   0.578352   0.036445   0.308799   0.667940   0.737751   0.495118   0.827029   0.454634   0.578088   0.036142   0.309587   0.667264   0.738725   0.496525   0.827039   0.456070   0.577806   0.035552   0.318054   0.664034   0.744784   0.505449   0.826579   0.465211   0.578174   0.031770   0.340465   0.657437   0.754564   0.519993   0.825649   0.480135   0.585871   0.025857   0.370899   0.650251   0.763304   0.533253   0.825211   0.493793   0.600916   0.024373   0.401231   0.644213   0.772268   0.547137   0.825624   0.508148   0.615195   0.028078   0.423487   0.640409   0.780181   0.559609   0.825719   0.521085   0.627275   0.033240   0.429702   0.639822   0.785456   0.568044   0.825424   0.529858   0.637938   0.037897   0.416958   0.642669   0.787092   0.570688   0.824871   0.532614   0.647553   0.040635   0.389015   0.648296   0.784372   0.566324   0.823963   0.528072   0.656488   0.040110   0.354534   0.655305   0.777601   0.555535   0.823231   0.516857   0.666524   0.035981   0.324980   0.662458   0.765926   0.537271   0.823195   0.497939   0.679008   0.030735   0.310797   0.667344   0.753827   0.518687   0.823592   0.478755   0.685325   0.029429   0.308458   0.668793   0.747717   0.509488   0.824195   0.469294   0.682990   0.030234   0.308518   0.668831   0.745267   0.505875   0.824722   0.465593   0.679345   0.029918   0.308611   0.668792   0.743319   0.503031   0.824923   0.462685   0.675730   0.030000   0.308733   0.668711   0.741767   0.500781   0.825059   0.460387   0.671982   0.030594   0.308848   0.668630   0.740454   0.498889   0.825079   0.458457   0.667965   0.031516   0.308940   0.668519   0.739400   0.497374   0.825110   0.456912   0.664075   0.032161   0.309039   0.668351   0.738704   0.496380   0.825473   0.455900   0.660597   0.032442 248109
  7   0.137229   0.669309   0.609471   0.337202   0.670615   0.297839   0.387727   0.051577   0.300910   0.677377   0.640456   0.369799   0.667433   0.329293   0.391694   0.052324   0.301636   0.676177   0.644242   0.374058   0.667959   0.333449   0.387907   0.045529   0.302182   0.675160   0.646869   0.377038   0.669649   0.336360   0.387141   0.042075   0.302660   0.674272   0.648339   0.378701   0.670634   0.337983   0.387183   0.040624   0.305293   0.671220   0.652317   0.383279   0.670625   0.342469   0.388353   0.039465   0.324577   0.660275   0.666132   0.400022   0.670052   0.359027   0.390962   0.036692   0.370442   0.643517   0.683608   0.421993   0.669089   0.380899   0.397137   0.038693   0.429053   0.628590   0.698883   0.442164   0.668684   0.401159   0.405919   0.049380   0.483278   0.618210   0.714416   0.463405   0.668944   0.422633   0.413963   0.062791   0.518504   0.613908   0.727296   0.481552   0.668877   0.441079   0.422207   0.075101   0.521284   0.616832   0.735213   0.492966   0.668535   0.452731   0.431405   0.084349   0.491382   0.626094   0.736758   0.495264   0.668024   0.455091   0.441580   0.089148   0.441059   0.639130   0.731573   0.487842   0.667290   0.447523   0.452055   0.087967   0.384468   0.653462   0.720741   0.472495   0.666637   0.431903   0.462052   0.080225   0.336119   0.666721   0.705015   0.450754   0.666577   0.409878   0.472002   0.066670   0.309237   0.675926   0.687346   0.427045   0.666985   0.385992   0.476722   0.055638   0.302415   0.678830   0.676485   0.412848   0.667559   0.371758   0.474305   0.051041   0.302556   0.678185   0.672771   0.408147   0.668009   0.367073   0.470528   0.048088   0.302750   0.677483   0.670212   0.404938   0.668146   0.363881   0.467112   0.046282   0.302917   0.676834   0.668141   0.402375   0.668307   0.361337   0.463914   0.045603   0.303068   0.676256   0.666242   0.400052   0.668384   0.359037   0.460831   0.045337   0.303137   0.675827   0.664287   0.397682   0.668425   0.356693   0.457755   0.045037   0.303109   0.675506   0.662451   0.395474   0.668761   0.354512   0.454756   0.044646 183138
  8   0.163094   0.667560   0.400805   0.158337   0.244674   0.130924   0.235064   0.055582   0.302108   0.673703   0.398827   0.156627   0.244138   0.129341   0.230289   0.069936   0.302786   0.672458   0.400822   0.157860   0.244656   0.130426   0.231930   0.072231   0.303142   0.671761   0.401423   0.158243   0.246032   0.130766   0.233148   0.074152   0.303309   0.671324   0.401403   0.158240   0.246828   0.130764   0.233818   0.076049   0.307330   0.667133   0.403717   0.159732   0.246781   0.132087   0.234852   0.077933   0.332592   0.649645   0.412132   0.165322   0.246224   0.137068   0.237091   0.081445   0.385972   0.621957   0.423324   0.172964   0.245343   0.143907   0.241147   0.091934   0.448079   0.597525   0.434026   0.180488   0.245059   0.150674   0.246929   0.105999   0.501242   0.581492   0.444453   0.188010   0.245513   0.157470   0.253059   0.115551   0.532382   0.576629   0.452689   0.194079   0.245749   0.162973   0.258874   0.121733   0.532799   0.584268   0.457147   0.197418   0.245703   0.166009   0.264180   0.125375   0.504383   0.601716   0.457350   0.197569   0.245434   0.166147   0.268303   0.125299   0.456722   0.624425   0.453584   0.194723   0.244878   0.163555   0.270405   0.119624   0.400487   0.649250   0.446656   0.189555   0.244300   0.158859   0.270296   0.110427   0.347313   0.672877   0.437147   0.182623   0.244142   0.152586   0.268446   0.100274   0.312024   0.689184   0.426702   0.175210   0.244342   0.145908   0.265061   0.090526   0.299830   0.694193   0.419401   0.170162   0.244720   0.141380   0.260832   0.085511   0.298947   0.692757   0.415774   0.167731   0.245014   0.139211   0.256956   0.084549   0.298683   0.691104   0.412948   0.165860   0.245010   0.137544   0.253858   0.086818   0.298573   0.689581   0.410290   0.164113   0.245034   0.135991   0.251304   0.089788   0.298267   0.688310   0.407760   0.162473   0.245038   0.134535   0.248769   0.089592   0.297796   0.687323   0.405485   0.161017   0.245042   0.133246   0.246173   0.088318   0.297295   0.686529   0.403481   0.159749   0.245284   0.132126   0.243700   0.088499 344438
  9   0.161543   0.674844   0.368218   0.138730   0.200006   0.113735   0.203102   0.112165   0.288027   0.687622   0.354107   0.129957   0.199563   0.105999   0.195296   0.163793   0.288850   0.685058   0.356242   0.131135   0.200093   0.107017   0.196832   0.173754   0.289278   0.683337   0.357188   0.131680   0.201374   0.107491   0.198208   0.181123   0.289427   0.682168   0.357216   0.131701   0.202079   0.107510   0.199078   0.188129   0.300421   0.672859   0.361818   0.134332   0.202027   0.109797   0.200768   0.194138   0.349805   0.643571   0.374329   0.141830   0.201478   0.116367   0.203546   0.204313   0.439867   0.602514   0.389365   0.151304   0.200632   0.124737   0.206332   0.223079   0.538459   0.566508   0.403499   0.160558   0.200417   0.132966   0.209576   0.238338   0.620962   0.541822   0.416282   0.169190   0.200897   0.140682   0.213149   0.241130   0.671383   0.532709   0.426337   0.176162   0.201160   0.146943   0.216500   0.239806   0.676160   0.542202   0.432256   0.180358   0.201151   0.150725   0.219726   0.238625   0.635491   0.567690   0.433168   0.181019   0.200902   0.151324   0.222574   0.235916   0.562648   0.602685   0.428901   0.177979   0.200385   0.148582   0.224287   0.228626   0.471934   0.642652   0.420093   0.171792   0.199831   0.143014   0.224222   0.220287   0.380850   0.682089   0.406989   0.162855   0.199627   0.135011   0.222561   0.213846   0.310614   0.712769   0.390460   0.152006   0.199751   0.125358   0.219694   0.204773   0.281090   0.723902   0.377559   0.143836   0.200069   0.118132   0.215877   0.198802   0.278871   0.720472   0.371155   0.139951   0.200315   0.114722   0.212049   0.198838   0.278760   0.716101   0.366799   0.137356   0.200282   0.112451   0.209079   0.202792   0.279085   0.712020   0.363167   0.135217   0.200291   0.110582   0.206843   0.206933   0.279229   0.708636   0.359905   0.133324   0.200287   0.108933   0.204726   0.206120   0.278967   0.706071   0.357011   0.131661   0.200290   0.107486   0.202517   0.203630   0.278664   0.703847   0.354679   0.130333   0.200513   0.106332   0.200427   0.203344 177866
 10   0.122055   0.668187   0.755761   0.521728   0.939222   0.481905   0.715713   0.022998   0.305352   0.675204   0.767447   0.539111   0.938477   0.499742   0.727786   0.022007   0.305695   0.674014   0.769266   0.541868   0.939364   0.502582   0.732984   0.022720   0.305976   0.672964   0.770779   0.544179   0.941492   0.504965   0.738330   0.023404   0.306203   0.672199   0.771126   0.544697   0.942713   0.505496   0.742096   0.024241   0.311022   0.670819   0.772328   0.546532   0.942835   0.507388   0.743033   0.024986   0.336097   0.665403   0.779111   0.557181   0.942462   0.518424   0.745847   0.024808   0.388376   0.654883   0.792780   0.579186   0.941587   0.541336   0.757830   0.024445   0.454438   0.643133   0.811797   0.610980   0.940760   0.574678   0.773791   0.027316   0.517924   0.633393   0.833665   0.649087   0.940854   0.614952   0.785861   0.032890   0.561934   0.627472   0.853490   0.685035   0.940793   0.653232   0.793132   0.037836   0.567292   0.627129   0.868159   0.712537   0.940256   0.682702   0.796556   0.041195   0.529584   0.632467   0.876199   0.727920   0.939464   0.699250   0.798061   0.043317   0.466439   0.641120   0.877276   0.729945   0.938333   0.701421   0.801330   0.044085   0.397993   0.649716   0.872485   0.720609   0.937733   0.691344   0.813168   0.039778   0.342472   0.657840   0.858601   0.694296   0.937795   0.663091   0.831548   0.033454   0.315219   0.664208   0.841437   0.662514   0.938050   0.629116   0.839585   0.034800   0.309522   0.666659   0.831358   0.644396   0.938635   0.609857   0.837390   0.038683   0.309115   0.667251   0.825627   0.634342   0.939323   0.599219   0.836144   0.038694   0.308850   0.667687   0.820678   0.625768   0.939687   0.590169   0.836037   0.037481   0.308626   0.668015   0.816280   0.618225   0.939662   0.582222   0.836371   0.035818   0.308394   0.668269   0.812418   0.611659   0.939624   0.575315   0.836451   0.034354   0.308159   0.668477   0.809037   0.605965   0.939906   0.569337   0.835840   0.033522   0.307996   0.668594   0.806107   0.601071   0.940482   0.564206   0.834952   0.032807 399536
 11   0.124954   0.669331   0.734615   0.491220   0.931057   0.450770   0.641577   0.026403   0.305812   0.677387   0.749132   0.511700   0.930182   0.471584   0.649073   0.025258   0.306257   0.675997   0.751309   0.514842   0.931064   0.474791   0.649717   0.025397   0.306602   0.674786   0.753094   0.517455   0.933113   0.477463   0.651545   0.024838   0.306830   0.673908   0.753723   0.518375   0.934252   0.478405   0.652726   0.024301   0.308979   0.672982   0.754234   0.519124   0.934270   0.479171   0.652140   0.023955   0.324994   0.669127   0.759169   0.526585   0.933789   0.486850   0.651552   0.022437   0.361459   0.660468   0.770229   0.543564   0.932901   0.504374   0.657810   0.020040   0.408240   0.649950   0.786020   0.568509   0.932279   0.530259   0.670854   0.020569   0.454762   0.640664   0.805327   0.600149   0.932524   0.563315   0.682285   0.024317   0.490135   0.634358   0.823944   0.631834   0.932579   0.596654   0.689418   0.028542   0.501344   0.632580   0.838337   0.657167   0.932139   0.623478   0.694502   0.032229   0.482610   0.635756   0.846832   0.672480   0.931352   0.639763   0.699138   0.034994   0.439393   0.642696   0.848827   0.676131   0.930226   0.643658   0.705239   0.035478   0.384867   0.650901   0.845041   0.669257   0.929492   0.636337   0.716258   0.031875   0.337389   0.659476   0.832061   0.646124   0.929403   0.611786   0.731685   0.027506   0.313108   0.666771   0.813871   0.614357   0.929633   0.578200   0.739900   0.029556   0.307990   0.669848   0.802273   0.594623   0.930187   0.557438   0.738724   0.033831   0.307727   0.670292   0.796564   0.585202   0.930786   0.547584   0.736652   0.034707   0.307559   0.670569   0.791811   0.577463   0.931097   0.539509   0.735026   0.034606   0.307413   0.670782   0.787542   0.570590   0.931157   0.532353   0.733698   0.034251   0.307328   0.670896   0.783787   0.564603   0.931156   0.526131   0.732323   0.033956   0.307327   0.670896   0.780656   0.559652   0.931350   0.520993   0.730953   0.033670   0.307400   0.670813   0.777988   0.555461   0.931835   0.516648   0.730031   0.033214 502628
 12   0.134633   0.665589   0.659996   0.393608   0.747446   0.352853   0.555092   0.034599   0.307224   0.670380   0.680892   0.418039   0.746045   0.376862   0.561118   0.037125   0.307675   0.669798   0.682293   0.419815   0.746694   0.378631   0.559400   0.033750   0.308115   0.669173   0.683529   0.421394   0.748525   0.380208   0.560451   0.032162   0.308398   0.668754   0.683809   0.421763   0.749567   0.380578   0.560665   0.031468   0.309032   0.668212   0.683880   0.421855   0.749517   0.380670   0.559989   0.031031   0.317204   0.664815   0.687819   0.427008   0.748902   0.385834   0.559352   0.029098   0.340265   0.657593   0.694795   0.436178   0.747849   0.395034   0.564403   0.026898   0.372535   0.649774   0.701463   0.445048   0.747447   0.403952   0.576199   0.029068   0.403285   0.643730   0.708273   0.454256   0.747935   0.413238   0.588722   0.034892   0.423992   0.640419   0.714178   0.462365   0.748112   0.421439   0.599589   0.040631   0.427570   0.640532   0.718153   0.467892   0.747914   0.427043   0.608217   0.044513   0.412356   0.644115   0.719200   0.469384   0.747467   0.428561   0.614638   0.045414   0.384127   0.650239   0.716793   0.466060   0.746701   0.425196   0.618891   0.042869   0.351673   0.657550   0.711497   0.458741   0.745961   0.417786   0.621570   0.037210   0.324379   0.664575   0.703776   0.448149   0.745805   0.407076   0.624436   0.031053   0.310690   0.669029   0.696154   0.437802   0.746131   0.396634   0.624301   0.028791   0.308116   0.670139   0.692316   0.432656   0.746669   0.391453   0.620239   0.028824   0.308199   0.669927   0.691051   0.430988   0.747096   0.389779   0.616073   0.028390   0.308297   0.669718   0.689921   0.429515   0.747168   0.388304   0.612314   0.028374   0.308391   0.669533   0.688780   0.428041   0.747264   0.386829   0.608958   0.028798   0.308477   0.669366   0.687673   0.426619   0.747323   0.385409   0.605713   0.029247   0.308548   0.669182   0.686789   0.425492   0.747366   0.384284   0.602475   0.029445   0.308625   0.668944   0.686274   0.424842   0.747704   0.383638   0.599419   0.029673 369512
 13   0.152036   0.667290   0.508430   0.239092   0.444200   0.204438   0.329237   0.042846   0.304651   0.673657   0.528007   0.254658   0.443345   0.218733   0.331457   0.048985   0.305009   0.672964   0.529110   0.255594   0.443873   0.219602   0.331025   0.046144   0.305197   0.672318   0.529856   0.256240   0.445383   0.220205   0.331119   0.045655   0.305306   0.671811   0.530111   0.256465   0.446248   0.220414   0.330992   0.046035   0.307813   0.669041   0.532164   0.258273   0.446179   0.222104   0.331782   0.046384   0.327148   0.657233   0.540319   0.265729   0.445549   0.229118   0.334562   0.045537   0.371941   0.637317   0.550468   0.275228   0.444557   0.238090   0.341337   0.048582   0.426598   0.618646   0.559296   0.283718   0.444201   0.246147   0.351610   0.058484   0.471466   0.606716   0.568008   0.292270   0.444611   0.254293   0.362169   0.069819   0.494235   0.603702   0.574590   0.298880   0.444772   0.260615   0.371791   0.079271   0.489567   0.609584   0.577905   0.302297   0.444654   0.263898   0.379810   0.085410   0.461361   0.622198   0.577399   0.301823   0.444317   0.263452   0.385864   0.087012   0.419610   0.638376   0.573058   0.297434   0.443714   0.259249   0.389596   0.083064   0.374131   0.655280   0.565830   0.290187   0.443101   0.252319   0.390662   0.073936   0.334731   0.670206   0.557271   0.281754   0.442960   0.244282   0.389237   0.061976   0.311298   0.679544   0.549243   0.274010   0.443240   0.236928   0.385239   0.052675   0.304373   0.681924   0.544491   0.269506   0.443701   0.232664   0.379596   0.049269   0.303959   0.681073   0.542542   0.267703   0.444044   0.230965   0.374191   0.048770   0.303628   0.680309   0.540909   0.266222   0.444046   0.229573   0.369329   0.049605   0.303288   0.679713   0.539349   0.264823   0.444087   0.228262   0.364914   0.051185   0.303064   0.679167   0.537773   0.263415   0.444117   0.226943   0.361062   0.051957   0.302886   0.678654   0.536265   0.262072   0.444138   0.225685   0.357597   0.052098   0.302644   0.678218   0.534980   0.260941   0.444414   0.224627   0.354289   0.052557 397281
 14   0.157745   0.666547   0.456291   0.197055   0.346924   0.165718   0.284145   0.048436   0.304683   0.672049   0.467523   0.204701   0.346376   0.172553   0.283587   0.057589   0.305115   0.671122   0.469305   0.205998   0.346879   0.173726   0.284133   0.057232   0.305416   0.670308   0.470776   0.207111   0.348324   0.174739   0.284982   0.058410   0.305606   0.669723   0.471517   0.207681   0.349160   0.175259   0.285505   0.059963   0.308140   0.667192   0.473392   0.209132   0.349094   0.176585   0.286339   0.061097   0.327042   0.655658   0.480379   0.214684   0.348495   0.181682   0.288636   0.061384   0.369890   0.635913   0.490065   0.222536   0.347560   0.188917   0.293951   0.066414   0.421832   0.617422   0.499639   0.230498   0.347231   0.196285   0.301636   0.077854   0.466393   0.604924   0.509240   0.238650   0.347648   0.203856   0.309537   0.089082   0.491379   0.600967   0.516698   0.245118   0.347846   0.209886   0.316759   0.097918   0.490369   0.606147   0.520814   0.248774   0.347767   0.213308   0.322641   0.103533   0.466136   0.618348   0.521050   0.249027   0.347456   0.213553   0.326825   0.104620   0.426361   0.634656   0.517348   0.245786   0.346869   0.210527   0.329046   0.100014   0.379869   0.652669   0.510383   0.239706   0.346280   0.204852   0.329200   0.090766   0.337576   0.669465   0.501382   0.231984   0.346140   0.197666   0.327414   0.079114   0.311531   0.680477   0.492362   0.224416   0.346389   0.190652   0.323778   0.069555   0.303537   0.683563   0.486702   0.219750   0.346822   0.186340   0.319197   0.065959   0.303189   0.682616   0.484184   0.217716   0.347159   0.184468   0.315032   0.065769   0.303027   0.681644   0.482144   0.216098   0.347171   0.182982   0.311501   0.067526   0.302813   0.680802   0.480344   0.214688   0.347203   0.181690   0.308292   0.069788   0.302608   0.680028   0.478678   0.213391   0.347218   0.180503   0.305344   0.070371   0.302419   0.679318   0.477147   0.212207   0.347238   0.179422   0.302616   0.070109   0.302155   0.678728   0.475807   0.211184   0.347504   0.178489   0.300093   0.070332 395977
 15   0.124397   0.667880   0.749537   0.512345   0.936183   0.472254   0.731917   0.022046   0.307656   0.674583   0.761993   0.530640   0.935481   0.490982   0.741476   0.020017   0.307999   0.673346   0.764224   0.533985   0.936406   0.494419   0.745886   0.020493   0.308328   0.672229   0.766137   0.536875   0.938543   0.497392   0.751027   0.020742   0.308591   0.671430   0.766821   0.537899   0.939750   0.498445   0.754915   0.021078   0.309862   0.670667   0.767069   0.538260   0.939835   0.498814   0.756823   0.021433   0.321135   0.667599   0.770655   0.543804   0.939437   0.504542   0.757387   0.021684   0.347598   0.660816   0.779099   0.557035   0.938562   0.518248   0.763296   0.020885   0.380647   0.652843   0.791117   0.576296   0.937824   0.538285   0.775536   0.021152   0.411310   0.646153   0.805608   0.600161   0.938084   0.563238   0.786709   0.023699   0.432285   0.641937   0.819230   0.623228   0.938235   0.587482   0.794287   0.026300   0.435984   0.641050   0.829535   0.641115   0.937892   0.606369   0.799154   0.028064   0.420467   0.643532   0.835539   0.651706   0.937218   0.617587   0.802408   0.028906   0.391140   0.648422   0.836944   0.654203   0.936144   0.620235   0.805875   0.028435   0.355925   0.653975   0.834424   0.649729   0.935487   0.615491   0.814912   0.024976   0.326303   0.659931   0.824924   0.633110   0.935432   0.597917   0.829656   0.022114   0.312893   0.664535   0.812947   0.612403   0.935617   0.576068   0.837378   0.025032   0.310884   0.666108   0.806251   0.601034   0.936146   0.564114   0.836217   0.028984   0.310654   0.666507   0.802398   0.594609   0.936752   0.557380   0.834484   0.030091   0.310457   0.666805   0.799028   0.589038   0.937050   0.551551   0.833185   0.030250   0.310271   0.667052   0.795917   0.583933   0.937023   0.546218   0.832292   0.029753   0.310119   0.667232   0.793176   0.579466   0.936968   0.541557   0.831440   0.029062   0.310025   0.667334   0.790900   0.575781   0.937182   0.537717   0.830289   0.028708   0.309978   0.667369   0.788980   0.572691   0.937693   0.534500   0.829321   0.028356 1075149
 16   0.125623   0.667857   0.737426   0.494702   0.931414   0.454218   0.714831   0.024605   0.307610   0.674597   0.750543   0.513453   0.930595   0.473318   0.722286   0.021834   0.307904   0.673480   0.752559   0.516396   0.931425   0.476327   0.724394   0.021560   0.308192   0.672459   0.754292   0.518950   0.933479   0.478943   0.727664   0.021129   0.308430   0.671720   0.754895   0.519832   0.934635   0.479845   0.730042   0.021091   0.309076   0.671128   0.754809   0.519684   0.934671   0.479690   0.730899   0.021183   0.316803   0.668930   0.757050   0.523045   0.934207   0.483143   0.729634   0.021352   0.336691   0.663595   0.763388   0.532660   0.933284   0.493044   0.731649   0.020671   0.362612   0.656831   0.772879   0.547309   0.932649   0.508176   0.740424   0.020689   0.386877   0.650940   0.784588   0.565793   0.933029   0.527350   0.750234   0.022787   0.403291   0.647128   0.795941   0.584131   0.933252   0.546456   0.757427   0.025073   0.406275   0.646119   0.804714   0.598603   0.932995   0.561591   0.762510   0.026452   0.394532   0.647949   0.809882   0.607246   0.932394   0.570655   0.766394   0.026682   0.371854   0.651891   0.811012   0.609152   0.931379   0.572655   0.770469   0.025433   0.344403   0.656668   0.808541   0.605001   0.930694   0.568301   0.778842   0.022029   0.321468   0.661933   0.800008   0.590835   0.930616   0.553467   0.792296   0.020147   0.311364   0.665805   0.789901   0.574221   0.930814   0.536102   0.799046   0.023153   0.309976   0.667002   0.784557   0.565582   0.931323   0.527101   0.797169   0.026393   0.309832   0.667286   0.781388   0.560533   0.931868   0.521854   0.795066   0.027186   0.309714   0.667498   0.778572   0.556082   0.932095   0.517236   0.793200   0.027378   0.309622   0.667672   0.775982   0.552016   0.932085   0.513023   0.791411   0.027423   0.309562   0.667801   0.773673   0.548413   0.932042   0.509293   0.789585   0.027417   0.309538   0.667866   0.771711   0.545369   0.932207   0.506146   0.787810   0.027441   0.309546   0.667853   0.770103   0.542888   0.932673   0.503583   0.786456   0.027293 974490
 17   0.127103   0.668676   0.719083   0.468977   0.931463   0.428102   0.661080   0.027912   0.306818   0.676295   0.732385   0.487198   0.930457   0.446519   0.664642   0.024890   0.307093   0.675248   0.733890   0.489288   0.931247   0.448637   0.663459   0.024661   0.307401   0.674215   0.735396   0.491410   0.933149   0.450792   0.663878   0.024174   0.307673   0.673410   0.736034   0.492303   0.934195   0.451699   0.664187   0.023817   0.308459   0.672748   0.735997   0.492231   0.934142   0.451621   0.663704   0.023595   0.317158   0.670349   0.738340   0.495606   0.933549   0.455064   0.662330   0.023262   0.339121   0.664495   0.745097   0.505454   0.932591   0.465130   0.664106   0.022485   0.367518   0.656976   0.755197   0.520442   0.932034   0.480503   0.671972   0.022955   0.393966   0.650332   0.767660   0.539402   0.932415   0.500037   0.681542   0.025258   0.412317   0.645894   0.780073   0.558782   0.932601   0.520101   0.688844   0.027742   0.416534   0.644522   0.790032   0.574700   0.932313   0.536653   0.694247   0.029266   0.404426   0.646423   0.796156   0.584657   0.931649   0.547039   0.698888   0.029510   0.379658   0.650859   0.797865   0.587468   0.930633   0.549977   0.704144   0.028212   0.349072   0.656450   0.795387   0.583426   0.929932   0.545758   0.712676   0.024628   0.323135   0.662564   0.786456   0.569006   0.929850   0.530736   0.724202   0.022323   0.311059   0.667025   0.775656   0.551739   0.930108   0.512781   0.729579   0.024871   0.309050   0.668448   0.769658   0.542311   0.930657   0.503008   0.727560   0.028029   0.308888   0.668767   0.766125   0.536863   0.931184   0.497382   0.725162   0.029104   0.308777   0.669004   0.762984   0.532059   0.931368   0.492428   0.723151   0.029488   0.308711   0.669170   0.760168   0.527789   0.931369   0.488031   0.721357   0.029743   0.308666   0.669293   0.757624   0.523956   0.931320   0.484088   0.719720   0.029994   0.308637   0.669366   0.755429   0.520665   0.931447   0.480708   0.718411   0.029865   0.308662   0.669345   0.753668   0.518041   0.931869   0.478013   0.717482   0.029438 665679
 18   0.140529   0.665506   0.617940   0.345254   0.651894   0.305461   0.483086   0.036426   0.307160   0.670278   0.635383   0.363121   0.650490   0.322607   0.487591   0.041664   0.307577   0.669751   0.636504   0.364377   0.651107   0.323832   0.486062   0.037688   0.307986   0.669117   0.637420   0.365420   0.652841   0.324851   0.487148   0.035694   0.308218   0.668715   0.637314   0.365296   0.653830   0.324729   0.488068   0.034804   0.309130   0.667865   0.637502   0.365499   0.653763   0.324926   0.488302   0.034282   0.319892   0.662831   0.642212   0.371010   0.653117   0.330340   0.489294   0.032707   0.348532   0.653022   0.649744   0.379907   0.652054   0.339095   0.495936   0.032021   0.386589   0.643193   0.656529   0.388050   0.651663   0.347130   0.508265   0.036318   0.420334   0.636362   0.663063   0.396027   0.652133   0.355028   0.521104   0.043870   0.440328   0.633469   0.668048   0.402215   0.652318   0.361172   0.532460   0.050718   0.440397   0.634939   0.670692   0.405541   0.652173   0.364482   0.541504   0.054978   0.420989   0.640416   0.670308   0.405086   0.651796   0.364035   0.547857   0.055683   0.389557   0.648466   0.666791   0.400719   0.651120   0.359698   0.551210   0.052243   0.354961   0.657491   0.661078   0.393669   0.650431   0.352705   0.551696   0.045413   0.326132   0.665807   0.654142   0.385191   0.650267   0.344311   0.550821   0.038175   0.311106   0.670919   0.647865   0.377601   0.650570   0.336810   0.547885   0.034778   0.307891   0.672094   0.644827   0.373966   0.651070   0.333226   0.542985   0.034490   0.307963   0.671699   0.643962   0.372949   0.651450   0.332226   0.538476   0.034341   0.308023   0.671340   0.643087   0.371928   0.651474   0.331222   0.534605   0.034440   0.308070   0.671037   0.642177   0.370868   0.651538   0.330183   0.531186   0.034908   0.308106   0.670781   0.641188   0.369726   0.651590   0.329064   0.527957   0.035322   0.308153   0.670502   0.640365   0.368781   0.651626   0.328139   0.524817   0.035493   0.308211   0.670163   0.639944   0.368305   0.651940   0.327673   0.521893   0.035709 327773
 19   0.145420   0.666139   0.566616   0.292554   0.556558   0.254824   0.391027   0.040902   0.305299   0.671505   0.588814   0.312745   0.555428   0.273800   0.395552   0.045454   0.305804   0.671004   0.590204   0.314129   0.556016   0.275121   0.394896   0.039907   0.306108   0.670470   0.590700   0.314627   0.557648   0.275598   0.395614   0.038199   0.306273   0.670102   0.590388   0.314305   0.558591   0.275288   0.396317   0.037611   0.307909   0.668355   0.591385   0.315309   0.558546   0.276249   0.397322   0.037397   0.322925   0.660312   0.598404   0.322699   0.557920   0.283373   0.399971   0.035870   0.359477   0.646779   0.607366   0.332293   0.556913   0.292651   0.407847   0.036899   0.405304   0.634259   0.614445   0.340052   0.556555   0.300186   0.420200   0.044151   0.443921   0.626046   0.621393   0.347815   0.556993   0.307751   0.432667   0.053624   0.464481   0.623517   0.626514   0.353644   0.557172   0.313451   0.443899   0.061914   0.461453   0.626815   0.628890   0.356389   0.557049   0.316142   0.453173   0.067029   0.437714   0.634663   0.628025   0.355408   0.556685   0.315184   0.460066   0.067618   0.401736   0.645190   0.623824   0.350627   0.556041   0.310510   0.464239   0.063163   0.362446   0.656640   0.617236   0.343213   0.555401   0.303275   0.465494   0.054642   0.329211   0.667082   0.609525   0.334659   0.555257   0.294950   0.464625   0.044907   0.310762   0.673699   0.602414   0.326892   0.555542   0.287411   0.461573   0.038954   0.306094   0.675356   0.598753   0.322948   0.556010   0.283594   0.456640   0.037482   0.305975   0.674845   0.597685   0.321829   0.556365   0.282515   0.451697   0.037323   0.305881   0.674398   0.596668   0.320776   0.556378   0.281503   0.447242   0.037917   0.305766   0.674046   0.595615   0.319699   0.556424   0.280471   0.443221   0.038866   0.305704   0.673719   0.594523   0.318585   0.556451   0.279402   0.439591   0.039517   0.305660   0.673402   0.593501   0.317543   0.556475   0.278403   0.436167   0.039998   0.305588   0.673107   0.592685   0.316723   0.556770   0.277619   0.432948   0.040429 344534
 20   0.123391   0.666650   0.762244   0.531182   0.942898   0.491571   0.795795   0.020747   0.308670   0.672188   0.774498   0.549768   0.942202   0.510709   0.807927   0.016426   0.308926   0.671078   0.776769   0.553290   0.943070   0.514351   0.813496   0.017165   0.309230   0.670078   0.778649   0.556229   0.945234   0.517393   0.819380   0.018433   0.309474   0.669390   0.779282   0.557214   0.946479   0.518413   0.823327   0.019574   0.310385   0.668766   0.779412   0.557414   0.946646   0.518619   0.824824   0.020404   0.319702   0.666007   0.782503   0.562336   0.946249   0.523733   0.824275   0.020689   0.342500   0.659860   0.789986   0.574376   0.945324   0.536267   0.828951   0.020145   0.371206   0.652785   0.800364   0.591394   0.944578   0.554046   0.840271   0.020542   0.397264   0.647030   0.812555   0.611853   0.944898   0.575513   0.850703   0.022724   0.414095   0.643600   0.823791   0.631143   0.945173   0.595839   0.857708   0.024884   0.415863   0.643117   0.832090   0.645681   0.944907   0.611218   0.861835   0.026233   0.401620   0.645484   0.836801   0.654043   0.944268   0.620085   0.864056   0.026509   0.376385   0.649837   0.837657   0.655577   0.943170   0.621715   0.866187   0.025479   0.346981   0.654781   0.835122   0.651075   0.942478   0.616939   0.874251   0.022168   0.322991   0.660051   0.826689   0.636260   0.942369   0.601261   0.888406   0.020204   0.312779   0.663865   0.816803   0.619040   0.942487   0.583065   0.894952   0.023113   0.311467   0.665042   0.811543   0.610013   0.942977   0.573553   0.892542   0.026401   0.311284   0.665382   0.808296   0.604524   0.943578   0.567787   0.890124   0.027354   0.311108   0.665649   0.805389   0.599645   0.943848   0.562668   0.888182   0.027369   0.310936   0.665874   0.802665   0.595106   0.943753   0.557912   0.886536   0.026820   0.310795   0.666041   0.800268   0.591135   0.943695   0.553755   0.885182   0.026114   0.310710   0.666148   0.798251   0.587815   0.943949   0.550284   0.883645   0.025827   0.310668   0.666198   0.796541   0.585017   0.944505   0.547363   0.882001   0.025703 880002
 21   0.123941   0.666563   0.754959   0.520178   0.939057   0.480247   0.785187   0.022064   0.308512   0.672152   0.765683   0.536153   0.938440   0.496642   0.794887   0.018426   0.308808   0.671291   0.767138   0.538354   0.939322   0.498908   0.798644   0.019275   0.309089   0.670496   0.768343   0.540192   0.941426   0.500803   0.802968   0.020218   0.309292   0.669982   0.768397   0.540267   0.942677   0.500879   0.805786   0.021120   0.309587   0.669688   0.767556   0.538966   0.942801   0.499534   0.806731   0.022076   0.314602   0.668287   0.768140   0.539873   0.942330   0.500471   0.805318   0.023544   0.329367   0.664420   0.771870   0.545670   0.941419   0.506468   0.806218   0.024621   0.349911   0.659347   0.778082   0.555420   0.940778   0.516570   0.812776   0.025596   0.369390   0.654923   0.786072   0.568145   0.941242   0.529793   0.820407   0.027854   0.382669   0.652065   0.793860   0.580743   0.941656   0.542920   0.825993   0.030086   0.384993   0.651335   0.799688   0.590305   0.941530   0.552911   0.829420   0.030943   0.375307   0.652791   0.802834   0.595518   0.940984   0.558368   0.831102   0.030377   0.356866   0.655950   0.802870   0.595589   0.939999   0.558444   0.832412   0.028583   0.335059   0.659802   0.800036   0.590909   0.939379   0.553548   0.838181   0.024410   0.317793   0.663793   0.793108   0.579551   0.939332   0.541683   0.847862   0.021604   0.310844   0.666430   0.785819   0.567704   0.939510   0.529327   0.850236   0.023506   0.310120   0.667143   0.782009   0.561606   0.940000   0.522985   0.846111   0.025670   0.310042   0.667343   0.779457   0.557559   0.940550   0.518784   0.842969   0.025976   0.309979   0.667485   0.777147   0.553919   0.940771   0.515009   0.840190   0.025660   0.309926   0.667600   0.774988   0.550534   0.940653   0.511502   0.837419   0.025381   0.309894   0.667675   0.773087   0.547566   0.940542   0.508429   0.834748   0.025470   0.309880   0.667695   0.771505   0.545110   0.940734   0.505889   0.832390   0.025589   0.309885   0.667665   0.770190   0.543077   0.941223   0.503789   0.830307   0.025593 1126035
 22   0.125126   0.666994   0.740472   0.498908   0.931346   0.458475   0.757009   0.026952   0.308212   0.673204   0.749965   0.512552   0.930566   0.472387   0.762917   0.023534   0.308480   0.672680   0.750236   0.512931   0.931356   0.472771   0.763583   0.024329   0.308718   0.672138   0.750459   0.513256   0.933351   0.473102   0.764735   0.025111   0.308886   0.671847   0.749642   0.512047   0.934560   0.471864   0.764572   0.026030   0.309085   0.671803   0.747822   0.509367   0.934670   0.469119   0.762857   0.027151   0.313105   0.670963   0.746795   0.507867   0.934214   0.467585   0.759457   0.029385   0.325739   0.668040   0.748124   0.509851   0.933369   0.469622   0.757523   0.031690   0.344245   0.663801   0.751782   0.515300   0.932882   0.475213   0.760210   0.033670   0.362466   0.659842   0.757237   0.523489   0.933466   0.483630   0.765393   0.036342   0.375550   0.657060   0.762869   0.532036   0.933951   0.492432   0.770042   0.038445   0.378962   0.656071   0.767318   0.538852   0.933894   0.499464   0.773177   0.038972   0.370964   0.657105   0.769707   0.542536   0.933378   0.503268   0.774791   0.037674   0.354251   0.659813   0.769531   0.542265   0.932412   0.502989   0.775346   0.034577   0.333988   0.663346   0.767070   0.538471   0.931703   0.499070   0.777560   0.029187   0.317145   0.666872   0.761816   0.530404   0.931562   0.490745   0.782991   0.024365   0.309935   0.668994   0.756304   0.521993   0.931717   0.482075   0.784606   0.024136   0.309236   0.669444   0.753337   0.517512   0.932165   0.477464   0.781455   0.025454   0.309245   0.669436   0.751545   0.514826   0.932624   0.474704   0.778907   0.025496   0.309259   0.669378   0.749993   0.512510   0.932752   0.472327   0.776685   0.025213   0.309291   0.669309   0.748567   0.510395   0.932621   0.470159   0.774388   0.025194   0.309334   0.669227   0.747316   0.508550   0.932471   0.468269   0.772146   0.025520   0.309388   0.669081   0.746380   0.507175   0.932576   0.466861   0.770365   0.025573   0.309459   0.668867   0.745746   0.506249   0.932993   0.465914   0.769121   0.025428 720486
 23   0.128104   0.667518   0.710075   0.456683   0.891106   0.415681   0.674596   0.029729   0.307695   0.674409   0.721719   0.472172   0.890205   0.431254   0.679015   0.028929   0.308016   0.674133   0.720724   0.470804   0.890964   0.429872   0.677114   0.028872   0.308304   0.673742   0.719988   0.469806   0.892895   0.428865   0.676575   0.028820   0.308511   0.673495   0.718597   0.467903   0.894009   0.426942   0.675438   0.028975   0.308788   0.673366   0.716656   0.465235   0.894034   0.424244   0.673497   0.029321   0.313704   0.671974   0.716004   0.464349   0.893485   0.423350   0.671094   0.030033   0.329132   0.667697   0.718269   0.467488   0.892530   0.426529   0.671406   0.030663   0.351930   0.661841   0.723031   0.474104   0.892131   0.433233   0.676936   0.032461   0.374304   0.656641   0.729361   0.483004   0.892672   0.442272   0.685068   0.035765   0.390085   0.653146   0.735794   0.492168   0.893005   0.451600   0.692640   0.038562   0.393939   0.652091   0.740946   0.499600   0.892910   0.459183   0.698557   0.039719   0.384293   0.653710   0.743758   0.503709   0.892435   0.463385   0.702464   0.038999   0.364271   0.657536   0.743669   0.503601   0.891578   0.463279   0.704590   0.036221   0.340061   0.662490   0.741057   0.499792   0.890852   0.459386   0.706441   0.031200   0.319701   0.667323   0.735843   0.492196   0.890675   0.451621   0.709364   0.026667   0.310132   0.670160   0.730421   0.484343   0.890898   0.443603   0.709541   0.025887   0.308770   0.670664   0.727707   0.480452   0.891387   0.439637   0.706269   0.026702   0.308847   0.670476   0.726511   0.478757   0.891823   0.437913   0.703207   0.026807   0.308918   0.670262   0.725484   0.477315   0.891890   0.436449   0.700596   0.026659   0.308974   0.670076   0.724512   0.475965   0.891851   0.435081   0.698273   0.026856   0.309021   0.669948   0.723507   0.474582   0.891778   0.433683   0.695834   0.027495   0.309079   0.669809   0.722594   0.473334   0.891831   0.432422   0.693494   0.028119   0.309160   0.669617   0.721930   0.472433   0.892197   0.431513   0.691475   0.028730 335166
 24   0.127406   0.669838   0.703113   0.448350   0.919708   0.407472   0.523066   0.028638   0.304283   0.678512   0.718264   0.468378   0.918664   0.427593   0.526078   0.028633   0.304708   0.677361   0.719807   0.470432   0.919415   0.429659   0.522620   0.028428   0.305076   0.676324   0.721020   0.472062   0.921220   0.431301   0.522589   0.027431   0.305370   0.675487   0.721566   0.472808   0.922294   0.432055   0.523598   0.026890   0.306476   0.674645   0.721954   0.473351   0.922375   0.432605   0.524164   0.026672   0.317294   0.671462   0.726814   0.480267   0.921900   0.439648   0.525725   0.025018   0.344581   0.664167   0.737803   0.496007   0.921086   0.455693   0.533544   0.021816   0.380457   0.655190   0.752017   0.516756   0.920627   0.476918   0.547562   0.021368   0.415561   0.647181   0.768281   0.541313   0.920920   0.502194   0.562581   0.024282   0.442466   0.641473   0.784304   0.566414   0.921055   0.528205   0.575068   0.027980   0.451622   0.639433   0.797204   0.587282   0.920751   0.549957   0.584653   0.030926   0.438255   0.641491   0.804903   0.600025   0.920042   0.563297   0.593525   0.032130   0.406039   0.646711   0.806743   0.603108   0.919003   0.566532   0.603525   0.030912   0.364265   0.653568   0.802757   0.596444   0.918322   0.559542   0.616623   0.027319   0.328004   0.661501   0.789437   0.574611   0.918262   0.536729   0.631438   0.025111   0.310324   0.668195   0.772480   0.547386   0.918516   0.508390   0.638080   0.028163   0.307005   0.670726   0.762980   0.532532   0.919074   0.493005   0.635880   0.031889   0.306971   0.670890   0.758769   0.526123   0.919663   0.486400   0.632709   0.032946   0.307026   0.670936   0.755370   0.521012   0.919963   0.481145   0.630055   0.033480   0.307095   0.670945   0.752394   0.516594   0.920032   0.476613   0.628033   0.033954   0.307170   0.670928   0.749755   0.512701   0.919981   0.472625   0.626453   0.034124   0.307265   0.670888   0.747418   0.509276   0.920117   0.469120   0.625469   0.033991   0.307353   0.670840   0.745314   0.506221   0.920556   0.465999   0.625011   0.034029 263087
