timestamp=                2021-11-28T22:10:27.417771
shape=                    (5, 5)
sigma=                    2.5
nepochs=                  1
rate=                     0.00725
neighborhood function=    gaussian
init weights=             pca
topology=                 hexagonal
activation distance=      euclidean
output type=              labels
mapfile_prefix=           full2017_5x5_1_00725_3_02
apply classification=     False
apply activation=         False
seed=                     None
random order=             True
custom init file=         None
decay_function=           3

quantization Error=       0.34729713
topographic Error=        0.15047449

############ NEURONS #############
 25 192
  0   0.128887   0.669778   0.692500   0.434024   0.928778   0.393024   0.537524   0.026803   0.304566   0.678483   0.705648   0.450838   0.927770   0.409813   0.541710   0.026759   0.304917   0.677435   0.706763   0.452215   0.928534   0.411178   0.539721   0.026824   0.305245   0.676446   0.707820   0.453582   0.930301   0.412544   0.539946   0.025920   0.305475   0.675688   0.708140   0.454001   0.931334   0.412964   0.540843   0.025376   0.306447   0.674964   0.708126   0.453962   0.931391   0.412922   0.541104   0.025429   0.317337   0.672026   0.711668   0.458735   0.930904   0.417733   0.541911   0.025161   0.345897   0.664800   0.721326   0.471963   0.930080   0.431104   0.547938   0.023933   0.384414   0.655581   0.735360   0.491708   0.929599   0.451162   0.559452   0.024825   0.422354   0.647330   0.751868   0.515841   0.929906   0.475847   0.572250   0.028439   0.451517   0.641433   0.768204   0.540704   0.930085   0.501470   0.582963   0.032210   0.461111   0.639337   0.781549   0.561752   0.929814   0.523306   0.590768   0.034620   0.446487   0.641473   0.789834   0.575188   0.929123   0.537317   0.597594   0.035152   0.412258   0.646834   0.792363   0.579417   0.928080   0.541752   0.605308   0.033403   0.368167   0.653790   0.789329   0.574549   0.927393   0.536686   0.615977   0.029343   0.329789   0.661550   0.777584   0.555782   0.927310   0.517168   0.628906   0.026144   0.310612   0.668175   0.761700   0.530826   0.927525   0.491294   0.634529   0.028493   0.306863   0.670826   0.752346   0.516472   0.928066   0.476478   0.631877   0.032495   0.306815   0.671023   0.748181   0.510255   0.928661   0.470095   0.628854   0.033744   0.306839   0.671126   0.744684   0.505097   0.928971   0.464810   0.626611   0.034179   0.306863   0.671216   0.741500   0.500454   0.929026   0.460063   0.624930   0.034332   0.306894   0.671283   0.738637   0.496314   0.928973   0.455837   0.623621   0.034205   0.306960   0.671279   0.736214   0.492834   0.929120   0.452290   0.622823   0.033862   0.307051   0.671223   0.734136   0.489881   0.929554   0.449284   0.622430   0.033856 
  1   0.141791   0.666092   0.601694   0.328086   0.624708   0.288882   0.439370   0.040303   0.305958   0.671348   0.622438   0.348616   0.623293   0.308467   0.443863   0.044997   0.306480   0.670699   0.624211   0.350532   0.623898   0.310323   0.442536   0.039746   0.306923   0.670022   0.625245   0.351659   0.625607   0.311416   0.443655   0.037329   0.307182   0.669572   0.625235   0.351635   0.626585   0.311391   0.444753   0.036385   0.308392   0.668309   0.625944   0.352409   0.626538   0.312142   0.445507   0.035945   0.320807   0.661963   0.632174   0.359521   0.625920   0.319097   0.447347   0.034195   0.352628   0.650576   0.641060   0.369805   0.624900   0.329180   0.454449   0.034049   0.394059   0.639616   0.648632   0.378772   0.624525   0.338009   0.466381   0.039416   0.430779   0.632024   0.656150   0.387870   0.624965   0.347002   0.478550   0.047858   0.452199   0.629008   0.662001   0.395091   0.625124   0.354166   0.489650   0.055765   0.451688   0.631063   0.665093   0.398966   0.624966   0.358021   0.499049   0.060975   0.430671   0.637493   0.664703   0.398511   0.624579   0.357574   0.506323   0.062300   0.396780   0.646657   0.660707   0.393588   0.623901   0.352692   0.511058   0.058837   0.359214   0.656851   0.654131   0.385545   0.623229   0.344726   0.513079   0.051332   0.327599   0.666266   0.646019   0.375748   0.623084   0.335045   0.513569   0.042987   0.310723   0.672166   0.638375   0.366648   0.623392   0.326077   0.511611   0.038538   0.306901   0.673568   0.634499   0.362094   0.623888   0.321600   0.507040   0.037684   0.306954   0.673092   0.633394   0.360819   0.624265   0.320351   0.502442   0.037309   0.306998   0.672671   0.632366   0.359643   0.624298   0.319201   0.498452   0.037530   0.307027   0.672325   0.631309   0.358449   0.624368   0.318035   0.494916   0.038183   0.307066   0.672018   0.630221   0.357229   0.624414   0.316845   0.491608   0.038694   0.307106   0.671702   0.629261   0.356156   0.624444   0.315799   0.488494   0.038934   0.307134   0.671370   0.628600   0.355422   0.624753   0.315085   0.485690   0.039062 
  2   0.153716   0.667359   0.494026   0.227004   0.417614   0.193226   0.315407   0.044019   0.304648   0.673732   0.511924   0.240701   0.416974   0.205723   0.316873   0.050119   0.305044   0.672936   0.513194   0.241725   0.417482   0.206665   0.316538   0.047736   0.305266   0.672213   0.514242   0.242595   0.418965   0.207470   0.316696   0.047488   0.305381   0.671659   0.514774   0.243042   0.419821   0.207884   0.316647   0.048258   0.308001   0.668759   0.517034   0.244975   0.419752   0.209682   0.317466   0.049062   0.327751   0.656420   0.525302   0.252292   0.419128   0.216526   0.320187   0.048699   0.372813   0.635715   0.535720   0.261730   0.418148   0.225390   0.326522   0.052217   0.427468   0.616311   0.545166   0.270531   0.417794   0.233697   0.335925   0.062571   0.473016   0.603660   0.554544   0.279458   0.418197   0.242157   0.345642   0.074249   0.496949   0.600294   0.561687   0.286421   0.418357   0.248782   0.354653   0.084000   0.492954   0.606459   0.565457   0.290197   0.418239   0.252393   0.362209   0.090554   0.464946   0.619678   0.565273   0.290065   0.417904   0.252276   0.367869   0.092469   0.422996   0.636595   0.561031   0.285898   0.417306   0.248305   0.371344   0.088633   0.376551   0.654453   0.553624   0.278664   0.416700   0.241419   0.372357   0.079394   0.335834   0.670352   0.544683   0.270089   0.416559   0.233283   0.370980   0.067019   0.311407   0.680375   0.536144   0.262083   0.416834   0.225717   0.367117   0.057170   0.304046   0.683012   0.530868   0.257226   0.417291   0.221143   0.361685   0.053604   0.303601   0.682143   0.528551   0.255143   0.417633   0.219188   0.356456   0.053182   0.303280   0.681317   0.526722   0.253526   0.417638   0.217676   0.351806   0.054056   0.302927   0.680655   0.525007   0.252030   0.417682   0.216280   0.347576   0.055629   0.302653   0.680071   0.523272   0.250521   0.417713   0.214873   0.343856   0.056288   0.302463   0.679516   0.521637   0.249106   0.417735   0.213554   0.340536   0.056380   0.302249   0.679001   0.520263   0.247930   0.418009   0.212460   0.337455   0.056719 
  3   0.163245   0.670986   0.379721   0.145314   0.216038   0.119457   0.216089   0.072680   0.296397   0.680242   0.371621   0.139995   0.215508   0.114726   0.209370   0.097571   0.297213   0.678459   0.373787   0.141240   0.216025   0.115809   0.210892   0.102934   0.297631   0.677370   0.374497   0.141657   0.217352   0.116172   0.212156   0.106899   0.297884   0.676629   0.374477   0.141649   0.218107   0.116166   0.212907   0.110502   0.304724   0.669786   0.378164   0.143833   0.218064   0.118075   0.214373   0.113905   0.339991   0.645947   0.389014   0.150568   0.217521   0.124010   0.217027   0.121140   0.408854   0.611177   0.402266   0.159156   0.216663   0.131631   0.220482   0.136815   0.486516   0.581003   0.414658   0.167467   0.216410   0.139049   0.225076   0.152745   0.552344   0.560959   0.426278   0.175484   0.216877   0.146239   0.230052   0.160248   0.591727   0.554474   0.435438   0.181961   0.217125   0.152073   0.234829   0.163792   0.593989   0.563438   0.440665   0.185733   0.217092   0.155482   0.239283   0.165746   0.559838   0.585151   0.441267   0.186174   0.216835   0.155882   0.242944   0.164572   0.500844   0.614058   0.437258   0.183261   0.216297   0.153247   0.244991   0.158183   0.430005   0.646018   0.429477   0.177687   0.215727   0.148215   0.244993   0.149150   0.361171   0.676774   0.418422   0.169965   0.215549   0.141275   0.243384   0.139702   0.311731   0.699402   0.405205   0.161036   0.215714   0.133295   0.240423   0.128704   0.292493   0.707259   0.395118   0.154450   0.216061   0.127441   0.236476   0.122117   0.291025   0.705172   0.389991   0.151231   0.216328   0.124600   0.232579   0.120993   0.290857   0.702460   0.386320   0.148960   0.216312   0.122600   0.229473   0.123488   0.290881   0.699991   0.383016   0.146937   0.216332   0.120822   0.226978   0.126715   0.290660   0.697996   0.379907   0.145057   0.216333   0.119172   0.224468   0.126112   0.290213   0.696460   0.377176   0.143421   0.216334   0.117740   0.221890   0.124262   0.289744   0.695167   0.374893   0.142063   0.216563   0.116551   0.219505   0.124235 
  4   0.154579   0.673469   0.408536   0.164911   0.244828   0.136997   0.221221   0.191326   0.279113   0.684721   0.395916   0.156556   0.245852   0.129548   0.212402   0.312693   0.279188   0.681721   0.398173   0.158009   0.246307   0.130838   0.213676   0.331878   0.279204   0.679510   0.399474   0.158878   0.247583   0.131614   0.214942   0.344364   0.278798   0.678083   0.399666   0.159030   0.248249   0.131754   0.215821   0.357943   0.292946   0.671343   0.402107   0.160610   0.248142   0.133157   0.216617   0.368134   0.354659   0.647612   0.411806   0.167072   0.247518   0.138925   0.218977   0.367133   0.463502   0.610944   0.427011   0.177618   0.246625   0.148402   0.222088   0.369725   0.578965   0.577142   0.442939   0.189148   0.246434   0.158842   0.224912   0.378418   0.672173   0.553142   0.457273   0.199902   0.246947   0.168639   0.227913   0.374630   0.728796   0.542407   0.468156   0.208314   0.247242   0.176342   0.230666   0.365635   0.737354   0.548024   0.474339   0.213199   0.247269   0.180832   0.233231   0.357879   0.696689   0.569202   0.475046   0.213770   0.247039   0.181359   0.235426   0.351641   0.617617   0.601283   0.470157   0.209885   0.246543   0.177786   0.236558   0.344399   0.513337   0.640391   0.459969   0.201940   0.245979   0.170499   0.236046   0.339934   0.402208   0.681390   0.444586   0.190343   0.245720   0.159925   0.233925   0.343645   0.309490   0.715447   0.425739   0.176692   0.245802   0.147563   0.230315   0.353598   0.268228   0.727539   0.412528   0.167461   0.246104   0.139256   0.226065   0.365211   0.265407   0.722216   0.407289   0.163989   0.246331   0.136160   0.222474   0.373427   0.265299   0.716166   0.403753   0.161692   0.246267   0.134119   0.219827   0.382346   0.265487   0.710799   0.400789   0.159788   0.246269   0.132430   0.217908   0.390403   0.265733   0.706212   0.398284   0.158191   0.246291   0.131015   0.216224   0.391562   0.265684   0.702429   0.396168   0.156855   0.246321   0.129833   0.214473   0.389401   0.265441   0.699132   0.394570   0.155855   0.246568   0.128951   0.212703   0.389265 
  5   0.128365   0.667244   0.709464   0.455887   0.880718   0.414883   0.670588   0.030369   0.307829   0.673834   0.722565   0.473349   0.879830   0.432448   0.674452   0.030371   0.308187   0.673519   0.721921   0.472494   0.880577   0.431588   0.672114   0.029856   0.308495   0.673092   0.721482   0.471929   0.882501   0.431025   0.671558   0.029442   0.308710   0.672824   0.720317   0.470354   0.883616   0.429437   0.670626   0.029521   0.308980   0.672673   0.718551   0.467932   0.883630   0.426988   0.669142   0.029747   0.313918   0.671179   0.718326   0.467667   0.883062   0.426729   0.667263   0.030002   0.329603   0.666740   0.721054   0.471508   0.882076   0.430631   0.668712   0.030017   0.353027   0.660738   0.725991   0.478429   0.881673   0.437656   0.675853   0.031506   0.376050   0.655474   0.732225   0.487247   0.882218   0.446621   0.685291   0.034911   0.392351   0.651992   0.738407   0.496094   0.882533   0.455636   0.693946   0.038101   0.396464   0.651001   0.743259   0.503116   0.882420   0.462805   0.700712   0.039626   0.386463   0.652755   0.745744   0.506749   0.881944   0.466521   0.705280   0.039044   0.365881   0.656733   0.745364   0.506193   0.881096   0.465952   0.707851   0.036372   0.341076   0.661887   0.742403   0.501841   0.880357   0.461496   0.709814   0.031474   0.320135   0.666917   0.736912   0.493800   0.880176   0.453268   0.712774   0.026983   0.310297   0.669859   0.731361   0.485724   0.880424   0.445016   0.713166   0.025989   0.308870   0.670396   0.728601   0.481748   0.880928   0.440960   0.710052   0.026555   0.308950   0.670206   0.727430   0.480082   0.881361   0.439265   0.706893   0.026645   0.309024   0.669997   0.726464   0.478721   0.881421   0.437882   0.703974   0.026639   0.309096   0.669803   0.725583   0.477496   0.881405   0.436641   0.701264   0.026959   0.309159   0.669654   0.724662   0.476224   0.881359   0.435353   0.698550   0.027610   0.309225   0.669498   0.723839   0.475093   0.881413   0.434210   0.695942   0.028172   0.309297   0.669312   0.723243   0.474285   0.881781   0.433394   0.693572   0.028784 
  6   0.136467   0.665407   0.647168   0.378140   0.716176   0.337568   0.540929   0.033627   0.307479   0.670129   0.664631   0.397683   0.714984   0.356621   0.547064   0.037115   0.307862   0.669667   0.665503   0.398744   0.715614   0.357670   0.545449   0.033897   0.308278   0.669066   0.666369   0.399808   0.717397   0.358725   0.546430   0.032074   0.308522   0.668694   0.666256   0.399677   0.718418   0.358595   0.546897   0.031163   0.309188   0.668146   0.666041   0.399410   0.718351   0.358330   0.546433   0.030751   0.318070   0.664432   0.669530   0.403782   0.717689   0.362679   0.546238   0.029165   0.342912   0.656570   0.675934   0.411840   0.716602   0.370698   0.551852   0.027877   0.377266   0.648200   0.682225   0.419842   0.716198   0.378678   0.563990   0.031260   0.409069   0.642017   0.688503   0.427951   0.716687   0.386789   0.577000   0.037970   0.429261   0.639011   0.693557   0.434574   0.716879   0.393429   0.588343   0.044165   0.430933   0.639709   0.696584   0.438580   0.716716   0.397453   0.597131   0.047970   0.413641   0.643916   0.696827   0.438916   0.716306   0.397794   0.603034   0.048257   0.384241   0.650539   0.694032   0.435233   0.715599   0.394097   0.605936   0.044857   0.351486   0.658196   0.688912   0.428514   0.714889   0.387358   0.606385   0.038526   0.324445   0.665350   0.682259   0.419850   0.714721   0.378681   0.606134   0.032024   0.310843   0.669729   0.676098   0.411899   0.715034   0.370731   0.603805   0.029137   0.308190   0.670729   0.673118   0.408090   0.715552   0.366930   0.599070   0.028916   0.308275   0.670434   0.672250   0.406999   0.715950   0.365844   0.594565   0.028844   0.308362   0.670151   0.671396   0.405938   0.715979   0.364790   0.590617   0.029017   0.308441   0.669914   0.670460   0.404781   0.716045   0.363642   0.587219   0.029468   0.308512   0.669716   0.669471   0.403561   0.716099   0.362433   0.584039   0.029940   0.308569   0.669494   0.668691   0.402609   0.716143   0.361490   0.580853   0.030147   0.308639   0.669211   0.668274   0.402110   0.716472   0.360998   0.577931   0.030283 
  7   0.147108   0.666441   0.550508   0.276994   0.524582   0.240035   0.373320   0.041224   0.304992   0.672135   0.572403   0.296205   0.523306   0.257975   0.377272   0.046114   0.305445   0.671668   0.573496   0.297244   0.523886   0.258959   0.376788   0.041210   0.305699   0.671145   0.573838   0.297571   0.525479   0.259269   0.377347   0.039827   0.305820   0.670791   0.573557   0.297296   0.526395   0.259006   0.377680   0.039428   0.307754   0.668677   0.574917   0.298613   0.526342   0.260259   0.378554   0.039201   0.324359   0.659494   0.582384   0.306160   0.525708   0.267483   0.381427   0.037820   0.364054   0.644305   0.591477   0.315534   0.524700   0.276487   0.389362   0.039735   0.413536   0.630239   0.598640   0.323106   0.524345   0.283793   0.401563   0.048065   0.454844   0.621130   0.605725   0.330728   0.524782   0.291171   0.413825   0.058235   0.476066   0.618634   0.610844   0.336337   0.524963   0.296619   0.424913   0.066887   0.471642   0.622872   0.613071   0.338816   0.524848   0.299034   0.434098   0.072155   0.445422   0.632130   0.611975   0.337617   0.524500   0.297870   0.440802   0.072652   0.407018   0.644066   0.607587   0.332804   0.523874   0.293194   0.444664   0.067853   0.365593   0.656737   0.600869   0.325518   0.523246   0.286131   0.445559   0.058723   0.330645   0.668057   0.593152   0.317286   0.523102   0.278175   0.444046   0.048168   0.310950   0.675193   0.586138   0.309933   0.523380   0.271091   0.440237   0.041195   0.305632   0.677023   0.582409   0.306084   0.523843   0.267392   0.434826   0.039172   0.305369   0.676471   0.581220   0.304892   0.524189   0.266253   0.429545   0.039040   0.305152   0.675991   0.580143   0.303824   0.524188   0.265235   0.424764   0.039640   0.304960   0.675598   0.578999   0.302703   0.524226   0.264167   0.420461   0.040671   0.304861   0.675228   0.577786   0.301516   0.524253   0.263037   0.416653   0.041442   0.304786   0.674874   0.576683   0.300439   0.524278   0.262012   0.413119   0.041851   0.304677   0.674547   0.575801   0.299589   0.524568   0.261205   0.409774   0.042323 
  8   0.159488   0.666717   0.438012   0.183659   0.313171   0.153581   0.266832   0.051610   0.303873   0.672295   0.445670   0.188497   0.312719   0.157848   0.264998   0.062617   0.304341   0.671295   0.447607   0.189843   0.313233   0.159057   0.266039   0.063101   0.304668   0.670469   0.448893   0.190776   0.314660   0.159900   0.267036   0.064762   0.304875   0.669883   0.449502   0.191228   0.315480   0.160310   0.267648   0.066483   0.307812   0.666971   0.451500   0.192692   0.315416   0.161636   0.268560   0.067758   0.328501   0.654004   0.458884   0.198247   0.314835   0.166689   0.270858   0.068696   0.374284   0.632400   0.468934   0.205977   0.313922   0.173747   0.275800   0.075243   0.429386   0.612427   0.478789   0.213766   0.313607   0.180894   0.282763   0.087339   0.476729   0.599055   0.488582   0.221668   0.314035   0.188170   0.290012   0.097655   0.503769   0.594898   0.496108   0.227862   0.314245   0.193893   0.296814   0.105409   0.503476   0.600623   0.500226   0.231329   0.314177   0.197109   0.302503   0.110395   0.478205   0.614016   0.500460   0.231559   0.313878   0.197327   0.306570   0.111176   0.435851   0.631937   0.496729   0.228439   0.313299   0.194437   0.308741   0.106249   0.386021   0.651723   0.489775   0.222657   0.312718   0.189085   0.308811   0.097009   0.340356   0.670235   0.480621   0.215195   0.312576   0.182202   0.306884   0.085769   0.311437   0.682733   0.471096   0.207617   0.312806   0.175241   0.303163   0.076184   0.302241   0.686354   0.464940   0.202820   0.313219   0.170851   0.298609   0.072301   0.301819   0.685224   0.462167   0.200710   0.313543   0.168928   0.294593   0.072133   0.301629   0.684069   0.459940   0.199036   0.313552   0.167406   0.291243   0.074330   0.301463   0.683036   0.457939   0.197555   0.313580   0.166061   0.288282   0.077112   0.301266   0.682095   0.456059   0.196174   0.313588   0.164810   0.285530   0.077757   0.300982   0.681315   0.454286   0.194875   0.313604   0.163634   0.282963   0.077472   0.300589   0.680701   0.452742   0.193765   0.313864   0.162632   0.280485   0.077991 
  9   0.150133   0.677875   0.459976   0.201184   0.376207   0.169680   0.255021   0.082550   0.286161   0.694889   0.474174   0.211367   0.376081   0.178877   0.248385   0.100520   0.285222   0.693779   0.475971   0.212773   0.376492   0.180167   0.244276   0.103465   0.285093   0.692145   0.477349   0.213852   0.377808   0.181156   0.241750   0.107332   0.284787   0.690650   0.477842   0.214272   0.378509   0.181547   0.239761   0.113255   0.297257   0.678052   0.487416   0.221658   0.378368   0.188300   0.242043   0.118296   0.356245   0.641644   0.511680   0.241555   0.377684   0.206688   0.247983   0.126110   0.465232   0.595026   0.537856   0.264690   0.376670   0.228340   0.252586   0.150101   0.584593   0.557519   0.559850   0.285483   0.376289   0.248030   0.256546   0.178838   0.683012   0.533902   0.578394   0.303822   0.376593   0.265533   0.261472   0.193637   0.742952   0.526323   0.591811   0.317619   0.376654   0.278793   0.267521   0.200229   0.749391   0.537178   0.599088   0.325384   0.376469   0.286304   0.274566   0.204193   0.700577   0.564308   0.599232   0.325700   0.376108   0.286639   0.282008   0.205451   0.611483   0.601105   0.591927   0.318147   0.375575   0.279373   0.288753   0.201561   0.501253   0.641839   0.578261   0.304114   0.375050   0.265887   0.293388   0.191888   0.392776   0.680421   0.559727   0.285643   0.374948   0.248231   0.294991   0.172729   0.310102   0.712124   0.534696   0.262130   0.375267   0.225986   0.292515   0.144558   0.276041   0.725224   0.514301   0.243888   0.375757   0.208874   0.285011   0.129577   0.274355   0.722193   0.505513   0.236445   0.376091   0.201959   0.276786   0.129720   0.274393   0.718050   0.500103   0.231949   0.376086   0.197794   0.270808   0.132242   0.274596   0.714208   0.495728   0.228378   0.376142   0.194497   0.266046   0.135673   0.275046   0.710814   0.491714   0.225149   0.376195   0.191524   0.262154   0.136640   0.275451   0.707977   0.487982   0.222181   0.376229   0.188796   0.258515   0.136371   0.275616   0.705502   0.484863   0.219728   0.376490   0.186545   0.254941   0.136863 
 10   0.125168   0.667037   0.739584   0.497614   0.930994   0.457153   0.754518   0.027416   0.308164   0.673306   0.748948   0.511046   0.930196   0.470843   0.760334   0.024110   0.308428   0.672809   0.749099   0.511249   0.930988   0.471047   0.760856   0.024908   0.308666   0.672296   0.749210   0.511411   0.932996   0.471212   0.761770   0.025728   0.308836   0.672031   0.748273   0.510033   0.934213   0.469802   0.761415   0.026656   0.309037   0.672018   0.746328   0.507179   0.934330   0.466881   0.759494   0.027792   0.313008   0.671222   0.745119   0.505425   0.933886   0.465089   0.755866   0.030018   0.325567   0.668328   0.746284   0.507169   0.933052   0.466880   0.753758   0.032188   0.344101   0.664086   0.749818   0.512415   0.932569   0.472260   0.756315   0.034124   0.362220   0.660126   0.755161   0.520401   0.933152   0.480462   0.761467   0.036769   0.375050   0.657376   0.760694   0.528755   0.933649   0.489056   0.766143   0.038759   0.378283   0.656439   0.764988   0.535296   0.933602   0.495798   0.769346   0.039229   0.370400   0.657464   0.767276   0.538799   0.933088   0.499412   0.771069   0.037951   0.353938   0.660130   0.767080   0.538493   0.932120   0.499095   0.771635   0.034945   0.333829   0.663641   0.764652   0.534764   0.931407   0.495246   0.773653   0.029668   0.317083   0.667126   0.759560   0.526982   0.931261   0.487221   0.778779   0.024771   0.309874   0.669197   0.754232   0.518889   0.931413   0.478885   0.780304   0.024351   0.309181   0.669612   0.751367   0.514580   0.931858   0.474456   0.777231   0.025653   0.309206   0.669588   0.749630   0.511988   0.932314   0.471795   0.774680   0.025726   0.309223   0.669512   0.748121   0.509749   0.932439   0.469498   0.772464   0.025400   0.309260   0.669425   0.746752   0.507729   0.932304   0.467429   0.770249   0.025449   0.309308   0.669328   0.745561   0.505982   0.932144   0.465641   0.768120   0.025858   0.309355   0.669164   0.744695   0.504714   0.932238   0.464345   0.766448   0.025892   0.309427   0.668934   0.744134   0.503898   0.932649   0.463511   0.765232   0.025736 
 11   0.127016   0.668800   0.719034   0.468862   0.935736   0.427977   0.665669   0.027885   0.306754   0.676542   0.731648   0.486126   0.934746   0.445424   0.669736   0.024452   0.307021   0.675486   0.733043   0.488047   0.935540   0.447367   0.669142   0.024217   0.307334   0.674446   0.734447   0.490015   0.937438   0.449365   0.669882   0.023762   0.307595   0.673642   0.734959   0.490724   0.938471   0.450082   0.670415   0.023302   0.308406   0.672974   0.734830   0.490515   0.938407   0.449865   0.670100   0.023067   0.317209   0.670541   0.736958   0.493560   0.937790   0.452967   0.668789   0.023020   0.339453   0.664583   0.743464   0.503001   0.936810   0.462609   0.670310   0.022715   0.368235   0.656918   0.753553   0.517930   0.936238   0.477911   0.677613   0.023549   0.395108   0.650142   0.766169   0.537076   0.936618   0.497629   0.686479   0.026022   0.413760   0.645616   0.778766   0.556703   0.936807   0.517941   0.693100   0.028552   0.418170   0.644206   0.788918   0.572907   0.936516   0.534785   0.697893   0.030046   0.406062   0.646151   0.795276   0.583240   0.935842   0.545563   0.701853   0.030164   0.380928   0.650721   0.797244   0.586478   0.934817   0.548949   0.706325   0.028719   0.349897   0.656431   0.795089   0.582967   0.934113   0.545285   0.714224   0.024980   0.323521   0.662599   0.786515   0.569128   0.934028   0.530869   0.725540   0.022371   0.311126   0.667094   0.775877   0.552114   0.934281   0.513176   0.730901   0.024729   0.309020   0.668543   0.769857   0.542641   0.934827   0.503353   0.728907   0.027981   0.308852   0.668868   0.766267   0.537098   0.935351   0.497627   0.726567   0.029176   0.308728   0.669107   0.763053   0.532178   0.935527   0.492553   0.724650   0.029575   0.308656   0.669285   0.760158   0.527786   0.935518   0.488029   0.722971   0.029789   0.308610   0.669419   0.757550   0.523852   0.935471   0.483983   0.721527   0.029984   0.308578   0.669494   0.755300   0.520475   0.935603   0.480512   0.720373   0.029824   0.308591   0.669482   0.753474   0.517750   0.936027   0.477714   0.719438   0.029391 
 12   0.132527   0.665670   0.677639   0.415595   0.783204   0.374711   0.557076   0.038847   0.306731   0.670357   0.704676   0.449070   0.781934   0.407950   0.560361   0.041540   0.307306   0.669559   0.707443   0.452817   0.782601   0.411730   0.557883   0.037229   0.307835   0.668863   0.709456   0.455546   0.784507   0.414482   0.559123   0.035300   0.308193   0.668358   0.710376   0.456793   0.785584   0.415740   0.559612   0.034556   0.308922   0.667723   0.711069   0.457734   0.785568   0.416690   0.559161   0.033987   0.317151   0.664286   0.716643   0.465480   0.785050   0.424539   0.558568   0.030922   0.339612   0.657303   0.725749   0.478249   0.784082   0.437501   0.563992   0.026405   0.370662   0.649820   0.733973   0.489994   0.783668   0.449464   0.576221   0.026298   0.401323   0.643665   0.742522   0.502446   0.784103   0.462194   0.588282   0.030794   0.423593   0.639869   0.750236   0.513886   0.784213   0.473929   0.598685   0.036214   0.429439   0.639421   0.755543   0.521885   0.783944   0.482160   0.607854   0.040712   0.415939   0.642551   0.757275   0.524546   0.783429   0.484906   0.615972   0.043048   0.387885   0.648449   0.754806   0.520843   0.782571   0.481101   0.623104   0.042056   0.354074   0.655743   0.748553   0.511463   0.781819   0.471458   0.630331   0.037700   0.324981   0.663067   0.738163   0.496078   0.781725   0.455682   0.639197   0.031981   0.310555   0.667986   0.727340   0.480313   0.782096   0.439567   0.643101   0.030183   0.307983   0.669394   0.721791   0.472372   0.782675   0.431477   0.640135   0.030813   0.308075   0.669330   0.719727   0.469477   0.783161   0.428537   0.636473   0.030259   0.308184   0.669238   0.717975   0.467046   0.783319   0.426074   0.633050   0.030071   0.308300   0.669144   0.716433   0.464926   0.783452   0.423930   0.629645   0.030391   0.308405   0.669052   0.715064   0.463062   0.783495   0.422049   0.626076   0.030993   0.308490   0.668919   0.714020   0.461650   0.783528   0.420625   0.622553   0.031511   0.308586   0.668715   0.713359   0.460762   0.783879   0.419731   0.619356   0.031877 
 13   0.134944   0.667602   0.632958   0.363015   0.719634   0.322949   0.420991   0.047456   0.302529   0.674130   0.662090   0.395421   0.717145   0.354528   0.426168   0.047932   0.303167   0.673244   0.665748   0.399790   0.717722   0.358837   0.422613   0.041849   0.303664   0.672461   0.668737   0.403369   0.719483   0.362368   0.421550   0.038350   0.304109   0.671724   0.670762   0.405806   0.720494   0.364774   0.420801   0.037030   0.306089   0.669515   0.674636   0.410512   0.720492   0.369430   0.420818   0.035685   0.321479   0.661435   0.687433   0.426825   0.719967   0.385709   0.422209   0.031419   0.359152   0.648786   0.704071   0.448703   0.719043   0.407663   0.428298   0.029402   0.407961   0.637198   0.718702   0.468775   0.718644   0.427963   0.437949   0.035028   0.453976   0.628545   0.733823   0.490279   0.718913   0.449855   0.446501   0.044401   0.485302   0.624050   0.747168   0.509889   0.718830   0.469941   0.454310   0.053899   0.489453   0.625020   0.756342   0.523743   0.718435   0.484203   0.462546   0.061507   0.465296   0.631144   0.759732   0.528982   0.717841   0.489621   0.471731   0.066115   0.422806   0.640637   0.756666   0.524383   0.716995   0.484891   0.481541   0.066567   0.373845   0.651692   0.747581   0.510765   0.716278   0.470890   0.492209   0.061912   0.331801   0.662605   0.731880   0.487785   0.716210   0.447368   0.504574   0.051919   0.309318   0.670653   0.713408   0.461529   0.716625   0.420638   0.510823   0.045129   0.304239   0.673477   0.702495   0.446431   0.717229   0.405345   0.508754   0.043696   0.304471   0.673285   0.698834   0.441517   0.717730   0.400396   0.505817   0.041612   0.304740   0.672986   0.696150   0.437949   0.717930   0.396808   0.503338   0.039911   0.304973   0.672663   0.693945   0.435050   0.718129   0.393900   0.501053   0.039073   0.305186   0.672339   0.691987   0.432496   0.718216   0.391341   0.498794   0.038765   0.305291   0.672115   0.690050   0.429993   0.718263   0.388838   0.496599   0.038415   0.305301   0.671962   0.688295   0.427754   0.718611   0.386602   0.494315   0.038003 
 14   0.139128   0.678883   0.559227   0.286560   0.566673   0.249314   0.324111   0.071494   0.289869   0.696205   0.591439   0.317173   0.564630   0.278343   0.323609   0.074214   0.289742   0.694044   0.594936   0.320794   0.564905   0.281828   0.316733   0.073192   0.290151   0.691994   0.596604   0.322583   0.566326   0.283560   0.313820   0.073934   0.290535   0.690467   0.596504   0.322522   0.567133   0.283507   0.312210   0.075313   0.299271   0.680692   0.604676   0.330914   0.566999   0.291570   0.314222   0.076248   0.346941   0.650349   0.628767   0.357251   0.566244   0.317159   0.319825   0.082077   0.443229   0.609410   0.656070   0.389201   0.565099   0.348579   0.325383   0.104682   0.554288   0.576320   0.679607   0.418758   0.564577   0.378017   0.329908   0.135159   0.648977   0.556982   0.700709   0.446508   0.564716   0.405888   0.334627   0.158693   0.707526   0.552849   0.715949   0.467350   0.564578   0.426971   0.341674   0.175767   0.711446   0.564631   0.723587   0.478156   0.564259   0.437970   0.351485   0.187158   0.659653   0.589022   0.722415   0.476759   0.563861   0.436595   0.363487   0.191623   0.571112   0.620096   0.712536   0.463297   0.563356   0.422985   0.376136   0.187263   0.468039   0.653221   0.695860   0.440868   0.562867   0.400361   0.387076   0.173911   0.374213   0.682738   0.675328   0.414010   0.562863   0.373404   0.394240   0.149286   0.310504   0.704264   0.651573   0.384304   0.563346   0.343832   0.395231   0.115699   0.287476   0.711381   0.634158   0.363378   0.563955   0.323151   0.389674   0.094283   0.286875   0.708281   0.627131   0.355358   0.564337   0.315299   0.382170   0.088963   0.286848   0.705169   0.622634   0.350349   0.564351   0.310418   0.375431   0.087318   0.286609   0.702693   0.618937   0.346309   0.564441   0.306493   0.369087   0.087763   0.286454   0.700699   0.615307   0.342393   0.564515   0.302697   0.363337   0.088194   0.286450   0.699044   0.611543   0.338364   0.564557   0.298798   0.358104   0.088329   0.286471   0.697543   0.608163   0.334783   0.564869   0.295340   0.353240   0.088560 
 15   0.123820   0.666470   0.755403   0.520818   0.938918   0.480901   0.788235   0.022286   0.308481   0.671990   0.765821   0.536357   0.938312   0.496852   0.797840   0.018644   0.308782   0.671182   0.767128   0.538337   0.939187   0.498891   0.801386   0.019619   0.309063   0.670435   0.768190   0.539958   0.941291   0.500562   0.805429   0.020678   0.309255   0.669955   0.768119   0.539844   0.942551   0.500442   0.808051   0.021533   0.309513   0.669704   0.767130   0.538318   0.942678   0.498867   0.808845   0.022495   0.314167   0.668437   0.767426   0.538781   0.942198   0.499346   0.807330   0.024095   0.328237   0.664815   0.770712   0.543883   0.941287   0.504621   0.807887   0.025393   0.348255   0.659979   0.776418   0.552814   0.940660   0.513871   0.813824   0.026564   0.367344   0.655733   0.783858   0.564615   0.941156   0.526124   0.821045   0.028942   0.380291   0.652999   0.791110   0.576283   0.941611   0.538271   0.826411   0.031294   0.382647   0.652309   0.796472   0.585024   0.941515   0.547392   0.829607   0.032293   0.373305   0.653719   0.799231   0.589560   0.940978   0.552134   0.831069   0.031745   0.355410   0.656763   0.799009   0.589203   0.939996   0.551762   0.832012   0.029749   0.334221   0.660477   0.796107   0.584448   0.939368   0.546795   0.837079   0.025276   0.317390   0.664288   0.789482   0.573667   0.939310   0.535548   0.845780   0.022055   0.310619   0.666766   0.782579   0.562530   0.939484   0.523948   0.847534   0.023645   0.309927   0.667427   0.778914   0.556703   0.939967   0.517896   0.843232   0.025631   0.309864   0.667615   0.776428   0.552790   0.940509   0.513839   0.839892   0.025822   0.309803   0.667738   0.774204   0.549306   0.940721   0.510230   0.836961   0.025469   0.309752   0.667831   0.772133   0.546080   0.940592   0.506891   0.834042   0.025224   0.309733   0.667889   0.770303   0.543240   0.940471   0.503955   0.831192   0.025392   0.309728   0.667883   0.768816   0.540945   0.940661   0.501584   0.828729   0.025511   0.309741   0.667822   0.767614   0.539098   0.941150   0.499678   0.826658   0.025475 
 16   0.125773   0.667744   0.736841   0.493840   0.930540   0.453335   0.716943   0.024507   0.307728   0.674385   0.750037   0.512682   0.929721   0.472524   0.724508   0.021666   0.308010   0.673286   0.752084   0.515671   0.930537   0.475581   0.726565   0.021429   0.308301   0.672277   0.753856   0.518284   0.932586   0.478257   0.729735   0.020956   0.308528   0.671560   0.754470   0.519183   0.933747   0.479177   0.732091   0.020932   0.309111   0.670997   0.754369   0.519017   0.933790   0.479003   0.732993   0.021116   0.316435   0.668888   0.756509   0.522225   0.933330   0.482299   0.731639   0.021320   0.335570   0.663736   0.762610   0.531470   0.932411   0.491816   0.733344   0.020764   0.360750   0.657145   0.771781   0.545595   0.931785   0.506402   0.741922   0.020836   0.384394   0.651365   0.783173   0.563528   0.932175   0.524996   0.751676   0.022830   0.400335   0.647628   0.794250   0.581359   0.932407   0.543560   0.758878   0.025068   0.403170   0.646612   0.802809   0.595422   0.932162   0.558257   0.764015   0.026405   0.391700   0.648378   0.807845   0.603808   0.931570   0.567043   0.767924   0.026608   0.369599   0.652235   0.808881   0.605548   0.930561   0.568869   0.771984   0.025346   0.342948   0.656918   0.806337   0.601297   0.929879   0.564413   0.780294   0.021916   0.320861   0.662072   0.797897   0.587345   0.929803   0.549815   0.793627   0.020110   0.311272   0.665815   0.788085   0.571285   0.930003   0.533042   0.800164   0.023063   0.310023   0.666943   0.782993   0.563088   0.930516   0.524508   0.798165   0.026110   0.309893   0.667209   0.779958   0.558267   0.931061   0.519503   0.796045   0.026812   0.309788   0.667409   0.777246   0.553993   0.931284   0.515069   0.794137   0.026987   0.309704   0.667572   0.774751   0.550084   0.931273   0.511021   0.792269   0.027059   0.309625   0.667711   0.772486   0.546561   0.931225   0.507376   0.790384   0.027073   0.309578   0.667791   0.770540   0.543551   0.931384   0.504266   0.788615   0.027071   0.309581   0.667780   0.768984   0.541156   0.931848   0.501794   0.787148   0.026927 
 17   0.124721   0.669243   0.738978   0.497375   0.935007   0.457025   0.659619   0.025677   0.306247   0.677211   0.752582   0.516759   0.934183   0.476762   0.668336   0.024328   0.306677   0.675828   0.754624   0.519722   0.935094   0.479788   0.670513   0.024396   0.307023   0.674622   0.756296   0.522179   0.937185   0.482303   0.673624   0.024084   0.307260   0.673743   0.756814   0.522929   0.938360   0.483069   0.675908   0.023598   0.309266   0.672819   0.757202   0.523489   0.938388   0.483641   0.676102   0.023177   0.324810   0.669015   0.761834   0.530518   0.937914   0.490879   0.675687   0.022135   0.360188   0.660508   0.772495   0.546961   0.937022   0.507864   0.681977   0.020330   0.405210   0.650243   0.787999   0.571577   0.936374   0.533430   0.694936   0.021001   0.449438   0.641297   0.807019   0.602882   0.936635   0.566163   0.705975   0.024613   0.481965   0.635407   0.825167   0.633864   0.936718   0.598779   0.712753   0.028624   0.490973   0.633934   0.839028   0.658301   0.936289   0.624661   0.717494   0.032078   0.471566   0.637152   0.847149   0.672935   0.935514   0.640225   0.721589   0.034494   0.429985   0.643807   0.849036   0.676374   0.934383   0.643890   0.726860   0.034705   0.379097   0.651428   0.845551   0.670035   0.933661   0.637137   0.737218   0.030809   0.335134   0.659461   0.833249   0.648079   0.933578   0.613829   0.752144   0.026419   0.313090   0.666341   0.816020   0.617914   0.933787   0.581922   0.760088   0.028766   0.308674   0.669200   0.805120   0.599300   0.934324   0.562326   0.759043   0.033229   0.308389   0.669664   0.799646   0.590215   0.934921   0.552814   0.757110   0.034195   0.308175   0.669983   0.794999   0.582602   0.935234   0.544860   0.755580   0.034097   0.307987   0.670236   0.790788   0.575777   0.935278   0.537746   0.754368   0.033700   0.307868   0.670382   0.787115   0.569877   0.935277   0.531605   0.753154   0.033293   0.307844   0.670418   0.784043   0.564982   0.935496   0.526518   0.751806   0.033017   0.307876   0.670392   0.781375   0.560766   0.936004   0.522144   0.750755   0.032704 
 18   0.126888   0.668091   0.721890   0.473662   0.885787   0.432992   0.592964   0.032493   0.306274   0.674881   0.743953   0.504060   0.884788   0.463757   0.591815   0.033776   0.306800   0.673533   0.747787   0.509611   0.885536   0.469425   0.584894   0.032177   0.307258   0.672433   0.750554   0.513657   0.887509   0.473563   0.582367   0.030952   0.307593   0.671648   0.751924   0.515665   0.888639   0.475618   0.581106   0.031008   0.308710   0.670838   0.752951   0.517177   0.888673   0.477167   0.579739   0.030500   0.319098   0.667602   0.759227   0.526670   0.888233   0.486938   0.579476   0.026799   0.344038   0.660827   0.770435   0.543846   0.887385   0.504659   0.586952   0.020964   0.375477   0.653048   0.782234   0.562372   0.886922   0.523861   0.602628   0.018787   0.405366   0.646326   0.794996   0.582971   0.887248   0.545321   0.618720   0.021053   0.426780   0.641932   0.806949   0.602773   0.887326   0.566050   0.631548   0.024976   0.432683   0.640838   0.815725   0.617652   0.887001   0.581694   0.642081   0.028934   0.420143   0.643186   0.819948   0.624936   0.886365   0.589377   0.652164   0.031563   0.391964   0.648223   0.819069   0.623480   0.885389   0.587853   0.663136   0.031451   0.356119   0.654581   0.813294   0.613664   0.884694   0.577527   0.677095   0.028081   0.325252   0.661750   0.799896   0.591264   0.884660   0.554037   0.693161   0.025257   0.310760   0.667287   0.784745   0.566360   0.884989   0.528002   0.701076   0.027139   0.308405   0.669136   0.776794   0.553588   0.885567   0.514709   0.699657   0.029515   0.308359   0.669322   0.773052   0.547722   0.886122   0.508631   0.696913   0.029725   0.308392   0.669371   0.770085   0.543116   0.886373   0.503867   0.694123   0.029953   0.308467   0.669356   0.767619   0.539314   0.886470   0.499941   0.691225   0.030484   0.308549   0.669344   0.765412   0.535938   0.886437   0.496459   0.688189   0.031313   0.308631   0.669297   0.763548   0.533103   0.886503   0.493538   0.685317   0.031868   0.308738   0.669165   0.762161   0.530998   0.886899   0.491370   0.682839   0.031979 
 19   0.125799   0.668966   0.702019   0.447653   0.840766   0.406901   0.429250   0.046850   0.301771   0.676605   0.727549   0.481500   0.839538   0.440934   0.431680   0.047566   0.302579   0.675515   0.731648   0.487326   0.840181   0.446863   0.427943   0.041749   0.303066   0.674840   0.733242   0.489529   0.842021   0.449094   0.428500   0.038587   0.303451   0.674114   0.734328   0.491043   0.843135   0.450629   0.429745   0.037905   0.305776   0.671880   0.738353   0.496688   0.843219   0.456362   0.431468   0.036395   0.322358   0.664467   0.752475   0.517476   0.842707   0.477664   0.436292   0.029999   0.361698   0.652709   0.771939   0.547111   0.841805   0.508216   0.448005   0.023892   0.412643   0.641273   0.789947   0.575741   0.841347   0.537970   0.463357   0.025618   0.462551   0.632038   0.808012   0.605652   0.841489   0.569292   0.477193   0.032806   0.499611   0.626372   0.823899   0.632925   0.841315   0.598045   0.489581   0.041898   0.509700   0.625850   0.835190   0.652917   0.840791   0.619245   0.501788   0.050658   0.487253   0.630745   0.840093   0.661784   0.840008   0.628684   0.514785   0.057155   0.440152   0.639622   0.837563   0.657258   0.839018   0.623875   0.529162   0.059471   0.383432   0.650438   0.827652   0.639669   0.838375   0.605214   0.546279   0.056448   0.334628   0.661669   0.807763   0.605501   0.838451   0.569185   0.566422   0.047288   0.309586   0.670331   0.783926   0.565909   0.838944   0.527703   0.578218   0.040408   0.304618   0.673395   0.770561   0.544410   0.839642   0.505313   0.578395   0.038491   0.304990   0.673192   0.766261   0.537703   0.840251   0.498369   0.575772   0.036619   0.305343   0.672854   0.763282   0.533105   0.840542   0.493618   0.572675   0.035734   0.305660   0.672493   0.760871   0.529428   0.840703   0.489827   0.569776   0.035885   0.305886   0.672179   0.758735   0.526209   0.840675   0.486515   0.566946   0.036502   0.306028   0.671911   0.756895   0.523454   0.840705   0.483685   0.564330   0.036614   0.306113   0.671688   0.755319   0.521127   0.841082   0.481300   0.561981   0.036482 
 20   0.123295   0.666604   0.762970   0.532263   0.943028   0.492681   0.798920   0.020906   0.308678   0.672101   0.775031   0.550588   0.942323   0.511556   0.810976   0.016552   0.308939   0.671003   0.777253   0.554041   0.943200   0.515127   0.816516   0.017295   0.309246   0.670017   0.779071   0.556886   0.945371   0.518073   0.822353   0.018563   0.309489   0.669342   0.779658   0.557801   0.946625   0.519020   0.826165   0.019750   0.310339   0.668738   0.779736   0.557920   0.946797   0.519142   0.827569   0.020556   0.319319   0.666063   0.782689   0.562627   0.946395   0.524035   0.826822   0.020866   0.341373   0.660071   0.789928   0.574280   0.945466   0.536166   0.831110   0.020385   0.369240   0.653148   0.799982   0.590761   0.944720   0.553383   0.842125   0.020682   0.394531   0.647513   0.811828   0.610618   0.945044   0.574213   0.852341   0.022739   0.410614   0.644178   0.822757   0.629345   0.945334   0.593940   0.859186   0.024764   0.412149   0.643720   0.830818   0.643431   0.945082   0.608834   0.863236   0.026015   0.398379   0.646023   0.835374   0.651497   0.944451   0.617381   0.865394   0.026237   0.373960   0.650278   0.836148   0.652880   0.943357   0.618850   0.867414   0.025145   0.345479   0.655132   0.833581   0.648336   0.942663   0.614034   0.875352   0.021878   0.322347   0.660291   0.825239   0.633724   0.942552   0.598579   0.889418   0.020033   0.312622   0.663977   0.815611   0.616998   0.942671   0.580914   0.895775   0.022906   0.311399   0.665094   0.810548   0.608333   0.943164   0.571790   0.893163   0.026067   0.311224   0.665427   0.807355   0.602949   0.943763   0.566135   0.890588   0.027001   0.311064   0.665691   0.804470   0.598119   0.944031   0.561069   0.888460   0.027078   0.310901   0.665912   0.801778   0.593641   0.943937   0.556378   0.886760   0.026552   0.310767   0.666072   0.799421   0.589742   0.943880   0.552299   0.885416   0.025873   0.310693   0.666175   0.797426   0.586464   0.944131   0.548873   0.883893   0.025643   0.310661   0.666227   0.795723   0.583684   0.944683   0.545971   0.882304   0.025562 
 21   0.124564   0.667656   0.749010   0.511511   0.936500   0.471389   0.739686   0.021580   0.307845   0.674154   0.761484   0.529828   0.935788   0.490139   0.749302   0.019330   0.308168   0.672942   0.763770   0.533257   0.936704   0.493662   0.753752   0.019880   0.308505   0.671838   0.765743   0.536240   0.938831   0.496732   0.758872   0.020227   0.308771   0.671053   0.766486   0.537357   0.940027   0.497880   0.762666   0.020666   0.309764   0.670356   0.766658   0.537603   0.940121   0.498131   0.764601   0.021029   0.319660   0.667580   0.769825   0.542491   0.939730   0.503180   0.764822   0.021277   0.343693   0.661293   0.777568   0.554590   0.938852   0.515706   0.769853   0.020551   0.374030   0.653809   0.788687   0.572324   0.938112   0.534137   0.781433   0.020728   0.402058   0.647523   0.802166   0.594373   0.938380   0.557162   0.792324   0.023087   0.420979   0.643589   0.814882   0.615724   0.938553   0.579567   0.799714   0.025525   0.424188   0.642739   0.824511   0.632272   0.938238   0.597008   0.804496   0.027080   0.410026   0.644999   0.830130   0.642079   0.937582   0.607373   0.807766   0.027691   0.383227   0.649516   0.831431   0.644365   0.936521   0.609793   0.811105   0.027048   0.351230   0.654683   0.829031   0.640157   0.935876   0.605341   0.819758   0.023641   0.324511   0.660289   0.820017   0.624562   0.935829   0.588884   0.834264   0.021204   0.312589   0.664549   0.808894   0.605516   0.936015   0.568826   0.841797   0.024296   0.310911   0.665940   0.802843   0.595332   0.936538   0.558134   0.840275   0.028037   0.310706   0.666302   0.799291   0.589449   0.937139   0.551977   0.838293   0.029066   0.310535   0.666573   0.796158   0.584302   0.937430   0.546599   0.836858   0.029236   0.310375   0.666797   0.793276   0.579600   0.937394   0.541691   0.835928   0.028780   0.310241   0.666966   0.790726   0.575467   0.937333   0.537383   0.834996   0.028171   0.310157   0.667067   0.788563   0.571984   0.937541   0.533756   0.833783   0.027905   0.310110   0.667110   0.786717   0.569029   0.938042   0.530684   0.832652   0.027617 
 22   0.122680   0.668042   0.756969   0.523506   0.938930   0.483726   0.724706   0.022903   0.306510   0.674902   0.768920   0.541328   0.938218   0.502022   0.736525   0.021225   0.306844   0.673683   0.770928   0.544380   0.939144   0.505167   0.741941   0.021856   0.307123   0.672611   0.772584   0.546920   0.941304   0.507787   0.747565   0.022476   0.307356   0.671844   0.773016   0.547569   0.942547   0.508454   0.751616   0.023234   0.310966   0.670681   0.773891   0.548909   0.942672   0.509837   0.753004   0.024095   0.331287   0.665996   0.779741   0.558127   0.942278   0.519396   0.755345   0.024232   0.374541   0.656605   0.791893   0.577666   0.941393   0.539736   0.765920   0.023779   0.428987   0.646014   0.808818   0.605783   0.940598   0.569184   0.781177   0.025945   0.481210   0.637200   0.828447   0.639616   0.940750   0.604865   0.793318   0.030748   0.517799   0.631768   0.846304   0.671526   0.940749   0.638749   0.801173   0.035102   0.523218   0.631166   0.859578   0.695991   0.940256   0.664879   0.805752   0.038066   0.493333   0.635572   0.866998   0.709932   0.939489   0.679822   0.808412   0.039984   0.441507   0.643089   0.868189   0.712159   0.938375   0.682208   0.812002   0.040455   0.384104   0.650720   0.864196   0.704549   0.937750   0.674028   0.823031   0.036056   0.337214   0.658118   0.851872   0.681606   0.937769   0.649478   0.839925   0.030215   0.314748   0.663960   0.836334   0.653241   0.938001   0.619240   0.847637   0.031788   0.310455   0.666202   0.827202   0.636996   0.938571   0.602006   0.845811   0.035754   0.310086   0.666773   0.822023   0.627982   0.939242   0.592483   0.844193   0.036162   0.309810   0.667194   0.817517   0.620230   0.939590   0.584311   0.843606   0.035461   0.309577   0.667523   0.813452   0.613305   0.939561   0.577025   0.843617   0.034137   0.309338   0.667781   0.809872   0.607255   0.939519   0.570668   0.843476   0.032739   0.309121   0.667971   0.806798   0.602100   0.939792   0.565260   0.842811   0.031971   0.308986   0.668075   0.804151   0.597694   0.940367   0.560645   0.842037   0.031417 
 23   0.121494   0.669523   0.748703   0.511164   0.939672   0.471052   0.673963   0.021862   0.302859   0.677797   0.758948   0.526233   0.938939   0.486483   0.684407   0.022913   0.303321   0.676479   0.760463   0.528504   0.939836   0.488817   0.688226   0.024104   0.303621   0.675409   0.761456   0.530004   0.941852   0.490360   0.692235   0.024809   0.303810   0.674680   0.761215   0.529642   0.943002   0.489988   0.694771   0.025614   0.312151   0.672562   0.763185   0.532600   0.943080   0.493029   0.694633   0.025952   0.351754   0.664334   0.772961   0.547708   0.942677   0.508642   0.698956   0.024683   0.434141   0.648859   0.793158   0.580211   0.941834   0.542487   0.714502   0.024295   0.539280   0.631851   0.822070   0.629314   0.940933   0.594142   0.731010   0.028697   0.638173   0.618216   0.853532   0.685948   0.940813   0.654378   0.739674   0.034833   0.700731   0.610852   0.880316   0.736844   0.940577   0.709068   0.740681   0.039207   0.699480   0.612064   0.898980   0.773885   0.939867   0.749199   0.735993   0.042682   0.635310   0.621005   0.908538   0.793340   0.938933   0.770378   0.730776   0.045929   0.536655   0.633938   0.909121   0.794471   0.937742   0.771598   0.731209   0.047784   0.434791   0.646425   0.901722   0.779219   0.937133   0.754956   0.745173   0.045249   0.355468   0.657565   0.882129   0.740064   0.937147   0.712483   0.770325   0.040093   0.315656   0.666547   0.857282   0.692042   0.937366   0.660719   0.782782   0.041802   0.306426   0.670465   0.841788   0.663317   0.937939   0.630003   0.781318   0.045946   0.305828   0.671289   0.833287   0.648121   0.938640   0.613866   0.781454   0.045392   0.305504   0.671842   0.826065   0.635442   0.939084   0.600447   0.782647   0.043730   0.305352   0.672143   0.819863   0.624719   0.939115   0.589131   0.784009   0.041555   0.305309   0.672202   0.814754   0.615993   0.939072   0.579944   0.785320   0.039463   0.305393   0.672016   0.810838   0.609365   0.939344   0.572976   0.786108   0.037839   0.305510   0.671761   0.807658   0.604032   0.939922   0.567381   0.786398   0.036298 
 24   0.124932   0.670940   0.716261   0.465687   0.930302   0.424878   0.564711   0.027586   0.302111   0.680444   0.729860   0.484198   0.929421   0.443573   0.571592   0.027821   0.302715   0.678937   0.731802   0.486927   0.930215   0.446345   0.570349   0.028457   0.302956   0.677884   0.732825   0.488364   0.932034   0.447804   0.570413   0.027772   0.303033   0.677181   0.732711   0.488211   0.933056   0.447650   0.570745   0.027262   0.307816   0.675393   0.734663   0.490981   0.933028   0.450469   0.570718   0.026511   0.336822   0.668256   0.744565   0.505446   0.932442   0.465267   0.574195   0.023203   0.402038   0.653962   0.763739   0.534425   0.931491   0.495100   0.587427   0.020424   0.489794   0.637108   0.791046   0.577911   0.930797   0.540311   0.604595   0.023803   0.582544   0.622113   0.822945   0.631811   0.930867   0.596974   0.615376   0.031383   0.659296   0.611578   0.852104   0.683993   0.930671   0.652425   0.619847   0.039371   0.685987   0.609013   0.873818   0.724733   0.929969   0.696104   0.621243   0.046377   0.646908   0.615443   0.886071   0.748439   0.928962   0.721667   0.622045   0.051713   0.561599   0.627846   0.888717   0.753551   0.927704   0.727178   0.625750   0.054235   0.458901   0.642000   0.882791   0.741755   0.926863   0.714391   0.637231   0.051861   0.368052   0.655599   0.864317   0.706202   0.926735   0.676096   0.659346   0.044113   0.316409   0.668350   0.834348   0.651012   0.927038   0.617139   0.670840   0.042700   0.303096   0.674785   0.813052   0.613330   0.927709   0.577190   0.665969   0.046418   0.303001   0.675151   0.804556   0.599018   0.928434   0.562159   0.662183   0.045717   0.303272   0.675119   0.798098   0.588303   0.928891   0.550937   0.660884   0.043863   0.303687   0.674859   0.792947   0.579857   0.929090   0.542112   0.660671   0.041773   0.304005   0.674574   0.788440   0.572548   0.929158   0.534490   0.660978   0.040238   0.304147   0.674345   0.784336   0.565960   0.929400   0.527633   0.661397   0.039667   0.304158   0.674191   0.780557   0.559977   0.929934   0.521422   0.661714   0.039298 
