timestamp=                2022-01-21T14:25:41.933969
shape=                    (5, 5)
sigma=                    2.5
nepochs=                  3
rate=                     0.00724
neighborhood function=    gaussian
init weights=             pca
topology=                 hexagonal
activation distance=      euclidean
output type=              labels
mapfile_prefix=           2017-2021_5x5_3_00724_06
apply classification=     False
apply activation=         False
seed=                     None
random order=             True
custom init file=         None
decay_function=           3

quantization error=       0.35037274
topographic error=        0.21609538

############ NEURONS #############
 25 192
  0   0.143526   0.688571   0.583608   0.308652   0.578713   0.270074   0.405221   0.032978   0.305012   0.694833   0.599345   0.323573   0.577567   0.284196   0.408088   0.036315   0.305490   0.694294   0.600060   0.324292   0.578250   0.284883   0.406873   0.033483   0.305802   0.693743   0.600271   0.324506   0.580174   0.285087   0.407136   0.032886   0.305959   0.693374   0.599745   0.323952   0.581305   0.284554   0.407178   0.033011   0.308298   0.691177   0.601187   0.325442   0.581281   0.285986   0.407713   0.033015   0.326878   0.682770   0.608163   0.332925   0.580615   0.293224   0.410984   0.031804   0.369624   0.669546   0.616428   0.341973   0.579470   0.302008   0.419590   0.033221   0.421745   0.657509   0.623488   0.349875   0.579029   0.309709   0.432136   0.040124   0.464852   0.649922   0.630399   0.357738   0.579438   0.317397   0.444724   0.048703   0.486806   0.647931   0.635361   0.363474   0.579595   0.323020   0.455817   0.056147   0.482428   0.651461   0.637580   0.366066   0.579507   0.325567   0.464498   0.060769   0.454964   0.659285   0.636475   0.364781   0.579133   0.324305   0.470163   0.061244   0.414259   0.669322   0.632249   0.359879   0.578397   0.319497   0.472433   0.057016   0.371011   0.679786   0.626068   0.352788   0.577713   0.312554   0.471512   0.049332   0.334171   0.689324   0.618952   0.344747   0.577608   0.304703   0.468397   0.041003   0.312625   0.695772   0.612035   0.337052   0.577923   0.297212   0.463341   0.035943   0.306561   0.697696   0.608160   0.332803   0.578448   0.293085   0.457118   0.034782   0.306207   0.697337   0.606883   0.331440   0.578828   0.291768   0.451436   0.034648   0.305968   0.696958   0.605676   0.330163   0.578816   0.290536   0.446633   0.034945   0.305762   0.696631   0.604455   0.328880   0.578820   0.289300   0.442342   0.035587   0.305639   0.696332   0.603185   0.327552   0.578764   0.288021   0.438232   0.035949   0.305506   0.696070   0.601972   0.326290   0.578750   0.286806   0.434313   0.036133   0.305357   0.695803   0.601030   0.325320   0.579101   0.285875   0.430648   0.036370 
  1   0.134528   0.687871   0.659055   0.391800   0.743601   0.350954   0.537809   0.028078   0.307059   0.693444   0.676106   0.411920   0.742095   0.370754   0.545174   0.030431   0.307557   0.692848   0.677348   0.413483   0.742843   0.372310   0.543127   0.028279   0.307989   0.692204   0.678496   0.414934   0.744984   0.373756   0.543335   0.027221   0.308259   0.691778   0.678590   0.415054   0.746256   0.373875   0.543017   0.026959   0.309242   0.691007   0.678587   0.415045   0.746263   0.373866   0.542169   0.026666   0.320060   0.687061   0.682508   0.420113   0.745595   0.378934   0.542263   0.024929   0.348303   0.679480   0.689040   0.428591   0.744403   0.387419   0.548333   0.023731   0.386143   0.671666   0.695433   0.436970   0.743938   0.395820   0.560314   0.026868   0.421490   0.665781   0.702269   0.446061   0.744391   0.404961   0.572383   0.032821   0.444845   0.662660   0.708291   0.454188   0.744551   0.413152   0.582461   0.038369   0.448439   0.662951   0.712383   0.459772   0.744422   0.418793   0.590183   0.042108   0.430879   0.666618   0.713408   0.461182   0.743970   0.420220   0.595285   0.042983   0.399014   0.672616   0.711093   0.458011   0.743102   0.417015   0.597617   0.040380   0.362171   0.679675   0.706239   0.451398   0.742319   0.410336   0.597786   0.034750   0.329801   0.686559   0.699372   0.442118   0.742210   0.400980   0.597707   0.028340   0.312070   0.691395   0.691738   0.431910   0.742560   0.390708   0.595448   0.025658   0.308113   0.692898   0.687402   0.426172   0.743144   0.384945   0.590111   0.025900   0.308101   0.692723   0.686090   0.424473   0.743584   0.383245   0.584813   0.025768   0.308132   0.692523   0.684865   0.422904   0.743607   0.381678   0.580287   0.025704   0.308215   0.692303   0.683680   0.421393   0.743630   0.380171   0.576415   0.025932   0.308289   0.692128   0.682432   0.419810   0.743568   0.378593   0.572662   0.026260   0.308331   0.691975   0.681269   0.418346   0.743555   0.377136   0.569020   0.026398   0.308363   0.691785   0.680442   0.417312   0.743949   0.376108   0.565749   0.026514 
  2   0.130256   0.688266   0.695641   0.437670   0.822174   0.396596   0.604555   0.028790   0.307270   0.694142   0.713310   0.460628   0.820899   0.419583   0.609500   0.031150   0.307844   0.693457   0.715029   0.463035   0.821702   0.422026   0.605828   0.028953   0.308334   0.692780   0.716284   0.464802   0.823940   0.423821   0.604991   0.027980   0.308659   0.692303   0.716395   0.464987   0.825283   0.424014   0.604122   0.027801   0.309532   0.691646   0.716107   0.464611   0.825328   0.423638   0.603093   0.027399   0.319241   0.688349   0.719560   0.469509   0.824678   0.428620   0.602989   0.025397   0.345277   0.681617   0.725990   0.478603   0.823462   0.437865   0.609192   0.023372   0.381499   0.674105   0.732926   0.488469   0.822954   0.447908   0.621633   0.025113   0.417530   0.667819   0.740988   0.500125   0.823395   0.459807   0.633773   0.029657   0.444457   0.663747   0.748643   0.511384   0.823538   0.471338   0.643834   0.034411   0.452692   0.662938   0.754459   0.520051   0.823360   0.480236   0.651796   0.038052   0.437810   0.665826   0.757042   0.523929   0.822826   0.484223   0.657323   0.039245   0.405380   0.671558   0.755706   0.521899   0.821866   0.482131   0.660410   0.037336   0.365838   0.678655   0.751070   0.514908   0.821054   0.474938   0.662295   0.032429   0.330801   0.685647   0.743282   0.503292   0.820957   0.463013   0.665694   0.026358   0.312040   0.690713   0.733804   0.489357   0.821314   0.448743   0.666162   0.024015   0.308136   0.692436   0.728103   0.481084   0.821926   0.440293   0.661354   0.024617   0.308195   0.692311   0.726281   0.478497   0.822402   0.437661   0.656024   0.024604   0.308303   0.692131   0.724728   0.476311   0.822445   0.435441   0.651361   0.024573   0.308430   0.691950   0.723280   0.474290   0.822456   0.433392   0.647206   0.024811   0.308535   0.691817   0.721831   0.472285   0.822378   0.431361   0.642992   0.025286   0.308601   0.691715   0.720451   0.470386   0.822385   0.429440   0.638955   0.025665   0.308670   0.691564   0.719361   0.468898   0.822817   0.427937   0.635447   0.025974 
  3   0.127603   0.688334   0.724936   0.476656   0.924139   0.435801   0.683858   0.021110   0.307629   0.694349   0.732035   0.486545   0.923225   0.445825   0.687783   0.020241   0.308000   0.693746   0.732515   0.487206   0.924149   0.446494   0.688182   0.020512   0.308321   0.693106   0.733175   0.488135   0.926399   0.447437   0.689456   0.020702   0.308596   0.692655   0.732957   0.487814   0.927763   0.447109   0.689737   0.021105   0.309078   0.692302   0.732080   0.486551   0.927954   0.445821   0.689009   0.021506   0.315079   0.690520   0.733156   0.488079   0.927521   0.447375   0.687498   0.022122   0.331703   0.686296   0.737359   0.494123   0.926540   0.453538   0.688753   0.022634   0.354365   0.681184   0.743742   0.503426   0.925981   0.463047   0.694827   0.024079   0.376000   0.676794   0.751646   0.515127   0.926468   0.475042   0.702182   0.026790   0.391576   0.673850   0.759279   0.526616   0.926851   0.486855   0.708080   0.029271   0.396029   0.672866   0.765330   0.535860   0.926798   0.496387   0.712029   0.030522   0.387105   0.674083   0.768881   0.541346   0.926246   0.502055   0.714150   0.030333   0.367563   0.677173   0.769328   0.542056   0.925181   0.502793   0.715144   0.028664   0.343043   0.681251   0.767087   0.538607   0.924426   0.499232   0.717600   0.024706   0.321258   0.685747   0.760756   0.528898   0.924303   0.489214   0.723395   0.020756   0.310707   0.689188   0.752604   0.516511   0.924470   0.476454   0.723908   0.021284   0.309139   0.690379   0.747635   0.509067   0.924970   0.468807   0.718973   0.023463   0.309033   0.690527   0.744935   0.505085   0.925476   0.464728   0.715729   0.023870   0.308982   0.690601   0.742616   0.501691   0.925604   0.461255   0.712829   0.023696   0.308974   0.690628   0.740563   0.498705   0.925454   0.458205   0.709982   0.023625   0.308985   0.690628   0.738753   0.496089   0.925236   0.455536   0.707225   0.023822   0.309019   0.690572   0.737292   0.493990   0.925287   0.453395   0.704865   0.023860   0.309080   0.690453   0.736186   0.492408   0.925725   0.451784   0.702949   0.023803 
  4   0.125710   0.688344   0.740836   0.499226   0.935133   0.458761   0.720013   0.018458   0.307193   0.694262   0.747334   0.508650   0.934335   0.468385   0.725489   0.017754   0.307615   0.693490   0.748252   0.509989   0.935423   0.469755   0.727457   0.018582   0.307974   0.692740   0.749239   0.511439   0.937875   0.471238   0.730069   0.019352   0.308272   0.692193   0.749268   0.511473   0.939366   0.471271   0.731500   0.019991   0.309021   0.691621   0.748895   0.510901   0.939619   0.470681   0.731813   0.020303   0.316774   0.689194   0.751240   0.514350   0.939202   0.474213   0.731801   0.020727   0.336457   0.684199   0.757076   0.523063   0.938172   0.483158   0.735459   0.021086   0.362197   0.678633   0.765071   0.535221   0.937445   0.495683   0.743648   0.022370   0.386416   0.674004   0.774726   0.550188   0.937855   0.511156   0.751999   0.024982   0.403239   0.671023   0.783844   0.564598   0.938255   0.526107   0.758269   0.027284   0.406852   0.670214   0.790841   0.575846   0.938174   0.537815   0.762261   0.028437   0.395674   0.671730   0.794864   0.582391   0.937551   0.544642   0.764142   0.028439   0.373630   0.675133   0.795420   0.583308   0.936386   0.545602   0.764909   0.027335   0.346385   0.679454   0.793000   0.579374   0.935668   0.541499   0.768367   0.023940   0.322292   0.684330   0.785499   0.567287   0.935611   0.528912   0.776364   0.020284   0.310863   0.688246   0.775696   0.551671   0.935776   0.512685   0.777023   0.021348   0.309213   0.689670   0.769761   0.542372   0.936305   0.503052   0.770944   0.024032   0.309037   0.689879   0.766474   0.537303   0.936882   0.497817   0.767589   0.024433   0.308921   0.690019   0.763602   0.532908   0.937070   0.493284   0.764640   0.024051   0.308843   0.690121   0.760961   0.528895   0.936836   0.489151   0.761632   0.023762   0.308797   0.690174   0.758635   0.525381   0.936557   0.485536   0.758667   0.023719   0.308783   0.690158   0.756755   0.522558   0.936666   0.482634   0.756100   0.023488   0.308822   0.690076   0.755284   0.520361   0.937172   0.480378   0.753894   0.023234 
  5   0.148675   0.689127   0.537616   0.264161   0.483220   0.227786   0.350512   0.033816   0.304198   0.695855   0.550410   0.274974   0.481904   0.237816   0.350985   0.037719   0.304667   0.695293   0.550616   0.275142   0.482553   0.237969   0.350808   0.036049   0.304841   0.694830   0.550348   0.274886   0.484369   0.237727   0.350962   0.036034   0.304957   0.694465   0.549687   0.274272   0.485435   0.237148   0.350658   0.036586   0.308003   0.691562   0.551639   0.276080   0.485394   0.238853   0.351537   0.037024   0.329838   0.680729   0.559279   0.283391   0.484728   0.245785   0.355286   0.036469   0.377715   0.664070   0.567770   0.291716   0.483600   0.253711   0.363397   0.039648   0.433970   0.649253   0.575071   0.299032   0.483164   0.260705   0.374981   0.048580   0.478277   0.640337   0.582232   0.306308   0.483560   0.267677   0.386633   0.058383   0.497524   0.638980   0.587237   0.311463   0.483725   0.272629   0.396908   0.066476   0.489392   0.644584   0.589349   0.313660   0.483661   0.274743   0.404825   0.071516   0.460083   0.654799   0.588253   0.312510   0.483318   0.273635   0.409644   0.072230   0.419136   0.667040   0.584076   0.308162   0.482627   0.269452   0.411168   0.067796   0.375270   0.679554   0.577856   0.301763   0.481978   0.263305   0.409694   0.059238   0.336617   0.690962   0.570711   0.294540   0.481880   0.256390   0.405888   0.049105   0.312961   0.698698   0.563857   0.287740   0.482185   0.249903   0.400094   0.041832   0.305573   0.701069   0.559832   0.283810   0.482689   0.246164   0.393520   0.039342   0.304866   0.700677   0.558159   0.282222   0.483047   0.244660   0.387722   0.038975   0.304330   0.700302   0.556541   0.280704   0.483018   0.243225   0.382642   0.039450   0.303854   0.699988   0.554988   0.279260   0.483006   0.241863   0.377971   0.040422   0.303521   0.699653   0.553428   0.277813   0.482941   0.240499   0.373706   0.040992   0.303301   0.699305   0.551911   0.276410   0.482920   0.239176   0.369820   0.041203   0.303034   0.699037   0.550554   0.275165   0.483251   0.238004   0.366191   0.041541 
  6   0.139032   0.688267   0.622617   0.349877   0.664352   0.309872   0.463042   0.031290   0.306020   0.694185   0.640076   0.368550   0.662609   0.327929   0.467656   0.034218   0.306555   0.693538   0.641362   0.369994   0.663312   0.329338   0.465710   0.031458   0.306991   0.692846   0.642512   0.371302   0.665333   0.330616   0.465798   0.030204   0.307256   0.692365   0.642641   0.371441   0.666524   0.330751   0.465658   0.029823   0.308914   0.690895   0.643614   0.372563   0.666516   0.331850   0.465521   0.029603   0.323799   0.684718   0.649791   0.379921   0.665858   0.339102   0.467388   0.027924   0.359929   0.674261   0.658169   0.390031   0.664702   0.349089   0.475079   0.027873   0.406369   0.664183   0.665795   0.399412   0.664255   0.358387   0.487386   0.033051   0.448361   0.657016   0.673612   0.409219   0.664667   0.368144   0.499687   0.040700   0.473674   0.653976   0.679791   0.417127   0.664793   0.376040   0.510446   0.047523   0.473906   0.655732   0.683277   0.421659   0.664656   0.380579   0.518929   0.052099   0.450258   0.661675   0.683215   0.421611   0.664230   0.380538   0.524911   0.053354   0.412053   0.670011   0.679512   0.416859   0.663430   0.375791   0.528099   0.050284   0.369731   0.679120   0.673237   0.408854   0.662693   0.367802   0.528642   0.043724   0.333192   0.687642   0.665370   0.398934   0.662580   0.357923   0.527757   0.036191   0.312561   0.693494   0.657216   0.388796   0.662915   0.347854   0.524428   0.032241   0.307322   0.695295   0.652581   0.383110   0.663468   0.342220   0.518652   0.031894   0.307204   0.695016   0.651131   0.381373   0.663874   0.340506   0.513098   0.031649   0.307187   0.694686   0.649825   0.379821   0.663883   0.338978   0.508486   0.031445   0.307184   0.694379   0.648603   0.378380   0.663909   0.337560   0.504503   0.031617   0.307165   0.694133   0.647335   0.376896   0.663863   0.336102   0.500720   0.031830   0.307129   0.693913   0.646127   0.375488   0.663854   0.334720   0.497094   0.031870   0.307111   0.693652   0.645270   0.374492   0.664229   0.333743   0.493730   0.031896 
  7   0.130140   0.689751   0.698895   0.441804   0.927719   0.400720   0.581210   0.023742   0.306821   0.697159   0.708524   0.454391   0.926566   0.413336   0.583562   0.023006   0.307109   0.696511   0.708717   0.454593   0.927285   0.413529   0.581680   0.023110   0.307379   0.695819   0.709151   0.455150   0.929247   0.414084   0.581173   0.022905   0.307596   0.695322   0.708753   0.454602   0.930407   0.413530   0.580413   0.022924   0.308259   0.694880   0.707848   0.453365   0.930549   0.412281   0.578845   0.023179   0.316285   0.692824   0.709339   0.455377   0.930151   0.414308   0.576468   0.023751   0.337481   0.687791   0.714860   0.462935   0.929266   0.421947   0.576559   0.024248   0.365998   0.681352   0.723503   0.474979   0.928824   0.434158   0.581598   0.025778   0.393285   0.675562   0.734397   0.490524   0.929308   0.449990   0.588708   0.028602   0.413165   0.671457   0.745516   0.506816   0.929609   0.466662   0.594643   0.031085   0.419731   0.669886   0.754784   0.520754   0.929475   0.480995   0.598785   0.032431   0.409640   0.671256   0.760658   0.529792   0.928898   0.490329   0.601904   0.032340   0.385540   0.675059   0.762336   0.532473   0.927834   0.493115   0.605298   0.030549   0.354297   0.680095   0.760147   0.529178   0.927066   0.489727   0.610928   0.026422   0.325837   0.685710   0.752116   0.516980   0.926927   0.477159   0.618923   0.022363   0.310971   0.690369   0.741032   0.500346   0.927117   0.460059   0.622087   0.022907   0.308069   0.692179   0.734110   0.490172   0.927667   0.449640   0.619528   0.025427   0.307994   0.692336   0.730661   0.485228   0.928234   0.444600   0.617070   0.026163   0.307977   0.692402   0.727700   0.481020   0.928446   0.440317   0.615098   0.026177   0.308009   0.692421   0.725040   0.477266   0.928421   0.436503   0.613359   0.026276   0.308078   0.692414   0.722652   0.473909   0.928321   0.433094   0.611720   0.026569   0.308149   0.692363   0.720631   0.471085   0.928421   0.430228   0.610358   0.026694   0.308225   0.692251   0.718991   0.468810   0.928850   0.427923   0.609310   0.026664 
  8   0.128110   0.689741   0.706634   0.453013   0.856956   0.412158   0.518563   0.034675   0.304849   0.696583   0.731257   0.486167   0.855541   0.445578   0.517022   0.035816   0.305590   0.695215   0.736520   0.493669   0.856208   0.453217   0.509298   0.032885   0.306201   0.694208   0.739799   0.498358   0.858257   0.457993   0.506328   0.031441   0.306675   0.693396   0.741685   0.501072   0.859504   0.460762   0.504693   0.031430   0.308912   0.691672   0.744693   0.505434   0.859626   0.465216   0.503850   0.030712   0.324720   0.686187   0.755277   0.521244   0.859181   0.481456   0.507552   0.025887   0.360923   0.677205   0.769906   0.543549   0.858246   0.504452   0.520927   0.020195   0.407071   0.668035   0.783515   0.564956   0.857790   0.526652   0.538896   0.020225   0.452859   0.660341   0.797992   0.588450   0.858084   0.551157   0.553897   0.024793   0.488226   0.655303   0.811224   0.610540   0.858061   0.574320   0.565683   0.030637   0.499370   0.654419   0.820753   0.626831   0.857680   0.591478   0.576020   0.036117   0.480275   0.658055   0.824945   0.634112   0.856966   0.599169   0.586141   0.039694   0.438286   0.664917   0.823188   0.631060   0.855872   0.595945   0.596708   0.039643   0.385633   0.673262   0.816045   0.618731   0.855083   0.582936   0.609419   0.035696   0.337998   0.682113   0.801048   0.593480   0.855036   0.556417   0.624812   0.029382   0.312545   0.689693   0.781464   0.561450   0.855373   0.522962   0.632338   0.027321   0.307081   0.692898   0.769549   0.542502   0.855978   0.503275   0.629099   0.028766   0.307075   0.693001   0.765330   0.535989   0.856547   0.496546   0.623868   0.028698   0.307191   0.692925   0.762246   0.531278   0.856788   0.491688   0.619066   0.028547   0.307350   0.692779   0.759673   0.527382   0.856892   0.487676   0.614862   0.028907   0.307442   0.692668   0.757318   0.523845   0.856829   0.484041   0.610846   0.029535   0.307470   0.692579   0.755273   0.520797   0.856872   0.480912   0.607057   0.029812   0.307530   0.692426   0.753667   0.518421   0.857319   0.478477   0.603743   0.029807 
  9   0.127248   0.690042   0.721703   0.472489   0.925598   0.431639   0.635251   0.022887   0.306015   0.697536   0.731375   0.485884   0.924494   0.445205   0.639213   0.022424   0.306387   0.696538   0.732563   0.487548   0.925348   0.446895   0.638366   0.022330   0.306735   0.695581   0.733881   0.489420   0.927541   0.448799   0.638913   0.022034   0.307058   0.694817   0.734364   0.490109   0.928811   0.449500   0.639043   0.022045   0.308551   0.693732   0.735090   0.491111   0.928903   0.450514   0.638485   0.021792   0.321222   0.689791   0.740261   0.498545   0.928383   0.458095   0.637720   0.020389   0.351387   0.682007   0.750524   0.513600   0.927306   0.473503   0.641949   0.018929   0.390214   0.673106   0.763979   0.533886   0.926693   0.494371   0.652537   0.020095   0.427424   0.665517   0.779804   0.558507   0.927046   0.519845   0.662714   0.023227   0.453986   0.660522   0.794993   0.582890   0.927189   0.545221   0.669639   0.026186   0.461494   0.659049   0.807034   0.602764   0.926899   0.566011   0.674491   0.028251   0.446842   0.661417   0.814539   0.615406   0.926172   0.579285   0.678238   0.029201   0.413861   0.666913   0.816839   0.619334   0.924992   0.583421   0.681983   0.028524   0.371276   0.673855   0.814380   0.615160   0.924167   0.579031   0.688857   0.025338   0.332692   0.681463   0.804109   0.597941   0.924034   0.560966   0.700350   0.021651   0.312617   0.688159   0.788630   0.572463   0.924252   0.534328   0.705740   0.022864   0.308546   0.691059   0.778280   0.555814   0.924838   0.516995   0.702859   0.026229   0.308297   0.691433   0.773124   0.547740   0.925412   0.508632   0.700055   0.027163   0.308161   0.691666   0.768766   0.540997   0.925605   0.501663   0.697770   0.027221   0.308068   0.691827   0.764896   0.535069   0.925588   0.495547   0.695699   0.027125   0.308012   0.691926   0.761486   0.529886   0.925511   0.490208   0.693670   0.026964   0.307976   0.691979   0.758517   0.525406   0.925648   0.485599   0.691741   0.026760   0.307950   0.691988   0.755959   0.521576   0.926157   0.481665   0.689909   0.026599 
 10   0.160255   0.688941   0.439603   0.184578   0.295523   0.154379   0.259366   0.044007   0.303585   0.695258   0.436523   0.181830   0.294958   0.151817   0.254393   0.055069   0.304069   0.694379   0.437271   0.182320   0.295524   0.152253   0.255600   0.057320   0.304289   0.693749   0.437581   0.182535   0.297147   0.152445   0.256446   0.059929   0.304463   0.693256   0.437443   0.182439   0.298105   0.152359   0.256852   0.062455   0.308194   0.689902   0.439171   0.183661   0.298062   0.153459   0.257674   0.064509   0.331737   0.676468   0.445713   0.188416   0.297455   0.157759   0.260216   0.066296   0.381300   0.655214   0.454546   0.194981   0.296444   0.163718   0.265233   0.072619   0.438449   0.636362   0.463617   0.201871   0.296071   0.169996   0.272149   0.083156   0.484476   0.625104   0.472459   0.208701   0.296484   0.176237   0.279526   0.091918   0.508117   0.623359   0.479087   0.213904   0.296696   0.181005   0.286296   0.098926   0.504935   0.630409   0.482599   0.216710   0.296680   0.183584   0.291456   0.103836   0.478894   0.643381   0.482770   0.216866   0.296387   0.183731   0.294296   0.104976   0.438306   0.659206   0.479565   0.214308   0.295754   0.181380   0.294662   0.100818   0.390181   0.676384   0.473586   0.209556   0.295163   0.177017   0.292848   0.092708   0.343986   0.693091   0.465514   0.203258   0.295070   0.171251   0.289382   0.083350   0.313337   0.704905   0.456754   0.196571   0.295330   0.165154   0.284608   0.075232   0.302892   0.708607   0.450820   0.192134   0.295783   0.161122   0.279577   0.071548   0.301889   0.707778   0.447881   0.189989   0.296115   0.159181   0.275364   0.071225   0.301405   0.706795   0.445405   0.188202   0.296090   0.157567   0.271904   0.073238   0.301163   0.705789   0.443092   0.186545   0.296064   0.156072   0.268982   0.075586   0.300919   0.704843   0.440924   0.185007   0.295985   0.154687   0.266253   0.075544   0.300507   0.704132   0.438898   0.183583   0.295950   0.153406   0.263498   0.074945   0.300043   0.703546   0.437122   0.182349   0.296231   0.152298   0.260967   0.075452 
 11   0.154733   0.689666   0.486740   0.220515   0.386643   0.187156   0.300574   0.036950   0.303837   0.696824   0.494212   0.225767   0.385950   0.191871   0.299009   0.042187   0.304204   0.696054   0.494782   0.226182   0.386525   0.192246   0.299104   0.042193   0.304365   0.695396   0.495377   0.226651   0.388223   0.192676   0.299202   0.043345   0.304471   0.694881   0.495398   0.226667   0.389226   0.192690   0.298971   0.045106   0.308095   0.691477   0.497717   0.228550   0.389177   0.194426   0.299811   0.046391   0.331739   0.678576   0.505567   0.235135   0.388530   0.200529   0.303034   0.047124   0.383299   0.658089   0.515416   0.243637   0.387449   0.208446   0.309179   0.052608   0.443856   0.639545   0.525225   0.252320   0.387030   0.216568   0.317681   0.063505   0.491706   0.628387   0.534511   0.260692   0.387407   0.224424   0.326842   0.073938   0.514341   0.626466   0.541296   0.266937   0.387564   0.230307   0.335255   0.082483   0.507714   0.633374   0.544759   0.270200   0.387499   0.233393   0.341787   0.088507   0.477831   0.646195   0.544361   0.269865   0.387173   0.233083   0.345877   0.090295   0.434681   0.661659   0.540283   0.266072   0.386521   0.229504   0.347127   0.086583   0.386193   0.677836   0.533399   0.259709   0.385909   0.223506   0.345780   0.077929   0.341815   0.692720   0.524905   0.251998   0.385826   0.216261   0.342399   0.066355   0.313273   0.702999   0.516125   0.244208   0.386133   0.208972   0.337207   0.056577   0.303749   0.706277   0.510226   0.239080   0.386634   0.204189   0.331296   0.052417   0.302855   0.705646   0.507398   0.236681   0.386989   0.201962   0.326096   0.051681   0.302269   0.704954   0.505067   0.234733   0.386963   0.200157   0.321600   0.052528   0.301776   0.704324   0.502938   0.232970   0.386951   0.198527   0.317560   0.053944   0.301472   0.703661   0.500904   0.231297   0.386891   0.196982   0.313938   0.054212   0.301186   0.703059   0.498948   0.229698   0.386866   0.195507   0.310588   0.053909   0.300851   0.702543   0.497244   0.228320   0.387170   0.194237   0.307491   0.054205 
 12   0.133242   0.689513   0.651891   0.384253   0.753258   0.343686   0.460660   0.037747   0.303103   0.696385   0.678330   0.415426   0.751176   0.374370   0.465016   0.038646   0.303687   0.695410   0.682608   0.420858   0.751800   0.379786   0.459986   0.034669   0.304129   0.694642   0.685829   0.424952   0.753820   0.383870   0.457677   0.032681   0.304512   0.693959   0.687792   0.427447   0.755007   0.386357   0.455668   0.032057   0.307599   0.691234   0.692483   0.433423   0.755059   0.392319   0.454913   0.030944   0.328415   0.682845   0.705988   0.451347   0.754539   0.410337   0.458133   0.026409   0.375382   0.670645   0.722408   0.473832   0.753516   0.433069   0.468091   0.023519   0.435908   0.659091   0.737299   0.495023   0.753061   0.454643   0.480510   0.027712   0.495333   0.649939   0.753003   0.518148   0.753310   0.478336   0.490301   0.035330   0.538517   0.644743   0.766970   0.539430   0.753180   0.500279   0.498795   0.043344   0.547261   0.645303   0.776694   0.554685   0.752763   0.516094   0.507372   0.050332   0.517451   0.651566   0.780160   0.560266   0.752107   0.521909   0.516704   0.054976   0.462993   0.661344   0.776714   0.554875   0.751119   0.516323   0.526623   0.055570   0.399667   0.672520   0.767263   0.540103   0.750323   0.501018   0.537159   0.051285   0.344060   0.683174   0.751900   0.516658   0.750260   0.476837   0.548912   0.041429   0.312887   0.691618   0.732516   0.488061   0.750653   0.447528   0.553757   0.034663   0.305096   0.695246   0.719895   0.469959   0.751270   0.429072   0.549331   0.033761   0.305092   0.695343   0.715536   0.463922   0.751785   0.422957   0.543956   0.032306   0.305203   0.695216   0.712267   0.459438   0.751964   0.418424   0.539648   0.031013   0.305354   0.695006   0.709508   0.455690   0.752112   0.414641   0.535890   0.030434   0.305411   0.694858   0.706916   0.452205   0.752105   0.411130   0.532170   0.030188   0.305381   0.694754   0.704599   0.449116   0.752121   0.408022   0.528292   0.029967   0.305383   0.694575   0.702782   0.446717   0.752547   0.405613   0.524638   0.029845 
 13   0.125332   0.689343   0.739231   0.497008   0.932355   0.456517   0.697057   0.019373   0.305917   0.696159   0.746341   0.507270   0.931450   0.466988   0.702924   0.019200   0.306334   0.695194   0.747471   0.508924   0.932484   0.468679   0.704786   0.019802   0.306724   0.694278   0.748731   0.510776   0.934888   0.470575   0.707401   0.020293   0.307050   0.693589   0.749032   0.511214   0.936290   0.471023   0.708858   0.020758   0.308974   0.692370   0.749953   0.512544   0.936481   0.472380   0.709244   0.020687   0.323042   0.687949   0.755871   0.521350   0.936051   0.481416   0.709843   0.019629   0.354548   0.680007   0.766827   0.537994   0.934991   0.498559   0.716123   0.018328   0.393696   0.671651   0.780724   0.559731   0.934239   0.521071   0.727602   0.019380   0.430369   0.664839   0.796597   0.585330   0.934537   0.547733   0.737547   0.022399   0.455654   0.660549   0.811242   0.609675   0.934740   0.573232   0.744317   0.025161   0.461848   0.659532   0.822521   0.628925   0.934473   0.593495   0.748644   0.027110   0.445967   0.662015   0.829308   0.640718   0.933705   0.605949   0.751253   0.028144   0.412740   0.667250   0.831136   0.643928   0.932416   0.609346   0.753387   0.027984   0.370801   0.673607   0.828688   0.639643   0.931609   0.604815   0.759353   0.025219   0.332378   0.680661   0.818550   0.622164   0.931505   0.586381   0.771656   0.021397   0.312731   0.687097   0.803127   0.596041   0.931660   0.558924   0.776528   0.022778   0.309065   0.689972   0.792825   0.578976   0.932215   0.541062   0.772150   0.026505   0.308744   0.690380   0.787655   0.570625   0.932845   0.532361   0.769283   0.027366   0.308506   0.690663   0.783255   0.563597   0.933111   0.525056   0.767036   0.027217   0.308324   0.690872   0.779301   0.557346   0.933000   0.518569   0.764973   0.026779   0.308224   0.690984   0.775874   0.551971   0.932839   0.513000   0.763087   0.026251   0.308164   0.691023   0.773023   0.547531   0.933020   0.508406   0.761279   0.025827   0.308125   0.691015   0.770622   0.543820   0.933584   0.504571   0.759552   0.025440 
 14   0.123944   0.688582   0.757858   0.524387   0.939479   0.484547   0.746857   0.017915   0.307266   0.694668   0.765315   0.535600   0.938796   0.496075   0.754287   0.016988   0.307649   0.693756   0.766440   0.537311   0.939917   0.497837   0.757543   0.017857   0.308023   0.692892   0.767561   0.539024   0.942376   0.499603   0.761271   0.018729   0.308315   0.692276   0.767651   0.539157   0.943846   0.499740   0.763331   0.019479   0.309467   0.691492   0.767668   0.539167   0.944108   0.499748   0.763843   0.019881   0.319536   0.688367   0.771296   0.544772   0.943691   0.505538   0.763741   0.019776   0.343723   0.682222   0.779147   0.557075   0.942658   0.518282   0.768237   0.019272   0.374335   0.675556   0.789421   0.573522   0.941854   0.535389   0.777721   0.020196   0.402647   0.670134   0.801397   0.593145   0.942160   0.555887   0.786505   0.022696   0.421690   0.666732   0.812554   0.611853   0.942487   0.575512   0.792738   0.024857   0.424650   0.666041   0.821005   0.626310   0.942320   0.590736   0.796577   0.026070   0.410678   0.668121   0.825826   0.634672   0.941649   0.599564   0.798588   0.026500   0.384703   0.672272   0.826646   0.636116   0.940461   0.601093   0.800007   0.025972   0.352891   0.677240   0.824050   0.631615   0.939759   0.596342   0.805666   0.022848   0.325079   0.682755   0.815274   0.616564   0.939697   0.580485   0.817158   0.019520   0.311935   0.687320   0.803650   0.596871   0.939846   0.559785   0.820454   0.020995   0.309884   0.689059   0.796586   0.585125   0.940385   0.547482   0.815308   0.023983   0.309644   0.689361   0.792611   0.578635   0.941015   0.540707   0.812169   0.024746   0.309477   0.689559   0.789158   0.573050   0.941280   0.534887   0.809599   0.024589   0.309347   0.689710   0.785969   0.567932   0.941087   0.529561   0.807189   0.024119   0.309262   0.689791   0.783180   0.563484   0.940886   0.524939   0.804905   0.023683   0.309233   0.689796   0.780899   0.559869   0.941090   0.521186   0.802730   0.023362   0.309236   0.689757   0.778979   0.556844   0.941645   0.518050   0.800658   0.023182 
 15   0.163473   0.693564   0.388149   0.150442   0.211996   0.123963   0.215904   0.056350   0.297046   0.703858   0.372933   0.140539   0.211283   0.115168   0.207317   0.072990   0.297882   0.702133   0.374268   0.141306   0.211831   0.115835   0.208488   0.077826   0.298008   0.701290   0.374434   0.141403   0.213382   0.115920   0.209222   0.082455   0.298077   0.700691   0.373961   0.141119   0.214284   0.115671   0.209542   0.086683   0.305942   0.693132   0.377497   0.143210   0.214242   0.117497   0.210855   0.090351   0.343859   0.668507   0.387738   0.149537   0.213657   0.123066   0.213474   0.097728   0.416042   0.633814   0.400244   0.157597   0.212682   0.130211   0.216885   0.112316   0.497511   0.603567   0.412623   0.165827   0.212366   0.137543   0.221539   0.126094   0.566383   0.583810   0.424252   0.173769   0.212809   0.144653   0.226712   0.132572   0.606869   0.578695   0.433366   0.180151   0.213033   0.150389   0.231820   0.136770   0.607621   0.589549   0.438443   0.183774   0.213038   0.153656   0.236565   0.140224   0.569926   0.612631   0.438727   0.183977   0.212777   0.153839   0.240180   0.140598   0.507085   0.641673   0.434552   0.180974   0.212177   0.151129   0.241744   0.135433   0.432947   0.672716   0.426957   0.175590   0.211594   0.146279   0.241133   0.126907   0.362465   0.701789   0.416416   0.168298   0.211476   0.139737   0.238852   0.117945   0.313369   0.722294   0.404089   0.160030   0.211691   0.132360   0.235193   0.107545   0.294575   0.728971   0.394694   0.153925   0.212089   0.126941   0.230740   0.100557   0.292698   0.726995   0.389497   0.150664   0.212369   0.124063   0.226436   0.098957   0.292161   0.724589   0.385431   0.148149   0.212309   0.121849   0.222906   0.101165   0.292092   0.722214   0.381750   0.145894   0.212273   0.119867   0.220138   0.103675   0.291877   0.720198   0.378270   0.143788   0.212188   0.118020   0.217433   0.102436   0.291218   0.718807   0.375081   0.141882   0.212132   0.116351   0.214577   0.100446   0.290689   0.717506   0.372489   0.140347   0.212385   0.115010   0.212049   0.100471 
 16   0.153409   0.698450   0.441768   0.186711   0.324241   0.156391   0.246128   0.058604   0.288620   0.714183   0.444186   0.187990   0.323469   0.157474   0.238290   0.067873   0.288239   0.712975   0.444945   0.188530   0.324012   0.157961   0.236053   0.069844   0.287687   0.711820   0.445370   0.188860   0.325609   0.158263   0.234053   0.074349   0.287038   0.710830   0.444913   0.188568   0.326490   0.158004   0.232171   0.079958   0.300118   0.698466   0.454034   0.195125   0.326379   0.163926   0.234490   0.084059   0.359203   0.664445   0.475932   0.211702   0.325697   0.179030   0.240015   0.092647   0.466636   0.622330   0.498236   0.229794   0.324576   0.195708   0.244008   0.114350   0.585016   0.587504   0.517883   0.246604   0.324151   0.211347   0.247799   0.136260   0.684383   0.564053   0.534961   0.261776   0.324487   0.225554   0.252375   0.145743   0.746290   0.555390   0.547671   0.273453   0.324572   0.236553   0.257926   0.150076   0.753440   0.564745   0.554732   0.280156   0.324461   0.242904   0.264374   0.153364   0.702748   0.590619   0.554997   0.280524   0.324119   0.243272   0.270892   0.154165   0.611101   0.626116   0.548341   0.274329   0.323497   0.237423   0.276182   0.149837   0.500320   0.664707   0.536284   0.263177   0.322928   0.226905   0.278843   0.141213   0.393331   0.701004   0.520068   0.248582   0.322847   0.213206   0.278398   0.127837   0.312753   0.730568   0.497942   0.229612   0.323147   0.195549   0.274796   0.106020   0.279073   0.743308   0.479206   0.214231   0.323648   0.181340   0.267527   0.091484   0.276542   0.741494   0.470205   0.207223   0.323984   0.174925   0.259769   0.089869   0.276198   0.738179   0.464415   0.202812   0.323930   0.170903   0.254003   0.091582   0.276388   0.734786   0.459664   0.199256   0.323914   0.167670   0.249376   0.094233   0.276960   0.731622   0.455306   0.196047   0.323867   0.164760   0.245500   0.094436   0.277335   0.728991   0.451304   0.193140   0.323847   0.162131   0.241884   0.093453   0.277533   0.726625   0.447952   0.190734   0.324141   0.159958   0.238496   0.093799 
 17   0.137009   0.699527   0.584033   0.310236   0.608015   0.271788   0.361906   0.052551   0.291684   0.715949   0.616263   0.342861   0.604172   0.303051   0.363284   0.052396   0.291815   0.713845   0.619198   0.346085   0.604550   0.306185   0.354879   0.051731   0.292103   0.712104   0.620535   0.347581   0.606300   0.307644   0.350466   0.052403   0.292214   0.710963   0.620082   0.347102   0.607290   0.307180   0.347407   0.053683   0.301471   0.701973   0.627500   0.355215   0.607161   0.315060   0.348198   0.054083   0.350256   0.674938   0.649118   0.380137   0.606359   0.339494   0.353715   0.057662   0.446726   0.638994   0.673820   0.410418   0.605051   0.369512   0.360378   0.074309   0.557739   0.609925   0.696397   0.439902   0.604466   0.399078   0.366030   0.099085   0.652446   0.593251   0.716744   0.467676   0.604606   0.427155   0.371485   0.120268   0.710462   0.589900   0.731119   0.488054   0.604430   0.447900   0.379157   0.136280   0.714782   0.599708   0.738193   0.498395   0.604122   0.458486   0.389235   0.146720   0.664302   0.620190   0.736966   0.496811   0.603726   0.456905   0.400623   0.150470   0.575644   0.647262   0.727277   0.483150   0.603142   0.443011   0.411779   0.146322   0.471746   0.676460   0.711004   0.460561   0.602602   0.420098   0.420966   0.133465   0.378026   0.702358   0.691549   0.434234   0.602621   0.393519   0.426463   0.111433   0.314030   0.721599   0.669571   0.405657   0.603116   0.364878   0.425692   0.084116   0.290083   0.728515   0.653144   0.385055   0.603773   0.344365   0.418720   0.066742   0.288870   0.726337   0.645839   0.376316   0.604159   0.335740   0.410308   0.061678   0.288483   0.724025   0.640895   0.370550   0.604108   0.330075   0.402790   0.059919   0.288128   0.721959   0.637137   0.366245   0.604157   0.325860   0.395728   0.060058   0.287978   0.720188   0.633641   0.362286   0.604178   0.321991   0.389256   0.060435   0.288005   0.718735   0.629945   0.358136   0.604194   0.317941   0.383351   0.060496   0.288127   0.717376   0.626549   0.354365   0.604574   0.314268   0.377937   0.060593 
 18   0.124750   0.690303   0.732631   0.487767   0.929466   0.447140   0.666948   0.021327   0.303836   0.698001   0.738921   0.496721   0.928427   0.456253   0.672212   0.022151   0.304304   0.696988   0.739852   0.498059   0.929475   0.457619   0.673019   0.022578   0.304622   0.696141   0.740764   0.499388   0.931922   0.458977   0.674364   0.022988   0.304877   0.695496   0.740727   0.499344   0.933317   0.458934   0.674691   0.023402   0.309035   0.693345   0.743105   0.502748   0.933459   0.462401   0.674968   0.022695   0.333250   0.686276   0.753185   0.517614   0.932941   0.477631   0.677767   0.020331   0.386025   0.674517   0.770069   0.543351   0.931793   0.504162   0.688087   0.018972   0.455867   0.661942   0.791430   0.577368   0.930992   0.539513   0.702451   0.021767   0.526889   0.651314   0.815203   0.616986   0.931157   0.581037   0.713027   0.026827   0.579776   0.644491   0.836812   0.654618   0.931163   0.620805   0.719141   0.031414   0.591925   0.643627   0.853017   0.683902   0.930703   0.651967   0.721935   0.034974   0.557318   0.648912   0.862116   0.700778   0.929763   0.670013   0.723290   0.037440   0.493047   0.657864   0.863936   0.704216   0.928351   0.673703   0.725825   0.038121   0.418576   0.668024   0.859168   0.695313   0.927483   0.664171   0.732467   0.035799   0.352354   0.678281   0.844797   0.669018   0.927382   0.636124   0.744430   0.031094   0.315493   0.687889   0.822160   0.628816   0.927586   0.593484   0.748802   0.031060   0.306668   0.692773   0.805685   0.600428   0.928222   0.563544   0.743945   0.034100   0.306153   0.693387   0.797996   0.587696   0.928921   0.550218   0.740819   0.034250   0.305903   0.693734   0.791673   0.577389   0.929231   0.539461   0.738804   0.033560   0.305809   0.693885   0.786296   0.568734   0.929178   0.530449   0.737294   0.032474   0.305758   0.693950   0.781669   0.561371   0.929061   0.522799   0.735718   0.031365   0.305701   0.693971   0.777716   0.555145   0.929273   0.516342   0.733804   0.030520   0.305658   0.693937   0.774326   0.549851   0.929891   0.510862   0.731979   0.029826 
 19   0.122858   0.689578   0.759062   0.526343   0.938212   0.486586   0.731012   0.019188   0.305619   0.696594   0.765309   0.535752   0.937449   0.496262   0.738971   0.019287   0.306043   0.695574   0.766174   0.537066   0.938625   0.497616   0.741978   0.020170   0.306421   0.694643   0.767114   0.538503   0.941170   0.499097   0.745322   0.020961   0.306701   0.693971   0.767020   0.538354   0.942662   0.498942   0.747193   0.021654   0.310364   0.692237   0.768612   0.540771   0.942904   0.501433   0.747497   0.021661   0.331435   0.686262   0.776664   0.553315   0.942433   0.514413   0.749549   0.020551   0.376389   0.676113   0.790658   0.575685   0.941314   0.537675   0.759158   0.019887   0.432211   0.665712   0.808183   0.604710   0.940427   0.568056   0.772363   0.022218   0.485224   0.657400   0.827472   0.637853   0.940579   0.602990   0.782536   0.026307   0.521979   0.652353   0.844871   0.668837   0.940696   0.635868   0.789212   0.029732   0.528441   0.651838   0.857931   0.692810   0.940299   0.661453   0.792715   0.032163   0.502027   0.655889   0.865297   0.706608   0.939382   0.676234   0.794231   0.033850   0.452834   0.663093   0.866537   0.708957   0.937980   0.678756   0.796009   0.034404   0.393883   0.671418   0.862269   0.700919   0.937176   0.670136   0.802673   0.031958   0.341488   0.679979   0.849403   0.677162   0.937113   0.644753   0.815380   0.027328   0.314322   0.687471   0.830888   0.643773   0.937308   0.609239   0.819962   0.027546   0.308798   0.690895   0.818355   0.621763   0.937944   0.585945   0.815350   0.030656   0.308410   0.691364   0.812130   0.611143   0.938691   0.574768   0.812505   0.031018   0.308172   0.691631   0.806944   0.602406   0.939057   0.565594   0.810598   0.030535   0.308028   0.691786   0.802351   0.594753   0.938934   0.557574   0.809023   0.029605   0.307937   0.691864   0.798372   0.588187   0.938787   0.550707   0.807570   0.028521   0.307871   0.691866   0.795069   0.582779   0.939063   0.545058   0.806061   0.027776   0.307826   0.691821   0.792222   0.578154   0.939716   0.540235   0.804422   0.027354 
 20   0.158914   0.697829   0.384585   0.148837   0.199896   0.122636   0.203053   0.137568   0.281393   0.711967   0.360945   0.133882   0.199715   0.109412   0.193082   0.212495   0.281515   0.709153   0.362113   0.134537   0.200212   0.109979   0.193895   0.226032   0.281162   0.707041   0.362706   0.134873   0.201625   0.110271   0.194538   0.238589   0.280826   0.705452   0.362436   0.134711   0.202397   0.110129   0.194946   0.250601   0.296318   0.696636   0.365564   0.136533   0.202306   0.111718   0.195756   0.259604   0.359988   0.668466   0.376425   0.143130   0.201701   0.117510   0.197831   0.267400   0.471156   0.627192   0.391696   0.152792   0.200734   0.126051   0.200346   0.279451   0.590271   0.589621   0.407335   0.163081   0.200496   0.135207   0.202954   0.288736   0.688149   0.562954   0.421696   0.172868   0.201015   0.143970   0.205707   0.286573   0.749439   0.551257   0.432891   0.180738   0.201291   0.151052   0.208301   0.281697   0.760138   0.558335   0.439634   0.185597   0.201338   0.155444   0.210804   0.279020   0.718521   0.582602   0.441056   0.186652   0.201112   0.156403   0.212924   0.276817   0.636263   0.617954   0.436884   0.183648   0.200561   0.153688   0.213919   0.271038   0.526712   0.660710   0.427462   0.176944   0.199985   0.147642   0.213387   0.265186   0.410278   0.705534   0.412738   0.166776   0.199772   0.138518   0.211494   0.265328   0.314690   0.742199   0.394266   0.154488   0.199861   0.127562   0.208284   0.265198   0.272031   0.755423   0.380505   0.145641   0.200182   0.119718   0.204334   0.265089   0.268714   0.750090   0.374134   0.141716   0.200421   0.116264   0.200785   0.267568   0.268899   0.743592   0.369740   0.139068   0.200326   0.113942   0.198067   0.273133   0.269372   0.737876   0.365996   0.136842   0.200290   0.111995   0.195988   0.278431   0.269672   0.733105   0.362686   0.134898   0.200246   0.110298   0.194009   0.277057   0.269433   0.729281   0.359847   0.133246   0.200220   0.108857   0.191934   0.273684   0.269228   0.725914   0.357651   0.131981   0.200466   0.107756   0.190103   0.273654 
 21   0.150653   0.691844   0.471194   0.208669   0.333267   0.176356   0.259863   0.149928   0.281678   0.700383   0.463959   0.202976   0.335978   0.171138   0.249106   0.246669   0.280660   0.698145   0.466517   0.204961   0.336313   0.172955   0.248223   0.271655   0.279672   0.696351   0.468314   0.206363   0.337760   0.174240   0.248193   0.288983   0.278582   0.695098   0.469018   0.206926   0.338515   0.174758   0.248302   0.305290   0.292685   0.689969   0.471800   0.209073   0.338333   0.176720   0.248698   0.317692   0.354919   0.671959   0.481771   0.216988   0.337628   0.183991   0.251561   0.314730   0.463346   0.644148   0.497339   0.229841   0.336573   0.195880   0.255606   0.313611   0.576820   0.618532   0.513774   0.243983   0.336324   0.209056   0.259164   0.321836   0.667596   0.600126   0.528497   0.257098   0.336848   0.221349   0.262820   0.319127   0.724773   0.590898   0.539610   0.267297   0.337104   0.230960   0.266212   0.311635   0.737296   0.593496   0.545846   0.273158   0.337134   0.236506   0.269324   0.305425   0.701605   0.608129   0.546389   0.273702   0.336913   0.237028   0.271871   0.300554   0.626494   0.631566   0.541088   0.268739   0.336380   0.232334   0.273416   0.294092   0.524059   0.661181   0.530545   0.259006   0.335755   0.223154   0.273132   0.289494   0.412898   0.693149   0.515261   0.245303   0.335482   0.210293   0.270565   0.292309   0.316147   0.721604   0.495948   0.228672   0.335569   0.194796   0.265773   0.302908   0.270221   0.733292   0.482307   0.217315   0.335893   0.184276   0.260161   0.318431   0.266010   0.729849   0.477592   0.213576   0.336105   0.180842   0.255768   0.330955   0.265541   0.725267   0.474650   0.211289   0.335984   0.178749   0.252587   0.341612   0.265303   0.721176   0.472125   0.209347   0.335982   0.176974   0.250084   0.350072   0.265270   0.717699   0.469781   0.207551   0.335999   0.175335   0.247836   0.351263   0.265319   0.714723   0.467717   0.205981   0.336018   0.173903   0.245614   0.348893   0.265278   0.712034   0.466181   0.204826   0.336321   0.172851   0.243676   0.348086 
 22   0.147321   0.700025   0.504316   0.235798   0.438514   0.201408   0.293720   0.050489   0.291427   0.717275   0.525168   0.252781   0.437675   0.217079   0.293438   0.053414   0.291010   0.715958   0.526192   0.253677   0.438145   0.217916   0.288534   0.053744   0.290750   0.714715   0.526666   0.254124   0.439799   0.218338   0.284984   0.055866   0.290356   0.713836   0.526071   0.253639   0.440706   0.217891   0.281819   0.058925   0.301693   0.701967   0.533788   0.260422   0.440559   0.224231   0.282487   0.061288   0.356810   0.665877   0.554648   0.279679   0.439789   0.242385   0.287179   0.066371   0.461012   0.617334   0.577854   0.302459   0.438529   0.264090   0.291975   0.083092   0.577871   0.576407   0.599513   0.324938   0.437972   0.285721   0.296511   0.105271   0.676522   0.551255   0.619092   0.346164   0.438170   0.306304   0.301743   0.121784   0.736952   0.545185   0.633524   0.362474   0.438089   0.322238   0.308681   0.134160   0.741919   0.559560   0.641311   0.371618   0.437843   0.331234   0.317407   0.143783   0.690369   0.590513   0.641139   0.371622   0.437442   0.331273   0.326881   0.149142   0.598523   0.630747   0.632957   0.362331   0.436822   0.322187   0.335195   0.147594   0.489107   0.672860   0.618579   0.346109   0.436284   0.306342   0.340678   0.137995   0.387140   0.709450   0.600554   0.326292   0.436292   0.287073   0.342290   0.119162   0.313628   0.735883   0.579205   0.303917   0.436740   0.265503   0.338739   0.092804   0.284201   0.744959   0.562306   0.286970   0.437375   0.249293   0.330308   0.076155   0.282427   0.741326   0.554119   0.279139   0.437776   0.241865   0.321535   0.072532   0.282106   0.737486   0.548673   0.274033   0.437736   0.237039   0.314323   0.071861   0.281704   0.734346   0.544204   0.269914   0.437758   0.233158   0.307591   0.072759   0.281604   0.731685   0.540032   0.266124   0.437758   0.229595   0.301745   0.072776   0.281679   0.729530   0.535851   0.262367   0.437766   0.226071   0.296756   0.072092   0.281808   0.727572   0.532200   0.259124   0.438102   0.223033   0.292203   0.071981 
 23   0.125742   0.692445   0.713074   0.461117   0.932566   0.420225   0.574960   0.025063   0.301877   0.702124   0.721404   0.472450   0.931361   0.431668   0.578864   0.026091   0.302361   0.700873   0.722282   0.473693   0.932267   0.432932   0.577008   0.026020   0.302667   0.699848   0.723065   0.474796   0.934448   0.434053   0.576436   0.025773   0.302934   0.698997   0.723033   0.474770   0.935671   0.434030   0.575877   0.025719   0.308224   0.696318   0.726168   0.479112   0.935717   0.438429   0.576278   0.024659   0.338372   0.687927   0.737969   0.496034   0.935081   0.455683   0.580765   0.021829   0.405322   0.673519   0.757827   0.525673   0.933855   0.486127   0.592814   0.020710   0.496258   0.657332   0.784173   0.567030   0.933092   0.529010   0.607257   0.024871   0.591792   0.643108   0.814190   0.616814   0.933179   0.581166   0.615700   0.031484   0.664041   0.633855   0.841570   0.664728   0.932978   0.631869   0.617873   0.037494   0.684266   0.632365   0.862293   0.702662   0.932354   0.672351   0.616849   0.042378   0.645486   0.638628   0.874720   0.726115   0.931341   0.697521   0.615493   0.045670   0.562923   0.650261   0.878250   0.732839   0.929987   0.704750   0.616688   0.046582   0.462507   0.664085   0.873284   0.723212   0.929110   0.694366   0.623509   0.044253   0.372276   0.677472   0.857082   0.692647   0.928990   0.661569   0.638361   0.038680   0.318258   0.690379   0.828137   0.640354   0.929286   0.605905   0.646278   0.036999   0.303050   0.697335   0.805187   0.600394   0.930010   0.563665   0.642033   0.039186   0.302759   0.697947   0.794808   0.583235   0.930734   0.545705   0.638288   0.039123   0.302778   0.698261   0.786122   0.569188   0.931067   0.531062   0.636036   0.037935   0.302961   0.698322   0.778868   0.557670   0.931170   0.519097   0.634328   0.036428   0.303149   0.698237   0.772802   0.548189   0.931201   0.509277   0.632864   0.035000   0.303289   0.698055   0.767766   0.540425   0.931445   0.501254   0.631561   0.033860   0.303427   0.697784   0.763566   0.534037   0.932056   0.494670   0.630562   0.033001 
 24   0.121859   0.691113   0.754339   0.519486   0.934014   0.479582   0.686537   0.021832   0.303052   0.699505   0.758744   0.526046   0.933197   0.486314   0.694196   0.023409   0.303546   0.698374   0.759247   0.526811   0.934507   0.487102   0.696363   0.024326   0.303790   0.697518   0.759508   0.527226   0.937143   0.487533   0.698664   0.025106   0.303938   0.696921   0.758709   0.526040   0.938672   0.486316   0.699622   0.025694   0.312454   0.693555   0.762727   0.532058   0.938893   0.492500   0.701236   0.024591   0.352106   0.683433   0.777295   0.554629   0.938362   0.515838   0.708201   0.022156   0.431895   0.668002   0.800194   0.591809   0.937155   0.554617   0.723252   0.022247   0.534421   0.652088   0.828470   0.640302   0.936173   0.605722   0.739031   0.026738   0.634619   0.639137   0.857892   0.693633   0.936127   0.662516   0.748015   0.032376   0.695053   0.632544   0.882579   0.740703   0.935986   0.713124   0.750283   0.036595   0.687506   0.634722   0.899263   0.773834   0.935386   0.749020   0.748173   0.039725   0.624725   0.643339   0.907206   0.790030   0.934281   0.766656   0.746167   0.041791   0.535860   0.654715   0.906968   0.789602   0.932739   0.766201   0.747953   0.042140   0.442947   0.666716   0.899130   0.773729   0.931904   0.748940   0.755931   0.040468   0.363501   0.678244   0.880918   0.737683   0.931869   0.709909   0.770608   0.036644   0.317791   0.688809   0.854356   0.686935   0.932094   0.655326   0.777069   0.036357   0.305986   0.694263   0.834928   0.651128   0.932776   0.617075   0.773260   0.038838   0.305431   0.694938   0.825602   0.634700   0.933575   0.599677   0.771481   0.038608   0.305214   0.695277   0.817995   0.621545   0.933997   0.585794   0.770872   0.037444   0.305133   0.695454   0.811407   0.610324   0.933905   0.573986   0.770473   0.035885   0.305113   0.695494   0.805828   0.600938   0.933744   0.564132   0.769928   0.034281   0.305114   0.695410   0.801257   0.593333   0.934033   0.556163   0.769030   0.033099   0.305117   0.695288   0.797246   0.586743   0.934739   0.549275   0.767876   0.032299 
