timestamp=                2022-01-21T23:01:03.972590
shape=                    (5, 5)
sigma=                    2.5
nepochs=                  3
rate=                     0.00724
neighborhood function=    gaussian
init weights=             pca
topology=                 hexagonal
activation distance=      euclidean
output type=              labels
mapfile_prefix=           2017-2021_5x5_3_00724_08
apply classification=     False
apply activation=         False
seed=                     None
random order=             True
custom init file=         None
decay_function=           3

quantization error=       0.35038184
topographic error=        0.32242246

############ NEURONS #############
 25 192
  0   0.143455   0.688646   0.583992   0.309046   0.579349   0.270453   0.405372   0.033067   0.304934   0.694934   0.599491   0.323745   0.578165   0.284364   0.407943   0.036248   0.305455   0.694334   0.600262   0.324521   0.578850   0.285107   0.406885   0.033416   0.305758   0.693781   0.600446   0.324702   0.580777   0.285279   0.407254   0.032861   0.305907   0.693422   0.599889   0.324112   0.581902   0.284709   0.407352   0.032880   0.308325   0.691200   0.601358   0.325629   0.581875   0.286167   0.407941   0.032903   0.327283   0.682683   0.608441   0.333229   0.581210   0.293519   0.411285   0.031740   0.370713   0.669282   0.616831   0.342419   0.580059   0.302442   0.419925   0.033106   0.423377   0.657196   0.623919   0.350359   0.579616   0.310182   0.432538   0.040036   0.466557   0.649632   0.630835   0.358233   0.580022   0.317880   0.445228   0.048765   0.488200   0.647733   0.635736   0.363896   0.580177   0.323431   0.456454   0.056172   0.483367   0.651422   0.637832   0.366345   0.580090   0.325838   0.465253   0.060714   0.455375   0.659333   0.636686   0.365011   0.579716   0.324529   0.470993   0.061223   0.414807   0.669304   0.632499   0.360153   0.578978   0.319763   0.473266   0.056978   0.371632   0.679733   0.626321   0.353068   0.578294   0.312827   0.472276   0.049293   0.334377   0.689348   0.619191   0.345009   0.578190   0.304958   0.469085   0.041022   0.312663   0.695842   0.612226   0.337261   0.578501   0.297414   0.463958   0.035968   0.306487   0.697798   0.608289   0.332945   0.579026   0.293224   0.457656   0.034692   0.306133   0.697435   0.607024   0.331600   0.579406   0.291924   0.451879   0.034479   0.305875   0.697083   0.605825   0.330334   0.579389   0.290704   0.446821   0.034707   0.305656   0.696765   0.604651   0.329105   0.579388   0.289520   0.442280   0.035291   0.305527   0.696458   0.603327   0.327719   0.579331   0.288184   0.438142   0.035718   0.305413   0.696184   0.602044   0.326378   0.579317   0.286894   0.434259   0.035825   0.305237   0.695955   0.601030   0.325335   0.579669   0.285892   0.430572   0.035992 
  1   0.130152   0.689769   0.698751   0.441599   0.927581   0.400512   0.581366   0.023776   0.306814   0.697200   0.708316   0.454096   0.926410   0.413035   0.583687   0.023042   0.307107   0.696552   0.708526   0.454325   0.927122   0.413256   0.581786   0.023105   0.307377   0.695859   0.708962   0.454889   0.929085   0.413821   0.581318   0.022810   0.307589   0.695361   0.708561   0.454340   0.930246   0.413266   0.580616   0.022835   0.308255   0.694921   0.707651   0.453100   0.930388   0.412014   0.578987   0.023187   0.316302   0.692868   0.709076   0.455024   0.929990   0.413953   0.576542   0.023870   0.337621   0.687820   0.714547   0.462511   0.929102   0.421520   0.576551   0.024440   0.366033   0.681385   0.723209   0.474576   0.928659   0.433751   0.581408   0.025991   0.393258   0.675596   0.734139   0.490164   0.929149   0.449625   0.588334   0.028806   0.412992   0.671537   0.745235   0.506418   0.929452   0.466256   0.594203   0.031264   0.419659   0.669964   0.754476   0.520316   0.929317   0.480548   0.598329   0.032596   0.409861   0.671278   0.760391   0.529412   0.928739   0.489941   0.601403   0.032498   0.385776   0.675093   0.762086   0.532117   0.927673   0.492753   0.604696   0.030742   0.354467   0.680142   0.759855   0.528763   0.926902   0.489303   0.610263   0.026559   0.325829   0.685774   0.751748   0.516462   0.926764   0.476632   0.618330   0.022398   0.310974   0.690430   0.740636   0.499805   0.926956   0.459512   0.621454   0.022929   0.308078   0.692212   0.733761   0.489703   0.927505   0.449167   0.618854   0.025369   0.307995   0.692363   0.730342   0.484802   0.928073   0.444171   0.616478   0.025993   0.307969   0.692444   0.727346   0.480540   0.928286   0.439834   0.614669   0.025956   0.308003   0.692462   0.724667   0.476755   0.928261   0.435986   0.613058   0.026064   0.308079   0.692436   0.722309   0.473443   0.928164   0.432623   0.611430   0.026380   0.308154   0.692376   0.720284   0.470613   0.928267   0.429752   0.610097   0.026449   0.308231   0.692266   0.718643   0.468335   0.928697   0.427444   0.609042   0.026385 
  2   0.130257   0.688263   0.695587   0.437594   0.822039   0.396519   0.604460   0.028735   0.307254   0.694124   0.713268   0.460562   0.820785   0.419515   0.609380   0.030915   0.307828   0.693427   0.715082   0.463106   0.821581   0.422098   0.605685   0.028648   0.308315   0.692745   0.716381   0.464938   0.823818   0.423959   0.604788   0.027664   0.308651   0.692266   0.716452   0.465065   0.825164   0.424093   0.603892   0.027589   0.309534   0.691612   0.716122   0.464629   0.825216   0.423655   0.602883   0.027217   0.319224   0.688310   0.719558   0.469509   0.824569   0.428620   0.602763   0.025123   0.345414   0.681537   0.725986   0.478604   0.823351   0.437868   0.608961   0.023029   0.381792   0.673987   0.732958   0.488527   0.822838   0.447968   0.621483   0.024819   0.417883   0.667696   0.741078   0.500267   0.823274   0.459954   0.633697   0.029517   0.444937   0.663627   0.748776   0.511588   0.823416   0.471548   0.643784   0.034293   0.453387   0.662807   0.754663   0.520368   0.823236   0.480563   0.651665   0.037862   0.438302   0.665723   0.757303   0.524335   0.822699   0.484642   0.657120   0.039169   0.405594   0.671481   0.755992   0.522339   0.821740   0.482585   0.660238   0.037377   0.366054   0.678591   0.751355   0.515340   0.820926   0.475384   0.662214   0.032497   0.330863   0.685616   0.743529   0.503658   0.820826   0.463388   0.665718   0.026436   0.312047   0.690680   0.734031   0.489681   0.821187   0.449073   0.666204   0.024104   0.308142   0.692414   0.728270   0.481318   0.821800   0.440530   0.661399   0.024651   0.308197   0.692301   0.726385   0.478643   0.822274   0.437809   0.656167   0.024483   0.308304   0.692130   0.724815   0.476436   0.822319   0.435569   0.651480   0.024393   0.308431   0.691958   0.723330   0.474364   0.822331   0.433467   0.647304   0.024733   0.308537   0.691830   0.721829   0.472281   0.822252   0.431357   0.643202   0.025304   0.308614   0.691707   0.720513   0.470471   0.822257   0.429526   0.639228   0.025597   0.308702   0.691529   0.719550   0.469160   0.822687   0.428203   0.635703   0.025774 
  3   0.127646   0.688308   0.724853   0.476533   0.924045   0.435675   0.683699   0.021153   0.307643   0.694303   0.732039   0.486544   0.923134   0.445823   0.687635   0.020224   0.308001   0.693708   0.732525   0.487215   0.924058   0.446503   0.687983   0.020508   0.308323   0.693073   0.733167   0.488120   0.926299   0.447422   0.689222   0.020707   0.308602   0.692623   0.732941   0.487790   0.927655   0.447085   0.689516   0.021081   0.309094   0.692263   0.732086   0.486560   0.927845   0.445831   0.688803   0.021425   0.315087   0.690478   0.733187   0.488123   0.927415   0.447420   0.687343   0.021930   0.331694   0.686274   0.737390   0.494170   0.926445   0.453586   0.688587   0.022378   0.354292   0.681204   0.743722   0.503400   0.925890   0.463021   0.694595   0.023848   0.375982   0.676832   0.751606   0.515074   0.926375   0.474989   0.701917   0.026595   0.391769   0.673847   0.759340   0.526716   0.926754   0.486960   0.707835   0.029073   0.396284   0.672830   0.765440   0.536037   0.926693   0.496571   0.711836   0.030391   0.387232   0.674054   0.768959   0.541478   0.926138   0.502194   0.714022   0.030172   0.367530   0.677156   0.769421   0.542210   0.925080   0.502954   0.715016   0.028399   0.342984   0.681236   0.767156   0.538723   0.924333   0.499353   0.717428   0.024532   0.321257   0.685728   0.760770   0.528928   0.924212   0.489246   0.723194   0.020691   0.310726   0.689167   0.752604   0.516513   0.924380   0.476457   0.723714   0.021282   0.309157   0.690359   0.747647   0.509086   0.924877   0.468827   0.718719   0.023534   0.309060   0.690507   0.744977   0.505147   0.925383   0.464791   0.715357   0.023913   0.309011   0.690585   0.742654   0.501748   0.925513   0.461314   0.712382   0.023705   0.308997   0.690623   0.740572   0.498722   0.925364   0.458224   0.709489   0.023658   0.309008   0.690625   0.738754   0.496097   0.925147   0.455544   0.706705   0.023842   0.309038   0.690566   0.737295   0.493999   0.925196   0.453406   0.704370   0.023861   0.309098   0.690443   0.736185   0.492414   0.925632   0.451791   0.702454   0.023799 
  4   0.125709   0.688332   0.740938   0.499383   0.935016   0.458923   0.720413   0.018507   0.307205   0.694247   0.747494   0.508891   0.934218   0.468633   0.725961   0.017739   0.307625   0.693480   0.748409   0.510227   0.935310   0.469998   0.727973   0.018532   0.307984   0.692732   0.749395   0.511671   0.937765   0.471477   0.730621   0.019295   0.308270   0.692195   0.749406   0.511679   0.939253   0.471483   0.732030   0.019934   0.309025   0.691625   0.749028   0.511100   0.939504   0.470886   0.732227   0.020301   0.316780   0.689201   0.751355   0.514522   0.939084   0.474389   0.732194   0.020694   0.336432   0.684223   0.757178   0.523216   0.938052   0.483315   0.735856   0.021030   0.362121   0.678684   0.765188   0.535397   0.937329   0.495864   0.743922   0.022447   0.386456   0.674065   0.774819   0.550330   0.937743   0.511303   0.752164   0.025204   0.403381   0.671057   0.783915   0.564713   0.938145   0.526227   0.758299   0.027517   0.407059   0.670234   0.790920   0.575978   0.938062   0.537953   0.762251   0.028612   0.395947   0.671748   0.794931   0.582505   0.937436   0.544763   0.764201   0.028612   0.373906   0.675129   0.795499   0.583444   0.936269   0.545745   0.764945   0.027483   0.346574   0.679440   0.793117   0.579570   0.935552   0.541703   0.768360   0.024013   0.322316   0.684318   0.785604   0.567460   0.935496   0.529092   0.776411   0.020298   0.310855   0.688238   0.775784   0.551810   0.935660   0.512829   0.777089   0.021352   0.309199   0.689671   0.769848   0.542509   0.936187   0.503194   0.770954   0.024062   0.309007   0.689896   0.766545   0.537414   0.936763   0.497932   0.767531   0.024476   0.308885   0.690039   0.763670   0.533013   0.936950   0.493393   0.764544   0.024100   0.308810   0.690133   0.761048   0.529028   0.936718   0.489288   0.761593   0.023776   0.308776   0.690185   0.758722   0.525514   0.936442   0.485673   0.758638   0.023710   0.308776   0.690170   0.756844   0.522692   0.936551   0.482772   0.756067   0.023533   0.308809   0.690086   0.755388   0.520516   0.937056   0.480538   0.753929   0.023265 
  5   0.148683   0.689078   0.537627   0.264196   0.483512   0.227823   0.351095   0.033647   0.304202   0.695775   0.550242   0.274818   0.482334   0.237668   0.351513   0.037686   0.304732   0.695153   0.550508   0.275035   0.482972   0.237868   0.351333   0.036087   0.304959   0.694640   0.550354   0.274888   0.484779   0.237729   0.351490   0.036137   0.305049   0.694303   0.549697   0.274281   0.485842   0.237156   0.351232   0.036625   0.308009   0.691423   0.551625   0.276062   0.485805   0.238835   0.352122   0.036992   0.329470   0.680727   0.559183   0.283289   0.485143   0.245686   0.355751   0.036386   0.376824   0.664257   0.567595   0.291530   0.484023   0.253532   0.363742   0.039486   0.432416   0.649643   0.574882   0.298829   0.483593   0.260508   0.375209   0.048441   0.475948   0.640943   0.581989   0.306052   0.483991   0.267430   0.386775   0.058349   0.495730   0.639492   0.587013   0.311232   0.484158   0.272407   0.396927   0.066594   0.488172   0.644935   0.589180   0.313491   0.484093   0.274582   0.404749   0.071748   0.459084   0.655003   0.588104   0.312365   0.483751   0.273497   0.409558   0.072446   0.418897   0.666981   0.584000   0.308091   0.483061   0.269385   0.411101   0.067958   0.375177   0.679429   0.577809   0.301718   0.482413   0.263264   0.409720   0.059494   0.336482   0.690838   0.570679   0.294508   0.482314   0.256360   0.405966   0.049551   0.312950   0.698516   0.563840   0.287722   0.482617   0.249885   0.400231   0.042379   0.305670   0.700834   0.559848   0.283823   0.483120   0.246175   0.393786   0.039820   0.305018   0.700386   0.558286   0.282339   0.483479   0.244770   0.388129   0.039403   0.304510   0.699998   0.556734   0.280884   0.483450   0.243395   0.383198   0.039998   0.304076   0.699664   0.555195   0.279450   0.483441   0.242042   0.378685   0.040957   0.303769   0.699336   0.553587   0.277953   0.483379   0.240629   0.374539   0.041469   0.303499   0.699046   0.552022   0.276500   0.483357   0.239259   0.370695   0.041597   0.303240   0.698759   0.550679   0.275271   0.483686   0.238102   0.367107   0.041850 
  6   0.139060   0.688270   0.622900   0.350192   0.664569   0.310178   0.463905   0.031415   0.306041   0.694227   0.640124   0.368595   0.662663   0.327972   0.468329   0.034509   0.306555   0.693578   0.641458   0.370097   0.663361   0.329437   0.466401   0.031712   0.306996   0.692865   0.642653   0.371459   0.665383   0.330769   0.466531   0.030352   0.307249   0.692381   0.642828   0.371652   0.666570   0.330956   0.466396   0.029947   0.308910   0.690897   0.643826   0.372801   0.666558   0.332082   0.466231   0.029685   0.323823   0.684709   0.649953   0.380100   0.665905   0.339275   0.468074   0.027956   0.360129   0.674214   0.658303   0.390176   0.664752   0.349229   0.475753   0.027861   0.406514   0.664155   0.665883   0.399509   0.664303   0.358481   0.488099   0.032923   0.448275   0.657077   0.673645   0.409262   0.664717   0.368187   0.500391   0.040621   0.473446   0.654138   0.679822   0.417170   0.664845   0.376085   0.511158   0.047644   0.473460   0.655954   0.683298   0.421687   0.664710   0.380607   0.519809   0.052221   0.449813   0.661860   0.683184   0.421571   0.664289   0.380498   0.525871   0.053429   0.411931   0.670096   0.679498   0.416836   0.663490   0.375767   0.528981   0.050447   0.369745   0.679133   0.673320   0.408949   0.662752   0.367894   0.529385   0.043865   0.333176   0.687627   0.665504   0.399091   0.662639   0.358077   0.528395   0.036205   0.312585   0.693465   0.657365   0.388973   0.662972   0.348028   0.525019   0.032218   0.307316   0.695292   0.652725   0.383283   0.663525   0.342391   0.519087   0.031873   0.307198   0.695029   0.651260   0.381528   0.663935   0.340660   0.513416   0.031727   0.307196   0.694702   0.649948   0.379971   0.663947   0.339126   0.508750   0.031696   0.307191   0.694397   0.648725   0.378527   0.663974   0.337706   0.504722   0.031881   0.307179   0.694149   0.647460   0.377041   0.663928   0.336245   0.500932   0.032016   0.307153   0.693928   0.646262   0.375640   0.663918   0.334868   0.497267   0.032009   0.307110   0.693681   0.645363   0.374598   0.664291   0.333846   0.493916   0.032068 
  7   0.128115   0.689741   0.706226   0.452460   0.856108   0.411600   0.518860   0.034698   0.304770   0.696592   0.730796   0.485517   0.854718   0.444916   0.517235   0.035973   0.305506   0.695239   0.736145   0.493143   0.855379   0.452682   0.509422   0.033053   0.306105   0.694252   0.739421   0.497830   0.857427   0.457457   0.506447   0.031644   0.306583   0.693429   0.741331   0.500571   0.858672   0.460252   0.504663   0.031657   0.308881   0.691662   0.744503   0.505161   0.858790   0.464938   0.503706   0.030816   0.324847   0.686129   0.755207   0.521131   0.858346   0.481338   0.507390   0.025895   0.361455   0.677045   0.769995   0.543672   0.857408   0.504576   0.520681   0.020158   0.407962   0.667806   0.783793   0.565378   0.856949   0.527087   0.538448   0.020227   0.454313   0.660101   0.798349   0.589014   0.857239   0.551742   0.553172   0.024946   0.490161   0.655073   0.811588   0.611143   0.857211   0.574951   0.564894   0.030952   0.501178   0.654260   0.821039   0.627324   0.856826   0.591999   0.575444   0.036508   0.481907   0.657942   0.825155   0.634482   0.856109   0.599562   0.585786   0.040188   0.439600   0.664813   0.823389   0.631413   0.855016   0.596320   0.596517   0.040299   0.386566   0.673190   0.816166   0.618935   0.854229   0.583151   0.609309   0.036349   0.338453   0.682097   0.801035   0.593447   0.854187   0.556380   0.624721   0.029819   0.312607   0.689697   0.781385   0.561310   0.854528   0.522813   0.632225   0.027511   0.307086   0.692909   0.769424   0.542298   0.855135   0.503062   0.628905   0.028790   0.307068   0.693030   0.765139   0.535694   0.855702   0.496241   0.623876   0.028601   0.307176   0.692945   0.762037   0.530962   0.855941   0.491362   0.619425   0.028378   0.307334   0.692797   0.759465   0.527070   0.856044   0.487356   0.615390   0.028786   0.307435   0.692687   0.757095   0.523513   0.855980   0.483700   0.611402   0.029492   0.307470   0.692596   0.755032   0.520438   0.856023   0.480543   0.607689   0.029709   0.307535   0.692447   0.753387   0.518000   0.856472   0.478044   0.604468   0.029714 
  8   0.127226   0.690028   0.721627   0.472375   0.925604   0.431522   0.635295   0.022827   0.305984   0.697514   0.731239   0.485688   0.924512   0.445006   0.639316   0.022359   0.306354   0.696519   0.732447   0.487389   0.925362   0.446733   0.638393   0.022291   0.306704   0.695557   0.733797   0.489306   0.927551   0.448684   0.638849   0.022031   0.307034   0.694790   0.734274   0.489979   0.928818   0.449367   0.638988   0.022022   0.308564   0.693706   0.734996   0.490974   0.928906   0.450374   0.638420   0.021739   0.321233   0.689765   0.740207   0.498469   0.928388   0.458017   0.637603   0.020304   0.351482   0.681962   0.750504   0.513577   0.927313   0.473480   0.641819   0.018860   0.390495   0.673059   0.763964   0.533871   0.926706   0.494356   0.652359   0.020069   0.427435   0.665539   0.779749   0.558417   0.927057   0.519750   0.662459   0.023210   0.453793   0.660557   0.794874   0.582687   0.927198   0.545007   0.669363   0.026208   0.461457   0.659059   0.806897   0.602527   0.926908   0.565761   0.674166   0.028247   0.446487   0.661479   0.814393   0.615152   0.926181   0.579018   0.677784   0.029083   0.413505   0.666983   0.816694   0.619084   0.925002   0.583157   0.681491   0.028426   0.371265   0.673896   0.814216   0.614880   0.924178   0.578737   0.688358   0.025319   0.332673   0.681496   0.803912   0.597615   0.924047   0.560625   0.699742   0.021681   0.312587   0.688181   0.788419   0.572122   0.924266   0.533973   0.705207   0.022940   0.308525   0.691061   0.778119   0.555557   0.924847   0.516728   0.702481   0.026241   0.308268   0.691427   0.773004   0.547555   0.925420   0.508441   0.699704   0.027099   0.308106   0.691681   0.768592   0.540730   0.925614   0.501388   0.697430   0.027158   0.308016   0.691845   0.764703   0.534774   0.925598   0.495243   0.695375   0.027064   0.307964   0.691946   0.761264   0.529554   0.925517   0.489868   0.693403   0.026936   0.307935   0.691991   0.758304   0.525089   0.925649   0.485274   0.691509   0.026789   0.307937   0.691976   0.755817   0.521364   0.926154   0.481447   0.689727   0.026613 
  9   0.124802   0.690280   0.732346   0.487347   0.929512   0.446710   0.667433   0.021290   0.303830   0.697957   0.738647   0.496306   0.928506   0.455826   0.672683   0.022086   0.304285   0.696944   0.739620   0.497705   0.929550   0.457253   0.673439   0.022560   0.304625   0.696071   0.740593   0.499119   0.931990   0.458698   0.674937   0.022936   0.304890   0.695418   0.740583   0.499112   0.933377   0.458691   0.675435   0.023341   0.309068   0.693294   0.742936   0.502483   0.933515   0.462127   0.675586   0.022678   0.333512   0.686201   0.753034   0.517383   0.932999   0.477393   0.678267   0.020286   0.386531   0.674423   0.769936   0.543144   0.931854   0.503948   0.688590   0.018953   0.456334   0.661848   0.791307   0.577168   0.931054   0.539304   0.702979   0.021802   0.527767   0.651163   0.815158   0.616907   0.931216   0.580953   0.713622   0.026921   0.580321   0.644376   0.836773   0.654543   0.931214   0.620724   0.719721   0.031531   0.591531   0.643650   0.852944   0.683762   0.930748   0.651817   0.722543   0.035073   0.557180   0.648934   0.862096   0.700734   0.929807   0.669965   0.724007   0.037540   0.493310   0.657831   0.863914   0.704169   0.928396   0.673651   0.726447   0.038237   0.418883   0.667985   0.859055   0.695103   0.927529   0.663945   0.732951   0.035950   0.352576   0.678249   0.844684   0.668806   0.927431   0.635897   0.744855   0.031160   0.315572   0.687844   0.822144   0.628779   0.927634   0.593442   0.749221   0.030967   0.306693   0.692718   0.805672   0.600401   0.928271   0.563515   0.744388   0.033966   0.306196   0.693331   0.797984   0.587666   0.928971   0.550184   0.741328   0.034106   0.305950   0.693674   0.791685   0.577398   0.929280   0.539468   0.739319   0.033388   0.305824   0.693864   0.786286   0.568711   0.929225   0.530424   0.737661   0.032306   0.305749   0.693951   0.781640   0.561317   0.929107   0.522742   0.736009   0.031225   0.305693   0.693985   0.777666   0.555056   0.929318   0.516249   0.734124   0.030434   0.305676   0.693942   0.774273   0.549759   0.929934   0.510765   0.732406   0.029734 
 10   0.160230   0.688854   0.440426   0.185168   0.296466   0.154912   0.260204   0.043756   0.303677   0.695160   0.437161   0.182273   0.295919   0.152214   0.255289   0.054795   0.304120   0.694352   0.437833   0.182713   0.296482   0.152605   0.256466   0.057146   0.304326   0.693730   0.438182   0.182957   0.298103   0.152825   0.257344   0.059625   0.304449   0.693293   0.437990   0.182826   0.299058   0.152707   0.257764   0.062086   0.308208   0.689925   0.439694   0.184029   0.299017   0.153790   0.258574   0.064147   0.331720   0.676470   0.446240   0.188781   0.298413   0.158086   0.261092   0.065895   0.381189   0.655231   0.455031   0.195316   0.297403   0.164018   0.266062   0.072230   0.438065   0.636518   0.464075   0.202189   0.297031   0.170281   0.272930   0.082890   0.484457   0.625206   0.472979   0.209076   0.297441   0.176576   0.280233   0.091889   0.508709   0.623202   0.479726   0.214388   0.297652   0.181446   0.286875   0.098924   0.505648   0.630251   0.483309   0.217262   0.297635   0.184089   0.291951   0.103782   0.479275   0.643432   0.483431   0.217380   0.297340   0.184201   0.294762   0.105031   0.438264   0.659400   0.480134   0.214745   0.296708   0.181780   0.295127   0.100874   0.390125   0.676601   0.474079   0.209929   0.296116   0.177357   0.293361   0.092852   0.343930   0.693274   0.465962   0.203588   0.296022   0.171551   0.289904   0.083470   0.313378   0.704962   0.457227   0.196914   0.296280   0.165464   0.285151   0.075168   0.302928   0.708641   0.451263   0.192451   0.296732   0.161408   0.280184   0.071380   0.301882   0.707853   0.448231   0.190238   0.297067   0.159405   0.275996   0.071076   0.301453   0.706809   0.445779   0.188465   0.297045   0.157803   0.272616   0.073045   0.301282   0.705721   0.443567   0.186879   0.297020   0.156372   0.269777   0.075260   0.301044   0.704793   0.441420   0.185356   0.296940   0.155000   0.267034   0.075219   0.300669   0.704050   0.439426   0.183952   0.296906   0.153737   0.264334   0.074521   0.300179   0.703472   0.437638   0.182707   0.297189   0.152620   0.261816   0.074922 
 11   0.154682   0.689648   0.487363   0.221004   0.387052   0.187605   0.301353   0.036745   0.303925   0.696755   0.494760   0.226212   0.386251   0.192282   0.299817   0.042138   0.304321   0.695979   0.495289   0.226596   0.386820   0.192628   0.299888   0.042279   0.304463   0.695345   0.495798   0.226994   0.388518   0.192993   0.299927   0.043320   0.304565   0.694848   0.495776   0.226976   0.389526   0.192975   0.299673   0.044862   0.308115   0.691488   0.498064   0.228837   0.389479   0.194691   0.300479   0.046130   0.331590   0.678637   0.505845   0.235374   0.388833   0.200751   0.303665   0.046930   0.382578   0.658333   0.515600   0.243800   0.387751   0.208599   0.309832   0.052313   0.442568   0.639964   0.525341   0.252424   0.387331   0.216665   0.318360   0.063200   0.490833   0.628649   0.534750   0.260911   0.387706   0.224631   0.327384   0.073904   0.513865   0.626649   0.541621   0.267241   0.387862   0.230594   0.335672   0.082643   0.507439   0.633556   0.545080   0.270508   0.387796   0.233685   0.342179   0.088684   0.477873   0.646272   0.544739   0.270226   0.387468   0.233425   0.346219   0.090637   0.434812   0.661687   0.540693   0.266457   0.386817   0.229868   0.347462   0.087047   0.386268   0.677839   0.533830   0.260104   0.386203   0.223878   0.346121   0.078347   0.341801   0.692707   0.525327   0.252374   0.386117   0.216614   0.342738   0.066739   0.313321   0.702912   0.516524   0.244557   0.386425   0.209297   0.337569   0.056835   0.303806   0.706170   0.510595   0.239398   0.386926   0.204485   0.331668   0.052577   0.302867   0.705602   0.507710   0.236947   0.387283   0.202210   0.326445   0.051891   0.302285   0.704922   0.505326   0.234951   0.387255   0.200359   0.321959   0.052762   0.301807   0.704267   0.503204   0.233193   0.387245   0.198734   0.317982   0.054127   0.301506   0.703598   0.501172   0.231522   0.387186   0.197191   0.314424   0.054457   0.301243   0.703011   0.499187   0.229903   0.387164   0.195697   0.311098   0.054155   0.300891   0.702503   0.497501   0.228537   0.387469   0.194439   0.308016   0.054275 
 12   0.134558   0.687878   0.659010   0.391755   0.744348   0.350911   0.537639   0.027917   0.307104   0.693462   0.676021   0.411820   0.742828   0.370656   0.545117   0.030246   0.307585   0.692873   0.677235   0.413340   0.743579   0.372168   0.543074   0.028231   0.308026   0.692206   0.678395   0.414806   0.745726   0.373627   0.543276   0.027199   0.308316   0.691756   0.678522   0.414968   0.747001   0.373789   0.542971   0.026890   0.309276   0.691010   0.678497   0.414935   0.747011   0.373756   0.542117   0.026559   0.319855   0.687139   0.682349   0.419918   0.746345   0.378741   0.542196   0.024741   0.347698   0.679642   0.688836   0.428334   0.745152   0.387163   0.548265   0.023479   0.385321   0.671880   0.695251   0.436733   0.744682   0.395583   0.560168   0.026602   0.420686   0.665990   0.702155   0.445906   0.745125   0.404804   0.572172   0.032564   0.444070   0.662858   0.708178   0.454034   0.745281   0.412997   0.582218   0.038073   0.447455   0.663166   0.712297   0.459659   0.745150   0.418679   0.589782   0.041770   0.429902   0.666797   0.713375   0.461144   0.744699   0.420182   0.594843   0.042690   0.398318   0.672720   0.711059   0.457972   0.743833   0.416977   0.597271   0.040087   0.361645   0.679735   0.706169   0.451304   0.743054   0.410242   0.597489   0.034504   0.329541   0.686571   0.699250   0.441951   0.742948   0.400811   0.597420   0.028191   0.312056   0.691343   0.691635   0.431772   0.743303   0.390569   0.595214   0.025483   0.308149   0.692834   0.687338   0.426091   0.743893   0.384863   0.589937   0.025674   0.308141   0.692657   0.686061   0.424440   0.744333   0.383213   0.584668   0.025602   0.308195   0.692448   0.684837   0.422870   0.744354   0.381645   0.580258   0.025611   0.308282   0.692239   0.683644   0.421349   0.744372   0.380127   0.576463   0.025797   0.308349   0.692070   0.682404   0.419778   0.744304   0.378563   0.572688   0.026054   0.308380   0.691911   0.681310   0.418403   0.744286   0.377194   0.568976   0.026257   0.308407   0.691706   0.680593   0.417515   0.744673   0.376313   0.565668   0.026461 
 13   0.125375   0.689328   0.739051   0.496750   0.932035   0.456254   0.696520   0.019413   0.305934   0.696127   0.746160   0.507011   0.931156   0.466723   0.702412   0.019204   0.306352   0.695169   0.747268   0.508628   0.932193   0.468377   0.704339   0.019810   0.306738   0.694256   0.748501   0.510438   0.934598   0.470230   0.707040   0.020284   0.307063   0.693562   0.748808   0.510886   0.936000   0.470687   0.708607   0.020713   0.308963   0.692342   0.749758   0.512260   0.936197   0.472090   0.708999   0.020626   0.322958   0.687925   0.755757   0.521187   0.935767   0.481249   0.709487   0.019566   0.354397   0.679983   0.766812   0.537979   0.934705   0.498545   0.715673   0.018287   0.393415   0.671625   0.780756   0.559788   0.933952   0.521131   0.727161   0.019301   0.429836   0.664863   0.796614   0.585362   0.934251   0.547767   0.737162   0.022336   0.455438   0.660593   0.811272   0.609730   0.934456   0.573291   0.743952   0.025212   0.461829   0.659576   0.822565   0.629004   0.934190   0.593579   0.748229   0.027211   0.445859   0.662053   0.829347   0.640790   0.933420   0.606027   0.750723   0.028297   0.412804   0.667236   0.831174   0.643999   0.932130   0.609422   0.752756   0.028178   0.370933   0.673557   0.828688   0.639646   0.931324   0.604819   0.758718   0.025377   0.332516   0.680606   0.818499   0.622079   0.931219   0.586292   0.770996   0.021534   0.312787   0.687057   0.803008   0.595847   0.931375   0.558722   0.775793   0.022929   0.309075   0.689951   0.792654   0.578703   0.931934   0.540777   0.771359   0.026638   0.308730   0.690379   0.787462   0.570323   0.932562   0.532048   0.768440   0.027486   0.308496   0.690659   0.783056   0.563289   0.932824   0.524736   0.766267   0.027369   0.308317   0.690860   0.779119   0.557064   0.932711   0.518278   0.764359   0.026900   0.308209   0.690970   0.775715   0.551728   0.932554   0.512750   0.762525   0.026357   0.308154   0.691006   0.772875   0.547310   0.932740   0.508179   0.760663   0.025924   0.308119   0.691000   0.770465   0.543584   0.933308   0.504329   0.758876   0.025552 
 14   0.123967   0.688563   0.757768   0.524249   0.939194   0.484404   0.746838   0.017888   0.307285   0.694632   0.765201   0.535419   0.938500   0.495887   0.754200   0.016948   0.307668   0.693721   0.766333   0.537141   0.939618   0.497661   0.757381   0.017764   0.308043   0.692863   0.767455   0.538857   0.942071   0.499430   0.761026   0.018672   0.308332   0.692251   0.767541   0.538984   0.943535   0.499560   0.763070   0.019486   0.309508   0.691464   0.767563   0.539002   0.943793   0.499576   0.763559   0.019878   0.319661   0.688329   0.771211   0.544637   0.943378   0.505397   0.763454   0.019745   0.343945   0.682174   0.779105   0.557008   0.942347   0.518213   0.768019   0.019269   0.374570   0.675502   0.789437   0.573552   0.941541   0.535420   0.777548   0.020229   0.402784   0.670078   0.801459   0.593254   0.941844   0.556001   0.786268   0.022641   0.421704   0.666684   0.812637   0.611996   0.942171   0.575664   0.792418   0.024756   0.424993   0.665958   0.821110   0.626492   0.941998   0.590928   0.796232   0.026041   0.411269   0.667993   0.825998   0.634969   0.941317   0.599878   0.798243   0.026478   0.385154   0.672135   0.826883   0.636521   0.940123   0.601520   0.799733   0.025905   0.353261   0.677112   0.824329   0.632091   0.939415   0.596843   0.805420   0.022793   0.325267   0.682659   0.815565   0.617054   0.939351   0.580999   0.817009   0.019473   0.311992   0.687261   0.803895   0.597274   0.939501   0.560207   0.820391   0.020985   0.309922   0.689021   0.796792   0.585458   0.940042   0.547828   0.815217   0.023996   0.309683   0.689328   0.792798   0.578935   0.940671   0.541019   0.812161   0.024722   0.309521   0.689529   0.789327   0.573317   0.940937   0.535165   0.809650   0.024603   0.309383   0.689681   0.786132   0.568187   0.940751   0.529826   0.807202   0.024187   0.309285   0.689768   0.783346   0.563745   0.940559   0.525209   0.804877   0.023749   0.309256   0.689773   0.781069   0.560136   0.940768   0.521463   0.802725   0.023390   0.309260   0.689729   0.779158   0.557122   0.941328   0.518337   0.800730   0.023124 
 15   0.163464   0.693516   0.388694   0.150777   0.212217   0.124258   0.216254   0.056246   0.297049   0.703844   0.373492   0.140881   0.211502   0.115468   0.207731   0.072863   0.297836   0.702180   0.374706   0.141577   0.212050   0.116073   0.208963   0.077717   0.298048   0.701247   0.374887   0.141682   0.213595   0.116164   0.209782   0.082537   0.298167   0.700597   0.374375   0.141375   0.214493   0.115895   0.210103   0.086871   0.305942   0.693138   0.377793   0.143395   0.214452   0.117660   0.211350   0.090545   0.343668   0.668729   0.387957   0.149675   0.213867   0.123189   0.213921   0.097849   0.415832   0.634114   0.400410   0.157706   0.212893   0.130307   0.217302   0.112107   0.497111   0.604017   0.412801   0.165948   0.212576   0.137652   0.221896   0.125807   0.566209   0.584310   0.424523   0.173962   0.213018   0.144826   0.226992   0.132507   0.606780   0.579164   0.433694   0.180388   0.213243   0.150603   0.232061   0.136704   0.607965   0.589749   0.438835   0.184057   0.213248   0.153912   0.236750   0.140137   0.570912   0.612463   0.439238   0.184342   0.212987   0.154169   0.240309   0.140526   0.507888   0.641470   0.435083   0.181350   0.212390   0.151467   0.241900   0.135413   0.433880   0.672378   0.427490   0.175960   0.211807   0.146611   0.241259   0.126997   0.363195   0.701522   0.416942   0.168653   0.211686   0.140055   0.238952   0.118101   0.313515   0.722223   0.404587   0.160359   0.211900   0.132652   0.235305   0.107785   0.294545   0.728894   0.395176   0.154237   0.212299   0.127217   0.230886   0.100820   0.292625   0.726979   0.389912   0.150932   0.212579   0.124300   0.226641   0.099120   0.291978   0.724677   0.385789   0.148382   0.212521   0.122055   0.223106   0.101304   0.291990   0.722266   0.382092   0.146119   0.212487   0.120067   0.220300   0.103774   0.291850   0.720207   0.378576   0.143992   0.212403   0.118202   0.217596   0.102525   0.291274   0.718747   0.375371   0.142076   0.212351   0.116524   0.214772   0.100539   0.290681   0.717492   0.372743   0.140516   0.212605   0.115160   0.212213   0.100568 
 16   0.153382   0.698547   0.441171   0.186291   0.324342   0.156013   0.245596   0.058436   0.288557   0.714322   0.444281   0.188056   0.323575   0.157533   0.237970   0.067270   0.288287   0.712975   0.445287   0.188772   0.324120   0.158179   0.235818   0.069226   0.287790   0.711830   0.445693   0.189091   0.325718   0.158471   0.233819   0.073547   0.287075   0.710945   0.445076   0.188687   0.326601   0.158112   0.231923   0.079038   0.300118   0.698501   0.454252   0.195286   0.326490   0.164072   0.234286   0.083230   0.359330   0.664238   0.476180   0.211883   0.325809   0.179194   0.239818   0.092108   0.466859   0.621886   0.498540   0.230031   0.324685   0.195925   0.243723   0.114333   0.585230   0.586932   0.518254   0.246916   0.324252   0.211636   0.247419   0.136534   0.684931   0.563330   0.535395   0.262166   0.324586   0.225921   0.251921   0.146080   0.746782   0.554601   0.548222   0.273972   0.324667   0.237045   0.257334   0.150269   0.753223   0.564340   0.555333   0.280739   0.324550   0.243457   0.263784   0.153351   0.702141   0.590582   0.555504   0.281022   0.324205   0.243746   0.270545   0.154162   0.610477   0.626175   0.548727   0.274710   0.323580   0.237786   0.276037   0.150045   0.499961   0.664861   0.536619   0.263493   0.323014   0.227204   0.278776   0.141431   0.393150   0.701294   0.520353   0.248834   0.322941   0.213441   0.278321   0.127702   0.312615   0.730917   0.498291   0.229897   0.323245   0.195812   0.274596   0.105638   0.279045   0.743538   0.479700   0.214614   0.323748   0.181690   0.267336   0.091184   0.276570   0.741621   0.470723   0.207618   0.324086   0.175285   0.259688   0.089497   0.276418   0.738145   0.464965   0.203227   0.324034   0.171281   0.254035   0.091081   0.276632   0.734710   0.460245   0.199688   0.324019   0.168063   0.249518   0.093792   0.277048   0.731654   0.455815   0.196418   0.323972   0.165096   0.245602   0.093798   0.277463   0.728985   0.451773   0.193467   0.323953   0.162425   0.241979   0.092704   0.277633   0.726652   0.448384   0.191029   0.324248   0.160223   0.238618   0.093133 
 17   0.137007   0.699477   0.584175   0.310389   0.607954   0.271936   0.362607   0.052218   0.291703   0.715870   0.616476   0.343123   0.604265   0.303311   0.364073   0.052123   0.291842   0.713746   0.619459   0.346396   0.604644   0.306491   0.355600   0.051684   0.292152   0.711980   0.620763   0.347864   0.606396   0.307924   0.351232   0.052424   0.292218   0.710897   0.620154   0.347226   0.607386   0.307309   0.348186   0.053597   0.301455   0.701927   0.627539   0.355287   0.607260   0.315135   0.348897   0.053893   0.350138   0.674924   0.649181   0.380211   0.606462   0.339567   0.354348   0.057239   0.446612   0.638896   0.673855   0.410455   0.605151   0.369548   0.360968   0.073305   0.557770   0.609679   0.696501   0.440049   0.604567   0.399227   0.366694   0.097906   0.653011   0.592978   0.716980   0.468030   0.604708   0.427519   0.372226   0.119365   0.711206   0.589643   0.731453   0.488564   0.604528   0.448427   0.379822   0.135488   0.715680   0.599286   0.738594   0.499008   0.604215   0.459120   0.389832   0.145850   0.664908   0.619806   0.737283   0.497291   0.603822   0.457399   0.401378   0.149519   0.575508   0.647175   0.727477   0.483449   0.603238   0.443317   0.412743   0.145490   0.471906   0.676327   0.711196   0.460842   0.602694   0.420386   0.422007   0.132766   0.378290   0.702191   0.691741   0.434504   0.602713   0.393793   0.427476   0.110553   0.314061   0.721589   0.669644   0.405773   0.603210   0.364997   0.426577   0.083285   0.290037   0.728596   0.653096   0.385031   0.603868   0.344348   0.419464   0.066297   0.288851   0.726406   0.645792   0.376299   0.604255   0.335730   0.410977   0.061196   0.288542   0.724019   0.640975   0.370669   0.604205   0.330197   0.403443   0.059202   0.288154   0.721985   0.637268   0.366413   0.604256   0.326028   0.396264   0.059359   0.287975   0.720219   0.633776   0.362462   0.604280   0.322166   0.389605   0.059787   0.288073   0.718664   0.630179   0.358422   0.604297   0.318224   0.383658   0.059802   0.288263   0.717245   0.626882   0.354748   0.604677   0.314644   0.378313   0.059776 
 18   0.125654   0.692492   0.713397   0.461576   0.932905   0.420691   0.575298   0.025006   0.301803   0.702207   0.721636   0.472803   0.931732   0.432031   0.579170   0.025928   0.302326   0.700926   0.722534   0.474077   0.932637   0.433327   0.577230   0.025863   0.302616   0.699894   0.723267   0.475111   0.934816   0.434378   0.576682   0.025685   0.302874   0.699051   0.723189   0.475017   0.936043   0.434286   0.576133   0.025680   0.308237   0.696353   0.726327   0.479362   0.936090   0.438687   0.576558   0.024611   0.338559   0.687905   0.738211   0.496421   0.935454   0.456084   0.581109   0.021797   0.405601   0.673453   0.758167   0.526228   0.934229   0.486706   0.593163   0.020752   0.496030   0.657266   0.784468   0.567529   0.933470   0.529535   0.607660   0.024970   0.590999   0.643071   0.814428   0.617235   0.933558   0.581613   0.616199   0.031662   0.664360   0.633648   0.841934   0.665387   0.933353   0.632571   0.618311   0.037738   0.685887   0.631998   0.862850   0.703705   0.932726   0.673468   0.617032   0.042558   0.645959   0.638423   0.875259   0.727142   0.931711   0.698626   0.615624   0.045705   0.562596   0.650174   0.878734   0.733759   0.930354   0.705739   0.616861   0.046524   0.462549   0.664040   0.873752   0.724094   0.929473   0.695313   0.623534   0.044237   0.372296   0.677499   0.857531   0.693480   0.929347   0.662459   0.638209   0.038763   0.318308   0.690402   0.828666   0.641282   0.929639   0.606887   0.646159   0.037052   0.302994   0.697400   0.805631   0.601149   0.930359   0.564460   0.641852   0.039189   0.302635   0.698080   0.795136   0.583803   0.931081   0.546304   0.637714   0.039072   0.302679   0.698370   0.786471   0.569787   0.931418   0.531693   0.635317   0.037858   0.302841   0.698441   0.779136   0.558130   0.931524   0.519582   0.633636   0.036391   0.303024   0.698352   0.773041   0.548588   0.931557   0.509695   0.632180   0.034917   0.303190   0.698143   0.768030   0.540857   0.931805   0.501706   0.630901   0.033661   0.303335   0.697871   0.763841   0.534480   0.932419   0.495132   0.629995   0.032700 
 19   0.122861   0.689641   0.758877   0.526064   0.938054   0.486299   0.730555   0.019308   0.305589   0.696707   0.764992   0.535273   0.937293   0.495770   0.738278   0.019402   0.306026   0.695675   0.765852   0.536574   0.938469   0.497108   0.741355   0.020239   0.306412   0.694726   0.766807   0.538030   0.941019   0.498609   0.744794   0.020996   0.306704   0.694035   0.766740   0.537920   0.942513   0.498494   0.746684   0.021716   0.310334   0.692296   0.768329   0.540333   0.942761   0.500979   0.747048   0.021775   0.331475   0.686270   0.776443   0.552966   0.942292   0.514051   0.749184   0.020674   0.376479   0.676067   0.790551   0.575510   0.941171   0.537491   0.758809   0.020002   0.432254   0.665667   0.808148   0.604645   0.940283   0.567987   0.771990   0.022388   0.484910   0.657360   0.827475   0.637853   0.940430   0.602989   0.782074   0.026483   0.520317   0.652421   0.844840   0.668770   0.940548   0.635795   0.788601   0.029822   0.526737   0.651902   0.857861   0.692670   0.940159   0.661301   0.792111   0.032119   0.501194   0.655885   0.865278   0.706561   0.939241   0.676181   0.793739   0.033729   0.452881   0.663041   0.866615   0.709095   0.937832   0.678902   0.795440   0.034339   0.394744   0.671297   0.862420   0.701207   0.937025   0.670445   0.801833   0.031932   0.341925   0.679891   0.849670   0.677658   0.936958   0.645283   0.814356   0.027241   0.314388   0.687471   0.831085   0.644130   0.937149   0.609619   0.819039   0.027493   0.308794   0.690954   0.818396   0.621831   0.937785   0.586017   0.814505   0.030707   0.308419   0.691402   0.812163   0.611198   0.938533   0.574826   0.811695   0.031070   0.308187   0.691661   0.806944   0.602406   0.938903   0.565594   0.809877   0.030593   0.308014   0.691836   0.802293   0.594658   0.938781   0.557475   0.808286   0.029686   0.307881   0.691947   0.798233   0.587958   0.938633   0.550468   0.806783   0.028607   0.307808   0.691959   0.794869   0.582452   0.938911   0.544717   0.805180   0.027904   0.307767   0.691913   0.791993   0.577783   0.939564   0.539848   0.803501   0.027505 
 20   0.158846   0.697787   0.384829   0.148972   0.199721   0.122753   0.203059   0.138080   0.281279   0.711842   0.361295   0.134079   0.199516   0.109583   0.193172   0.213494   0.281413   0.708944   0.362523   0.134770   0.200017   0.110182   0.194042   0.226984   0.281097   0.706793   0.363130   0.135119   0.201435   0.110486   0.194698   0.239432   0.280795   0.705238   0.362824   0.134938   0.202208   0.110327   0.195144   0.251379   0.296254   0.696532   0.365869   0.136714   0.202114   0.111876   0.195975   0.260191   0.360006   0.668490   0.376652   0.143271   0.201508   0.117634   0.198033   0.268044   0.470915   0.627517   0.391847   0.152894   0.200544   0.126142   0.200518   0.280233   0.590069   0.590017   0.407471   0.163179   0.200306   0.135296   0.203150   0.289479   0.688510   0.563115   0.421842   0.172978   0.200823   0.144070   0.205951   0.287293   0.749931   0.551396   0.433017   0.180838   0.201098   0.151145   0.208595   0.282384   0.760786   0.558429   0.439719   0.185670   0.201144   0.155511   0.211127   0.279872   0.719316   0.582567   0.441111   0.186706   0.200917   0.156454   0.213212   0.277935   0.636575   0.618041   0.436912   0.183683   0.200367   0.153722   0.214133   0.272184   0.526623   0.660927   0.427488   0.176975   0.199792   0.147672   0.213496   0.266464   0.410348   0.705621   0.412777   0.166808   0.199581   0.138548   0.211572   0.266736   0.314713   0.742159   0.394309   0.154514   0.199674   0.127584   0.208373   0.266346   0.271996   0.755255   0.380617   0.145706   0.199996   0.119775   0.204466   0.266072   0.268588   0.749924   0.374297   0.141807   0.200231   0.116343   0.200919   0.268603   0.268674   0.743495   0.369904   0.139160   0.200135   0.114022   0.198167   0.273999   0.269195   0.737754   0.366153   0.136934   0.200097   0.112075   0.196099   0.279072   0.269440   0.733024   0.362801   0.134967   0.200052   0.110358   0.194098   0.277678   0.269217   0.729262   0.359926   0.133295   0.200026   0.108901   0.192009   0.274434   0.268872   0.725973   0.357711   0.132016   0.200273   0.107787   0.190214   0.274298 
 21   0.150628   0.691898   0.470900   0.208466   0.333016   0.176174   0.259992   0.150141   0.281673   0.700483   0.463651   0.202768   0.335764   0.170953   0.249162   0.247316   0.280651   0.698228   0.466194   0.204741   0.336096   0.172760   0.248186   0.272506   0.279720   0.696417   0.467972   0.206129   0.337541   0.174031   0.248163   0.289973   0.278652   0.695112   0.468710   0.206717   0.338293   0.174571   0.248278   0.306626   0.292678   0.689995   0.471485   0.208852   0.338111   0.176523   0.248681   0.319060   0.354781   0.672060   0.481385   0.216704   0.337411   0.183734   0.251559   0.315735   0.462898   0.644401   0.496868   0.229474   0.336357   0.195544   0.255639   0.314469   0.575742   0.618959   0.513207   0.243517   0.336110   0.208625   0.259279   0.322424   0.666941   0.600384   0.527866   0.256557   0.336637   0.220846   0.263034   0.319473   0.724437   0.590968   0.538958   0.266724   0.336890   0.230425   0.266462   0.312099   0.736555   0.593616   0.545142   0.272530   0.336917   0.235918   0.269613   0.305989   0.701004   0.608247   0.545626   0.273027   0.336694   0.236395   0.272254   0.301075   0.625948   0.631663   0.540323   0.268075   0.336157   0.231715   0.273826   0.294707   0.523524   0.661320   0.529822   0.258399   0.335532   0.222590   0.273493   0.290359   0.412381   0.693253   0.514639   0.244811   0.335261   0.209842   0.270844   0.293113   0.315913   0.721589   0.495443   0.228291   0.335345   0.194449   0.265963   0.303556   0.270243   0.733235   0.481891   0.217009   0.335668   0.183999   0.260294   0.319191   0.266156   0.729780   0.477204   0.213295   0.335884   0.180589   0.255865   0.331518   0.265766   0.725191   0.474269   0.211014   0.335765   0.178501   0.252678   0.342063   0.265449   0.721151   0.471728   0.209061   0.335763   0.176716   0.250180   0.350765   0.265444   0.717685   0.469349   0.207243   0.335781   0.175058   0.247925   0.352194   0.265492   0.714721   0.467254   0.205654   0.335797   0.173609   0.245656   0.350050   0.265288   0.712105   0.465650   0.204452   0.336099   0.172516   0.243644   0.349272 
 22   0.147387   0.699955   0.504498   0.235933   0.438447   0.201531   0.293356   0.050571   0.291422   0.717293   0.525324   0.252918   0.437764   0.217208   0.293201   0.053391   0.290849   0.716135   0.526253   0.253735   0.438226   0.217971   0.288283   0.053673   0.290569   0.714905   0.526725   0.254187   0.439877   0.218399   0.284679   0.055686   0.290229   0.713966   0.526215   0.253774   0.440785   0.218019   0.281514   0.058703   0.301752   0.701946   0.533995   0.260610   0.440637   0.224408   0.282204   0.060992   0.357074   0.665637   0.555009   0.280020   0.439865   0.242707   0.286890   0.066060   0.461028   0.617149   0.578388   0.302994   0.438603   0.264601   0.291696   0.082663   0.577974   0.576184   0.600047   0.325505   0.438044   0.286268   0.296355   0.104679   0.676302   0.551208   0.619493   0.346624   0.438241   0.306755   0.301738   0.121338   0.736104   0.545399   0.633788   0.362818   0.438164   0.322583   0.308745   0.133728   0.741046   0.559572   0.641547   0.371956   0.437924   0.331577   0.317351   0.143215   0.689057   0.590788   0.641446   0.372052   0.437526   0.331708   0.326576   0.148364   0.597130   0.631180   0.633265   0.362742   0.436911   0.322600   0.334870   0.146698   0.488127   0.672991   0.618799   0.346396   0.436377   0.306629   0.340518   0.137150   0.386614   0.709392   0.600691   0.326470   0.436390   0.287251   0.342236   0.118198   0.313554   0.735755   0.579302   0.304036   0.436841   0.265621   0.338778   0.092051   0.284298   0.744830   0.562352   0.287035   0.437473   0.249358   0.330336   0.075660   0.282539   0.741213   0.554139   0.279177   0.437871   0.241904   0.321452   0.071929   0.282237   0.737407   0.548732   0.274114   0.437829   0.237119   0.314108   0.071294   0.281822   0.734314   0.544284   0.270021   0.437848   0.233263   0.307377   0.072255   0.281710   0.731694   0.540131   0.266248   0.437845   0.229718   0.301599   0.072236   0.281713   0.729557   0.535951   0.262494   0.437851   0.226195   0.296444   0.071572   0.281719   0.727665   0.532254   0.259210   0.438187   0.223120   0.291737   0.071531 
 23   0.133246   0.689524   0.651814   0.384160   0.753124   0.343594   0.460455   0.037477   0.303167   0.696389   0.678099   0.415139   0.751035   0.374085   0.465118   0.038280   0.303739   0.695418   0.682349   0.420527   0.751651   0.379456   0.460077   0.034348   0.304176   0.694657   0.685495   0.424520   0.753670   0.383437   0.457723   0.032423   0.304550   0.693978   0.687444   0.426987   0.754855   0.385895   0.455621   0.031872   0.307571   0.691281   0.692143   0.432972   0.754905   0.391866   0.454666   0.030782   0.328228   0.682955   0.705607   0.450831   0.754386   0.409817   0.457691   0.026374   0.375082   0.670793   0.721987   0.473244   0.753363   0.432472   0.467616   0.023574   0.435604   0.659245   0.736854   0.494392   0.752906   0.454001   0.480079   0.027737   0.495008   0.650142   0.752495   0.517421   0.753161   0.477596   0.489913   0.035390   0.537660   0.645036   0.766361   0.538533   0.753033   0.499361   0.498519   0.043340   0.546058   0.645588   0.776034   0.553668   0.752615   0.515045   0.507202   0.050147   0.516085   0.651788   0.779560   0.559299   0.751962   0.520902   0.516527   0.054783   0.462061   0.661456   0.776216   0.554050   0.750975   0.515459   0.526377   0.055494   0.399747   0.672462   0.766934   0.539551   0.750175   0.500440   0.536760   0.051146   0.344216   0.683116   0.751649   0.516249   0.750108   0.476410   0.548322   0.041245   0.312896   0.691589   0.732298   0.487726   0.750494   0.447182   0.553106   0.034624   0.305126   0.695198   0.719735   0.469720   0.751109   0.428827   0.548657   0.033794   0.305112   0.695297   0.715382   0.463698   0.751624   0.422728   0.543133   0.032310   0.305222   0.695188   0.712135   0.459256   0.751798   0.418238   0.538653   0.031072   0.305342   0.695018   0.709327   0.455448   0.751942   0.414396   0.534837   0.030544   0.305396   0.694879   0.706681   0.451890   0.751936   0.410813   0.531189   0.030227   0.305378   0.694757   0.704354   0.448789   0.751950   0.407693   0.527489   0.029915   0.305374   0.694577   0.702531   0.446381   0.752376   0.405275   0.523962   0.029662 
 24   0.121857   0.691135   0.754243   0.519352   0.934096   0.479447   0.686819   0.021936   0.303047   0.699542   0.758658   0.525925   0.933272   0.486191   0.694404   0.023490   0.303576   0.698368   0.759230   0.526791   0.934580   0.487083   0.696636   0.024376   0.303853   0.697471   0.759598   0.527367   0.937216   0.487679   0.698949   0.025143   0.303984   0.696889   0.758795   0.526181   0.938740   0.486463   0.699930   0.025693   0.312512   0.693536   0.762794   0.532174   0.938954   0.492622   0.701616   0.024603   0.352415   0.683363   0.777461   0.554911   0.938422   0.516134   0.708619   0.022224   0.432849   0.667876   0.800446   0.592243   0.937217   0.555075   0.723721   0.022389   0.535411   0.651969   0.828708   0.640716   0.936233   0.606159   0.739634   0.026959   0.633949   0.639196   0.858004   0.693823   0.936183   0.662715   0.748754   0.032646   0.694351   0.632610   0.882592   0.740722   0.936041   0.713142   0.750992   0.036909   0.688935   0.634505   0.899340   0.773979   0.935437   0.749175   0.748814   0.040004   0.625701   0.643152   0.907270   0.790148   0.934332   0.766782   0.746817   0.041978   0.536154   0.654639   0.906979   0.789619   0.932792   0.766220   0.748473   0.042364   0.443486   0.666664   0.899100   0.773670   0.931957   0.748876   0.756436   0.040664   0.363469   0.678310   0.880793   0.737435   0.931923   0.709640   0.771198   0.036710   0.317707   0.688886   0.854236   0.686707   0.932146   0.655081   0.777539   0.036378   0.305987   0.694309   0.834855   0.651005   0.932826   0.616946   0.773513   0.038859   0.305405   0.694997   0.825515   0.634556   0.933619   0.599527   0.771423   0.038692   0.305190   0.695325   0.817966   0.621504   0.934037   0.585753   0.770691   0.037539   0.305080   0.695512   0.811392   0.610314   0.933943   0.573979   0.770258   0.035961   0.305045   0.695560   0.805803   0.600909   0.933783   0.564104   0.769730   0.034381   0.305097   0.695437   0.801302   0.593414   0.934073   0.556250   0.769028   0.033181   0.305086   0.695332   0.797276   0.586790   0.934776   0.549324   0.768000   0.032338 
