timestamp=                2022-01-11T19:37:14.409485
shape=                    (5, 5)
sigma=                    2.5
nepochs=                  3
rate=                     0.00724
neighborhood function=    gaussian
init weights=             pca
topology=                 hexagonal
activation distance=      euclidean
output type=              labels
mapfile_prefix=           2020_5x5_3_00724_12
apply classification=     False
apply activation=         False
seed=                     None
random order=             True
custom init file=         None
decay_function=           3

quantization error=       0.35691943
topographic error=        0.14913458

############ NEURONS #############
 25 192
  0   0.160337   0.708299   0.363747   0.142919   0.193330   0.118156   0.204969   0.100277   0.285355   0.724795   0.338437   0.127362   0.192509   0.104427   0.192522   0.143130   0.285582   0.722571   0.339227   0.127782   0.193095   0.104789   0.192845   0.155412   0.285332   0.720905   0.339509   0.127940   0.194831   0.104926   0.192842   0.167958   0.285187   0.719607   0.338934   0.127616   0.195780   0.104644   0.192715   0.178939   0.300238   0.707222   0.344471   0.130755   0.195660   0.107376   0.194012   0.187265   0.360330   0.672102   0.358709   0.139191   0.194986   0.114773   0.196865   0.200231   0.463465   0.626048   0.374530   0.149054   0.193869   0.123494   0.199840   0.219873   0.574647   0.585981   0.389746   0.158886   0.193552   0.132241   0.203602   0.232971   0.667613   0.558672   0.403775   0.168237   0.194121   0.140604   0.207769   0.234117   0.725450   0.548744   0.414947   0.175910   0.194409   0.147502   0.211820   0.233315   0.733292   0.559284   0.421872   0.180795   0.194473   0.151913   0.215870   0.234357   0.688717   0.587811   0.423325   0.181855   0.194224   0.152876   0.219419   0.234006   0.605759   0.626782   0.419136   0.178902   0.193570   0.150211   0.221374   0.227202   0.501560   0.670966   0.410294   0.172734   0.192947   0.144651   0.221218   0.217999   0.396330   0.714973   0.396779   0.163550   0.192796   0.136409   0.219246   0.212367   0.314968   0.749207   0.379353   0.152099   0.192959   0.126192   0.215655   0.203272   0.280243   0.761611   0.365372   0.143216   0.193350   0.118312   0.210865   0.195808   0.277321   0.757739   0.357929   0.138684   0.193600   0.114320   0.206051   0.196008   0.277297   0.752706   0.352523   0.135475   0.193445   0.111506   0.202182   0.201514   0.277466   0.748241   0.347682   0.132649   0.193348   0.109034   0.199120   0.206460   0.277563   0.744495   0.343285   0.130116   0.193230   0.106825   0.196220   0.203987   0.277471   0.741424   0.339544   0.127981   0.193168   0.104964   0.193429   0.200032   0.277168   0.738860   0.336562   0.126294   0.193448   0.103497   0.190985   0.200154 
  1   0.160945   0.701468   0.395421   0.162305   0.236963   0.135249   0.235225   0.053455   0.297800   0.711542   0.381964   0.153131   0.236029   0.127014   0.225785   0.067036   0.298464   0.710132   0.382876   0.153672   0.236671   0.127489   0.226878   0.071266   0.298538   0.709383   0.382954   0.153731   0.238526   0.127542   0.227377   0.076047   0.298620   0.708881   0.382146   0.153235   0.239580   0.127105   0.227438   0.080448   0.306021   0.701434   0.385841   0.155528   0.239502   0.129131   0.228949   0.083919   0.342321   0.677625   0.396482   0.162418   0.238820   0.135260   0.232292   0.089787   0.411449   0.644845   0.408757   0.170711   0.237662   0.142691   0.236647   0.103459   0.488442   0.617237   0.420965   0.179198   0.237262   0.150331   0.242686   0.118551   0.552069   0.600472   0.432386   0.187336   0.237747   0.157688   0.249552   0.127637   0.587529   0.597542   0.440872   0.193520   0.238001   0.163301   0.256341   0.134693   0.585065   0.608931   0.445309   0.196814   0.238042   0.166300   0.262200   0.140389   0.547856   0.630422   0.445238   0.196772   0.237756   0.166263   0.265931   0.141750   0.490459   0.655628   0.441133   0.193713   0.237056   0.163478   0.266886   0.136057   0.423553   0.682138   0.433980   0.188440   0.236430   0.158682   0.265403   0.125763   0.358590   0.707685   0.424041   0.181269   0.236366   0.152185   0.262057   0.114150   0.313741   0.726074   0.412288   0.173026   0.236650   0.144753   0.257062   0.101716   0.296728   0.732565   0.403055   0.166739   0.237133   0.139113   0.251167   0.094120   0.294570   0.731670   0.397654   0.163188   0.237444   0.135945   0.245589   0.092731   0.293662   0.730213   0.393328   0.160389   0.237332   0.133456   0.240963   0.095542   0.293304   0.728501   0.389394   0.157871   0.237241   0.131220   0.237234   0.098575   0.292896   0.727036   0.385593   0.155467   0.237092   0.129090   0.233661   0.097334   0.292330   0.725915   0.382211   0.153347   0.237017   0.127215   0.230150   0.095202   0.291846   0.724855   0.379443   0.151625   0.237326   0.125693   0.227092   0.095662 
  2   0.156838   0.698254   0.450768   0.200866   0.327281   0.169989   0.285207   0.044885   0.302642   0.705572   0.448049   0.198291   0.326536   0.167556   0.279602   0.055164   0.302958   0.704755   0.448483   0.198581   0.327206   0.167816   0.280543   0.057549   0.303043   0.704123   0.448867   0.198867   0.329147   0.168076   0.281058   0.060744   0.303216   0.703580   0.448570   0.198652   0.330264   0.167882   0.281110   0.064090   0.307603   0.699554   0.450943   0.200394   0.330185   0.169464   0.282166   0.066810   0.333798   0.685052   0.458684   0.206279   0.329467   0.174842   0.285769   0.068517   0.388447   0.663018   0.468250   0.213779   0.328246   0.181732   0.292030   0.075689   0.451615   0.643573   0.478165   0.221734   0.327785   0.189070   0.300303   0.088538   0.501240   0.632415   0.487603   0.229423   0.328250   0.196181   0.309155   0.099962   0.524280   0.631551   0.494321   0.234980   0.328507   0.201334   0.317156   0.109578   0.518277   0.639501   0.497696   0.237823   0.328536   0.203980   0.322975   0.116470   0.488899   0.652908   0.497393   0.237575   0.328222   0.203750   0.325919   0.118351   0.445478   0.668617   0.493573   0.234348   0.327490   0.200747   0.325852   0.113416   0.395008   0.685268   0.487107   0.228935   0.326847   0.195717   0.323156   0.103091   0.346528   0.701388   0.478711   0.222043   0.326794   0.189334   0.318483   0.090256   0.313951   0.713295   0.469295   0.214500   0.327115   0.182380   0.312263   0.078797   0.302328   0.717632   0.462474   0.209161   0.327652   0.177475   0.305726   0.073698   0.300876   0.717317   0.458899   0.206441   0.328006   0.174989   0.300094   0.073253   0.300067   0.716712   0.455960   0.204232   0.327910   0.172974   0.295361   0.075502   0.299587   0.715948   0.453293   0.202243   0.327826   0.171162   0.291316   0.077938   0.299210   0.715195   0.450760   0.200366   0.327690   0.169455   0.287618   0.077623   0.298842   0.714531   0.448406   0.198638   0.327641   0.167885   0.284124   0.076771   0.298378   0.713994   0.446251   0.197071   0.327989   0.166463   0.280910   0.077163 
  3   0.145586   0.697976   0.546363   0.281330   0.510973   0.244873   0.383050   0.036822   0.303656   0.705219   0.558638   0.292227   0.509029   0.255100   0.382556   0.040452   0.304176   0.704601   0.558665   0.292232   0.509807   0.255100   0.382069   0.039393   0.304342   0.704189   0.558044   0.291639   0.511973   0.254537   0.382352   0.039788   0.304366   0.703969   0.556837   0.290491   0.513209   0.253446   0.381990   0.040678   0.307752   0.700745   0.559038   0.292571   0.513135   0.255420   0.383013   0.041240   0.331456   0.689524   0.567222   0.300583   0.512362   0.263070   0.387788   0.040370   0.382761   0.672960   0.575733   0.309138   0.511036   0.271275   0.397472   0.043781   0.442945   0.658410   0.583014   0.316608   0.510542   0.278466   0.410758   0.054294   0.489957   0.649936   0.590024   0.323885   0.511024   0.285486   0.424155   0.065982   0.510941   0.648678   0.594684   0.328769   0.511254   0.290207   0.435716   0.075716   0.502232   0.654194   0.596376   0.330544   0.511256   0.291922   0.444139   0.081595   0.469838   0.664378   0.594863   0.328913   0.510901   0.290338   0.448541   0.081807   0.426180   0.676208   0.590524   0.324305   0.510098   0.285876   0.448736   0.076060   0.379995   0.688112   0.584455   0.317949   0.509385   0.279735   0.445326   0.065781   0.339186   0.699050   0.577586   0.310879   0.509313   0.272925   0.439459   0.054039   0.313741   0.706929   0.570557   0.303770   0.509658   0.266099   0.431839   0.046054   0.305496   0.709733   0.566170   0.299402   0.510230   0.261917   0.423719   0.043533   0.304591   0.709579   0.564402   0.297696   0.510595   0.260292   0.416676   0.043232   0.303933   0.709363   0.562666   0.296035   0.510489   0.258712   0.410632   0.043701   0.303411   0.709106   0.561031   0.294480   0.510423   0.257236   0.405289   0.044434   0.303141   0.708715   0.559417   0.292947   0.510310   0.255780   0.400550   0.044772   0.302872   0.708426   0.557709   0.291333   0.510283   0.254248   0.396065   0.044991   0.302555   0.708200   0.556184   0.289907   0.510681   0.252897   0.391759   0.045367 
  4   0.141066   0.697591   0.589113   0.323605   0.599392   0.285322   0.439734   0.037242   0.304614   0.704456   0.605222   0.339594   0.597921   0.300627   0.441592   0.041300   0.305133   0.703810   0.605840   0.340229   0.598746   0.301238   0.439892   0.038803   0.305454   0.703219   0.605942   0.340325   0.601038   0.301329   0.440266   0.038484   0.305601   0.702831   0.605334   0.339670   0.602340   0.300692   0.440015   0.038883   0.308369   0.700295   0.607050   0.341470   0.602272   0.302432   0.440245   0.039289   0.329343   0.691152   0.614615   0.349712   0.601490   0.310451   0.444230   0.038028   0.376685   0.677126   0.623304   0.359384   0.600140   0.319896   0.454211   0.039742   0.434829   0.664253   0.630902   0.368032   0.599641   0.328376   0.468065   0.048174   0.484569   0.655852   0.638474   0.376804   0.600130   0.337005   0.481854   0.058627   0.511192   0.653451   0.643884   0.383172   0.600338   0.343288   0.493906   0.067728   0.506926   0.657334   0.646147   0.385860   0.600308   0.345944   0.503027   0.073644   0.476163   0.665887   0.644724   0.384163   0.599916   0.344266   0.508398   0.074531   0.430864   0.676587   0.640107   0.378707   0.599058   0.338880   0.509659   0.069530   0.382012   0.687688   0.633680   0.371211   0.598301   0.331498   0.507254   0.060097   0.339430   0.697907   0.626360   0.362804   0.598221   0.323241   0.502525   0.049654   0.313678   0.705211   0.618684   0.354121   0.598579   0.314736   0.495705   0.043516   0.306041   0.707699   0.613969   0.348863   0.599174   0.309599   0.487626   0.042278   0.305528   0.707445   0.612255   0.347010   0.599563   0.307799   0.480388   0.042115   0.305231   0.707099   0.610654   0.345290   0.599475   0.306130   0.474369   0.042195   0.304997   0.706741   0.609250   0.343795   0.599425   0.304681   0.469098   0.042479   0.304862   0.706385   0.607852   0.342309   0.599320   0.303242   0.464226   0.042692   0.304741   0.706072   0.606466   0.340841   0.599302   0.301821   0.459633   0.042854   0.304549   0.705816   0.605326   0.339648   0.599730   0.300669   0.455256   0.043237 
  5   0.152479   0.702005   0.435209   0.190725   0.280120   0.160966   0.250781   0.168461   0.280601   0.712174   0.417290   0.177939   0.281898   0.149396   0.237791   0.274819   0.279881   0.709671   0.418829   0.179039   0.282403   0.150391   0.236995   0.303453   0.278720   0.707669   0.420031   0.179911   0.284119   0.151183   0.236974   0.328703   0.277844   0.706193   0.420214   0.180069   0.284969   0.151331   0.237110   0.351445   0.294641   0.699697   0.422673   0.181790   0.284723   0.152884   0.237523   0.366763   0.361057   0.677795   0.432560   0.188871   0.283957   0.159296   0.240276   0.365746   0.471893   0.644832   0.447717   0.200109   0.282768   0.169538   0.244346   0.364639   0.587712   0.614116   0.463999   0.212668   0.282480   0.181060   0.248252   0.369515   0.681470   0.591411   0.479129   0.224728   0.283111   0.192188   0.252234   0.362873   0.739614   0.580377   0.490556   0.234108   0.283435   0.200887   0.255934   0.352298   0.751103   0.583943   0.497073   0.239578   0.283528   0.205980   0.259299   0.344559   0.713075   0.602207   0.497789   0.240191   0.283312   0.206553   0.261884   0.339188   0.635084   0.630923   0.492720   0.235916   0.282692   0.202570   0.262970   0.331281   0.530298   0.666580   0.482663   0.227579   0.282049   0.194825   0.261882   0.326053   0.416345   0.705327   0.467824   0.215643   0.281821   0.183794   0.258401   0.332906   0.317535   0.739446   0.448890   0.200938   0.281908   0.170286   0.252795   0.348792   0.270546   0.753235   0.434962   0.190452   0.282258   0.160706   0.246711   0.366587   0.265875   0.748966   0.429391   0.186462   0.282458   0.157094   0.241864   0.379851   0.265599   0.743118   0.425748   0.183917   0.282241   0.154798   0.238287   0.392660   0.265626   0.737931   0.422572   0.181719   0.282159   0.152819   0.235599   0.402573   0.265939   0.733498   0.419729   0.179758   0.282115   0.151054   0.233199   0.401947   0.266121   0.729741   0.417320   0.178104   0.282105   0.149566   0.230871   0.397754   0.265868   0.726471   0.415442   0.176835   0.282427   0.148429   0.228827   0.397257 
  6   0.150701   0.709144   0.441827   0.195014   0.347617   0.164779   0.260213   0.064711   0.286761   0.726936   0.447071   0.198400   0.346704   0.167783   0.253002   0.073466   0.286493   0.725421   0.447960   0.199067   0.347319   0.168391   0.250080   0.075887   0.285649   0.724351   0.448277   0.199337   0.349195   0.168643   0.247096   0.081444   0.284720   0.723498   0.447481   0.198798   0.350184   0.168159   0.244124   0.088218   0.300049   0.708726   0.457977   0.206575   0.350010   0.175240   0.246362   0.092947   0.364940   0.669665   0.482216   0.225459   0.349229   0.192582   0.252698   0.102144   0.478229   0.623208   0.506037   0.245401   0.347923   0.211119   0.257248   0.126241   0.599755   0.586111   0.527200   0.264106   0.347431   0.228671   0.261435   0.151467   0.699136   0.562711   0.545549   0.280977   0.347833   0.244612   0.266584   0.163300   0.760046   0.554987   0.559027   0.293829   0.347927   0.256834   0.272933   0.168987   0.767073   0.565510   0.566543   0.301246   0.347828   0.263929   0.280355   0.173645   0.716942   0.592994   0.566921   0.301746   0.347469   0.264429   0.287748   0.176086   0.624272   0.630657   0.560064   0.295129   0.346754   0.258124   0.293446   0.172381   0.510573   0.671864   0.547576   0.283143   0.346130   0.246712   0.296181   0.162569   0.399782   0.710762   0.530768   0.267434   0.346077   0.231826   0.295408   0.146600   0.314108   0.743034   0.507306   0.246615   0.346427   0.212273   0.290900   0.120042   0.277180   0.757256   0.486783   0.229202   0.347000   0.196047   0.282341   0.102158   0.274329   0.755242   0.476694   0.221066   0.347353   0.188532   0.273368   0.100278   0.274072   0.751541   0.470209   0.215958   0.347233   0.183833   0.266595   0.102141   0.273934   0.748133   0.464786   0.211775   0.347182   0.179999   0.260856   0.104999   0.274330   0.744918   0.459910   0.208071   0.347119   0.176612   0.255951   0.104862   0.274879   0.742041   0.455446   0.204711   0.347098   0.173546   0.251678   0.103603   0.275177   0.739572   0.451585   0.201848   0.347437   0.170939   0.247714   0.103831 
  7   0.151238   0.699303   0.497252   0.237810   0.415348   0.204019   0.327507   0.040381   0.302407   0.707705   0.504096   0.242886   0.414311   0.208633   0.325341   0.045890   0.302826   0.706929   0.504162   0.242908   0.415016   0.208649   0.325249   0.046260   0.302912   0.706376   0.504136   0.242882   0.417057   0.208624   0.324989   0.047713   0.302956   0.705989   0.503414   0.242278   0.418225   0.208062   0.324238   0.049566   0.307459   0.701693   0.506252   0.244645   0.418135   0.210260   0.325374   0.050972   0.335115   0.686602   0.515540   0.252685   0.417371   0.217774   0.329877   0.051548   0.393309   0.663967   0.525948   0.262001   0.416080   0.226531   0.337529   0.057292   0.460707   0.643809   0.536052   0.271273   0.415595   0.235283   0.347825   0.069824   0.512825   0.632101   0.545667   0.280268   0.416042   0.243804   0.358694   0.082612   0.536404   0.630606   0.552547   0.286848   0.416236   0.250062   0.368438   0.093388   0.527369   0.638723   0.555938   0.290167   0.416216   0.253231   0.375838   0.101137   0.492350   0.653396   0.555170   0.289449   0.415875   0.252552   0.380165   0.103837   0.444314   0.670293   0.550520   0.284946   0.415127   0.248260   0.380918   0.099605   0.392048   0.687173   0.543264   0.277984   0.414457   0.241636   0.378442   0.088867   0.344851   0.702415   0.534589   0.269824   0.414405   0.233898   0.373653   0.074805   0.314039   0.713256   0.525374   0.261371   0.414770   0.225919   0.366824   0.063082   0.303182   0.717067   0.518890   0.255557   0.415349   0.220452   0.359083   0.057857   0.301814   0.716708   0.515518   0.252617   0.415709   0.217702   0.352261   0.056784   0.300911   0.716191   0.512726   0.250217   0.415598   0.215461   0.346450   0.057618   0.300256   0.715612   0.510312   0.248164   0.415534   0.213549   0.341287   0.059033   0.299861   0.714974   0.507975   0.246187   0.415428   0.211709   0.336654   0.059168   0.299523   0.714410   0.505609   0.244199   0.415392   0.209861   0.332406   0.058648   0.299151   0.713921   0.503449   0.242403   0.415763   0.208194   0.328500   0.058838 
  8   0.136858   0.696651   0.627584   0.364900   0.682254   0.325412   0.506286   0.032827   0.306365   0.702697   0.645252   0.384397   0.680405   0.344426   0.512651   0.037344   0.306864   0.702124   0.646137   0.385410   0.681255   0.345422   0.510423   0.035353   0.307301   0.701414   0.647094   0.386511   0.683642   0.346503   0.510515   0.034228   0.307538   0.700957   0.647079   0.386480   0.685014   0.346470   0.510017   0.034074   0.309026   0.699732   0.647511   0.386976   0.684973   0.346957   0.509184   0.034021   0.323657   0.694089   0.652779   0.393306   0.684191   0.353225   0.510754   0.032237   0.359281   0.684298   0.660298   0.402410   0.682831   0.362250   0.518895   0.032028   0.405696   0.674658   0.667452   0.411196   0.682336   0.370983   0.531987   0.037752   0.448135   0.667691   0.675056   0.420701   0.682852   0.380462   0.544905   0.046595   0.473699   0.664750   0.680986   0.428242   0.683077   0.388004   0.555815   0.054562   0.474801   0.666212   0.684331   0.432543   0.683039   0.392316   0.563881   0.059594   0.452483   0.671464   0.684417   0.432666   0.682607   0.392443   0.568676   0.060459   0.415414   0.678994   0.681179   0.428528   0.681677   0.388299   0.569980   0.056527   0.373327   0.687412   0.675611   0.421449   0.680861   0.381218   0.568308   0.048944   0.335499   0.695582   0.668577   0.412595   0.680767   0.372377   0.565238   0.040296   0.313176   0.701608   0.660595   0.402663   0.681136   0.362482   0.560149   0.035997   0.307239   0.703711   0.655730   0.396672   0.681760   0.356524   0.553015   0.036056   0.307111   0.703507   0.654300   0.394961   0.682187   0.354831   0.546428   0.036208   0.307105   0.703223   0.652930   0.393330   0.682129   0.353219   0.541146   0.036142   0.307137   0.702923   0.651609   0.391765   0.682104   0.351674   0.536688   0.036204   0.307163   0.702680   0.650225   0.390132   0.682008   0.350063   0.532435   0.036318   0.307134   0.702480   0.648956   0.388645   0.681994   0.348596   0.528305   0.036387   0.307082   0.702247   0.648088   0.387640   0.682441   0.347608   0.524528   0.036519 
  9   0.132839   0.696984   0.657348   0.399616   0.755110   0.359613   0.555541   0.033800   0.306311   0.703195   0.677181   0.423193   0.753256   0.382917   0.562663   0.037164   0.306871   0.702372   0.679781   0.426477   0.754114   0.386198   0.558860   0.034605   0.307329   0.701570   0.681776   0.429009   0.756594   0.388730   0.558024   0.033383   0.307616   0.701038   0.682356   0.429737   0.758034   0.389455   0.556908   0.033272   0.308988   0.699913   0.683105   0.430672   0.758038   0.390388   0.555625   0.032902   0.322077   0.695157   0.688790   0.438088   0.757294   0.397841   0.556451   0.030221   0.354748   0.686726   0.697099   0.449001   0.755959   0.408821   0.564607   0.028210   0.398428   0.678047   0.705137   0.459687   0.755469   0.419597   0.578423   0.031844   0.441119   0.671085   0.714284   0.472093   0.755984   0.432154   0.591092   0.038922   0.471832   0.666989   0.722626   0.483654   0.756174   0.443902   0.601332   0.045788   0.479168   0.666839   0.728540   0.491995   0.756079   0.452405   0.609385   0.050864   0.459816   0.670817   0.730488   0.494783   0.755566   0.455255   0.615157   0.052876   0.422357   0.677575   0.728127   0.491456   0.754529   0.451864   0.618299   0.050556   0.377570   0.685601   0.722510   0.483550   0.753654   0.443807   0.619417   0.043946   0.336573   0.693541   0.714153   0.471900   0.753559   0.431957   0.620819   0.035318   0.313000   0.699736   0.703445   0.457202   0.753937   0.417048   0.619147   0.031596   0.307206   0.702201   0.696494   0.447791   0.754585   0.407526   0.612424   0.032287   0.307150   0.702151   0.694372   0.444998   0.755055   0.404716   0.605474   0.032042   0.307210   0.701980   0.692558   0.442637   0.755047   0.402345   0.599905   0.031568   0.307285   0.701809   0.690811   0.440379   0.755039   0.400080   0.595159   0.031515   0.307299   0.701720   0.688934   0.437967   0.754933   0.397662   0.590610   0.031593   0.307294   0.701626   0.687253   0.435819   0.754927   0.395512   0.586149   0.031661   0.307311   0.701457   0.686097   0.434356   0.755408   0.394050   0.582035   0.032008 
 10   0.143775   0.709877   0.514864   0.253900   0.475213   0.219198   0.322324   0.057500   0.289892   0.728739   0.539586   0.275151   0.474109   0.239048   0.322214   0.061352   0.289371   0.727386   0.540664   0.276158   0.474681   0.240002   0.315319   0.062910   0.288955   0.726189   0.541004   0.276508   0.476678   0.240339   0.310609   0.066318   0.288305   0.725604   0.539744   0.275377   0.477725   0.239275   0.306484   0.070576   0.302012   0.711703   0.548216   0.283218   0.477510   0.246691   0.306978   0.073181   0.363148   0.671613   0.570694   0.305002   0.476624   0.267465   0.312707   0.078727   0.473666   0.619991   0.594555   0.329544   0.475158   0.291114   0.318766   0.097246   0.594407   0.577577   0.616732   0.353573   0.474538   0.314486   0.324122   0.121622   0.693325   0.553092   0.636712   0.376168   0.474816   0.336632   0.330038   0.140743   0.753303   0.548379   0.651079   0.393100   0.474767   0.353352   0.337971   0.156101   0.758879   0.563953   0.658434   0.402087   0.474563   0.362283   0.348031   0.168104   0.706343   0.596411   0.657632   0.401303   0.474163   0.361539   0.358636   0.174387   0.610958   0.638356   0.648584   0.390633   0.473465   0.351001   0.367582   0.172112   0.496813   0.682254   0.633137   0.372615   0.472892   0.333241   0.373341   0.160047   0.390754   0.720279   0.614360   0.351241   0.472942   0.312265   0.374717   0.136931   0.314579   0.747574   0.592934   0.327885   0.473435   0.289521   0.370118   0.106431   0.283866   0.756812   0.576038   0.310203   0.474129   0.272427   0.360382   0.087646   0.281542   0.753094   0.567599   0.301757   0.474517   0.264327   0.350254   0.083584   0.280896   0.749222   0.562022   0.296294   0.474373   0.259109   0.341536   0.082930   0.280179   0.746158   0.557436   0.291888   0.474329   0.254914   0.333303   0.084060   0.279921   0.743525   0.552988   0.287676   0.474291   0.250914   0.326024   0.084343   0.280004   0.741255   0.548560   0.283521   0.474296   0.246975   0.319781   0.083738   0.280149   0.739224   0.544553   0.279807   0.474692   0.243461   0.314218   0.083532 
 11   0.134856   0.704515   0.600476   0.336604   0.660620   0.298077   0.429103   0.049089   0.295990   0.717991   0.631907   0.369746   0.656260   0.330155   0.431349   0.050518   0.296126   0.716670   0.635102   0.373417   0.656934   0.333762   0.421499   0.048462   0.296256   0.715524   0.637111   0.375734   0.659224   0.336039   0.415427   0.048642   0.296305   0.714692   0.637484   0.376193   0.660481   0.336496   0.410853   0.049549   0.304999   0.706787   0.645295   0.385205   0.660374   0.345356   0.410688   0.049079   0.350064   0.684882   0.665023   0.408849   0.659523   0.368766   0.418398   0.048204   0.438739   0.656582   0.685971   0.435225   0.658091   0.395112   0.430796   0.056824   0.543886   0.632655   0.705344   0.460880   0.657533   0.420976   0.442341   0.075705   0.638045   0.617921   0.723760   0.486212   0.657832   0.446694   0.452000   0.094890   0.699267   0.613493   0.737764   0.506117   0.657709   0.467024   0.461622   0.110164   0.704634   0.620198   0.745674   0.517661   0.657400   0.478872   0.471709   0.120031   0.650554   0.637011   0.745811   0.518018   0.656898   0.479268   0.481943   0.123739   0.560472   0.659392   0.737654   0.506424   0.656071   0.467425   0.491518   0.119623   0.459706   0.683107   0.723182   0.486067   0.655382   0.446668   0.499313   0.106660   0.371563   0.704102   0.705392   0.461538   0.655395   0.421750   0.504153   0.086092   0.315307   0.719743   0.684922   0.434259   0.655875   0.394213   0.501345   0.067137   0.296131   0.725794   0.670053   0.415077   0.656545   0.374965   0.490942   0.058009   0.294956   0.724889   0.663490   0.406982   0.656923   0.366909   0.480227   0.054403   0.294500   0.723665   0.658820   0.401321   0.656801   0.361293   0.471572   0.052489   0.294178   0.722371   0.655431   0.397270   0.656776   0.357284   0.463920   0.052336   0.293963   0.721291   0.652231   0.393477   0.656688   0.353537   0.456663   0.052574   0.293862   0.720415   0.648877   0.389539   0.656649   0.349652   0.449706   0.052564   0.293779   0.719612   0.645743   0.385898   0.657089   0.346068   0.443169   0.052602 
 12   0.129729   0.698254   0.674130   0.420934   0.800251   0.380940   0.546002   0.046725   0.303597   0.705175   0.702439   0.456603   0.798409   0.416580   0.543822   0.050511   0.304440   0.703687   0.709806   0.466586   0.799234   0.426683   0.533996   0.045083   0.305055   0.702686   0.714543   0.473022   0.801752   0.433200   0.529202   0.042701   0.305505   0.701910   0.717115   0.476539   0.803213   0.436765   0.525430   0.042397   0.309510   0.698888   0.722428   0.483781   0.803288   0.444104   0.523694   0.041152   0.334230   0.690405   0.736637   0.503832   0.802643   0.464552   0.530464   0.035133   0.388594   0.678240   0.753332   0.528058   0.801394   0.489383   0.548793   0.029719   0.458155   0.666426   0.768369   0.550602   0.800847   0.512631   0.568417   0.032519   0.528351   0.656754   0.784238   0.575138   0.801179   0.538077   0.582139   0.040344   0.583997   0.650505   0.798497   0.597869   0.801109   0.561785   0.592806   0.048906   0.598945   0.650386   0.808514   0.614245   0.800725   0.578944   0.602864   0.056527   0.566061   0.656622   0.812156   0.620323   0.799962   0.585337   0.612686   0.061354   0.503245   0.666499   0.808989   0.615107   0.798721   0.579863   0.622083   0.061006   0.427312   0.677932   0.800117   0.600538   0.797804   0.564585   0.631968   0.055330   0.357125   0.689066   0.784899   0.576065   0.797775   0.539021   0.643779   0.044304   0.315830   0.699001   0.762885   0.541880   0.798196   0.503543   0.647118   0.038201   0.305192   0.703926   0.747617   0.518814   0.798894   0.479729   0.638373   0.039098   0.305060   0.704150   0.742949   0.512028   0.799455   0.472773   0.628594   0.038510   0.305169   0.704048   0.739545   0.507135   0.799577   0.467768   0.621017   0.037608   0.305313   0.703876   0.736553   0.502865   0.799619   0.463405   0.614536   0.037433   0.305310   0.703809   0.733615   0.498717   0.799491   0.459175   0.608227   0.037589   0.305177   0.703818   0.730918   0.494940   0.799505   0.455331   0.602112   0.037472   0.305131   0.703715   0.728793   0.491988   0.800047   0.452330   0.596678   0.037380 
 13   0.126405   0.701742   0.703539   0.457793   0.947630   0.417730   0.605383   0.030366   0.303554   0.712458   0.709588   0.465639   0.946126   0.425606   0.604677   0.030076   0.304048   0.711133   0.708985   0.464717   0.947117   0.424653   0.600497   0.029133   0.304499   0.709798   0.709353   0.465137   0.949583   0.425064   0.598619   0.027840   0.304878   0.708739   0.708904   0.464477   0.950858   0.424386   0.596896   0.027249   0.307581   0.707053   0.708989   0.464497   0.950708   0.424389   0.594955   0.026727   0.326684   0.701012   0.714043   0.471277   0.949742   0.431237   0.595032   0.026537   0.372396   0.689284   0.725940   0.487757   0.948062   0.447980   0.599720   0.028800   0.438008   0.675109   0.744585   0.514544   0.947325   0.475380   0.607881   0.035332   0.509533   0.661684   0.768138   0.549879   0.947674   0.511814   0.615920   0.043022   0.565797   0.651979   0.792174   0.587684   0.947521   0.551142   0.621389   0.048133   0.587561   0.648512   0.813286   0.622416   0.946941   0.587579   0.624323   0.050948   0.564841   0.652545   0.828565   0.648495   0.945989   0.615127   0.625696   0.052265   0.504155   0.663010   0.835908   0.661376   0.944681   0.628805   0.626470   0.052277   0.425480   0.676886   0.834771   0.659427   0.943705   0.626745   0.628799   0.049519   0.354704   0.690360   0.823847   0.640497   0.943480   0.606691   0.636235   0.042795   0.315012   0.701050   0.802804   0.605131   0.943835   0.569438   0.641337   0.038553   0.304648   0.705970   0.784788   0.575678   0.944687   0.538576   0.639237   0.039099   0.304454   0.706528   0.774684   0.559786   0.945362   0.522045   0.636632   0.039338   0.304375   0.707039   0.765188   0.545169   0.945428   0.506901   0.634455   0.038363   0.304267   0.707474   0.756648   0.532268   0.945508   0.493583   0.631935   0.037097   0.304199   0.707734   0.749220   0.521234   0.945647   0.482225   0.629260   0.035724   0.304273   0.707731   0.743059   0.512214   0.945906   0.472967   0.626880   0.034230   0.304403   0.707547   0.738052   0.504982   0.946531   0.465562   0.624802   0.033342 
 14   0.128531   0.697615   0.698545   0.450984   0.852224   0.410829   0.637863   0.032340   0.306963   0.704612   0.712637   0.469316   0.850863   0.429243   0.643235   0.035086   0.307500   0.704047   0.713376   0.470391   0.851834   0.430345   0.638699   0.033467   0.307952   0.703376   0.714118   0.471460   0.854432   0.431438   0.636662   0.032757   0.308279   0.702912   0.713594   0.470796   0.855962   0.430774   0.634627   0.032957   0.309020   0.702426   0.712295   0.469074   0.856026   0.429039   0.632357   0.032939   0.318095   0.699528   0.714339   0.472028   0.855284   0.432062   0.631064   0.031652   0.342793   0.693159   0.719557   0.479338   0.853858   0.439505   0.635933   0.030300   0.377190   0.685749   0.726047   0.488373   0.853307   0.448693   0.647266   0.032587   0.411336   0.679407   0.734184   0.499850   0.853889   0.460393   0.658698   0.037595   0.437162   0.675060   0.742266   0.511441   0.854202   0.472246   0.667729   0.042276   0.445718   0.673708   0.748876   0.521058   0.854167   0.482106   0.674188   0.045418   0.432509   0.675992   0.752496   0.526379   0.853607   0.487572   0.677977   0.045990   0.402441   0.681235   0.752404   0.526228   0.852477   0.487414   0.679255   0.043535   0.364628   0.688041   0.749038   0.521237   0.851576   0.482279   0.679480   0.037729   0.330094   0.694976   0.742021   0.510918   0.851472   0.471679   0.681742   0.030650   0.311405   0.700168   0.732589   0.497190   0.851813   0.457605   0.680924   0.028523   0.307578   0.701981   0.726673   0.488681   0.852466   0.448900   0.674876   0.029977   0.307622   0.701872   0.724605   0.485782   0.852954   0.445948   0.669095   0.030235   0.307733   0.701715   0.722740   0.483195   0.852938   0.443319   0.664139   0.030038   0.307874   0.701556   0.720945   0.480722   0.852868   0.440810   0.659784   0.030259   0.307988   0.701462   0.719070   0.478155   0.852727   0.438208   0.655584   0.030970   0.308075   0.701366   0.717398   0.475883   0.852751   0.435907   0.651592   0.031493   0.308180   0.701184   0.716229   0.474314   0.853257   0.434323   0.647992   0.031795 
 15   0.125313   0.699561   0.718684   0.478003   0.919870   0.438126   0.638890   0.026880   0.302910   0.708091   0.726053   0.488101   0.918700   0.448366   0.642816   0.029023   0.303397   0.706948   0.727746   0.490507   0.919779   0.450822   0.641814   0.029493   0.303842   0.705923   0.729429   0.492902   0.922382   0.453267   0.642054   0.030007   0.304272   0.705086   0.730032   0.493765   0.923846   0.454149   0.641754   0.030463   0.308811   0.702515   0.733558   0.498685   0.923991   0.459154   0.641468   0.029383   0.334404   0.694580   0.746362   0.517135   0.923444   0.478037   0.644934   0.025290   0.389259   0.681994   0.766167   0.546676   0.922203   0.508464   0.657787   0.022527   0.458326   0.669210   0.789350   0.582857   0.921466   0.546045   0.674767   0.025501   0.527289   0.658660   0.814294   0.623666   0.921774   0.588806   0.686539   0.031627   0.581069   0.651639   0.836789   0.662150   0.921821   0.629471   0.692737   0.037766   0.596330   0.650386   0.853740   0.692263   0.921393   0.661515   0.695711   0.042561   0.564156   0.655437   0.863333   0.709766   0.920446   0.680233   0.697604   0.045539   0.501586   0.664259   0.865286   0.713421   0.918956   0.684162   0.700624   0.045669   0.427418   0.674475   0.860285   0.704263   0.918008   0.674360   0.707232   0.042361   0.357635   0.685374   0.844803   0.676424   0.917888   0.644669   0.719482   0.036708   0.316227   0.696724   0.818543   0.630760   0.918083   0.596270   0.724259   0.036189   0.305435   0.702989   0.798672   0.597291   0.918719   0.561009   0.718253   0.039470   0.304872   0.703710   0.790014   0.583349   0.919368   0.546446   0.713145   0.039913   0.304597   0.704094   0.783032   0.572303   0.919576   0.534945   0.709280   0.039316   0.304509   0.704249   0.777152   0.563131   0.919476   0.525421   0.705853   0.038479   0.304516   0.704277   0.772191   0.555475   0.919316   0.517486   0.702513   0.037836   0.304512   0.704271   0.767933   0.548968   0.919491   0.510754   0.699320   0.037329   0.304564   0.704138   0.764441   0.543680   0.920115   0.505292   0.696756   0.036700 
 16   0.123382   0.699009   0.739410   0.506671   0.932383   0.467243   0.703420   0.023134   0.303393   0.707046   0.743873   0.513062   0.931355   0.473774   0.709400   0.024797   0.303893   0.705975   0.744673   0.514211   0.932642   0.474950   0.711430   0.025823   0.304211   0.705098   0.745482   0.515389   0.935416   0.476157   0.713637   0.026861   0.304469   0.704452   0.745210   0.514998   0.936930   0.475757   0.714438   0.027656   0.309675   0.701826   0.748275   0.519424   0.937077   0.480287   0.715182   0.026678   0.337238   0.693642   0.760236   0.537188   0.936466   0.498567   0.719435   0.023597   0.395343   0.680767   0.779489   0.566806   0.935135   0.529243   0.732188   0.022352   0.470912   0.667461   0.803282   0.605117   0.934220   0.569265   0.748681   0.025952   0.550182   0.655967   0.829387   0.649214   0.934436   0.615747   0.761003   0.031656   0.609358   0.648585   0.853017   0.691001   0.934544   0.660176   0.767943   0.036566   0.618678   0.648272   0.870387   0.722926   0.934125   0.694366   0.770118   0.040271   0.574767   0.654786   0.879521   0.740154   0.933069   0.712908   0.770116   0.043025   0.501263   0.664896   0.880335   0.741742   0.931455   0.714627   0.771513   0.043912   0.422455   0.675757   0.873906   0.729621   0.930552   0.701583   0.777496   0.042022   0.354240   0.686545   0.857673   0.699650   0.930515   0.669458   0.788912   0.037554   0.315654   0.696770   0.832922   0.655344   0.930749   0.622242   0.791890   0.037557   0.306271   0.702013   0.814796   0.623869   0.931473   0.588893   0.785950   0.040617   0.305760   0.702607   0.806394   0.609862   0.932266   0.574167   0.783013   0.040420   0.305493   0.702922   0.799525   0.598597   0.932584   0.562360   0.781103   0.039392   0.305432   0.703029   0.793683   0.589140   0.932422   0.552472   0.779534   0.037953   0.305482   0.702999   0.788759   0.581258   0.932231   0.544247   0.778209   0.036347   0.305526   0.702908   0.784670   0.574776   0.932478   0.537497   0.776751   0.035270   0.305521   0.702827   0.781079   0.569137   0.933171   0.531634   0.775031   0.034686 
 17   0.124402   0.698246   0.735438   0.500903   0.931067   0.461332   0.709265   0.022415   0.304550   0.705614   0.740402   0.507937   0.930037   0.468507   0.714893   0.023278   0.305044   0.704636   0.741311   0.509229   0.931268   0.469826   0.716652   0.024233   0.305471   0.703717   0.742475   0.510899   0.933999   0.471533   0.718872   0.025382   0.305817   0.703034   0.742612   0.511089   0.935521   0.471726   0.719681   0.026253   0.308434   0.701411   0.744177   0.513328   0.935719   0.474014   0.719826   0.025987   0.325596   0.695762   0.752284   0.525224   0.935181   0.486226   0.721078   0.023939   0.363000   0.686298   0.766071   0.545920   0.933906   0.507564   0.729164   0.022117   0.409648   0.676660   0.782885   0.572012   0.933099   0.534632   0.742590   0.024158   0.454270   0.668827   0.801647   0.602144   0.933475   0.566091   0.753763   0.028593   0.486348   0.663803   0.818825   0.630684   0.933747   0.596078   0.761208   0.032520   0.494234   0.662726   0.832009   0.653233   0.933527   0.619899   0.765770   0.035186   0.474852   0.665801   0.839856   0.666925   0.932678   0.634417   0.768274   0.036658   0.434998   0.672009   0.841851   0.670454   0.931223   0.638170   0.770195   0.036605   0.384530   0.679596   0.838748   0.665010   0.930357   0.632391   0.775913   0.033274   0.337837   0.687955   0.826833   0.644418   0.930289   0.610594   0.787933   0.028221   0.312787   0.696072   0.807603   0.611892   0.930494   0.576305   0.791291   0.029678   0.307651   0.700015   0.793991   0.589433   0.931151   0.552739   0.785025   0.034314   0.307186   0.700551   0.787373   0.578853   0.931852   0.541703   0.781255   0.035218   0.306907   0.700878   0.781867   0.570166   0.932103   0.532664   0.778491   0.034825   0.306780   0.701037   0.777163   0.562823   0.931936   0.525039   0.776339   0.033837   0.306729   0.701096   0.773147   0.556612   0.931726   0.518600   0.774393   0.032706   0.306692   0.701106   0.769753   0.551407   0.931924   0.513212   0.772356   0.031884   0.306650   0.701076   0.766866   0.547014   0.932573   0.508672   0.770285   0.031326 
 18   0.126384   0.698312   0.715653   0.473512   0.914296   0.433508   0.665172   0.026155   0.304800   0.705729   0.723146   0.483693   0.913071   0.443815   0.668619   0.027258   0.305345   0.704733   0.724661   0.485794   0.914163   0.445950   0.667795   0.027244   0.305814   0.703779   0.726416   0.488243   0.916839   0.448441   0.668199   0.027563   0.306246   0.703022   0.727139   0.489255   0.918362   0.449471   0.667815   0.028184   0.307934   0.701801   0.728259   0.490805   0.918495   0.451045   0.666944   0.028085   0.320869   0.697344   0.734827   0.500140   0.917914   0.460574   0.666361   0.025934   0.350669   0.689313   0.746248   0.516629   0.916640   0.477453   0.671985   0.023587   0.388305   0.680781   0.759711   0.536560   0.916016   0.497950   0.684752   0.025017   0.424173   0.673677   0.775067   0.559954   0.916516   0.522136   0.696842   0.029062   0.450142   0.668996   0.789483   0.582553   0.916792   0.545626   0.705404   0.032975   0.457602   0.667601   0.800702   0.600582   0.916646   0.564452   0.711386   0.035567   0.443116   0.669889   0.807446   0.611610   0.915931   0.576004   0.715337   0.036487   0.411067   0.675212   0.809090   0.614323   0.914606   0.578851   0.718397   0.035348   0.370166   0.681968   0.806241   0.609628   0.913682   0.573925   0.724305   0.031024   0.332200   0.689582   0.795703   0.592517   0.913554   0.556025   0.735865   0.025843   0.311727   0.696764   0.779216   0.566243   0.913764   0.528632   0.739783   0.027025   0.307614   0.700046   0.767930   0.548642   0.914367   0.510356   0.734443   0.030988   0.307309   0.700439   0.762562   0.540495   0.914922   0.501941   0.730720   0.031635   0.307165   0.700656   0.758195   0.533940   0.915018   0.495183   0.727619   0.031125   0.307136   0.700716   0.754582   0.528563   0.914919   0.489648   0.724766   0.030767   0.307096   0.700763   0.751372   0.523825   0.914754   0.484779   0.721694   0.030955   0.307040   0.700782   0.748632   0.519808   0.914859   0.480655   0.718649   0.031187   0.307049   0.700706   0.746468   0.516654   0.915432   0.477421   0.715892   0.031325 
 19   0.125711   0.697338   0.727902   0.490223   0.925103   0.450437   0.712860   0.023820   0.306073   0.704004   0.732352   0.496407   0.924068   0.456722   0.716774   0.024514   0.306597   0.703350   0.732506   0.496608   0.925269   0.456924   0.717361   0.025300   0.306994   0.702633   0.733066   0.497391   0.928066   0.457721   0.718992   0.025858   0.307332   0.702109   0.732700   0.496862   0.929709   0.457179   0.719305   0.026438   0.308134   0.701577   0.731897   0.495713   0.929955   0.456005   0.718451   0.026918   0.316119   0.699118   0.733867   0.498514   0.929434   0.458864   0.717899   0.027699   0.335896   0.694127   0.739061   0.505956   0.928153   0.466471   0.721188   0.028478   0.361365   0.688733   0.746048   0.516103   0.927483   0.476868   0.728675   0.030911   0.385133   0.684352   0.754258   0.528204   0.928080   0.489302   0.736494   0.034820   0.401690   0.681543   0.761751   0.539414   0.928611   0.500853   0.742430   0.038039   0.406424   0.680660   0.767509   0.548140   0.928684   0.509864   0.746095   0.039725   0.397246   0.681905   0.770778   0.553131   0.928070   0.515026   0.747423   0.039547   0.376299   0.685095   0.771048   0.553547   0.926793   0.515457   0.746853   0.037344   0.348659   0.689517   0.768727   0.550001   0.925970   0.511789   0.746874   0.032233   0.322787   0.694611   0.761904   0.539650   0.925890   0.501097   0.750472   0.026338   0.309682   0.698749   0.752318   0.525263   0.926064   0.486265   0.748541   0.026472   0.307571   0.700297   0.746152   0.516144   0.926627   0.476889   0.741413   0.029506   0.307444   0.700432   0.743076   0.511667   0.927176   0.472300   0.737235   0.029766   0.307385   0.700480   0.740437   0.507858   0.927241   0.468401   0.733400   0.029203   0.307391   0.700474   0.738099   0.504507   0.926952   0.464976   0.729592   0.029124   0.307453   0.700424   0.736066   0.501608   0.926605   0.462016   0.726032   0.029426   0.307506   0.700339   0.734402   0.499248   0.926628   0.459608   0.722950   0.029521   0.307570   0.700211   0.733113   0.497434   0.927123   0.457760   0.720315   0.029605 
 20   0.122389   0.701380   0.732537   0.497675   0.928949   0.458204   0.635807   0.028099   0.300456   0.711652   0.735786   0.502299   0.927895   0.462925   0.640980   0.031496   0.300939   0.710422   0.736228   0.503002   0.929083   0.463656   0.640750   0.032251   0.301136   0.709568   0.736502   0.503454   0.931800   0.464128   0.640625   0.033037   0.301286   0.708922   0.735713   0.502369   0.933336   0.463027   0.639731   0.033891   0.310802   0.704268   0.742072   0.511280   0.933610   0.472101   0.642987   0.032155   0.353559   0.692109   0.761870   0.540423   0.933153   0.502052   0.652802   0.028267   0.439077   0.675150   0.789878   0.584160   0.931837   0.547493   0.668559   0.028658   0.549719   0.657978   0.822180   0.637805   0.930851   0.603875   0.682902   0.036301   0.658396   0.644193   0.855179   0.695989   0.930847   0.665722   0.686504   0.046491   0.728596   0.636888   0.882651   0.747105   0.930682   0.720608   0.680827   0.054880   0.735576   0.637736   0.901339   0.783425   0.930131   0.759927   0.672407   0.060293   0.682744   0.645348   0.910750   0.802254   0.929088   0.780423   0.667204   0.062446   0.594857   0.656685   0.911745   0.804333   0.927539   0.782705   0.667037   0.061844   0.492238   0.669863   0.904795   0.790455   0.926641   0.767604   0.672631   0.058939   0.391407   0.683495   0.886630   0.754980   0.926538   0.729164   0.687336   0.052187   0.323658   0.698416   0.852298   0.690955   0.926691   0.660386   0.697039   0.048779   0.301227   0.707722   0.822754   0.638016   0.927347   0.603945   0.692634   0.050909   0.300135   0.708949   0.809497   0.615767   0.928101   0.580520   0.687348   0.051225   0.300004   0.709350   0.799241   0.598997   0.928442   0.562946   0.684731   0.049668   0.300203   0.709437   0.790680   0.585259   0.928359   0.548601   0.682701   0.047483   0.300562   0.709273   0.783862   0.574490   0.928195   0.537387   0.680815   0.045216   0.300927   0.708968   0.778491   0.566106   0.928432   0.528677   0.679272   0.043074   0.301325   0.708511   0.774076   0.559280   0.929125   0.521597   0.678374   0.041421 
 21   0.121079   0.699635   0.758149   0.534268   0.935136   0.495596   0.715490   0.025263   0.303173   0.708153   0.762126   0.540193   0.934260   0.501697   0.723418   0.027183   0.303808   0.706840   0.763053   0.541579   0.935795   0.503124   0.726536   0.028075   0.304158   0.705826   0.763772   0.542666   0.938797   0.504247   0.729788   0.029148   0.304268   0.705213   0.763061   0.541605   0.940500   0.503153   0.731358   0.029920   0.311985   0.702014   0.766767   0.547154   0.940782   0.508872   0.732860   0.029046   0.349661   0.692106   0.781266   0.569588   0.940177   0.532135   0.739065   0.026768   0.427058   0.676899   0.804303   0.606800   0.938777   0.571031   0.753890   0.027183   0.527228   0.661193   0.832413   0.654657   0.937740   0.621555   0.770802   0.032808   0.629182   0.647976   0.861951   0.707734   0.937759   0.678162   0.781768   0.040034   0.694992   0.640752   0.887336   0.755671   0.937663   0.729771   0.785829   0.045375   0.689615   0.642650   0.904739   0.789883   0.937089   0.766884   0.784945   0.048861   0.626202   0.651404   0.912889   0.806348   0.935922   0.784839   0.783634   0.050949   0.537913   0.662744   0.912491   0.805626   0.934248   0.784069   0.785679   0.050951   0.445883   0.674846   0.904036   0.788713   0.933379   0.765659   0.792779   0.049255   0.365654   0.686633   0.885392   0.752196   0.933389   0.726071   0.806009   0.044884   0.318714   0.697112   0.858569   0.701486   0.933689   0.671464   0.812102   0.043728   0.306434   0.702420   0.838816   0.665401   0.934494   0.632860   0.808202   0.046198   0.305871   0.703112   0.829345   0.648825   0.935371   0.615272   0.805661   0.045850   0.305634   0.703526   0.821497   0.635324   0.935799   0.600992   0.804333   0.044390   0.305584   0.703709   0.814765   0.623909   0.935650   0.588953   0.803712   0.042480   0.305560   0.703765   0.809039   0.614326   0.935429   0.578870   0.803004   0.040561   0.305416   0.703815   0.804107   0.606179   0.935722   0.570320   0.801621   0.039266   0.305218   0.703866   0.799669   0.598940   0.936477   0.562739   0.799742   0.038499 
 22   0.121706   0.698377   0.760385   0.537370   0.938915   0.498746   0.754489   0.022522   0.304663   0.705876   0.764921   0.544134   0.938074   0.505711   0.761800   0.023374   0.305106   0.704867   0.765466   0.544939   0.939387   0.506538   0.764533   0.024594   0.305528   0.703900   0.766301   0.546193   0.942189   0.507831   0.767494   0.025831   0.305844   0.703198   0.766106   0.545887   0.943817   0.507514   0.768724   0.026826   0.309070   0.701467   0.767620   0.548171   0.944061   0.509870   0.768514   0.026996   0.329116   0.695372   0.776111   0.561274   0.943507   0.523449   0.770035   0.025474   0.372689   0.685052   0.790676   0.584286   0.942228   0.547401   0.779373   0.024012   0.427092   0.674536   0.808564   0.613549   0.941320   0.578057   0.792897   0.026155   0.477846   0.666217   0.828281   0.646984   0.941606   0.613324   0.803544   0.030282   0.513016   0.661125   0.846118   0.678317   0.941907   0.646593   0.810724   0.033817   0.523213   0.660008   0.859813   0.703116   0.941638   0.673076   0.814718   0.036231   0.502915   0.663379   0.868011   0.718274   0.940684   0.689326   0.816369   0.037852   0.457358   0.670348   0.870025   0.722047   0.939150   0.693382   0.817616   0.038600   0.399391   0.678789   0.866408   0.715312   0.938287   0.686152   0.822888   0.036550   0.344758   0.687721   0.853926   0.692481   0.938217   0.661723   0.835017   0.031426   0.314374   0.696258   0.833626   0.656256   0.938417   0.623146   0.839582   0.031599   0.307634   0.700529   0.818786   0.630432   0.939104   0.595776   0.834131   0.035684   0.307201   0.701024   0.811704   0.618500   0.939884   0.583207   0.830483   0.036401   0.306956   0.701288   0.805823   0.608728   0.940243   0.572940   0.827976   0.035937   0.306832   0.701397   0.800728   0.600358   0.940050   0.564165   0.825989   0.034834   0.306796   0.701401   0.796428   0.593361   0.939864   0.556843   0.824237   0.033512   0.306800   0.701326   0.792911   0.587691   0.940194   0.550918   0.822496   0.032628   0.306775   0.701247   0.789811   0.582734   0.940925   0.545748   0.820607   0.032192 
 23   0.122450   0.697619   0.755456   0.529884   0.939494   0.491013   0.766997   0.021352   0.305348   0.704437   0.759759   0.536255   0.938655   0.497564   0.772655   0.021796   0.305824   0.703567   0.760258   0.536984   0.940045   0.498311   0.774825   0.023069   0.306259   0.702703   0.761089   0.538216   0.942916   0.499579   0.777323   0.024461   0.306584   0.702081   0.760911   0.537936   0.944588   0.499288   0.777974   0.025585   0.308022   0.701110   0.761001   0.538052   0.944885   0.499404   0.777514   0.026030   0.320190   0.697095   0.765905   0.545471   0.944381   0.507062   0.777812   0.025330   0.348683   0.689735   0.775531   0.560257   0.943122   0.522371   0.783759   0.024193   0.384761   0.682136   0.787510   0.579112   0.942288   0.541981   0.794278   0.025687   0.418245   0.676069   0.801191   0.601196   0.942722   0.565058   0.803584   0.029273   0.440949   0.672277   0.813763   0.622008   0.943201   0.586910   0.810294   0.032296   0.445179   0.671447   0.823325   0.638182   0.943156   0.603959   0.814414   0.034004   0.429394   0.673795   0.828809   0.647593   0.942424   0.613907   0.816229   0.034889   0.399357   0.678615   0.829785   0.649287   0.941079   0.615702   0.816913   0.034842   0.362249   0.684444   0.826947   0.644411   0.940322   0.610547   0.821065   0.031225   0.328443   0.690959   0.817152   0.627811   0.940282   0.593040   0.831668   0.025798   0.311143   0.696894   0.802677   0.603648   0.940461   0.567631   0.833103   0.026594   0.308029   0.699468   0.793012   0.587823   0.941078   0.551050   0.825463   0.030424   0.307724   0.699797   0.787966   0.579744   0.941749   0.542621   0.821514   0.031075   0.307539   0.699985   0.783656   0.572912   0.941978   0.535507   0.818285   0.030542   0.307409   0.700114   0.779744   0.566769   0.941673   0.529120   0.815088   0.029730   0.307328   0.700180   0.776315   0.561426   0.941358   0.523574   0.811999   0.029142   0.307315   0.700148   0.773538   0.557130   0.941553   0.519120   0.809217   0.028752   0.307348   0.700055   0.771238   0.553596   0.942171   0.515462   0.806604   0.028513 
 24   0.124406   0.697396   0.739363   0.506413   0.934639   0.466943   0.735836   0.021088   0.305556   0.704019   0.743823   0.512795   0.933700   0.473465   0.741221   0.021583   0.306065   0.703193   0.744467   0.513714   0.935031   0.474403   0.743034   0.022844   0.306506   0.702367   0.745441   0.515116   0.937901   0.475837   0.745430   0.024203   0.306863   0.701767   0.745399   0.515045   0.939580   0.475762   0.746412   0.025156   0.308079   0.700916   0.745373   0.514987   0.939884   0.475700   0.746402   0.025407   0.318432   0.697443   0.749367   0.520826   0.939389   0.481690   0.747149   0.025017   0.342505   0.691137   0.757388   0.532705   0.938125   0.493906   0.753104   0.024557   0.372394   0.684752   0.767396   0.547840   0.937337   0.509530   0.763488   0.026412   0.400202   0.679608   0.778881   0.565582   0.937821   0.527919   0.773180   0.029729   0.419526   0.676303   0.789417   0.582212   0.938324   0.545225   0.780424   0.032382   0.423668   0.675471   0.797488   0.595189   0.938348   0.558774   0.784984   0.033924   0.410689   0.677310   0.802050   0.602611   0.937663   0.566542   0.787038   0.034289   0.385368   0.681268   0.802640   0.603583   0.936313   0.567562   0.787556   0.033446   0.353740   0.686314   0.799985   0.599260   0.935524   0.563036   0.790156   0.029652   0.324611   0.692243   0.791102   0.584958   0.935480   0.548098   0.798060   0.024897   0.310208   0.697338   0.778602   0.565102   0.935661   0.527412   0.797526   0.026284   0.307963   0.699329   0.770705   0.552787   0.936273   0.514625   0.789362   0.030174   0.307711   0.699590   0.766533   0.546399   0.936902   0.508016   0.785343   0.030757   0.307587   0.699730   0.762986   0.541016   0.937057   0.502456   0.781945   0.030050   0.307525   0.699819   0.759771   0.536180   0.936722   0.497468   0.778370   0.029527   0.307475   0.699880   0.756865   0.531844   0.936330   0.493003   0.774625   0.029499   0.307448   0.699878   0.754475   0.528305   0.936410   0.489364   0.771282   0.029322   0.307456   0.699815   0.752555   0.525480   0.936970   0.486462   0.768390   0.028962 
