timestamp=                2022-01-12T23:09:23.785516
shape=                    (5, 5)
sigma=                    2.5
nepochs=                  5
rate=                     0.00725
neighborhood function=    gaussian
init weights=             pca
topology=                 hexagonal
activation distance=      euclidean
output type=              labels
mapfile_prefix=           2020_5x5_5_00725_08
apply classification=     False
apply activation=         False
seed=                     None
random order=             True
custom init file=         None
decay_function=           3

quantization error=       0.35762988
topographic error=        0.13911777

############ NEURONS #############
 25 192
  0   0.157824   0.706515   0.379298   0.152720   0.201334   0.126839   0.211436   0.153349   0.280532   0.721033   0.351686   0.135200   0.201079   0.111296   0.198745   0.238642   0.280406   0.718173   0.352659   0.135754   0.201641   0.111779   0.198631   0.258866   0.280129   0.715658   0.353422   0.136196   0.203320   0.112165   0.198841   0.278546   0.279843   0.713827   0.353125   0.136018   0.204182   0.112008   0.199102   0.296955   0.297037   0.704775   0.355973   0.137695   0.203998   0.113477   0.199716   0.309876   0.363818   0.675987   0.366862   0.144361   0.203293   0.119354   0.202007   0.318737   0.475782   0.634542   0.382303   0.154174   0.202158   0.128061   0.205165   0.330818   0.595180   0.596449   0.398368   0.164784   0.201870   0.137538   0.208448   0.339611   0.693068   0.568943   0.413388   0.175054   0.202491   0.146763   0.211792   0.335471   0.753613   0.556823   0.425069   0.183286   0.202821   0.154198   0.214923   0.328504   0.765244   0.563229   0.432160   0.188410   0.202914   0.158845   0.217857   0.324805   0.723667   0.587630   0.433620   0.189495   0.202695   0.159833   0.220162   0.321850   0.640092   0.623941   0.429233   0.186324   0.202075   0.156958   0.221020   0.314137   0.530510   0.667415   0.419723   0.179542   0.201464   0.150821   0.220021   0.306896   0.413769   0.713415   0.404923   0.169282   0.201267   0.141581   0.217495   0.309108   0.316640   0.751747   0.386103   0.156670   0.201358   0.130289   0.213576   0.312686   0.272920   0.765775   0.372010   0.147516   0.201710   0.122136   0.208989   0.315922   0.269358   0.760259   0.365506   0.143468   0.201937   0.118558   0.204888   0.321406   0.269561   0.753411   0.360952   0.140713   0.201755   0.116133   0.201717   0.330102   0.269944   0.747463   0.356926   0.138309   0.201661   0.114023   0.199274   0.337011   0.270077   0.742566   0.353351   0.136195   0.201581   0.112169   0.196912   0.334058   0.270041   0.738477   0.350423   0.134476   0.201544   0.110664   0.194636   0.328921   0.269821   0.734916   0.348135   0.133146   0.201828   0.109501   0.192733   0.328851 
  1   0.161347   0.705102   0.374240   0.149001   0.209115   0.123468   0.216699   0.065720   0.292504   0.718562   0.355398   0.137025   0.208213   0.112842   0.205763   0.085675   0.293151   0.716793   0.356412   0.137592   0.208837   0.113334   0.206625   0.092240   0.293071   0.715850   0.356446   0.137614   0.210647   0.113354   0.206827   0.099436   0.293042   0.715151   0.355601   0.137122   0.211661   0.112924   0.206675   0.105688   0.303826   0.704541   0.360709   0.140089   0.211571   0.115516   0.208280   0.110549   0.350654   0.673417   0.373841   0.148081   0.210894   0.122554   0.211530   0.119999   0.434831   0.632569   0.388153   0.157252   0.209759   0.130698   0.215111   0.137676   0.526543   0.598173   0.401937   0.166384   0.209397   0.138854   0.220016   0.153038   0.603071   0.576232   0.414693   0.175083   0.209908   0.146661   0.225648   0.159466   0.648977   0.570464   0.424629   0.182037   0.210167   0.152930   0.231405   0.163732   0.650102   0.582961   0.430262   0.186060   0.210213   0.156569   0.236912   0.167893   0.607175   0.609840   0.430670   0.186357   0.209941   0.156840   0.241114   0.168872   0.536729   0.643020   0.426236   0.183172   0.209258   0.153956   0.242971   0.162725   0.453118   0.678340   0.418204   0.177471   0.208633   0.148805   0.242385   0.152296   0.371927   0.712117   0.406747   0.169539   0.208539   0.141668   0.239840   0.141650   0.313787   0.736848   0.392613   0.160070   0.208784   0.133194   0.235585   0.128683   0.290573   0.745593   0.381238   0.152699   0.209231   0.126636   0.230120   0.119677   0.288030   0.743689   0.374689   0.148613   0.209514   0.123023   0.224667   0.118166   0.287310   0.741058   0.369595   0.145495   0.209384   0.120275   0.220160   0.121724   0.287132   0.738414   0.364995   0.142715   0.209292   0.117830   0.216595   0.125320   0.286906   0.736144   0.360622   0.140103   0.209152   0.115538   0.213198   0.123554   0.286404   0.734362   0.356819   0.137858   0.209075   0.113572   0.209825   0.120695   0.285959   0.732768   0.353840   0.136115   0.209367   0.112047   0.206947   0.121004 
  2   0.159062   0.698431   0.428952   0.185014   0.286542   0.155608   0.265628   0.048051   0.302015   0.705853   0.420894   0.178824   0.285752   0.149943   0.258071   0.060453   0.302477   0.704877   0.421433   0.179164   0.286414   0.150244   0.259212   0.063657   0.302611   0.704219   0.421683   0.179343   0.288315   0.150405   0.259882   0.067394   0.302767   0.703749   0.421197   0.179013   0.289407   0.150110   0.260109   0.071015   0.307526   0.699324   0.423393   0.180511   0.289332   0.151454   0.261244   0.073698   0.334636   0.683273   0.430991   0.185895   0.288632   0.156317   0.264490   0.076027   0.389832   0.659253   0.440559   0.192890   0.287445   0.162667   0.270059   0.084435   0.452284   0.638577   0.450396   0.200248   0.287011   0.169373   0.277624   0.097764   0.501547   0.626955   0.459738   0.207352   0.287489   0.175866   0.285840   0.108529   0.525545   0.626352   0.466426   0.212519   0.287759   0.180601   0.293409   0.117356   0.520759   0.635151   0.469771   0.215141   0.287807   0.183010   0.299056   0.123776   0.491979   0.649782   0.469603   0.215020   0.287512   0.182900   0.301809   0.125365   0.448942   0.666695   0.466205   0.212347   0.286792   0.180444   0.301528   0.120259   0.398175   0.684782   0.460191   0.207648   0.286155   0.176129   0.298832   0.110437   0.348122   0.702636   0.451913   0.201298   0.286100   0.170317   0.294366   0.098652   0.313992   0.715738   0.442459   0.194213   0.286406   0.163857   0.288490   0.087577   0.301529   0.720485   0.435469   0.189096   0.286920   0.159210   0.282299   0.082145   0.299900   0.720057   0.431622   0.186358   0.287257   0.156737   0.276916   0.081605   0.299089   0.719239   0.428461   0.184136   0.287157   0.154732   0.272464   0.084212   0.298673   0.718248   0.425581   0.182126   0.287068   0.152922   0.268768   0.086796   0.298367   0.717287   0.422859   0.180243   0.286922   0.151229   0.265309   0.086090   0.297908   0.716557   0.420286   0.178478   0.286862   0.149643   0.261947   0.084902   0.297421   0.715878   0.418052   0.176957   0.287197   0.148279   0.259008   0.085519 
  3   0.147295   0.698229   0.532212   0.268222   0.481003   0.232476   0.365866   0.037590   0.303361   0.705641   0.542287   0.276793   0.479423   0.240459   0.364470   0.041777   0.303898   0.704978   0.542154   0.276652   0.480179   0.240322   0.364361   0.041135   0.304084   0.704518   0.541582   0.276127   0.482309   0.239827   0.364555   0.041834   0.304177   0.704215   0.540476   0.275113   0.483532   0.238869   0.364183   0.042883   0.307735   0.700783   0.542811   0.277239   0.483458   0.240874   0.365435   0.043516   0.331970   0.688773   0.551128   0.285087   0.482688   0.248320   0.370278   0.042746   0.384298   0.670947   0.559750   0.293448   0.481375   0.256288   0.379517   0.046767   0.445085   0.655221   0.567324   0.300941   0.480890   0.263456   0.392196   0.057973   0.491609   0.646157   0.574647   0.308273   0.481368   0.270484   0.405058   0.069902   0.511109   0.645167   0.579559   0.313250   0.481598   0.275265   0.416120   0.079877   0.501297   0.651481   0.581470   0.315198   0.481601   0.277140   0.424092   0.086154   0.469019   0.662554   0.580149   0.313831   0.481256   0.275822   0.428133   0.086865   0.426026   0.675254   0.575919   0.309488   0.480470   0.271640   0.428122   0.081324   0.380645   0.687949   0.569888   0.303366   0.479765   0.265758   0.424726   0.070961   0.339916   0.699612   0.562912   0.296413   0.479693   0.259097   0.419014   0.058894   0.313860   0.708056   0.555674   0.289331   0.480039   0.252337   0.411483   0.050341   0.305132   0.711071   0.551012   0.284848   0.480611   0.248070   0.403392   0.047310   0.304045   0.710931   0.548897   0.282871   0.480974   0.246198   0.396453   0.046747   0.303319   0.710694   0.546921   0.281044   0.480865   0.244471   0.390532   0.047324   0.302802   0.710357   0.545126   0.279399   0.480799   0.242918   0.385348   0.048283   0.302447   0.709988   0.543272   0.277702   0.480688   0.241317   0.380660   0.048583   0.302128   0.709687   0.541405   0.275996   0.480661   0.239708   0.376301   0.048532   0.301798   0.709427   0.539771   0.274524   0.481056   0.238323   0.372164   0.048773 
  4   0.142144   0.697646   0.578232   0.312534   0.577282   0.274677   0.424659   0.036934   0.304342   0.704550   0.593713   0.327439   0.575714   0.288866   0.426038   0.040706   0.304880   0.703919   0.594220   0.327945   0.576523   0.289350   0.424554   0.038666   0.305148   0.703394   0.594047   0.327762   0.578779   0.289173   0.424879   0.038745   0.305263   0.703048   0.593218   0.326903   0.580067   0.288344   0.424610   0.039370   0.308182   0.700346   0.595001   0.328721   0.580003   0.290093   0.424998   0.039850   0.329866   0.690732   0.602592   0.336758   0.579226   0.297873   0.429145   0.038700   0.377847   0.676271   0.611018   0.345888   0.577882   0.306747   0.439072   0.040754   0.435718   0.663269   0.618214   0.353856   0.577385   0.314522   0.452858   0.049483   0.483975   0.655059   0.625362   0.361893   0.577874   0.322385   0.466590   0.060246   0.508443   0.653031   0.630379   0.367609   0.578097   0.327992   0.478582   0.069447   0.502867   0.657232   0.632340   0.369864   0.578085   0.330207   0.487658   0.075116   0.471996   0.665997   0.630907   0.368213   0.577702   0.328586   0.492787   0.075593   0.427847   0.676761   0.626462   0.363122   0.576855   0.323587   0.493727   0.070271   0.380484   0.687882   0.620269   0.356110   0.576109   0.316718   0.491009   0.060725   0.338830   0.698175   0.613241   0.348276   0.576031   0.309065   0.485835   0.050176   0.313471   0.705607   0.605826   0.340142   0.576384   0.301141   0.478518   0.043771   0.305801   0.708159   0.601312   0.335260   0.576974   0.296398   0.470221   0.042185   0.305218   0.707898   0.599685   0.333557   0.577360   0.294754   0.463050   0.041900   0.304851   0.707568   0.598126   0.331933   0.577269   0.293186   0.457133   0.042195   0.304538   0.707267   0.596676   0.330432   0.577213   0.291738   0.451921   0.042744   0.304351   0.706924   0.595226   0.328934   0.577104   0.290295   0.447069   0.043008   0.304257   0.706537   0.593900   0.327571   0.577084   0.288982   0.442552   0.043072   0.304034   0.706308   0.592657   0.326312   0.577502   0.287774   0.438215   0.043340 
  5   0.151175   0.699365   0.469599   0.215868   0.337583   0.183814   0.281815   0.145963   0.286200   0.707214   0.459172   0.207702   0.340370   0.176313   0.269161   0.237319   0.285302   0.705287   0.461213   0.209279   0.340858   0.177759   0.268122   0.266297   0.284066   0.703681   0.462925   0.210607   0.342636   0.178978   0.267932   0.290914   0.283049   0.702510   0.463556   0.211098   0.343525   0.179429   0.267903   0.312538   0.296780   0.697411   0.466140   0.213086   0.343268   0.181251   0.268358   0.328079   0.355163   0.679591   0.475721   0.220720   0.342473   0.188289   0.271553   0.325857   0.456038   0.652413   0.490297   0.232775   0.341259   0.199473   0.276323   0.323116   0.562915   0.627060   0.505779   0.246075   0.340967   0.211897   0.280996   0.328858   0.650600   0.608156   0.519863   0.258547   0.341584   0.223608   0.285775   0.324263   0.706339   0.598580   0.530386   0.268121   0.341875   0.232643   0.290099   0.315863   0.718159   0.601153   0.536202   0.273546   0.341941   0.237785   0.293894   0.309469   0.682602   0.616072   0.536473   0.273848   0.341711   0.238080   0.296743   0.304620   0.609248   0.639807   0.531246   0.268996   0.341074   0.233485   0.298018   0.297154   0.511751   0.669162   0.521435   0.260001   0.340400   0.224987   0.296905   0.291399   0.407287   0.700721   0.507511   0.247584   0.340172   0.213310   0.292961   0.295511   0.317852   0.728686   0.489621   0.232201   0.340297   0.198939   0.286423   0.309480   0.275567   0.740375   0.476626   0.221368   0.340666   0.188874   0.279272   0.328637   0.271111   0.737398   0.471909   0.217614   0.340856   0.185414   0.273787   0.344379   0.270528   0.733111   0.468869   0.215247   0.340630   0.183241   0.269913   0.358672   0.270247   0.729243   0.466213   0.213194   0.340565   0.181359   0.266963   0.369880   0.270432   0.725856   0.463742   0.211290   0.340536   0.179614   0.264420   0.370620   0.270558   0.722996   0.461502   0.209573   0.340534   0.178040   0.261953   0.366967   0.270181   0.720557   0.459724   0.208224   0.340884   0.176808   0.259677   0.365748 
  6   0.151740   0.709158   0.430085   0.186330   0.329492   0.156875   0.251412   0.062379   0.286399   0.727132   0.432521   0.187666   0.328440   0.158019   0.243161   0.069834   0.286139   0.725715   0.433241   0.188174   0.329067   0.158478   0.240852   0.071752   0.285416   0.724581   0.433499   0.188387   0.330938   0.158674   0.238289   0.076991   0.284593   0.723706   0.432593   0.187787   0.331936   0.158138   0.235534   0.083394   0.300078   0.708418   0.443626   0.195699   0.331779   0.165302   0.238157   0.087958   0.364742   0.669277   0.468336   0.214312   0.331018   0.182295   0.244800   0.098010   0.476638   0.623997   0.491593   0.233155   0.329738   0.199712   0.249430   0.123075   0.597115   0.587870   0.512002   0.250594   0.329251   0.215980   0.253901   0.147909   0.697101   0.564351   0.529930   0.266499   0.329658   0.230914   0.259218   0.158825   0.758414   0.556171   0.543213   0.278696   0.329771   0.242435   0.265626   0.164127   0.763726   0.566707   0.550533   0.285645   0.329688   0.249038   0.273076   0.168459   0.712027   0.593967   0.550839   0.286052   0.329333   0.249445   0.280392   0.169801   0.619436   0.630971   0.544071   0.279755   0.328614   0.243483   0.285957   0.165170   0.506402   0.671619   0.531873   0.268467   0.327993   0.232805   0.288554   0.155206   0.397139   0.709887   0.515476   0.253688   0.327936   0.218888   0.287705   0.139520   0.313681   0.741587   0.492530   0.234000   0.328272   0.200507   0.283318   0.113340   0.278039   0.755770   0.472420   0.217496   0.328831   0.185217   0.274944   0.095442   0.275110   0.754192   0.462368   0.209671   0.329179   0.178033   0.266070   0.093416   0.274811   0.750801   0.455829   0.204689   0.329063   0.173477   0.259483   0.095158   0.274754   0.747546   0.450370   0.200604   0.329002   0.169753   0.253971   0.097758   0.275110   0.744510   0.445408   0.196957   0.328922   0.166438   0.249202   0.097517   0.275706   0.741721   0.440871   0.193663   0.328894   0.163450   0.244901   0.096291   0.275942   0.739388   0.436864   0.190799   0.329226   0.160859   0.240842   0.096500 
  7   0.153253   0.698990   0.479729   0.223442   0.383146   0.190714   0.311563   0.040531   0.302528   0.707034   0.483930   0.226185   0.382029   0.193146   0.308525   0.046552   0.302919   0.706212   0.484246   0.226402   0.382715   0.193340   0.308778   0.047429   0.303041   0.705604   0.484475   0.226580   0.384717   0.193503   0.308801   0.049379   0.303110   0.705160   0.483995   0.226192   0.385865   0.193144   0.308334   0.051741   0.307487   0.701025   0.486737   0.228379   0.385778   0.195160   0.309477   0.053560   0.334610   0.686214   0.495561   0.235683   0.385028   0.201934   0.313702   0.054861   0.391699   0.663885   0.505892   0.244523   0.383760   0.210178   0.320775   0.061613   0.458320   0.643861   0.516349   0.253695   0.383277   0.218770   0.330191   0.074532   0.510076   0.632193   0.526200   0.262489   0.383721   0.227032   0.340269   0.087024   0.532827   0.631046   0.533031   0.268711   0.383937   0.232899   0.349442   0.097406   0.524227   0.639307   0.536370   0.271826   0.383934   0.235849   0.356303   0.104892   0.491178   0.653558   0.535779   0.271306   0.383600   0.235362   0.360082   0.107509   0.444786   0.669880   0.531380   0.267239   0.382859   0.231517   0.360448   0.103164   0.393309   0.686494   0.524287   0.260740   0.382204   0.225384   0.357819   0.092486   0.345619   0.701940   0.515571   0.252909   0.382157   0.218017   0.353058   0.078360   0.313979   0.713123   0.506103   0.244615   0.382511   0.210250   0.346514   0.065862   0.302855   0.717147   0.499301   0.238790   0.383079   0.204816   0.339272   0.060177   0.301466   0.716847   0.495745   0.235829   0.383441   0.202067   0.332933   0.059139   0.300631   0.716290   0.492850   0.233450   0.383337   0.199864   0.327581   0.060105   0.299958   0.715728   0.490303   0.231378   0.383263   0.197948   0.322777   0.061712   0.299531   0.715090   0.487877   0.229414   0.383144   0.196134   0.318438   0.061783   0.299173   0.714534   0.485439   0.227460   0.383102   0.194331   0.314388   0.061260   0.298771   0.714059   0.483251   0.225728   0.383462   0.192738   0.310681   0.061419 
  8   0.137758   0.696951   0.618834   0.355223   0.663956   0.315969   0.487873   0.034648   0.305757   0.703240   0.636775   0.374609   0.662145   0.334806   0.492592   0.039162   0.306287   0.702618   0.637859   0.375834   0.662986   0.336005   0.490394   0.036850   0.306717   0.701921   0.638750   0.376840   0.665359   0.336990   0.490544   0.035736   0.306948   0.701461   0.638692   0.376759   0.666719   0.336908   0.490100   0.035517   0.308856   0.699840   0.639637   0.377838   0.666673   0.337966   0.489561   0.035514   0.325638   0.693163   0.645950   0.385293   0.665891   0.345325   0.491984   0.033720   0.365506   0.682137   0.654303   0.395274   0.664535   0.355196   0.500941   0.033953   0.416784   0.671483   0.661951   0.404575   0.664048   0.364427   0.514411   0.040553   0.463597   0.663845   0.669922   0.414461   0.664554   0.374271   0.527622   0.050074   0.491857   0.660765   0.676169   0.422361   0.664756   0.382166   0.538942   0.058442   0.492160   0.662833   0.679605   0.426770   0.664701   0.386585   0.547513   0.063932   0.466111   0.669140   0.679388   0.426519   0.664264   0.386339   0.552775   0.065166   0.424776   0.677734   0.675616   0.421737   0.663345   0.381558   0.554463   0.061137   0.378888   0.687079   0.669516   0.414049   0.662540   0.373880   0.553094   0.053059   0.337838   0.695990   0.661953   0.404618   0.662451   0.364477   0.550085   0.043725   0.313431   0.702557   0.653396   0.394092   0.662820   0.354011   0.544720   0.038863   0.306790   0.704880   0.648160   0.387734   0.663436   0.347703   0.537107   0.038703   0.306573   0.704672   0.646542   0.385825   0.663851   0.345819   0.530131   0.038669   0.306519   0.704357   0.644994   0.384008   0.663789   0.344029   0.524566   0.038525   0.306524   0.704006   0.643602   0.382385   0.663761   0.342430   0.519858   0.038688   0.306512   0.703720   0.642213   0.380776   0.663660   0.340847   0.515415   0.038745   0.306447   0.703491   0.640887   0.379247   0.663645   0.339345   0.511136   0.038693   0.306376   0.703243   0.639872   0.378087   0.664093   0.338207   0.507164   0.038834 
  9   0.133591   0.696886   0.651329   0.392419   0.741536   0.352492   0.546267   0.033176   0.306342   0.703032   0.670750   0.415167   0.739672   0.374915   0.553593   0.036876   0.306881   0.702269   0.672974   0.417927   0.740521   0.377665   0.550150   0.034547   0.307323   0.701499   0.674771   0.420166   0.742983   0.379896   0.549448   0.033330   0.307603   0.700978   0.675239   0.420738   0.744412   0.380464   0.548530   0.033082   0.308951   0.699877   0.675816   0.421442   0.744405   0.381162   0.547507   0.032590   0.322039   0.695070   0.681211   0.428362   0.743653   0.388095   0.548479   0.030010   0.354711   0.686530   0.689085   0.438527   0.742312   0.398291   0.556503   0.028392   0.398279   0.677830   0.696640   0.448394   0.741822   0.408209   0.570095   0.032561   0.440695   0.670951   0.705273   0.459888   0.742343   0.419803   0.582750   0.040037   0.470129   0.667089   0.713017   0.470414   0.742543   0.430462   0.592985   0.047153   0.475685   0.667269   0.718366   0.477804   0.742462   0.437967   0.600851   0.052257   0.456007   0.671405   0.719965   0.480043   0.741972   0.440247   0.606229   0.053989   0.419265   0.678173   0.717486   0.476627   0.740962   0.436779   0.608875   0.051259   0.375710   0.686139   0.712014   0.469108   0.740096   0.429151   0.609297   0.044403   0.335994   0.694011   0.704092   0.458318   0.740000   0.418221   0.609553   0.035821   0.312929   0.700095   0.694167   0.444975   0.740377   0.404738   0.607016   0.032084   0.307232   0.702405   0.687874   0.436619   0.741020   0.396314   0.600212   0.032694   0.307149   0.702331   0.685912   0.434087   0.741479   0.393775   0.593374   0.032595   0.307178   0.702154   0.684173   0.431864   0.741457   0.391549   0.587864   0.032281   0.307261   0.701947   0.682566   0.429823   0.741445   0.389508   0.583224   0.032255   0.307293   0.701829   0.680845   0.427650   0.741341   0.387338   0.578704   0.032432   0.307293   0.701723   0.679275   0.425680   0.741332   0.385372   0.574279   0.032538   0.307303   0.701535   0.678199   0.424345   0.741806   0.384042   0.570325   0.032711 
 10   0.146126   0.709443   0.498173   0.239533   0.444528   0.205771   0.308562   0.054084   0.290990   0.727819   0.520085   0.257445   0.443444   0.222357   0.308655   0.055977   0.290476   0.726633   0.520898   0.258154   0.444037   0.223021   0.302797   0.056521   0.289857   0.725768   0.521020   0.258307   0.446009   0.223171   0.298321   0.059301   0.289231   0.725179   0.519940   0.257394   0.447054   0.222321   0.294265   0.063057   0.302423   0.711407   0.528323   0.264784   0.446858   0.229252   0.294828   0.065539   0.361649   0.671631   0.550126   0.284920   0.445997   0.248293   0.300297   0.070983   0.469267   0.619973   0.573478   0.307810   0.444563   0.270161   0.305912   0.088916   0.588229   0.576802   0.595531   0.330581   0.443957   0.292119   0.311065   0.112609   0.687097   0.550996   0.615604   0.352202   0.444245   0.313125   0.316940   0.130935   0.746617   0.545676   0.630166   0.368546   0.444209   0.329123   0.324737   0.145517   0.751030   0.561482   0.637883   0.377544   0.444009   0.337989   0.334408   0.157317   0.698259   0.594259   0.637560   0.377362   0.443599   0.337843   0.344460   0.163683   0.604068   0.636773   0.629004   0.367698   0.442884   0.328373   0.352841   0.161977   0.492088   0.681461   0.614148   0.351064   0.442299   0.312098   0.358008   0.151178   0.388529   0.720074   0.595904   0.331146   0.442339   0.292698   0.358839   0.129361   0.314346   0.747579   0.574753   0.309083   0.442821   0.271383   0.354074   0.099828   0.284520   0.756874   0.557849   0.292180   0.443508   0.255175   0.344481   0.081283   0.282309   0.753241   0.549267   0.283972   0.443907   0.247368   0.334653   0.076867   0.281726   0.749440   0.543468   0.278553   0.443783   0.242234   0.326342   0.076007   0.281039   0.746382   0.538669   0.274144   0.443748   0.238069   0.318680   0.076808   0.280799   0.743718   0.534156   0.270050   0.443708   0.234210   0.311983   0.076741   0.280939   0.741399   0.529742   0.266090   0.443708   0.230486   0.306180   0.075876   0.281059   0.739385   0.525791   0.262593   0.444093   0.227203   0.301047   0.075505 
 11   0.135924   0.707534   0.583455   0.319136   0.621626   0.281244   0.401352   0.053498   0.292789   0.724009   0.616291   0.352497   0.617424   0.313327   0.402855   0.053981   0.292728   0.722437   0.618845   0.355346   0.618021   0.316111   0.392163   0.053192   0.292814   0.720947   0.620284   0.356963   0.620227   0.317694   0.385663   0.054537   0.292773   0.719939   0.619980   0.356669   0.621415   0.317414   0.380964   0.056494   0.303623   0.709930   0.628201   0.365768   0.621247   0.326295   0.381085   0.056951   0.356400   0.681827   0.649645   0.390550   0.620344   0.350674   0.388377   0.059034   0.456556   0.645755   0.672647   0.418698   0.618850   0.378650   0.398448   0.073810   0.570823   0.616435   0.693768   0.446032   0.618255   0.406098   0.407375   0.098183   0.668886   0.599664   0.712891   0.471802   0.618540   0.432166   0.415786   0.120688   0.730273   0.596039   0.726409   0.490651   0.618433   0.451354   0.425425   0.138311   0.735229   0.605502   0.733224   0.500415   0.618174   0.461343   0.436081   0.149152   0.679374   0.626769   0.732043   0.498907   0.617755   0.459835   0.446886   0.152753   0.584019   0.654836   0.722425   0.485594   0.617040   0.446299   0.456592   0.147942   0.475536   0.684494   0.706380   0.463709   0.616431   0.424106   0.463932   0.132725   0.379502   0.710696   0.687529   0.438585   0.616474   0.398736   0.467382   0.108111   0.315478   0.729900   0.666754   0.411868   0.616982   0.371933   0.463701   0.082329   0.291601   0.736963   0.651237   0.392570   0.617667   0.352694   0.453385   0.067545   0.289851   0.735278   0.643909   0.383858   0.618018   0.344078   0.442419   0.062542   0.289076   0.733333   0.638800   0.377911   0.617840   0.338221   0.433064   0.060655   0.288460   0.731492   0.635083   0.373659   0.617787   0.334046   0.424576   0.061268   0.288164   0.729893   0.631590   0.369708   0.617714   0.330174   0.416859   0.061989   0.288138   0.728510   0.627864   0.365524   0.617685   0.326079   0.409750   0.062285   0.288205   0.727204   0.624385   0.361664   0.618113   0.322310   0.403156   0.062760 
 12   0.130698   0.698410   0.663141   0.407482   0.781286   0.367568   0.529616   0.046020   0.303157   0.705601   0.691087   0.441782   0.779299   0.401679   0.528981   0.049927   0.303848   0.704244   0.697795   0.450673   0.780110   0.410642   0.519947   0.044907   0.304357   0.703322   0.702163   0.456474   0.782609   0.416491   0.515485   0.042647   0.304713   0.702638   0.704477   0.459559   0.784047   0.419605   0.511844   0.042177   0.309064   0.699271   0.710297   0.467279   0.784096   0.427389   0.510252   0.040798   0.335563   0.689915   0.725318   0.487953   0.783421   0.448378   0.516929   0.034872   0.393436   0.676778   0.742551   0.512415   0.782151   0.473350   0.534264   0.030330   0.468093   0.664049   0.758308   0.535543   0.781602   0.497108   0.552568   0.034373   0.542950   0.653777   0.774960   0.560760   0.781916   0.523160   0.565484   0.043094   0.600113   0.647517   0.789755   0.583893   0.781808   0.547202   0.575832   0.052199   0.614899   0.647725   0.800128   0.600557   0.781398   0.564606   0.585686   0.060061   0.579888   0.654628   0.803840   0.606660   0.780638   0.571009   0.595435   0.065135   0.512520   0.665434   0.800356   0.601039   0.779430   0.565133   0.604926   0.064841   0.432275   0.677730   0.790923   0.585851   0.778529   0.549263   0.614745   0.058782   0.359080   0.689528   0.775331   0.561247   0.778506   0.523650   0.625919   0.046865   0.316040   0.699719   0.753362   0.527766   0.778943   0.489023   0.628761   0.039742   0.304712   0.704687   0.738079   0.505125   0.779641   0.465730   0.620047   0.040010   0.304486   0.704953   0.733121   0.498063   0.780191   0.458518   0.610410   0.039070   0.304638   0.704799   0.729574   0.493059   0.780300   0.453416   0.603161   0.037872   0.304800   0.704595   0.726435   0.488664   0.780350   0.448942   0.597001   0.037524   0.304742   0.704568   0.723237   0.484232   0.780233   0.444439   0.590870   0.037541   0.304568   0.704595   0.720373   0.480311   0.780237   0.440463   0.584716   0.037282   0.304455   0.704493   0.718111   0.477248   0.780762   0.437363   0.579028   0.037142 
 13   0.126342   0.701470   0.706255   0.461441   0.946296   0.421416   0.610111   0.031535   0.304120   0.711967   0.712732   0.469856   0.944810   0.429865   0.608989   0.031062   0.304579   0.710726   0.712071   0.468854   0.945813   0.428832   0.604127   0.029954   0.304958   0.709496   0.712250   0.469031   0.948306   0.428999   0.601688   0.028490   0.305201   0.708593   0.711435   0.467891   0.949598   0.427839   0.599544   0.027870   0.307403   0.707222   0.710793   0.466955   0.949425   0.426879   0.597173   0.027424   0.324736   0.701768   0.714626   0.472106   0.948425   0.432083   0.596472   0.027460   0.366980   0.690723   0.724933   0.486345   0.946734   0.446542   0.600029   0.029727   0.427503   0.677221   0.741696   0.510261   0.946033   0.470973   0.607162   0.036040   0.492502   0.664501   0.763196   0.542174   0.946422   0.503813   0.614862   0.043542   0.543067   0.655269   0.785433   0.576693   0.946299   0.539631   0.620902   0.048305   0.563073   0.651773   0.805330   0.608958   0.945770   0.573387   0.624836   0.050605   0.543063   0.655407   0.819976   0.633604   0.944863   0.599352   0.626954   0.051472   0.487947   0.665293   0.827190   0.646096   0.943578   0.612584   0.628037   0.051074   0.415671   0.678465   0.826373   0.644759   0.942592   0.611184   0.630330   0.047719   0.350412   0.691311   0.816296   0.627594   0.942360   0.593059   0.637378   0.040593   0.314181   0.701278   0.797072   0.595692   0.942721   0.559535   0.642506   0.036509   0.304966   0.705643   0.780849   0.569431   0.943566   0.532068   0.640848   0.037258   0.304843   0.706063   0.771769   0.555249   0.944218   0.517335   0.638414   0.037473   0.304818   0.706453   0.763170   0.542074   0.944250   0.503697   0.636303   0.036655   0.304774   0.706785   0.755363   0.530317   0.944327   0.491566   0.633857   0.035712   0.304758   0.706976   0.748492   0.520120   0.944471   0.481074   0.631324   0.034597   0.304807   0.707007   0.742622   0.511532   0.944727   0.472259   0.628810   0.033313   0.304900   0.706900   0.737753   0.504501   0.945351   0.465061   0.626497   0.032653 
 14   0.129058   0.697452   0.692985   0.443835   0.834322   0.403662   0.625809   0.033346   0.306956   0.704251   0.708796   0.464163   0.832823   0.424039   0.631328   0.036463   0.307537   0.703652   0.709890   0.465722   0.833778   0.425630   0.626487   0.034344   0.308008   0.702977   0.710759   0.466960   0.836358   0.426894   0.624575   0.033322   0.308328   0.702514   0.710347   0.466449   0.837876   0.426386   0.622576   0.033354   0.309109   0.701982   0.709250   0.465012   0.837919   0.424941   0.620325   0.033202   0.318642   0.698848   0.711706   0.468522   0.837161   0.428526   0.619404   0.031417   0.344448   0.692162   0.717193   0.476169   0.835742   0.436304   0.625195   0.029678   0.380265   0.684551   0.723699   0.485176   0.835203   0.445455   0.637420   0.032106   0.415744   0.678110   0.731804   0.496545   0.835771   0.457034   0.649338   0.037382   0.442414   0.673804   0.739721   0.507844   0.836061   0.468578   0.658688   0.042369   0.450800   0.672691   0.745967   0.516887   0.836021   0.477841   0.665594   0.045863   0.436518   0.675311   0.749100   0.521457   0.835477   0.482529   0.669881   0.046622   0.405260   0.680818   0.748481   0.520526   0.834377   0.481569   0.671469   0.044142   0.366402   0.687844   0.744655   0.514892   0.833490   0.475780   0.671694   0.038284   0.330969   0.694930   0.737499   0.504453   0.833396   0.465072   0.673603   0.031026   0.311645   0.700210   0.728043   0.490810   0.833760   0.451107   0.672763   0.028538   0.307584   0.702055   0.722162   0.482423   0.834422   0.442541   0.666801   0.029721   0.307637   0.701914   0.720269   0.479794   0.834907   0.439869   0.660745   0.029825   0.307736   0.701733   0.718554   0.477435   0.834883   0.437475   0.655523   0.029640   0.307867   0.701551   0.716891   0.475165   0.834826   0.435176   0.650914   0.029841   0.307963   0.701458   0.715084   0.472715   0.834696   0.432696   0.646438   0.030509   0.308034   0.701367   0.713399   0.470444   0.834714   0.430401   0.642237   0.031062   0.308121   0.701198   0.712215   0.468869   0.835212   0.428812   0.638453   0.031436 
 15   0.125304   0.699987   0.715167   0.473266   0.919970   0.433337   0.627057   0.027395   0.302268   0.708903   0.722670   0.483493   0.918775   0.443698   0.630347   0.029710   0.302797   0.707698   0.724387   0.485939   0.919840   0.446195   0.628797   0.030009   0.303253   0.706653   0.726000   0.488224   0.922420   0.448527   0.628746   0.030403   0.303713   0.705755   0.726627   0.489111   0.923867   0.449432   0.628265   0.030935   0.308849   0.702805   0.730780   0.494869   0.924009   0.455284   0.628279   0.029855   0.336733   0.694186   0.744702   0.514836   0.923460   0.475703   0.632970   0.025594   0.395625   0.680872   0.765679   0.546067   0.922189   0.507860   0.647163   0.022900   0.470317   0.667350   0.790084   0.584163   0.921430   0.547433   0.664549   0.026362   0.545950   0.656121   0.816258   0.627077   0.921716   0.592421   0.675922   0.033008   0.603690   0.648848   0.839727   0.667404   0.921728   0.635069   0.681289   0.039478   0.619168   0.647782   0.857273   0.698762   0.921269   0.668475   0.683227   0.044604   0.583784   0.653320   0.867047   0.716719   0.920311   0.687706   0.684346   0.047896   0.515444   0.662831   0.868877   0.720177   0.918826   0.691429   0.687189   0.048073   0.435172   0.673837   0.863393   0.710067   0.917886   0.680595   0.694013   0.044740   0.360764   0.685324   0.847330   0.681017   0.917764   0.649577   0.706525   0.038918   0.316747   0.697163   0.819975   0.633306   0.917956   0.598979   0.711106   0.037947   0.304798   0.703812   0.798906   0.597753   0.918594   0.561508   0.704622   0.040888   0.304186   0.704606   0.789677   0.582896   0.919245   0.545990   0.699124   0.041048   0.303874   0.705061   0.782139   0.570986   0.919458   0.533592   0.694966   0.040274   0.303729   0.705299   0.775687   0.560949   0.919369   0.523174   0.691370   0.039399   0.303715   0.705356   0.770332   0.552721   0.919221   0.514652   0.687917   0.038541   0.303782   0.705272   0.765952   0.546065   0.919403   0.507775   0.684818   0.037741   0.303941   0.705032   0.762385   0.540696   0.920030   0.502236   0.682455   0.037009 
 16   0.123416   0.699072   0.738844   0.505892   0.931942   0.466453   0.700333   0.023289   0.303359   0.707160   0.743429   0.512447   0.930902   0.473150   0.706346   0.024992   0.303866   0.706069   0.744268   0.513648   0.932187   0.474378   0.708309   0.026029   0.304196   0.705159   0.745160   0.514944   0.934964   0.475705   0.710593   0.027015   0.304456   0.704499   0.744927   0.514608   0.936484   0.475362   0.711404   0.027750   0.309554   0.701898   0.747975   0.519005   0.936638   0.479862   0.712020   0.026736   0.336869   0.693727   0.759937   0.536759   0.936032   0.498128   0.716158   0.023596   0.394090   0.680919   0.779113   0.566232   0.934710   0.528650   0.728859   0.022128   0.468271   0.667714   0.802768   0.604280   0.933806   0.568389   0.745302   0.025542   0.545683   0.656364   0.828703   0.648029   0.934029   0.614492   0.757419   0.031160   0.602883   0.649198   0.852099   0.689325   0.934139   0.658384   0.764185   0.036155   0.611394   0.649013   0.869249   0.720777   0.933724   0.692054   0.766371   0.039947   0.569581   0.655232   0.878406   0.738018   0.932675   0.710601   0.766585   0.042537   0.498965   0.664984   0.879432   0.740009   0.931066   0.712756   0.768165   0.043414   0.421464   0.675754   0.873254   0.728380   0.930161   0.700245   0.774130   0.041557   0.353970   0.686497   0.857213   0.698798   0.930118   0.668544   0.785576   0.037139   0.315580   0.696761   0.832466   0.654541   0.930349   0.621389   0.788697   0.037293   0.306234   0.702037   0.814313   0.623051   0.931071   0.588031   0.782674   0.040387   0.305781   0.702587   0.805989   0.609192   0.931863   0.573464   0.779614   0.040198   0.305565   0.702847   0.799218   0.598094   0.932180   0.561832   0.777917   0.039236   0.305484   0.702975   0.793330   0.588572   0.932021   0.551878   0.776481   0.037865   0.305506   0.702985   0.788319   0.580560   0.931830   0.543520   0.775149   0.036326   0.305512   0.702935   0.784138   0.573944   0.932076   0.536632   0.773613   0.035268   0.305499   0.702861   0.780536   0.568295   0.932766   0.530760   0.771835   0.034667 
 17   0.124513   0.698302   0.733904   0.498743   0.931405   0.459132   0.705785   0.022518   0.304469   0.705715   0.738867   0.505753   0.930367   0.466278   0.711237   0.023384   0.304980   0.704717   0.739810   0.507087   0.931585   0.467638   0.712897   0.024232   0.305407   0.703788   0.740988   0.508772   0.934308   0.469359   0.715158   0.025219   0.305754   0.703095   0.741132   0.508971   0.935820   0.469561   0.716035   0.026039   0.308354   0.701481   0.742682   0.511179   0.936010   0.471816   0.716201   0.025869   0.325489   0.695853   0.750758   0.522989   0.935468   0.483933   0.717411   0.023883   0.362811   0.686401   0.764525   0.543588   0.934194   0.505157   0.725339   0.022114   0.409166   0.676787   0.781331   0.569580   0.933397   0.532104   0.738632   0.024201   0.453838   0.668899   0.800163   0.599730   0.933780   0.563565   0.749791   0.028566   0.486400   0.663777   0.817482   0.628424   0.934052   0.593698   0.757264   0.032501   0.495496   0.662530   0.830904   0.651326   0.933832   0.617881   0.761877   0.035232   0.476342   0.665548   0.838963   0.665362   0.932985   0.632759   0.764428   0.036659   0.435548   0.671865   0.841051   0.669049   0.931536   0.636678   0.766422   0.036537   0.384857   0.679506   0.837960   0.663633   0.930663   0.630930   0.772170   0.033216   0.338012   0.687901   0.826042   0.643064   0.930582   0.609164   0.784199   0.028148   0.312803   0.696046   0.806802   0.610577   0.930780   0.574926   0.787694   0.029560   0.307618   0.700025   0.793120   0.588040   0.931436   0.551286   0.781490   0.034137   0.307173   0.700563   0.786470   0.577427   0.932130   0.540219   0.777735   0.035047   0.306870   0.700923   0.780878   0.568622   0.932368   0.531060   0.774919   0.034739   0.306682   0.701132   0.776075   0.561140   0.932196   0.523294   0.772590   0.033817   0.306626   0.701188   0.772056   0.554937   0.931983   0.516866   0.770584   0.032808   0.306601   0.701188   0.768667   0.549751   0.932176   0.511500   0.768556   0.032059   0.306569   0.701147   0.765777   0.545366   0.932820   0.506970   0.766521   0.031480 
 18   0.126557   0.698190   0.713421   0.470591   0.899372   0.430572   0.656305   0.028461   0.304832   0.705426   0.723844   0.484724   0.898098   0.444875   0.660005   0.030078   0.305420   0.704358   0.726183   0.488006   0.899157   0.448216   0.658138   0.029609   0.305932   0.703364   0.728502   0.491271   0.901811   0.451543   0.657817   0.029774   0.306427   0.702536   0.729783   0.493082   0.903340   0.453391   0.656800   0.030380   0.308307   0.701164   0.731521   0.495520   0.903481   0.455874   0.655520   0.030090   0.321939   0.696494   0.739082   0.506366   0.902919   0.466963   0.655241   0.027048   0.353067   0.688325   0.751344   0.524223   0.901690   0.485272   0.662219   0.023694   0.392619   0.679681   0.764999   0.544618   0.901104   0.506282   0.676817   0.024525   0.430718   0.672452   0.780331   0.568205   0.901597   0.530713   0.690281   0.028337   0.459000   0.667686   0.794639   0.590866   0.901842   0.554311   0.699732   0.032662   0.467830   0.666348   0.805575   0.608616   0.901690   0.572881   0.706540   0.036090   0.452996   0.668802   0.811778   0.618854   0.900983   0.583625   0.711471   0.037750   0.419455   0.674286   0.812737   0.620462   0.899661   0.585317   0.715455   0.036875   0.375977   0.681246   0.809152   0.614526   0.898723   0.579084   0.721924   0.032546   0.334933   0.689027   0.798030   0.596365   0.898610   0.560064   0.733675   0.027080   0.312331   0.696556   0.780616   0.568498   0.898859   0.530988   0.737892   0.027911   0.307594   0.700124   0.768651   0.549766   0.899483   0.511523   0.732473   0.031673   0.307321   0.700483   0.763428   0.541823   0.900053   0.503315   0.728068   0.032213   0.307223   0.700655   0.759231   0.535511   0.900171   0.496805   0.724393   0.031769   0.307218   0.700699   0.755727   0.530286   0.900104   0.491426   0.721067   0.031502   0.307197   0.700725   0.752627   0.525700   0.899935   0.486710   0.717585   0.031746   0.307147   0.700747   0.749963   0.521786   0.900013   0.482691   0.714016   0.032022   0.307135   0.700692   0.747875   0.518741   0.900586   0.479568   0.710735   0.032162 
 19   0.126114   0.697537   0.723591   0.484285   0.923499   0.444411   0.700727   0.024711   0.306024   0.704404   0.728234   0.490666   0.922438   0.450884   0.704158   0.025373   0.306539   0.703760   0.728334   0.490782   0.923594   0.450997   0.704341   0.025909   0.306934   0.703049   0.728864   0.491508   0.926352   0.451733   0.705628   0.026344   0.307261   0.702523   0.728469   0.490939   0.927965   0.451151   0.705714   0.026936   0.308066   0.701985   0.727627   0.489739   0.928180   0.449926   0.704718   0.027375   0.316317   0.699442   0.729677   0.492622   0.927631   0.452863   0.703764   0.028006   0.336982   0.694159   0.735197   0.500458   0.926314   0.460858   0.706611   0.028690   0.363724   0.688336   0.742755   0.511347   0.925658   0.471999   0.714143   0.031190   0.388771   0.683529   0.751745   0.524518   0.926256   0.485517   0.722162   0.035266   0.406559   0.680346   0.760097   0.536970   0.926736   0.498340   0.728247   0.038617   0.411826   0.679249   0.766685   0.546946   0.926769   0.508641   0.732088   0.040275   0.401987   0.680554   0.770639   0.553003   0.926150   0.514909   0.733577   0.040110   0.379759   0.684036   0.771283   0.554014   0.924885   0.515961   0.733239   0.037930   0.350810   0.688809   0.769050   0.550611   0.924039   0.512442   0.733775   0.032634   0.323790   0.694259   0.761995   0.539895   0.923938   0.501370   0.738195   0.026679   0.309920   0.698726   0.751911   0.524740   0.924111   0.485741   0.737187   0.026766   0.307551   0.700429   0.745361   0.515044   0.924673   0.475772   0.730548   0.029695   0.307397   0.700608   0.742045   0.510223   0.925206   0.470830   0.726419   0.029946   0.307333   0.700681   0.739219   0.506147   0.925257   0.466659   0.722746   0.029348   0.307368   0.700657   0.736794   0.502675   0.925015   0.463110   0.719290   0.029223   0.307424   0.700606   0.734660   0.499638   0.924730   0.460011   0.715940   0.029602   0.307456   0.700531   0.732879   0.497120   0.924782   0.457442   0.712971   0.029809   0.307520   0.700391   0.731513   0.495198   0.925294   0.455485   0.710554   0.029943 
 20   0.122182   0.701137   0.737015   0.503973   0.929476   0.464622   0.644470   0.028202   0.300898   0.711153   0.740249   0.508604   0.928449   0.469354   0.650191   0.031583   0.301369   0.709945   0.740716   0.509341   0.929649   0.470120   0.650488   0.032356   0.301535   0.709124   0.740902   0.509677   0.932393   0.470476   0.650846   0.033218   0.301565   0.708607   0.739826   0.508187   0.933947   0.468962   0.650035   0.034054   0.311276   0.704045   0.745925   0.516802   0.934239   0.477748   0.653291   0.032329   0.355083   0.691820   0.765728   0.546170   0.933791   0.507970   0.663166   0.028754   0.442162   0.674781   0.793799   0.590345   0.932476   0.553930   0.678684   0.029495   0.555311   0.657414   0.826311   0.644777   0.931463   0.611225   0.692736   0.037390   0.666301   0.643523   0.859472   0.703737   0.931417   0.673993   0.695799   0.047935   0.735608   0.636497   0.886828   0.755081   0.931227   0.729213   0.689438   0.056461   0.738259   0.637871   0.905128   0.790944   0.930670   0.768099   0.680594   0.061675   0.684431   0.645578   0.914254   0.809346   0.929615   0.788160   0.675384   0.063601   0.597441   0.656754   0.915170   0.811272   0.928054   0.790277   0.675304   0.062809   0.494385   0.669854   0.908210   0.797272   0.927154   0.775022   0.680698   0.059881   0.393421   0.683354   0.890193   0.761828   0.927051   0.736562   0.695278   0.053061   0.324444   0.698235   0.855911   0.697461   0.927200   0.667330   0.705493   0.049437   0.301407   0.707502   0.826354   0.644156   0.927859   0.610429   0.701668   0.051532   0.300293   0.708721   0.813063   0.621721   0.928630   0.586782   0.696544   0.051891   0.300174   0.709087   0.802870   0.604939   0.928997   0.569174   0.694069   0.050398   0.300428   0.709119   0.794469   0.591338   0.928917   0.554948   0.692135   0.048174   0.300826   0.708927   0.787719   0.580565   0.928748   0.543709   0.690364   0.045854   0.301237   0.708582   0.782422   0.572209   0.928984   0.535010   0.688984   0.043769   0.301609   0.708160   0.777976   0.565271   0.929677   0.527803   0.687994   0.042175 
 21   0.121118   0.699496   0.759025   0.535549   0.935671   0.496911   0.720540   0.024854   0.303357   0.707898   0.763015   0.541497   0.934814   0.503035   0.728510   0.026690   0.303995   0.706592   0.763943   0.542879   0.936362   0.504457   0.731685   0.027604   0.304351   0.705582   0.764657   0.543956   0.939364   0.505569   0.734890   0.028644   0.304461   0.704986   0.763919   0.542851   0.941069   0.504430   0.736397   0.029420   0.311762   0.701930   0.767400   0.548081   0.941345   0.509824   0.737563   0.028710   0.347765   0.692373   0.781295   0.569603   0.940731   0.532144   0.743263   0.026487   0.422753   0.677457   0.803673   0.605729   0.939337   0.569901   0.757868   0.026788   0.519893   0.661983   0.831072   0.652286   0.938312   0.619032   0.774733   0.032236   0.618281   0.649053   0.859920   0.703972   0.938349   0.674126   0.786118   0.039138   0.684234   0.641687   0.885040   0.751233   0.938278   0.724972   0.790980   0.044211   0.682362   0.643086   0.902540   0.785489   0.937715   0.762103   0.790566   0.047578   0.619945   0.651730   0.910782   0.802064   0.936549   0.780162   0.789449   0.049664   0.531087   0.663289   0.910295   0.801167   0.934872   0.779202   0.791442   0.049813   0.440441   0.675382   0.901760   0.784155   0.934005   0.760698   0.798707   0.048237   0.362876   0.686974   0.883174   0.747899   0.934022   0.721422   0.812085   0.043988   0.318023   0.697246   0.856804   0.698220   0.934326   0.667963   0.817559   0.043051   0.306470   0.702424   0.837556   0.663167   0.935134   0.630484   0.813059   0.045509   0.305957   0.703071   0.828298   0.646989   0.936010   0.613324   0.810678   0.045118   0.305761   0.703413   0.820688   0.633915   0.936437   0.599500   0.809663   0.043751   0.305726   0.703550   0.814175   0.622883   0.936281   0.587866   0.809077   0.041872   0.305697   0.703605   0.808562   0.613497   0.936063   0.577992   0.808296   0.040039   0.305567   0.703646   0.803721   0.605507   0.936367   0.569607   0.807002   0.038763   0.305391   0.703678   0.799395   0.598449   0.937126   0.562217   0.805227   0.038001 
 22   0.121813   0.698330   0.759466   0.535990   0.938872   0.497323   0.754956   0.022366   0.304703   0.705778   0.764088   0.542873   0.938042   0.504410   0.762087   0.023142   0.305150   0.704774   0.764665   0.543722   0.939346   0.505281   0.764698   0.024361   0.305562   0.703823   0.765500   0.544972   0.942135   0.506570   0.767568   0.025615   0.305884   0.703122   0.765323   0.544691   0.943756   0.506277   0.768758   0.026577   0.309017   0.701421   0.766786   0.546892   0.944001   0.508547   0.768521   0.026794   0.328570   0.695430   0.775071   0.559651   0.943449   0.521763   0.769987   0.025399   0.371207   0.685261   0.789356   0.582164   0.942173   0.545185   0.779188   0.023958   0.424161   0.674904   0.806933   0.610828   0.941274   0.575196   0.792574   0.025944   0.473823   0.666664   0.826336   0.643608   0.941570   0.609748   0.803090   0.030012   0.508808   0.661541   0.843935   0.674392   0.941882   0.642407   0.810187   0.033483   0.518355   0.660507   0.857441   0.698735   0.941626   0.668380   0.814156   0.035823   0.498305   0.663863   0.865494   0.713553   0.940686   0.684251   0.815806   0.037470   0.453934   0.670707   0.867466   0.717229   0.939165   0.688198   0.816975   0.038313   0.397008   0.679068   0.863907   0.710641   0.938317   0.681133   0.822268   0.036255   0.343689   0.687873   0.851587   0.688219   0.938256   0.657167   0.834363   0.031062   0.314123   0.696278   0.831606   0.652717   0.938456   0.619391   0.838762   0.031241   0.307667   0.700445   0.817060   0.627502   0.939137   0.592685   0.833253   0.035310   0.307244   0.700931   0.810099   0.615815   0.939912   0.580382   0.829577   0.036018   0.306986   0.701206   0.804293   0.606199   0.940265   0.570286   0.827031   0.035518   0.306858   0.701331   0.799249   0.597940   0.940067   0.561632   0.824992   0.034444   0.306802   0.701357   0.794962   0.590989   0.939875   0.554363   0.823181   0.033141   0.306793   0.701299   0.791443   0.585334   0.940197   0.548458   0.821398   0.032252   0.306792   0.701212   0.788369   0.580434   0.940921   0.543350   0.819474   0.031876 
 23   0.122643   0.697579   0.754029   0.527778   0.938968   0.488848   0.764445   0.021261   0.305387   0.704366   0.758330   0.534126   0.938125   0.495372   0.770084   0.021647   0.305869   0.703510   0.758844   0.534877   0.939526   0.496142   0.772219   0.022968   0.306304   0.702658   0.759682   0.536115   0.942407   0.497414   0.774671   0.024421   0.306631   0.702043   0.759506   0.535837   0.944081   0.497126   0.775306   0.025566   0.308096   0.701076   0.759598   0.535954   0.944384   0.497242   0.774886   0.026045   0.320125   0.697131   0.764431   0.543246   0.943879   0.504766   0.775350   0.025433   0.348154   0.689938   0.773886   0.557722   0.942616   0.519745   0.781439   0.024387   0.383536   0.682520   0.785643   0.576161   0.941781   0.538909   0.792013   0.025888   0.416444   0.676554   0.799103   0.597800   0.942217   0.561505   0.801342   0.029387   0.438949   0.672791   0.811516   0.618259   0.942693   0.582967   0.808004   0.032420   0.443145   0.671954   0.820980   0.634187   0.942649   0.599742   0.812090   0.034223   0.427126   0.674275   0.826349   0.643353   0.941920   0.609422   0.813910   0.035043   0.397289   0.678996   0.827229   0.644876   0.940580   0.611033   0.814612   0.034845   0.360933   0.684693   0.824356   0.639968   0.939828   0.605850   0.818649   0.031108   0.327785   0.691155   0.814474   0.623308   0.939796   0.588299   0.829045   0.025760   0.310983   0.696974   0.800146   0.599507   0.939980   0.563293   0.830140   0.026769   0.308050   0.699438   0.790755   0.584207   0.940599   0.547277   0.822241   0.030584   0.307755   0.699755   0.785808   0.576322   0.941268   0.539058   0.818268   0.031115   0.307578   0.699933   0.781581   0.569652   0.941488   0.532117   0.815021   0.030505   0.307445   0.700061   0.777742   0.563648   0.941175   0.525880   0.811784   0.029749   0.307361   0.700125   0.774382   0.558434   0.940849   0.520472   0.808605   0.029290   0.307349   0.700094   0.771656   0.554235   0.941031   0.516123   0.805703   0.028936   0.307381   0.700006   0.769399   0.550784   0.941641   0.512552   0.802984   0.028550 
 24   0.124584   0.697378   0.737668   0.503994   0.933734   0.464472   0.732715   0.021075   0.305583   0.703990   0.742084   0.510289   0.932779   0.470901   0.737933   0.021589   0.306095   0.703177   0.742699   0.511163   0.934096   0.471792   0.739599   0.022857   0.306533   0.702361   0.743643   0.512517   0.936958   0.473176   0.741928   0.024171   0.306888   0.701762   0.743595   0.512435   0.938628   0.473090   0.742843   0.025017   0.308074   0.700928   0.743548   0.512345   0.938920   0.472994   0.742760   0.025241   0.318247   0.697520   0.747428   0.517992   0.938423   0.478782   0.743416   0.024894   0.341866   0.691313   0.755254   0.529532   0.937159   0.490641   0.749179   0.024463   0.371337   0.684991   0.765058   0.544289   0.936380   0.505861   0.759456   0.026317   0.398717   0.679916   0.776336   0.561629   0.936873   0.523818   0.769116   0.029734   0.417413   0.676704   0.786662   0.577849   0.937376   0.540681   0.776292   0.032506   0.421676   0.675855   0.794563   0.590485   0.937401   0.553863   0.780878   0.034083   0.409208   0.677639   0.799001   0.597669   0.936720   0.561374   0.782970   0.034384   0.384344   0.681532   0.799563   0.598592   0.935379   0.562341   0.783364   0.033372   0.353199   0.686508   0.796958   0.594374   0.934586   0.557932   0.785734   0.029489   0.324350   0.692385   0.788275   0.580468   0.934539   0.543421   0.793247   0.024734   0.310158   0.697402   0.776053   0.561152   0.934720   0.523315   0.792572   0.026118   0.307957   0.699346   0.768318   0.549146   0.935326   0.510861   0.784557   0.030008   0.307720   0.699587   0.764256   0.542956   0.935946   0.504462   0.780579   0.030605   0.307590   0.699725   0.760787   0.537715   0.936091   0.499053   0.777165   0.029843   0.307509   0.699815   0.757635   0.532995   0.935762   0.494188   0.773556   0.029330   0.307453   0.699872   0.754799   0.528780   0.935375   0.489851   0.769839   0.029368   0.307434   0.699864   0.752468   0.525339   0.935447   0.486315   0.766568   0.029188   0.307461   0.699784   0.750634   0.522650   0.936001   0.483555   0.763779   0.028826 
