timestamp=                2022-01-13T10:25:11.585074
shape=                    (5, 5)
sigma=                    2.5
nepochs=                  5
rate=                     0.00725
neighborhood function=    gaussian
init weights=             pca
topology=                 hexagonal
activation distance=      euclidean
output type=              labels
mapfile_prefix=           2020_5x5_5_00725_10
apply classification=     False
apply activation=         False
seed=                     None
random order=             True
custom init file=         None
decay_function=           3

quantization error=       0.35767722
topographic error=        0.13991938

############ NEURONS #############
 25 192
  0   0.142130   0.697640   0.577866   0.312166   0.577328   0.274324   0.424190   0.036839   0.304257   0.704564   0.593458   0.327183   0.575960   0.288621   0.425657   0.040570   0.304789   0.703936   0.593936   0.327655   0.576769   0.289072   0.424200   0.038485   0.305075   0.703406   0.593771   0.327478   0.579026   0.288900   0.424512   0.038591   0.305167   0.703090   0.592945   0.326625   0.580312   0.288077   0.424118   0.039234   0.308120   0.700331   0.594845   0.328562   0.580244   0.289940   0.424471   0.039667   0.329994   0.690617   0.602656   0.336827   0.579461   0.297940   0.428756   0.038534   0.378709   0.676068   0.611235   0.346120   0.578110   0.306972   0.438872   0.040791   0.437479   0.662963   0.618587   0.354265   0.577611   0.314920   0.452837   0.049699   0.486233   0.654682   0.625821   0.362404   0.578102   0.322885   0.466827   0.060337   0.511059   0.652602   0.630857   0.368144   0.578323   0.328515   0.478993   0.069451   0.505555   0.656815   0.632845   0.370428   0.578308   0.330758   0.488028   0.075170   0.473981   0.665708   0.631336   0.368688   0.577927   0.329048   0.493164   0.075640   0.428661   0.676643   0.626800   0.363490   0.577080   0.323946   0.494122   0.070179   0.380708   0.687827   0.620525   0.356389   0.576334   0.316989   0.491404   0.060464   0.338991   0.698107   0.613424   0.348473   0.576257   0.309256   0.486241   0.049851   0.313577   0.705502   0.606021   0.340345   0.576611   0.301337   0.479004   0.043305   0.305826   0.708064   0.601482   0.335434   0.577202   0.296566   0.470803   0.041630   0.305234   0.707823   0.599857   0.333731   0.577587   0.294920   0.463596   0.041369   0.304890   0.707494   0.598315   0.332125   0.577493   0.293370   0.457604   0.041632   0.304574   0.707193   0.596881   0.330642   0.577436   0.291941   0.452294   0.042203   0.304395   0.706836   0.595467   0.329182   0.577329   0.290533   0.447376   0.042502   0.304245   0.706509   0.594066   0.327745   0.577310   0.289150   0.442747   0.042569   0.304019   0.706260   0.592848   0.326510   0.577728   0.287964   0.438354   0.042834 
  1   0.147390   0.698133   0.531888   0.267917   0.480392   0.232187   0.365575   0.037766   0.303418   0.705508   0.541759   0.276314   0.478934   0.240007   0.364201   0.042373   0.303947   0.704863   0.541629   0.276175   0.479694   0.239872   0.364128   0.041804   0.304130   0.704396   0.541053   0.275645   0.481827   0.239372   0.364415   0.042480   0.304143   0.704179   0.539852   0.274545   0.483047   0.238334   0.363950   0.043706   0.307730   0.700745   0.542210   0.276689   0.482969   0.240355   0.365135   0.044472   0.332245   0.688634   0.550649   0.284638   0.482198   0.247894   0.369993   0.043768   0.384525   0.670832   0.559310   0.293025   0.480885   0.255886   0.379153   0.047568   0.445428   0.655148   0.566851   0.300482   0.480399   0.263019   0.391735   0.058360   0.492114   0.646003   0.574208   0.307851   0.480877   0.270083   0.404488   0.070133   0.510874   0.645190   0.579183   0.312892   0.481103   0.274925   0.415501   0.080069   0.500904   0.651618   0.581139   0.314881   0.481106   0.276839   0.423479   0.086576   0.469266   0.662550   0.579854   0.313544   0.480762   0.275548   0.427585   0.087600   0.426737   0.675153   0.575613   0.309185   0.479977   0.271351   0.427650   0.082247   0.381248   0.687833   0.569557   0.303045   0.479272   0.265452   0.424250   0.071851   0.340117   0.699570   0.562535   0.296052   0.479199   0.258754   0.418516   0.059671   0.313870   0.708053   0.555229   0.288908   0.479543   0.251935   0.410943   0.050964   0.305046   0.711107   0.550485   0.284348   0.480113   0.247596   0.402822   0.047881   0.303975   0.710968   0.548332   0.282342   0.480475   0.245697   0.395844   0.047503   0.303295   0.710676   0.546377   0.280543   0.480365   0.243997   0.389933   0.048114   0.302780   0.710333   0.544531   0.278851   0.480300   0.242401   0.384745   0.048947   0.302411   0.709967   0.542673   0.277152   0.480188   0.240798   0.380042   0.049190   0.302095   0.709663   0.540855   0.275498   0.480159   0.239239   0.375649   0.049159   0.301805   0.709346   0.539275   0.274076   0.480552   0.237901   0.371618   0.049306 
  2   0.159190   0.698265   0.428686   0.184826   0.285665   0.155439   0.265273   0.048211   0.302163   0.705492   0.420613   0.178634   0.284828   0.149773   0.257778   0.060703   0.302648   0.704520   0.421138   0.178966   0.285488   0.150067   0.259012   0.063891   0.302811   0.703834   0.421405   0.179154   0.287392   0.150236   0.259805   0.067716   0.302966   0.703359   0.420927   0.178824   0.288485   0.149939   0.260107   0.071387   0.307581   0.699104   0.423000   0.180239   0.288408   0.151210   0.261176   0.074302   0.334455   0.683291   0.430497   0.185554   0.287708   0.156010   0.264366   0.076874   0.389446   0.659450   0.440007   0.192499   0.286521   0.162313   0.269888   0.085263   0.451219   0.639126   0.449719   0.199752   0.286089   0.168923   0.277415   0.098290   0.500359   0.627597   0.458996   0.206800   0.286571   0.175364   0.285606   0.108764   0.525170   0.626627   0.465751   0.212012   0.286844   0.180139   0.293090   0.117475   0.520651   0.635327   0.469119   0.214647   0.286892   0.182559   0.298647   0.124111   0.491713   0.649951   0.468982   0.214548   0.286596   0.182470   0.301357   0.125714   0.448456   0.666768   0.465581   0.211875   0.285875   0.180013   0.301086   0.120405   0.397901   0.684680   0.459545   0.207164   0.285236   0.175687   0.298390   0.110504   0.348087   0.702443   0.451318   0.200860   0.285180   0.169918   0.293907   0.098750   0.313926   0.715570   0.441939   0.193839   0.285485   0.163519   0.287977   0.087853   0.301571   0.720256   0.435031   0.188788   0.285999   0.158933   0.281722   0.082664   0.299976   0.719837   0.431162   0.186043   0.286339   0.156453   0.276355   0.082106   0.299155   0.719035   0.427977   0.183808   0.286240   0.154438   0.271920   0.084727   0.298713   0.718065   0.425096   0.181803   0.286150   0.152633   0.268208   0.087647   0.298323   0.717197   0.422243   0.179835   0.286003   0.150864   0.264711   0.087133   0.297836   0.716495   0.419616   0.178031   0.285942   0.149243   0.261352   0.085900   0.297331   0.715823   0.417392   0.176518   0.286276   0.147886   0.258458   0.086263 
  3   0.161353   0.705242   0.373961   0.148843   0.208520   0.123331   0.216224   0.065399   0.292309   0.718875   0.354975   0.136778   0.207633   0.112627   0.205219   0.085332   0.292850   0.717138   0.355902   0.137295   0.208253   0.113075   0.206033   0.092136   0.292693   0.716245   0.355876   0.137280   0.210062   0.113062   0.206144   0.099437   0.292615   0.715649   0.354961   0.136749   0.211076   0.112598   0.205909   0.105507   0.303524   0.704868   0.360142   0.139755   0.210986   0.115224   0.207469   0.110325   0.350917   0.673190   0.373522   0.147894   0.210310   0.122391   0.210672   0.119788   0.436096   0.631699   0.388064   0.157213   0.209174   0.130666   0.214146   0.137434   0.528860   0.596820   0.402009   0.166455   0.208812   0.138921   0.218938   0.152807   0.606190   0.574593   0.414838   0.175205   0.209325   0.146774   0.224557   0.159190   0.652015   0.569043   0.424770   0.182163   0.209585   0.153047   0.230371   0.163588   0.653296   0.581725   0.430412   0.186201   0.209632   0.156701   0.235941   0.167904   0.610430   0.608655   0.430917   0.186572   0.209359   0.157039   0.240184   0.168880   0.539010   0.642268   0.426561   0.183439   0.208675   0.154203   0.242112   0.162965   0.454677   0.678033   0.418535   0.177739   0.208045   0.149052   0.241618   0.152832   0.372697   0.712240   0.407016   0.169757   0.207948   0.141869   0.239189   0.142214   0.313680   0.737366   0.392754   0.160190   0.208191   0.133306   0.235071   0.129198   0.290088   0.746301   0.381241   0.152718   0.208637   0.126655   0.229719   0.120180   0.287438   0.744440   0.374527   0.148524   0.208918   0.122946   0.224269   0.118722   0.286755   0.741724   0.369338   0.145349   0.208786   0.120148   0.219712   0.122351   0.286720   0.738918   0.364738   0.142572   0.208693   0.117707   0.216107   0.125925   0.286544   0.736589   0.360399   0.139983   0.208555   0.115434   0.212692   0.124013   0.285944   0.734903   0.356492   0.137677   0.208480   0.113414   0.209286   0.121031   0.285420   0.733361   0.353377   0.135856   0.208772   0.111821   0.206311   0.121450 
  4   0.157826   0.706305   0.380194   0.153303   0.202141   0.127359   0.212170   0.153990   0.280826   0.720559   0.352698   0.135805   0.201853   0.111827   0.199465   0.240401   0.280703   0.717696   0.353650   0.136342   0.202410   0.112294   0.199367   0.261014   0.280194   0.715376   0.354270   0.136697   0.204088   0.112604   0.199574   0.280762   0.279937   0.713570   0.353952   0.136506   0.204950   0.112436   0.199828   0.299000   0.297168   0.704516   0.356861   0.138228   0.204766   0.113945   0.200488   0.311476   0.363448   0.676127   0.367659   0.144853   0.204063   0.119789   0.202812   0.319805   0.474928   0.635053   0.382972   0.154600   0.202929   0.128440   0.205974   0.331529   0.593642   0.597301   0.398944   0.165165   0.202642   0.137878   0.209293   0.340121   0.691034   0.570059   0.413892   0.175400   0.203261   0.147075   0.212684   0.335942   0.751988   0.557857   0.425542   0.183620   0.203587   0.154500   0.215795   0.329075   0.763258   0.564329   0.432627   0.188746   0.203680   0.159149   0.218632   0.325531   0.721963   0.588447   0.434084   0.189832   0.203462   0.160139   0.220877   0.322713   0.639344   0.624236   0.429730   0.186680   0.202841   0.157281   0.221714   0.315047   0.529733   0.667496   0.420216   0.179885   0.202230   0.151130   0.220744   0.307764   0.413265   0.713225   0.405381   0.169582   0.202034   0.141849   0.218264   0.309999   0.316853   0.751193   0.386652   0.157011   0.202125   0.130590   0.214287   0.313896   0.273382   0.765106   0.372669   0.147917   0.202479   0.122490   0.209646   0.317178   0.269560   0.759740   0.366193   0.143884   0.202710   0.118923   0.205515   0.322615   0.269639   0.752965   0.361676   0.141145   0.202527   0.116513   0.202310   0.331474   0.270147   0.746983   0.357734   0.138785   0.202434   0.114440   0.199890   0.338431   0.270580   0.742018   0.354234   0.136714   0.202353   0.112624   0.197582   0.335445   0.270565   0.737974   0.351326   0.135003   0.202315   0.111126   0.195341   0.330349   0.270222   0.734509   0.348995   0.133643   0.202600   0.109936   0.193424   0.330428 
  5   0.133598   0.696893   0.651048   0.392088   0.741453   0.352165   0.545834   0.032774   0.306321   0.703060   0.670488   0.414843   0.739554   0.374593   0.553474   0.036195   0.306847   0.702334   0.672570   0.417424   0.740415   0.377163   0.550082   0.033957   0.307281   0.701581   0.674296   0.419575   0.742882   0.379307   0.549372   0.032870   0.307553   0.701048   0.674810   0.420207   0.744314   0.379936   0.548365   0.032759   0.308908   0.699921   0.675463   0.421009   0.744306   0.380733   0.547235   0.032389   0.322141   0.695064   0.680915   0.427994   0.743546   0.387729   0.548140   0.029914   0.355005   0.686472   0.688902   0.438292   0.742201   0.398056   0.556101   0.028417   0.398593   0.677752   0.696602   0.448343   0.741713   0.408157   0.569649   0.032566   0.440878   0.670888   0.705217   0.459814   0.742232   0.419728   0.582301   0.039993   0.469913   0.667122   0.712931   0.470298   0.742434   0.430344   0.592601   0.047168   0.475356   0.667356   0.718273   0.477679   0.742356   0.437841   0.600477   0.052221   0.455924   0.671449   0.719852   0.479896   0.741864   0.440099   0.605871   0.053843   0.419397   0.678165   0.717413   0.476538   0.740854   0.436691   0.608556   0.051086   0.375749   0.686141   0.711882   0.468937   0.739993   0.428979   0.608969   0.044134   0.335848   0.694036   0.703879   0.458032   0.739899   0.417932   0.609244   0.035363   0.312877   0.700103   0.693950   0.444687   0.740276   0.404448   0.606719   0.031630   0.307188   0.702449   0.687595   0.436256   0.740921   0.395949   0.599878   0.032419   0.307098   0.702396   0.685601   0.433685   0.741379   0.393372   0.593012   0.032368   0.307150   0.702196   0.683930   0.431549   0.741354   0.391233   0.587533   0.031989   0.307245   0.701974   0.682365   0.429561   0.741339   0.389245   0.582895   0.031895   0.307270   0.701856   0.680641   0.427386   0.741234   0.387073   0.578366   0.032098   0.307253   0.701765   0.679054   0.425399   0.741225   0.385091   0.573873   0.032360   0.307234   0.701597   0.677947   0.424025   0.741695   0.383723   0.569799   0.032578 
  6   0.137785   0.697005   0.618509   0.354879   0.663164   0.315636   0.487230   0.035110   0.305740   0.703326   0.636597   0.374417   0.661324   0.334619   0.491765   0.039764   0.306262   0.702691   0.637704   0.375662   0.662168   0.335837   0.489544   0.037382   0.306678   0.702011   0.638558   0.376619   0.664540   0.336773   0.489610   0.036273   0.306899   0.701560   0.638479   0.376515   0.665900   0.336669   0.489079   0.036087   0.308863   0.699886   0.639501   0.377681   0.665855   0.337813   0.488606   0.035945   0.325975   0.693095   0.645879   0.385209   0.665076   0.345241   0.491249   0.034024   0.366325   0.681929   0.654225   0.395178   0.663721   0.355101   0.500458   0.034176   0.417707   0.671235   0.661913   0.404525   0.663226   0.364376   0.514029   0.040712   0.464624   0.663599   0.669948   0.414495   0.663723   0.374305   0.527250   0.050146   0.493282   0.660466   0.676281   0.422511   0.663922   0.382318   0.538641   0.058592   0.493344   0.662602   0.679698   0.426905   0.663866   0.386724   0.547331   0.064113   0.466861   0.669049   0.679342   0.426479   0.663431   0.386303   0.552796   0.065395   0.425301   0.677729   0.675462   0.421553   0.662514   0.381377   0.554656   0.061499   0.379141   0.687102   0.669314   0.413801   0.661712   0.373632   0.553322   0.053379   0.337987   0.696050   0.661692   0.404301   0.661625   0.364163   0.550258   0.043893   0.313460   0.702676   0.653105   0.393751   0.661996   0.353675   0.544776   0.038798   0.306747   0.705006   0.647861   0.387385   0.662615   0.347359   0.537170   0.038542   0.306522   0.704795   0.646188   0.385408   0.663034   0.345409   0.530240   0.038530   0.306487   0.704465   0.644662   0.383620   0.662972   0.343646   0.524676   0.038307   0.306491   0.704108   0.643323   0.382060   0.662940   0.342110   0.519916   0.038409   0.306459   0.703839   0.641924   0.380439   0.662834   0.340515   0.515268   0.038610   0.306386   0.703621   0.640597   0.378912   0.662815   0.339016   0.510733   0.038718   0.306270   0.703394   0.639590   0.377768   0.663260   0.337894   0.506547   0.038944 
  7   0.153275   0.699041   0.479610   0.223344   0.382783   0.190623   0.310915   0.040894   0.302388   0.707176   0.483604   0.225920   0.381831   0.192901   0.307689   0.047051   0.302786   0.706337   0.483922   0.226140   0.382516   0.193098   0.308028   0.047881   0.302948   0.705629   0.484263   0.226411   0.384519   0.193347   0.308118   0.049742   0.303070   0.705114   0.483808   0.226045   0.385669   0.193010   0.307712   0.051921   0.307480   0.700961   0.486500   0.228190   0.385585   0.194986   0.308936   0.053614   0.334526   0.686162   0.495312   0.235481   0.384835   0.201747   0.313217   0.054694   0.391939   0.663640   0.505700   0.244364   0.383567   0.210031   0.320367   0.061167   0.458231   0.643655   0.516058   0.253437   0.383084   0.218527   0.329909   0.074039   0.509278   0.632289   0.525766   0.262094   0.383531   0.226660   0.340135   0.086627   0.531253   0.631373   0.532545   0.268257   0.383746   0.232469   0.349360   0.096976   0.522534   0.639605   0.535891   0.271369   0.383741   0.235415   0.356226   0.104487   0.490666   0.653420   0.535340   0.270888   0.383406   0.234965   0.360016   0.107032   0.444771   0.669595   0.530967   0.266856   0.382664   0.231155   0.360387   0.102589   0.393126   0.686381   0.523960   0.260447   0.382008   0.225107   0.357771   0.092001   0.345439   0.701887   0.515300   0.252675   0.381961   0.217798   0.353061   0.077900   0.313949   0.713097   0.505841   0.244390   0.382315   0.210040   0.346495   0.065585   0.302805   0.717185   0.499046   0.238575   0.382883   0.204616   0.339138   0.060055   0.301339   0.716944   0.495480   0.235609   0.383244   0.201864   0.332683   0.059078   0.300467   0.716401   0.492618   0.233257   0.383138   0.199685   0.327262   0.060127   0.299946   0.715697   0.490184   0.231275   0.383063   0.197852   0.322571   0.061655   0.299652   0.714956   0.487823   0.229369   0.382944   0.196092   0.318306   0.061604   0.299308   0.714386   0.485420   0.227441   0.382904   0.194314   0.314280   0.060963   0.298841   0.713936   0.483228   0.225700   0.383265   0.192710   0.310584   0.061090 
  8   0.151599   0.709253   0.430353   0.186524   0.330216   0.157051   0.251726   0.062218   0.286398   0.727174   0.433090   0.188066   0.329228   0.158380   0.243657   0.069066   0.286228   0.725700   0.433845   0.188611   0.329853   0.158873   0.241258   0.070818   0.285472   0.724608   0.434012   0.188764   0.331723   0.159018   0.238530   0.076183   0.284563   0.723809   0.433041   0.188113   0.332722   0.158435   0.235715   0.082547   0.300018   0.708639   0.444032   0.196006   0.332562   0.165582   0.238301   0.086910   0.364969   0.669301   0.468949   0.214809   0.331798   0.182755   0.244964   0.097073   0.477351   0.623660   0.492576   0.233981   0.330515   0.200479   0.249585   0.122372   0.597817   0.587395   0.513192   0.251629   0.330031   0.216947   0.253981   0.147336   0.697407   0.563871   0.531153   0.267604   0.330442   0.231955   0.259234   0.158613   0.758421   0.555869   0.544348   0.279751   0.330555   0.243434   0.265620   0.163991   0.763780   0.566483   0.551612   0.286660   0.330473   0.250001   0.273069   0.168057   0.711963   0.593850   0.551939   0.287084   0.330118   0.250422   0.280423   0.169563   0.619027   0.631138   0.545143   0.280738   0.329399   0.244410   0.286076   0.165179   0.506274   0.671730   0.532971   0.269445   0.328775   0.233723   0.288654   0.155325   0.397185   0.709903   0.516619   0.254679   0.328719   0.219815   0.287754   0.139411   0.313572   0.741634   0.493433   0.234765   0.329058   0.201219   0.283375   0.113070   0.277999   0.755823   0.473075   0.218026   0.329623   0.185707   0.274992   0.095199   0.275102   0.754265   0.462957   0.210133   0.329975   0.178458   0.266054   0.092856   0.274789   0.750880   0.456387   0.205121   0.329858   0.173874   0.259403   0.094327   0.274776   0.747612   0.450848   0.200973   0.329798   0.170091   0.253933   0.096735   0.275152   0.744550   0.445847   0.197294   0.329719   0.166746   0.249207   0.096462   0.275667   0.741804   0.441326   0.194008   0.329691   0.163765   0.244950   0.095417   0.275865   0.739463   0.437376   0.191179   0.330023   0.161205   0.241007   0.095921 
  9   0.151066   0.699528   0.469930   0.216109   0.338242   0.184033   0.282240   0.145293   0.286080   0.707467   0.459617   0.208015   0.340963   0.176595   0.269402   0.236135   0.285146   0.705488   0.461688   0.209621   0.341453   0.178069   0.268324   0.264758   0.283873   0.703924   0.463342   0.210904   0.343240   0.179247   0.268092   0.289038   0.282797   0.702762   0.463972   0.211395   0.344131   0.179698   0.267986   0.310736   0.296728   0.697500   0.466656   0.213463   0.343873   0.181593   0.268463   0.326269   0.355511   0.679430   0.476351   0.221192   0.343077   0.188719   0.271741   0.324139   0.456214   0.652163   0.490943   0.233268   0.341862   0.199924   0.276543   0.321637   0.562563   0.626725   0.506411   0.246569   0.341572   0.212350   0.281246   0.327155   0.650131   0.607695   0.520501   0.259055   0.342188   0.224076   0.286087   0.322230   0.705974   0.598108   0.531057   0.268667   0.342471   0.233146   0.290429   0.314038   0.717784   0.600683   0.536889   0.274110   0.342535   0.238305   0.294278   0.307834   0.683017   0.615434   0.537160   0.274406   0.342305   0.238593   0.297240   0.302982   0.609972   0.639271   0.531941   0.269560   0.341669   0.234006   0.298569   0.295723   0.511529   0.669153   0.522083   0.260519   0.340994   0.225463   0.297425   0.290202   0.406836   0.700995   0.508152   0.248080   0.340763   0.213765   0.293416   0.294336   0.317638   0.729004   0.490265   0.232687   0.340892   0.199382   0.286888   0.307738   0.275509   0.740677   0.477259   0.221833   0.341267   0.189296   0.279765   0.326580   0.271189   0.737626   0.472573   0.218100   0.341457   0.185855   0.274248   0.342680   0.270545   0.733323   0.469535   0.215731   0.341227   0.183680   0.270278   0.357340   0.270258   0.729444   0.466833   0.213643   0.341160   0.181764   0.267256   0.368593   0.270480   0.726049   0.464330   0.211712   0.341132   0.179995   0.264682   0.369134   0.270657   0.723192   0.462082   0.209987   0.341128   0.178415   0.262168   0.365342   0.270262   0.720743   0.460308   0.208643   0.341475   0.177186   0.259836   0.364214 
 10   0.129085   0.697437   0.692917   0.443759   0.833545   0.403587   0.625543   0.033462   0.306975   0.704241   0.708725   0.464078   0.832070   0.423954   0.631217   0.036691   0.307545   0.703666   0.709679   0.465446   0.833017   0.425353   0.626394   0.034471   0.308003   0.703005   0.710473   0.466580   0.835595   0.426511   0.624410   0.033312   0.308308   0.702557   0.710015   0.466008   0.837118   0.425940   0.622434   0.033312   0.309093   0.702021   0.708897   0.464543   0.837165   0.424467   0.620306   0.033083   0.318647   0.698877   0.711320   0.467996   0.836400   0.427993   0.619406   0.031270   0.344549   0.692203   0.716767   0.475573   0.834977   0.435697   0.625178   0.029687   0.380336   0.684633   0.723195   0.484458   0.834438   0.444721   0.637406   0.032116   0.415719   0.678227   0.731286   0.495798   0.835008   0.456269   0.649340   0.037324   0.442078   0.674010   0.739167   0.507030   0.835298   0.467741   0.658880   0.042331   0.450308   0.672898   0.745393   0.516024   0.835258   0.476951   0.665901   0.045801   0.436532   0.675354   0.748644   0.520763   0.834713   0.481812   0.670139   0.046606   0.405505   0.680783   0.748107   0.519958   0.833610   0.480982   0.671682   0.044136   0.366503   0.687798   0.744303   0.514365   0.832722   0.475237   0.671817   0.038250   0.331001   0.694883   0.737213   0.504028   0.832630   0.464635   0.673595   0.031079   0.311661   0.700160   0.727845   0.490522   0.832995   0.450812   0.672638   0.028620   0.307600   0.701996   0.722017   0.482215   0.833660   0.442328   0.666615   0.029741   0.307657   0.701850   0.720167   0.479647   0.834146   0.439718   0.660529   0.029874   0.307764   0.701669   0.718492   0.477346   0.834121   0.437384   0.655283   0.029742   0.307888   0.701508   0.716802   0.475042   0.834062   0.435051   0.650721   0.029978   0.307984   0.701420   0.714952   0.472531   0.833934   0.432509   0.646375   0.030615   0.308058   0.701327   0.713281   0.470280   0.833952   0.430234   0.642256   0.031064   0.308144   0.701148   0.712127   0.468746   0.834448   0.428687   0.638512   0.031395 
 11   0.126382   0.701453   0.706227   0.461415   0.946426   0.421391   0.611098   0.031267   0.304180   0.711947   0.712654   0.469760   0.944919   0.429770   0.609975   0.030815   0.304644   0.710716   0.712000   0.468766   0.945924   0.428744   0.605054   0.029811   0.305037   0.709479   0.712200   0.468972   0.948413   0.428940   0.602580   0.028432   0.305284   0.708579   0.711401   0.467850   0.949707   0.427797   0.600452   0.027780   0.307378   0.707235   0.710767   0.466920   0.949537   0.426844   0.598081   0.027314   0.324543   0.701806   0.714579   0.472040   0.948537   0.432016   0.597346   0.027348   0.366445   0.690784   0.724845   0.486216   0.946845   0.446410   0.600876   0.029633   0.426185   0.677336   0.741546   0.510034   0.946143   0.470738   0.608048   0.035927   0.490035   0.664733   0.762946   0.541783   0.946537   0.503407   0.615785   0.043470   0.539824   0.655545   0.785047   0.576067   0.946423   0.538977   0.621798   0.048317   0.559339   0.652068   0.804829   0.608113   0.945901   0.572497   0.625723   0.050553   0.539580   0.655644   0.819399   0.632595   0.944997   0.598282   0.627842   0.051304   0.485482   0.665441   0.826500   0.644873   0.943711   0.611283   0.628943   0.050858   0.414548   0.678525   0.825670   0.643520   0.942722   0.609867   0.631183   0.047540   0.350207   0.691266   0.815703   0.626566   0.942485   0.591969   0.638089   0.040334   0.314093   0.701233   0.796599   0.594902   0.942843   0.558703   0.643148   0.036180   0.305001   0.705598   0.780493   0.568861   0.943685   0.531473   0.641471   0.037014   0.304867   0.706026   0.771469   0.554774   0.944330   0.516840   0.639078   0.037306   0.304836   0.706427   0.762884   0.541626   0.944358   0.503231   0.637040   0.036513   0.304774   0.706778   0.755070   0.529867   0.944428   0.491101   0.634625   0.035619   0.304752   0.706974   0.748236   0.519740   0.944569   0.480682   0.632016   0.034538   0.304821   0.706983   0.742463   0.511297   0.944824   0.472018   0.629507   0.033286   0.304935   0.706842   0.737721   0.504446   0.945446   0.465004   0.627294   0.032590 
 12   0.130691   0.698409   0.663013   0.407349   0.781037   0.367440   0.529524   0.046059   0.303118   0.705570   0.691079   0.441790   0.779063   0.401690   0.528863   0.049990   0.303827   0.704185   0.697889   0.450798   0.779874   0.410767   0.519794   0.044977   0.304369   0.703234   0.702311   0.456661   0.782373   0.416678   0.515386   0.042712   0.304756   0.702520   0.704660   0.459783   0.783809   0.419827   0.511760   0.042305   0.309056   0.699193   0.710427   0.467439   0.783860   0.427548   0.510099   0.041093   0.335413   0.689900   0.725432   0.488095   0.783186   0.448519   0.516768   0.035253   0.392997   0.676860   0.742657   0.512538   0.781920   0.473471   0.534160   0.030540   0.466920   0.664258   0.758303   0.535505   0.781375   0.497063   0.552505   0.034452   0.540976   0.654089   0.774810   0.560518   0.781690   0.522908   0.565356   0.043183   0.597483   0.647906   0.789537   0.583549   0.781585   0.546844   0.575481   0.052199   0.612143   0.648080   0.799888   0.600172   0.781178   0.564204   0.585161   0.059885   0.577951   0.654805   0.803638   0.606330   0.780421   0.570662   0.594839   0.064824   0.511365   0.665467   0.800224   0.600817   0.779212   0.564899   0.604299   0.064532   0.431208   0.677754   0.790782   0.585616   0.778310   0.549016   0.614118   0.058605   0.358295   0.689509   0.775187   0.561010   0.778285   0.523402   0.625312   0.046794   0.315811   0.699682   0.753198   0.527517   0.778715   0.488766   0.627957   0.039803   0.304640   0.704685   0.737887   0.504847   0.779403   0.465445   0.618893   0.040282   0.304468   0.704923   0.733028   0.497935   0.779946   0.458388   0.609071   0.039354   0.304595   0.704793   0.729467   0.492917   0.780055   0.453273   0.601634   0.038086   0.304743   0.704590   0.726354   0.488558   0.780107   0.448836   0.595391   0.037699   0.304737   0.704499   0.723309   0.484339   0.779990   0.444549   0.589332   0.037786   0.304578   0.704509   0.720468   0.480441   0.779994   0.440595   0.583304   0.037808   0.304474   0.704427   0.718183   0.477338   0.780522   0.437453   0.577718   0.037739 
 13   0.135845   0.707639   0.583244   0.318920   0.621071   0.281036   0.400751   0.053620   0.292630   0.724156   0.615965   0.352134   0.616833   0.312972   0.402173   0.053976   0.292638   0.722526   0.618530   0.354987   0.617428   0.315759   0.391599   0.053059   0.292740   0.721057   0.619904   0.356529   0.619630   0.317267   0.385154   0.054385   0.292647   0.720100   0.619506   0.356125   0.620817   0.316880   0.380525   0.056342   0.303562   0.710039   0.627751   0.365249   0.620648   0.325785   0.380657   0.056855   0.356714   0.681729   0.649318   0.390156   0.619739   0.350283   0.388063   0.059095   0.457512   0.645476   0.672426   0.418411   0.618242   0.378362   0.398268   0.073949   0.572526   0.616227   0.693645   0.445848   0.617649   0.405907   0.407340   0.098439   0.670445   0.599670   0.712695   0.471507   0.617937   0.431862   0.415800   0.120865   0.730704   0.596300   0.726057   0.490135   0.617829   0.450823   0.425425   0.138248   0.735113   0.605890   0.732762   0.499748   0.617570   0.460659   0.436109   0.149144   0.679872   0.626835   0.731528   0.498193   0.617151   0.459108   0.446926   0.152784   0.584901   0.654698   0.721928   0.484935   0.616433   0.445634   0.456664   0.147850   0.475955   0.684501   0.705882   0.463074   0.615823   0.423470   0.463977   0.132591   0.379542   0.710716   0.687035   0.437972   0.615869   0.398124   0.467389   0.107917   0.315441   0.729889   0.666252   0.411263   0.616380   0.371334   0.463611   0.081860   0.291568   0.736984   0.650687   0.391923   0.617066   0.352054   0.453251   0.067088   0.289788   0.735350   0.643242   0.383079   0.617417   0.343311   0.442235   0.062367   0.289021   0.733419   0.638040   0.377032   0.617239   0.337356   0.432747   0.060509   0.288471   0.731552   0.634325   0.372784   0.617188   0.333186   0.424217   0.060915   0.288149   0.730012   0.630764   0.368759   0.617119   0.329242   0.416385   0.061509   0.288097   0.728665   0.626981   0.364524   0.617093   0.325099   0.409126   0.061772   0.288163   0.727354   0.623535   0.360708   0.617521   0.321374   0.402461   0.062261 
 14   0.146125   0.709550   0.497724   0.239128   0.444233   0.205389   0.308118   0.053824   0.290945   0.727999   0.519506   0.256912   0.443201   0.221854   0.308037   0.055641   0.290453   0.726753   0.520353   0.257659   0.443798   0.222554   0.302088   0.056130   0.289831   0.725873   0.520485   0.257818   0.445774   0.222709   0.297701   0.058833   0.289123   0.725402   0.519311   0.256820   0.446817   0.221780   0.293634   0.062514   0.302305   0.711517   0.527860   0.264358   0.446618   0.228849   0.294162   0.065029   0.361912   0.671186   0.549995   0.284791   0.445757   0.248169   0.299707   0.070344   0.470276   0.619197   0.573472   0.307808   0.444323   0.270160   0.305341   0.088107   0.589564   0.575841   0.595554   0.330616   0.443716   0.292154   0.310559   0.111678   0.688216   0.550012   0.615593   0.352207   0.443998   0.313134   0.316530   0.130017   0.747562   0.544977   0.630156   0.368558   0.443958   0.329138   0.324371   0.144739   0.751437   0.561200   0.637808   0.377485   0.443757   0.337936   0.334145   0.156714   0.697927   0.594442   0.637376   0.377185   0.443348   0.337676   0.344326   0.163331   0.603646   0.637057   0.628673   0.367362   0.442637   0.328051   0.352789   0.161625   0.492083   0.681631   0.613720   0.350628   0.442058   0.311679   0.357981   0.150623   0.388638   0.720206   0.595495   0.330743   0.442102   0.292313   0.358845   0.128946   0.314356   0.747721   0.574356   0.308699   0.442586   0.271017   0.354153   0.099365   0.284442   0.757159   0.557341   0.291700   0.443275   0.254720   0.344549   0.080534   0.282224   0.753607   0.548587   0.283342   0.443679   0.246772   0.334655   0.076011   0.281735   0.749691   0.542786   0.277922   0.443560   0.241638   0.326386   0.075102   0.281105   0.746528   0.538070   0.273591   0.443526   0.237546   0.318758   0.075965   0.280927   0.743807   0.533583   0.269528   0.443487   0.233718   0.312061   0.075904   0.280992   0.741580   0.529073   0.265489   0.443487   0.229921   0.306171   0.075233   0.281128   0.739554   0.525080   0.261959   0.443872   0.226608   0.300832   0.075061 
 15   0.126116   0.697581   0.723374   0.483988   0.923129   0.444110   0.699531   0.024834   0.305994   0.704486   0.728007   0.490355   0.922072   0.450569   0.702942   0.025471   0.306511   0.703830   0.728118   0.490486   0.923232   0.450697   0.703125   0.025892   0.306924   0.703102   0.728668   0.491239   0.925994   0.451461   0.704457   0.026283   0.307274   0.702570   0.728278   0.490675   0.927610   0.450883   0.704584   0.026932   0.308100   0.702031   0.727437   0.489479   0.927824   0.449662   0.703603   0.027427   0.316433   0.699452   0.729549   0.492446   0.927275   0.452684   0.702759   0.028031   0.337288   0.694107   0.735152   0.500395   0.925959   0.460795   0.705771   0.028672   0.364294   0.688209   0.742839   0.511472   0.925300   0.472129   0.713427   0.031203   0.389714   0.683329   0.752003   0.524904   0.925892   0.485915   0.721515   0.035401   0.407977   0.680063   0.760529   0.537627   0.926370   0.499019   0.727671   0.038726   0.413063   0.678990   0.767200   0.547740   0.926404   0.509464   0.731528   0.040426   0.402788   0.680393   0.771130   0.553770   0.925786   0.515707   0.732983   0.040328   0.380442   0.683907   0.771780   0.554792   0.924519   0.516769   0.732632   0.038042   0.351315   0.688701   0.769543   0.551381   0.923671   0.513242   0.733215   0.032675   0.324052   0.694187   0.762448   0.540594   0.923567   0.502094   0.737764   0.026621   0.309958   0.698727   0.752260   0.525267   0.923737   0.486286   0.736804   0.026662   0.307548   0.700474   0.745597   0.515396   0.924299   0.476134   0.730114   0.029676   0.307404   0.700650   0.742242   0.510515   0.924832   0.471131   0.725967   0.029987   0.307332   0.700728   0.739380   0.506388   0.924884   0.466907   0.722301   0.029391   0.307366   0.700709   0.736928   0.502876   0.924648   0.463318   0.718859   0.029208   0.307442   0.700643   0.734799   0.499846   0.924370   0.460224   0.715586   0.029501   0.307492   0.700554   0.733019   0.497326   0.924427   0.457654   0.712708   0.029786   0.307559   0.700424   0.731634   0.495379   0.924942   0.455671   0.710219   0.030080 
 16   0.126628   0.698102   0.713205   0.470309   0.897128   0.430289   0.655371   0.028951   0.304909   0.705242   0.724073   0.485059   0.895918   0.445218   0.658924   0.030685   0.305517   0.704163   0.726608   0.488621   0.896967   0.448847   0.656823   0.030120   0.306046   0.703158   0.729071   0.492091   0.899619   0.452383   0.656406   0.030160   0.306546   0.702327   0.730460   0.494058   0.901147   0.454389   0.655378   0.030736   0.308407   0.700974   0.732215   0.496519   0.901286   0.456895   0.654054   0.030553   0.322064   0.696301   0.739900   0.507562   0.900724   0.468191   0.653721   0.027459   0.353236   0.688123   0.752322   0.525690   0.899502   0.486784   0.660799   0.023838   0.392805   0.679525   0.765893   0.545992   0.898920   0.507704   0.675700   0.024537   0.431482   0.672291   0.781132   0.569472   0.899409   0.532032   0.689423   0.028371   0.460345   0.667533   0.795373   0.592061   0.899652   0.555562   0.698934   0.032808   0.469158   0.666253   0.806165   0.609607   0.899500   0.573924   0.705775   0.036274   0.454116   0.668728   0.812250   0.619662   0.898794   0.584479   0.710803   0.037930   0.420631   0.674143   0.813170   0.621207   0.897473   0.586105   0.714894   0.037105   0.377032   0.681069   0.809546   0.615203   0.896528   0.579800   0.721379   0.032758   0.335375   0.688883   0.798400   0.596982   0.896413   0.560712   0.733134   0.027127   0.312434   0.696452   0.780871   0.568909   0.896666   0.531417   0.737479   0.027931   0.307606   0.700093   0.768746   0.549912   0.897290   0.511674   0.732063   0.031790   0.307321   0.700465   0.763529   0.541975   0.897859   0.503472   0.727519   0.032338   0.307226   0.700618   0.759392   0.535754   0.897979   0.497056   0.723731   0.031933   0.307221   0.700654   0.755923   0.530582   0.897919   0.491731   0.720311   0.031664   0.307201   0.700688   0.752824   0.525999   0.897749   0.487019   0.716742   0.031949   0.307157   0.700705   0.750211   0.522160   0.897821   0.483077   0.713153   0.032223   0.307150   0.700641   0.748179   0.519195   0.898391   0.480036   0.709815   0.032315 
 17   0.124502   0.698306   0.734049   0.498950   0.931544   0.459342   0.705462   0.022443   0.304453   0.705736   0.738943   0.505861   0.930485   0.466387   0.711015   0.023323   0.304939   0.704758   0.739822   0.507106   0.931706   0.467657   0.712661   0.024290   0.305367   0.703842   0.740940   0.508702   0.934423   0.469288   0.714836   0.025442   0.305715   0.703156   0.741054   0.508859   0.935931   0.469447   0.715705   0.026248   0.308326   0.701532   0.742608   0.511071   0.936119   0.471706   0.715896   0.025970   0.325479   0.695876   0.750737   0.522955   0.935578   0.483898   0.717012   0.023940   0.362853   0.686384   0.764589   0.543683   0.934310   0.505255   0.724870   0.022114   0.409390   0.676743   0.781440   0.569751   0.933516   0.532282   0.738269   0.024221   0.454229   0.668863   0.800236   0.599846   0.933904   0.563686   0.749566   0.028672   0.486303   0.663792   0.817486   0.628425   0.934175   0.593698   0.757125   0.032572   0.494302   0.662658   0.830800   0.651142   0.933953   0.617685   0.761747   0.035239   0.475102   0.665692   0.838782   0.665038   0.933104   0.632415   0.764288   0.036628   0.435054   0.671925   0.840875   0.668736   0.931654   0.636344   0.766324   0.036470   0.384783   0.679498   0.837914   0.663548   0.930783   0.630839   0.771993   0.033129   0.338144   0.687864   0.826124   0.643205   0.930701   0.609313   0.783924   0.028111   0.312842   0.696076   0.806798   0.610573   0.930895   0.574923   0.787413   0.029535   0.307569   0.700091   0.793025   0.587885   0.931545   0.551123   0.781253   0.034183   0.307114   0.700620   0.786354   0.577244   0.932234   0.540029   0.777467   0.035195   0.306826   0.700956   0.780811   0.568518   0.932471   0.530953   0.774638   0.034805   0.306687   0.701130   0.776053   0.561108   0.932303   0.523261   0.772437   0.033842   0.306616   0.701202   0.771952   0.554779   0.932097   0.516702   0.770484   0.032842   0.306559   0.701224   0.768498   0.549494   0.932294   0.511234   0.768394   0.032081   0.306530   0.701183   0.765623   0.545134   0.932942   0.506731   0.766238   0.031494 
 18   0.123446   0.699068   0.738552   0.505470   0.931807   0.466021   0.700203   0.023248   0.303336   0.707155   0.743170   0.512077   0.930763   0.472772   0.706122   0.024921   0.303858   0.706043   0.744052   0.513341   0.932049   0.474065   0.708075   0.025938   0.304215   0.705125   0.744939   0.514625   0.934818   0.475380   0.710304   0.026967   0.304454   0.704495   0.744651   0.514210   0.936334   0.474954   0.711081   0.027766   0.309631   0.701875   0.747727   0.518646   0.936492   0.479494   0.711693   0.026764   0.337068   0.693672   0.759757   0.536488   0.935889   0.497849   0.715909   0.023633   0.394617   0.680822   0.778944   0.565969   0.934569   0.528377   0.728716   0.022305   0.469744   0.667482   0.802649   0.604091   0.933661   0.568192   0.745222   0.025849   0.547048   0.656178   0.828600   0.647853   0.933880   0.614306   0.757431   0.031466   0.603080   0.649178   0.851922   0.689005   0.933987   0.658042   0.764312   0.036385   0.611079   0.648985   0.869054   0.720411   0.933571   0.691660   0.766537   0.040169   0.569223   0.655223   0.878167   0.737559   0.932526   0.710106   0.766728   0.042792   0.498817   0.665001   0.879132   0.739435   0.930924   0.712137   0.768357   0.043558   0.421394   0.675787   0.872937   0.727773   0.930020   0.699590   0.774407   0.041603   0.353820   0.686559   0.856855   0.698129   0.929978   0.667825   0.785956   0.037180   0.315509   0.696778   0.832142   0.653968   0.930213   0.620780   0.789111   0.037330   0.306245   0.702019   0.814087   0.622670   0.930935   0.587630   0.783073   0.040452   0.305735   0.702615   0.805715   0.608738   0.931726   0.572988   0.779825   0.040267   0.305515   0.702886   0.798918   0.597608   0.932042   0.561325   0.777856   0.039239   0.305469   0.702976   0.793121   0.588239   0.931883   0.551531   0.776349   0.037861   0.305489   0.702981   0.788151   0.580292   0.931691   0.543241   0.774972   0.036333   0.305509   0.702926   0.784001   0.573724   0.931934   0.536402   0.773432   0.035260   0.305476   0.702862   0.780381   0.568048   0.932623   0.530503   0.771697   0.034606 
 19   0.125255   0.700051   0.714935   0.472940   0.921270   0.433005   0.626172   0.027223   0.302154   0.709040   0.722046   0.482626   0.920084   0.442816   0.629526   0.029631   0.302665   0.707849   0.723659   0.484923   0.921146   0.445162   0.628018   0.030003   0.303158   0.706778   0.725294   0.487228   0.923723   0.447512   0.627992   0.030431   0.303651   0.705854   0.725938   0.488130   0.925165   0.448430   0.627646   0.030880   0.308757   0.702926   0.730057   0.493831   0.925299   0.454222   0.627711   0.029713   0.336688   0.694325   0.743920   0.513686   0.924744   0.474521   0.632352   0.025494   0.395749   0.681018   0.764865   0.544822   0.923469   0.506572   0.646362   0.022902   0.471224   0.667377   0.789443   0.583142   0.922709   0.546369   0.663528   0.026429   0.548193   0.655931   0.815951   0.626577   0.922991   0.591897   0.674833   0.033045   0.607609   0.648493   0.839779   0.667511   0.922990   0.635185   0.680143   0.039458   0.624209   0.647329   0.857661   0.699486   0.922517   0.669254   0.681961   0.044614   0.589052   0.652846   0.867726   0.718013   0.921552   0.689101   0.683008   0.048046   0.519429   0.662499   0.869695   0.721742   0.920065   0.693118   0.685697   0.048392   0.437134   0.673725   0.864155   0.711508   0.919124   0.682147   0.692337   0.045143   0.361449   0.685353   0.847921   0.682102   0.919002   0.650739   0.704857   0.039410   0.316718   0.697218   0.820425   0.634087   0.919195   0.599807   0.709594   0.038479   0.304751   0.703811   0.799339   0.598473   0.919836   0.562265   0.703258   0.041363   0.304144   0.704619   0.789983   0.583396   0.920485   0.546513   0.697922   0.041507   0.303794   0.705136   0.782235   0.571144   0.920695   0.533758   0.693836   0.040640   0.303646   0.705389   0.775660   0.560919   0.920609   0.523145   0.690382   0.039608   0.303630   0.705444   0.770214   0.552555   0.920465   0.514484   0.687162   0.038667   0.303663   0.705398   0.765712   0.545718   0.920644   0.507419   0.684033   0.037886   0.303765   0.705213   0.761976   0.540104   0.921264   0.501629   0.681395   0.037259 
 20   0.124577   0.697386   0.737481   0.503728   0.933739   0.464200   0.732045   0.021037   0.305538   0.704006   0.741926   0.510062   0.932785   0.470668   0.737377   0.021618   0.306057   0.703189   0.742564   0.510968   0.934112   0.471593   0.739096   0.022941   0.306494   0.702366   0.743538   0.512366   0.936980   0.473021   0.741473   0.024186   0.306847   0.701763   0.743504   0.512305   0.938650   0.472957   0.742465   0.025010   0.308045   0.700920   0.743465   0.512228   0.938941   0.472874   0.742459   0.025270   0.318271   0.697504   0.747376   0.517918   0.938444   0.478707   0.743205   0.024958   0.341905   0.691306   0.755262   0.529545   0.937186   0.490654   0.749062   0.024451   0.371284   0.685004   0.765114   0.544375   0.936410   0.505950   0.759380   0.026258   0.398659   0.679941   0.776430   0.561775   0.936903   0.523969   0.769039   0.029741   0.417317   0.676765   0.786751   0.577986   0.937409   0.540824   0.776209   0.032534   0.421283   0.675941   0.794632   0.590592   0.937436   0.553974   0.780776   0.034007   0.408938   0.677663   0.799107   0.597837   0.936751   0.561549   0.782871   0.034233   0.384268   0.681507   0.799729   0.598858   0.935403   0.562619   0.783311   0.033253   0.353200   0.686447   0.797196   0.594756   0.934611   0.558329   0.785724   0.029435   0.324445   0.692292   0.788533   0.580875   0.934564   0.543845   0.793400   0.024687   0.310143   0.697334   0.776243   0.561445   0.934742   0.523619   0.792752   0.026099   0.307933   0.699307   0.768425   0.549309   0.935347   0.511030   0.784597   0.030050   0.307693   0.699560   0.764316   0.543048   0.935967   0.504557   0.780565   0.030648   0.307568   0.699699   0.760830   0.537781   0.936111   0.499121   0.777178   0.029891   0.307499   0.699779   0.757704   0.533098   0.935775   0.494294   0.773724   0.029338   0.307450   0.699825   0.754906   0.528935   0.935382   0.490010   0.770150   0.029369   0.307414   0.699828   0.752564   0.525477   0.935456   0.486456   0.766881   0.029227   0.307430   0.699762   0.750717   0.522768   0.936010   0.483676   0.764051   0.028868 
 21   0.122614   0.697585   0.754116   0.527909   0.939025   0.488983   0.764191   0.021231   0.305365   0.704379   0.758452   0.534309   0.938183   0.495560   0.769951   0.021642   0.305841   0.703519   0.758967   0.535060   0.939580   0.496330   0.772131   0.022936   0.306278   0.702659   0.759818   0.536317   0.942453   0.497623   0.774604   0.024377   0.306611   0.702036   0.759659   0.536066   0.944122   0.497361   0.775266   0.025480   0.308062   0.701068   0.759758   0.536194   0.944423   0.497489   0.774889   0.025932   0.320069   0.697115   0.764607   0.543510   0.943925   0.505038   0.775357   0.025343   0.348039   0.689904   0.774100   0.558048   0.942670   0.520081   0.781423   0.024274   0.383467   0.682474   0.785896   0.576553   0.941837   0.539316   0.791962   0.025849   0.416395   0.676525   0.799368   0.598223   0.942271   0.561946   0.801288   0.029450   0.438807   0.672778   0.811741   0.618628   0.942745   0.583354   0.808041   0.032482   0.443106   0.671940   0.821129   0.634442   0.942704   0.600011   0.812191   0.034285   0.427388   0.674249   0.826455   0.643542   0.941976   0.609623   0.813993   0.035123   0.397570   0.678980   0.827321   0.645036   0.940634   0.611204   0.814663   0.034943   0.361165   0.684691   0.824444   0.640117   0.939880   0.606007   0.818626   0.031251   0.328013   0.691127   0.814647   0.623595   0.939842   0.588600   0.828949   0.025803   0.311028   0.696956   0.800359   0.599854   0.940020   0.563656   0.830130   0.026674   0.308034   0.699438   0.790934   0.584493   0.940635   0.547575   0.822382   0.030534   0.307741   0.699754   0.785988   0.576607   0.941301   0.539354   0.818490   0.031066   0.307553   0.699942   0.781745   0.569909   0.941525   0.532384   0.815243   0.030438   0.307415   0.700072   0.777897   0.563888   0.941218   0.526129   0.811984   0.029700   0.307342   0.700119   0.774553   0.558698   0.940893   0.520746   0.808879   0.029237   0.307330   0.700088   0.771814   0.554478   0.941077   0.516374   0.806057   0.028854   0.307365   0.700001   0.769543   0.551004   0.941690   0.512780   0.803425   0.028462 
 22   0.121838   0.698336   0.759272   0.535702   0.938715   0.497028   0.754735   0.022408   0.304716   0.705781   0.763907   0.542604   0.937876   0.504132   0.761895   0.023153   0.305167   0.704772   0.764492   0.543466   0.939181   0.505018   0.764566   0.024326   0.305582   0.703820   0.765332   0.544723   0.941971   0.506313   0.767447   0.025593   0.305905   0.703124   0.765140   0.544420   0.943593   0.505998   0.768655   0.026625   0.308961   0.701440   0.766569   0.546569   0.943835   0.508215   0.768449   0.026830   0.328340   0.695454   0.774855   0.559322   0.943281   0.521423   0.769799   0.025250   0.370860   0.685289   0.789149   0.581838   0.942004   0.544845   0.778856   0.023756   0.423736   0.674978   0.806707   0.610458   0.941103   0.574808   0.792135   0.025940   0.473340   0.666748   0.826147   0.643287   0.941400   0.609409   0.802568   0.030123   0.508279   0.661650   0.843753   0.674067   0.941714   0.642061   0.809630   0.033632   0.517590   0.660655   0.857182   0.698259   0.941458   0.667870   0.813588   0.035927   0.497167   0.663988   0.865230   0.713055   0.940516   0.683716   0.815222   0.037462   0.453083   0.670743   0.867233   0.716787   0.938998   0.687722   0.816352   0.038165   0.396786   0.679022   0.863715   0.710278   0.938147   0.680743   0.821657   0.036054   0.343682   0.687815   0.851501   0.688053   0.938085   0.656988   0.833771   0.030903   0.314157   0.696244   0.831533   0.652586   0.938289   0.619251   0.838204   0.031073   0.307667   0.700446   0.816936   0.627293   0.938970   0.592465   0.832743   0.035128   0.307259   0.700915   0.810018   0.615682   0.939743   0.580242   0.829113   0.035896   0.307029   0.701158   0.804261   0.606147   0.940096   0.570231   0.826670   0.035524   0.306904   0.701279   0.799211   0.597881   0.939905   0.561571   0.824683   0.034509   0.306833   0.701321   0.794881   0.590866   0.939719   0.554235   0.822827   0.033244   0.306815   0.701276   0.791325   0.585153   0.940044   0.548271   0.821004   0.032367   0.306808   0.701198   0.788236   0.580229   0.940772   0.543138   0.819088   0.031945 
 23   0.121090   0.699473   0.759033   0.535563   0.935470   0.496926   0.720012   0.024928   0.303347   0.707840   0.763035   0.541528   0.934618   0.503068   0.727958   0.026823   0.303974   0.706553   0.763951   0.542892   0.936159   0.504471   0.731132   0.027731   0.304300   0.705576   0.764629   0.543921   0.939160   0.505534   0.734252   0.028877   0.304429   0.704965   0.763937   0.542882   0.940863   0.504463   0.735785   0.029691   0.311686   0.701919   0.767425   0.548122   0.941141   0.509866   0.737157   0.028927   0.347814   0.692379   0.781304   0.569625   0.940533   0.532168   0.742969   0.026675   0.422972   0.677482   0.803691   0.605766   0.939143   0.569942   0.757644   0.026930   0.519778   0.662120   0.831043   0.652241   0.938116   0.618985   0.774667   0.032267   0.618286   0.649211   0.859902   0.703937   0.938153   0.674089   0.786164   0.039173   0.684786   0.641825   0.885034   0.751212   0.938085   0.724947   0.791080   0.044390   0.681613   0.643413   0.902451   0.785305   0.937526   0.761902   0.790632   0.047827   0.618232   0.652125   0.910609   0.801710   0.936362   0.779775   0.789451   0.049860   0.530658   0.663463   0.910128   0.800826   0.934686   0.778829   0.791512   0.049914   0.440780   0.675348   0.901713   0.784060   0.933816   0.760593   0.798802   0.048304   0.363157   0.686867   0.883155   0.747869   0.933827   0.721392   0.812002   0.044047   0.318219   0.697098   0.856830   0.698273   0.934130   0.668019   0.817494   0.042993   0.306575   0.702212   0.837771   0.663549   0.934939   0.630890   0.813232   0.045384   0.306047   0.702882   0.828546   0.647423   0.935816   0.613784   0.810754   0.045050   0.305817   0.703288   0.820866   0.634221   0.936243   0.599823   0.809503   0.043693   0.305742   0.703462   0.814313   0.623113   0.936086   0.588108   0.808844   0.041875   0.305670   0.703555   0.808626   0.613603   0.935865   0.578103   0.808014   0.040123   0.305499   0.703637   0.803675   0.605433   0.936166   0.569530   0.806540   0.038902   0.305301   0.703692   0.799267   0.598247   0.936924   0.562007   0.804694   0.038138 
 24   0.122119   0.701162   0.737119   0.504110   0.929556   0.464760   0.644632   0.028182   0.300841   0.711193   0.740318   0.508703   0.928514   0.469456   0.650357   0.031588   0.301337   0.709957   0.740861   0.509549   0.929713   0.470333   0.650696   0.032414   0.301524   0.709103   0.741123   0.509991   0.932459   0.470796   0.651125   0.033155   0.301540   0.708604   0.739987   0.508415   0.934015   0.469194   0.650320   0.034037   0.311430   0.704009   0.746139   0.517106   0.934312   0.478057   0.653566   0.032346   0.355180   0.691752   0.766052   0.546638   0.933865   0.508449   0.663484   0.028739   0.442800   0.674698   0.794229   0.591023   0.932549   0.554636   0.679084   0.029448   0.556453   0.657375   0.826925   0.645832   0.931531   0.612341   0.693136   0.037437   0.667156   0.643569   0.860149   0.704982   0.931481   0.675327   0.696082   0.048049   0.736326   0.636551   0.887521   0.756416   0.931298   0.730656   0.689485   0.056557   0.738154   0.638040   0.905786   0.792251   0.930748   0.769520   0.680437   0.061877   0.684310   0.645708   0.914863   0.810584   0.929694   0.789511   0.675035   0.063885   0.597375   0.656812   0.915689   0.812332   0.928129   0.791435   0.674820   0.063038   0.493858   0.669955   0.908572   0.798004   0.927224   0.775820   0.680519   0.059939   0.393433   0.683345   0.890604   0.762619   0.927116   0.737417   0.695505   0.053118   0.324587   0.698245   0.856158   0.697919   0.927267   0.667821   0.705860   0.049631   0.301294   0.707606   0.826284   0.644027   0.927927   0.610291   0.701857   0.051784   0.300303   0.708715   0.813176   0.621900   0.928702   0.586967   0.696646   0.052118   0.300280   0.708986   0.803203   0.605471   0.929073   0.569728   0.694383   0.050589   0.300541   0.709002   0.794885   0.591996   0.928994   0.555632   0.692763   0.048351   0.300962   0.708772   0.788290   0.581461   0.928826   0.544641   0.691260   0.045982   0.301431   0.708363   0.783150   0.573346   0.929064   0.536192   0.690107   0.043799   0.301842   0.707899   0.778848   0.566614   0.929760   0.529194   0.689346   0.042155 
