timestamp=                2021-11-22T10:07:15.267301
shape=                    (5, 5)
sigma=                    2.5
nepochs=                  2
thresh=                   None
rate=                     0.0072
neighborhood function=    gaussian
init weights=             pca
topology=                 hexagonal
activation distance=      euclidean
output type=              labels
mapfile_prefix=           full2017_5x5_2_0072_3_08
apply classification=     False
seed=                     None
random order=             True
custom init file=         None
order labels by size=     False
decay_function=           3

Quantization Error=       0.34717606
Topographic Error=        0.15702741

############ NEURONS #############
 25 192
  0   0.128435   0.669980   0.695091   0.437467   0.928987   0.396487   0.530930   0.026749   0.304339   0.678871   0.708074   0.454180   0.927960   0.413195   0.535482   0.026559   0.304693   0.677795   0.709096   0.455438   0.928726   0.414441   0.533440   0.026788   0.305032   0.676782   0.710065   0.456683   0.930496   0.415685   0.533743   0.025881   0.305279   0.675996   0.710314   0.456999   0.931535   0.415998   0.534779   0.025239   0.306337   0.675239   0.710303   0.456960   0.931597   0.415955   0.535284   0.025128   0.317520   0.672219   0.714038   0.462036   0.931106   0.421079   0.536431   0.024574   0.346331   0.664873   0.724025   0.475828   0.930290   0.435043   0.542957   0.023045   0.385163   0.655475   0.738377   0.496184   0.929818   0.455752   0.555209   0.023719   0.423623   0.646998   0.755345   0.521194   0.930115   0.481376   0.568742   0.027274   0.453116   0.640951   0.772263   0.547162   0.930277   0.508180   0.579939   0.031113   0.462877   0.638801   0.786086   0.569153   0.929986   0.531032   0.588107   0.033640   0.448147   0.640946   0.794681   0.583209   0.929274   0.545714   0.595346   0.034265   0.413744   0.646352   0.797348   0.587697   0.928226   0.550426   0.603551   0.032686   0.369274   0.653395   0.794264   0.582691   0.927543   0.545205   0.614796   0.028885   0.330256   0.661362   0.782122   0.563092   0.927460   0.524782   0.628147   0.025947   0.310716   0.668201   0.765631   0.536935   0.927676   0.497615   0.634070   0.028553   0.306859   0.670914   0.755897   0.521867   0.928219   0.482037   0.631678   0.032649   0.306808   0.671111   0.751557   0.515337   0.928815   0.475322   0.628703   0.033937   0.306820   0.671220   0.747931   0.509947   0.929127   0.469791   0.626446   0.034406   0.306858   0.671297   0.744700   0.505206   0.929190   0.464938   0.624747   0.034580   0.306906   0.671338   0.741800   0.500981   0.929142   0.460619   0.623463   0.034495   0.306984   0.671324   0.739294   0.497355   0.929293   0.456917   0.622784   0.034138   0.307070   0.671281   0.737098   0.494207   0.929733   0.453709   0.622607   0.034055 208440
  1   0.143797   0.666101   0.582499   0.308361   0.586607   0.269928   0.409704   0.041283   0.305500   0.671425   0.604019   0.328617   0.585578   0.289080   0.414208   0.045989   0.306016   0.670870   0.605550   0.330208   0.586180   0.290610   0.413240   0.040551   0.306399   0.670262   0.606249   0.330937   0.587851   0.291312   0.414205   0.038615   0.306603   0.669863   0.606066   0.330734   0.588810   0.291114   0.415157   0.037911   0.308055   0.668320   0.607001   0.331712   0.588761   0.292057   0.416163   0.037612   0.322013   0.661006   0.613749   0.339085   0.588135   0.299212   0.418678   0.035940   0.356748   0.648387   0.622730   0.349056   0.587125   0.308917   0.426425   0.036270   0.400802   0.636578   0.630020   0.357343   0.586765   0.317016   0.438718   0.042585   0.438732   0.628654   0.637268   0.365750   0.587203   0.325263   0.451124   0.051548   0.459739   0.625883   0.642792   0.372285   0.587373   0.331697   0.462340   0.059657   0.457723   0.628673   0.645476   0.375515   0.587233   0.334888   0.471776   0.064908   0.434948   0.635954   0.644786   0.374717   0.586858   0.334106   0.479015   0.065879   0.399631   0.645895   0.640642   0.369824   0.586196   0.329289   0.483531   0.061867   0.361039   0.656781   0.634004   0.362056   0.585544   0.321657   0.485156   0.053812   0.328496   0.666745   0.626044   0.352862   0.585400   0.312644   0.484881   0.044746   0.310746   0.673020   0.618599   0.344396   0.585695   0.304368   0.482280   0.039415   0.306430   0.674567   0.614751   0.340081   0.586175   0.300161   0.477531   0.038228   0.306374   0.674077   0.613628   0.338852   0.586538   0.298968   0.472756   0.038004   0.306323   0.673646   0.612609   0.337750   0.586559   0.297901   0.468462   0.038387   0.306278   0.673280   0.611567   0.336633   0.586615   0.296820   0.464696   0.039111   0.306259   0.672966   0.610443   0.335436   0.586651   0.295664   0.461232   0.039645   0.306235   0.672672   0.609413   0.334344   0.586679   0.294610   0.457868   0.040035   0.306198   0.672358   0.608673   0.333568   0.586982   0.293862   0.454746   0.040375 358719
  2   0.155912   0.666892   0.473787   0.210587   0.380269   0.178090   0.299506   0.045159   0.304924   0.672769   0.488635   0.221316   0.379611   0.187782   0.300016   0.052066   0.305324   0.671917   0.490204   0.222508   0.380115   0.188867   0.300039   0.050643   0.305585   0.671126   0.491698   0.223684   0.381578   0.189945   0.300585   0.050940   0.305764   0.670505   0.492584   0.224395   0.382420   0.190600   0.300889   0.052151   0.308232   0.667869   0.494709   0.226127   0.382347   0.192197   0.301622   0.053239   0.326995   0.656251   0.502177   0.232381   0.381733   0.197991   0.303908   0.053477   0.370159   0.636286   0.512225   0.240976   0.380772   0.205983   0.309505   0.058189   0.423049   0.617397   0.521970   0.249537   0.380427   0.213981   0.317831   0.069439   0.467831   0.604950   0.531627   0.258204   0.380835   0.222109   0.326526   0.081223   0.491870   0.601347   0.539055   0.265022   0.381013   0.228527   0.334487   0.090570   0.489216   0.606917   0.543138   0.268872   0.380911   0.232169   0.340977   0.096587   0.463557   0.619447   0.543289   0.269071   0.380585   0.232368   0.345685   0.098253   0.423484   0.635838   0.539375   0.265451   0.379993   0.228955   0.348372   0.094378   0.377675   0.653521   0.532190   0.258829   0.379397   0.222715   0.348841   0.085138   0.336508   0.669701   0.523118   0.250610   0.379260   0.214995   0.347270   0.072634   0.311422   0.680199   0.514156   0.242665   0.379529   0.207560   0.343610   0.062562   0.303871   0.683054   0.508608   0.237830   0.379978   0.203049   0.338708   0.058739   0.303495   0.682175   0.506142   0.235727   0.380320   0.201094   0.334149   0.058405   0.303242   0.681303   0.504170   0.234076   0.380329   0.199565   0.330122   0.059801   0.302998   0.680536   0.502433   0.232640   0.380366   0.198237   0.326491   0.061703   0.302800   0.679830   0.500754   0.231258   0.380389   0.196960   0.323223   0.062308   0.302623   0.679185   0.499191   0.229978   0.380409   0.195779   0.320220   0.062159   0.302407   0.678622   0.497850   0.228894   0.380680   0.194781   0.317453   0.062337 409045
  3   0.163046   0.672578   0.371813   0.140597   0.204057   0.115328   0.208781   0.084277   0.293422   0.683271   0.360385   0.133340   0.203558   0.108908   0.201224   0.116716   0.294266   0.681178   0.362653   0.134615   0.204076   0.110013   0.202726   0.123664   0.294713   0.679846   0.363467   0.135082   0.205382   0.110419   0.204046   0.129026   0.294946   0.678926   0.363474   0.135086   0.206120   0.110423   0.204829   0.133890   0.303378   0.670873   0.367700   0.137533   0.206077   0.112554   0.206446   0.138097   0.344039   0.644265   0.379506   0.144698   0.205533   0.118844   0.209233   0.146986   0.421057   0.606322   0.393618   0.153672   0.204682   0.126782   0.212410   0.164697   0.506668   0.573436   0.406710   0.162300   0.204447   0.134461   0.216447   0.180712   0.578280   0.551724   0.418736   0.170461   0.204920   0.141760   0.220883   0.186677   0.621489   0.544502   0.428223   0.177066   0.205174   0.147694   0.225169   0.188543   0.624275   0.554062   0.433685   0.180948   0.205152   0.151195   0.229296   0.189178   0.587085   0.577777   0.434370   0.181443   0.204900   0.151643   0.232797   0.187217   0.522550   0.609452   0.430230   0.178478   0.204371   0.148967   0.234859   0.180288   0.444272   0.644763   0.422048   0.172705   0.203807   0.143769   0.234953   0.171254   0.367830   0.678825   0.410307   0.164650   0.203619   0.136550   0.233349   0.162713   0.311495   0.704370   0.395889   0.155105   0.203770   0.128047   0.230412   0.152040   0.288851   0.713437   0.384686   0.147933   0.204103   0.121695   0.226493   0.145077   0.287063   0.710949   0.378989   0.144428   0.204359   0.118611   0.222597   0.143857   0.286828   0.707773   0.374938   0.141976   0.204336   0.116460   0.219482   0.146532   0.286918   0.704843   0.371366   0.139839   0.204352   0.114589   0.217003   0.149877   0.286725   0.702480   0.368050   0.137883   0.204349   0.112879   0.214578   0.149187   0.286184   0.700736   0.365116   0.136169   0.204346   0.111385   0.212052   0.147268   0.285771   0.699124   0.362742   0.134794   0.204570   0.110187   0.209712   0.147332 260437
  4   0.153767   0.673129   0.414918   0.169183   0.253646   0.140813   0.224399   0.198927   0.278437   0.684035   0.403348   0.161427   0.254927   0.133884   0.215672   0.327510   0.278387   0.681055   0.405651   0.162947   0.255370   0.135239   0.216839   0.347680   0.278411   0.678834   0.407029   0.163885   0.256651   0.136079   0.218022   0.360156   0.278067   0.677401   0.407231   0.164050   0.257312   0.136232   0.218914   0.373726   0.292283   0.671028   0.409518   0.165570   0.257194   0.137587   0.219662   0.383918   0.354609   0.648114   0.419060   0.172053   0.256559   0.143394   0.222023   0.381440   0.464633   0.612346   0.434338   0.182843   0.255654   0.153121   0.225221   0.382159   0.581354   0.579245   0.450468   0.194732   0.255461   0.163920   0.228129   0.390457   0.675370   0.555725   0.464990   0.205827   0.255981   0.174059   0.231176   0.386320   0.732321   0.545072   0.475989   0.214485   0.256281   0.182013   0.233923   0.376671   0.741314   0.550182   0.482205   0.219483   0.256312   0.186621   0.236466   0.368282   0.701248   0.570463   0.482907   0.220052   0.256082   0.187146   0.238604   0.361701   0.622184   0.601734   0.477923   0.216017   0.255588   0.183423   0.239705   0.354568   0.516854   0.640281   0.467496   0.207745   0.255019   0.175814   0.239191   0.350416   0.404011   0.680944   0.451752   0.195673   0.254754   0.164774   0.237047   0.354750   0.309397   0.714933   0.432554   0.181535   0.254833   0.151935   0.233294   0.366857   0.267097   0.726976   0.419307   0.172122   0.255134   0.143439   0.228801   0.381050   0.264212   0.721522   0.414274   0.168727   0.255361   0.140402   0.225089   0.390637   0.264106   0.715377   0.410896   0.166498   0.255294   0.138415   0.222413   0.400328   0.264217   0.709962   0.408080   0.164660   0.255297   0.136781   0.220480   0.408671   0.264375   0.705357   0.405683   0.163105   0.255323   0.135399   0.218764   0.410157   0.264253   0.701572   0.403637   0.161785   0.255354   0.134228   0.216944   0.408537   0.263932   0.698287   0.402083   0.160791   0.255605   0.133346   0.215104   0.408423 124783
  5   0.128300   0.667297   0.709879   0.456446   0.885812   0.415447   0.671435   0.030104   0.307779   0.673930   0.722866   0.473758   0.884903   0.432860   0.675247   0.029946   0.308128   0.673599   0.722257   0.472935   0.885653   0.432032   0.673096   0.029609   0.308436   0.673178   0.721813   0.472353   0.887586   0.431448   0.672629   0.029415   0.308657   0.672914   0.720627   0.470736   0.888701   0.429815   0.671696   0.029647   0.308937   0.672770   0.718840   0.468278   0.888725   0.427329   0.670126   0.029989   0.313833   0.671351   0.718535   0.467888   0.888177   0.426940   0.667955   0.030390   0.329265   0.667043   0.721197   0.471623   0.887211   0.430732   0.668976   0.030421   0.352276   0.661146   0.726154   0.478565   0.886806   0.437776   0.675695   0.031762   0.374861   0.655920   0.732530   0.487587   0.887352   0.446949   0.684756   0.034891   0.390836   0.652419   0.738912   0.496736   0.887679   0.456275   0.693139   0.037738   0.394912   0.651371   0.743944   0.504039   0.887578   0.463734   0.699727   0.039067   0.385214   0.653030   0.746573   0.507896   0.887106   0.467682   0.704163   0.038473   0.365024   0.656905   0.746267   0.507457   0.886249   0.467234   0.706752   0.035878   0.340603   0.661933   0.743381   0.503214   0.885514   0.462889   0.708997   0.031098   0.319978   0.666859   0.737855   0.495112   0.885335   0.454599   0.712455   0.026813   0.310251   0.669786   0.732179   0.486848   0.885570   0.446152   0.713048   0.026182   0.308847   0.670343   0.729363   0.482790   0.886068   0.442013   0.709784   0.026963   0.308916   0.670175   0.728133   0.481041   0.886507   0.440233   0.706612   0.027044   0.308983   0.669972   0.727121   0.479615   0.886578   0.438785   0.703812   0.026971   0.309056   0.669780   0.726223   0.478364   0.886555   0.437516   0.701173   0.027271   0.309112   0.669648   0.725272   0.477048   0.886497   0.436184   0.698449   0.027985   0.309174   0.669509   0.724409   0.475860   0.886553   0.434982   0.695908   0.028598   0.309253   0.669322   0.723793   0.475018   0.886924   0.434132   0.693733   0.029143 343560
  6   0.138995   0.665458   0.629274   0.357700   0.675922   0.317559   0.505315   0.035307   0.307328   0.670201   0.646650   0.376142   0.674584   0.335370   0.510486   0.039794   0.307743   0.669673   0.647730   0.377387   0.675205   0.336590   0.509046   0.036042   0.308175   0.669007   0.648748   0.378585   0.676957   0.337768   0.510166   0.033983   0.308416   0.668605   0.648667   0.378496   0.677957   0.337681   0.510956   0.033045   0.309241   0.667887   0.648644   0.378463   0.677890   0.337648   0.510999   0.032621   0.319418   0.663354   0.652847   0.383519   0.677235   0.342639   0.511676   0.031063   0.346949   0.654275   0.659972   0.392147   0.676157   0.351168   0.518069   0.030261   0.384124   0.644972   0.666691   0.400397   0.675755   0.359342   0.530368   0.034342   0.417710   0.638342   0.673211   0.408539   0.676227   0.367436   0.543390   0.041629   0.437762   0.635452   0.678162   0.414816   0.676411   0.373692   0.554953   0.048201   0.437949   0.636713   0.680804   0.418199   0.676259   0.377071   0.564085   0.052193   0.419022   0.641735   0.680545   0.417877   0.675869   0.376751   0.570402   0.052643   0.388051   0.649252   0.677236   0.413668   0.675182   0.372552   0.573629   0.049147   0.353828   0.657770   0.671702   0.406676   0.674489   0.365588   0.573963   0.042474   0.325533   0.665634   0.664898   0.398158   0.674327   0.357118   0.573103   0.035513   0.311044   0.670439   0.658721   0.390502   0.674636   0.349519   0.570262   0.032265   0.308052   0.671541   0.655749   0.386856   0.675141   0.345906   0.565272   0.032004   0.308132   0.671184   0.654906   0.385840   0.675524   0.344903   0.560640   0.031912   0.308211   0.670848   0.654054   0.384821   0.675545   0.343898   0.556687   0.032000   0.308284   0.670564   0.653128   0.383718   0.675609   0.342811   0.553293   0.032398   0.308352   0.670323   0.652173   0.382589   0.675663   0.341700   0.550053   0.032911   0.308400   0.670082   0.651360   0.381634   0.675701   0.340762   0.546858   0.033260   0.308454   0.669788   0.650854   0.381048   0.676020   0.340186   0.544003   0.033441 309362
  7   0.149769   0.667275   0.525982   0.254457   0.478796   0.218796   0.345111   0.042417   0.304312   0.673646   0.547487   0.272345   0.477907   0.235349   0.348268   0.047784   0.304775   0.672969   0.548694   0.273424   0.478450   0.236361   0.347996   0.044107   0.304980   0.672374   0.549213   0.273902   0.479989   0.236810   0.348127   0.043310   0.305094   0.671942   0.549133   0.273834   0.480872   0.236748   0.347969   0.043347   0.307593   0.669200   0.551116   0.275656   0.480807   0.238462   0.348897   0.043500   0.326779   0.657835   0.559562   0.283731   0.480175   0.246118   0.352088   0.042312   0.371168   0.639209   0.569656   0.293616   0.479173   0.255528   0.359634   0.045150   0.425588   0.621958   0.577968   0.301985   0.478811   0.263535   0.370836   0.054881   0.470781   0.610753   0.586173   0.310420   0.479225   0.271636   0.382215   0.065905   0.494076   0.607741   0.592230   0.316788   0.479390   0.277775   0.392635   0.075138   0.489261   0.613209   0.595002   0.319777   0.479273   0.280670   0.401448   0.081005   0.460173   0.625131   0.594024   0.318766   0.478934   0.279700   0.408224   0.082160   0.417641   0.640317   0.589378   0.313856   0.478327   0.274961   0.412435   0.077684   0.372199   0.655992   0.582081   0.306234   0.477712   0.267621   0.413705   0.068161   0.333673   0.669709   0.573657   0.297606   0.477570   0.259340   0.412311   0.056362   0.311136   0.678346   0.565881   0.289807   0.477852   0.251884   0.408256   0.047670   0.304570   0.680584   0.561471   0.285459   0.478314   0.247740   0.402447   0.044639   0.304170   0.679841   0.559789   0.283846   0.478656   0.246211   0.396767   0.044308   0.303826   0.679199   0.558320   0.282463   0.478654   0.244903   0.391655   0.045079   0.303497   0.678668   0.556899   0.281140   0.478690   0.243654   0.387078   0.046248   0.303280   0.678193   0.555432   0.279776   0.478715   0.242368   0.383009   0.046993   0.303138   0.677745   0.554015   0.278464   0.478737   0.241130   0.379299   0.047448   0.302975   0.677337   0.552823   0.277369   0.479019   0.240100   0.375893   0.047968 363343
  8   0.161245   0.666867   0.421113   0.171819   0.280519   0.142937   0.252009   0.054015   0.303242   0.672502   0.424460   0.173561   0.280127   0.144413   0.248820   0.067156   0.303781   0.671442   0.426376   0.174822   0.280651   0.145534   0.250187   0.068509   0.304127   0.670699   0.427222   0.175403   0.282060   0.146055   0.251332   0.070274   0.304313   0.670180   0.427507   0.175609   0.282869   0.146241   0.251983   0.072122   0.307653   0.666822   0.429607   0.177064   0.282815   0.147546   0.252852   0.073629   0.330199   0.652175   0.437267   0.182507   0.282244   0.152450   0.255018   0.075476   0.379031   0.628294   0.447640   0.190054   0.281343   0.159277   0.259492   0.083384   0.436757   0.606714   0.457665   0.197549   0.281041   0.166088   0.265932   0.096070   0.486410   0.592309   0.467535   0.205101   0.281479   0.172979   0.272750   0.105816   0.515664   0.587674   0.475301   0.211172   0.281700   0.178539   0.279125   0.112815   0.516245   0.593941   0.479526   0.214545   0.281644   0.181639   0.284628   0.117141   0.489754   0.608890   0.479737   0.214735   0.281357   0.181818   0.288729   0.117373   0.445200   0.628714   0.476089   0.211834   0.280787   0.179154   0.290770   0.112159   0.392545   0.650604   0.469270   0.206451   0.280208   0.174215   0.290613   0.103294   0.343401   0.671330   0.460010   0.199289   0.280062   0.167668   0.288632   0.093033   0.311705   0.685386   0.450145   0.191852   0.280281   0.160899   0.285000   0.083627   0.301286   0.689532   0.443557   0.186994   0.280679   0.156495   0.280565   0.079524   0.300710   0.688248   0.440448   0.184759   0.280988   0.154477   0.276597   0.079343   0.300493   0.686873   0.437997   0.183018   0.280991   0.152909   0.273397   0.081826   0.300346   0.685629   0.435721   0.181418   0.281018   0.151470   0.270689   0.084940   0.300142   0.684505   0.433606   0.179947   0.281024   0.150150   0.268085   0.085361   0.299808   0.683574   0.431677   0.178620   0.281035   0.148960   0.265540   0.084644   0.299357   0.682850   0.429971   0.177466   0.281287   0.147928   0.263120   0.085034 375655
  9   0.150326   0.677749   0.459273   0.200634   0.375488   0.169176   0.254574   0.080794   0.286454   0.694775   0.473762   0.211015   0.375289   0.178550   0.248019   0.097441   0.285427   0.693828   0.475404   0.212294   0.375704   0.179722   0.243805   0.099907   0.285372   0.692119   0.476850   0.213429   0.377019   0.180763   0.241263   0.103706   0.285181   0.690551   0.477426   0.213919   0.377721   0.181218   0.239290   0.109391   0.297526   0.678076   0.486939   0.221246   0.377583   0.187917   0.241506   0.114162   0.355903   0.641772   0.511155   0.241073   0.376900   0.206234   0.247461   0.121616   0.464285   0.595117   0.537235   0.264074   0.375889   0.227751   0.252238   0.145479   0.583352   0.557449   0.559097   0.284694   0.375510   0.247268   0.256373   0.174405   0.681592   0.533663   0.577609   0.302960   0.375812   0.264695   0.261437   0.189349   0.741780   0.525912   0.591090   0.316794   0.375869   0.277985   0.267651   0.196128   0.748100   0.536657   0.598398   0.324587   0.375683   0.285523   0.274934   0.199822   0.698811   0.563948   0.598510   0.324893   0.375322   0.285851   0.282626   0.200809   0.609527   0.601157   0.591179   0.317338   0.374792   0.278587   0.289465   0.197127   0.499758   0.642051   0.577556   0.303373   0.374269   0.265171   0.294025   0.187692   0.392156   0.680513   0.559058   0.284976   0.374164   0.247592   0.295564   0.168849   0.310212   0.712045   0.534111   0.261584   0.374479   0.225469   0.292992   0.140756   0.276561   0.724987   0.513899   0.243543   0.374966   0.208553   0.285286   0.125463   0.274795   0.722023   0.505133   0.236135   0.375300   0.201672   0.276889   0.125312   0.274745   0.717941   0.499710   0.231631   0.375296   0.197501   0.270790   0.127788   0.274882   0.714163   0.495316   0.228049   0.375351   0.194194   0.265994   0.131164   0.275313   0.710818   0.491275   0.224800   0.375403   0.191203   0.262173   0.132063   0.275719   0.707979   0.487558   0.221844   0.375433   0.188486   0.258604   0.131895   0.275917   0.705490   0.484466   0.219409   0.375693   0.186251   0.255076   0.132397 201588
 10   0.125220   0.667024   0.739477   0.497468   0.930944   0.457004   0.754075   0.027148   0.308172   0.673272   0.749026   0.511166   0.930178   0.470966   0.759888   0.023766   0.308437   0.672756   0.749274   0.511509   0.930976   0.471313   0.760439   0.024564   0.308671   0.672221   0.749472   0.511795   0.932975   0.471605   0.761465   0.025320   0.308842   0.671941   0.748609   0.510522   0.934186   0.470301   0.761201   0.026170   0.309048   0.671908   0.746721   0.507748   0.934300   0.467461   0.759435   0.027350   0.313048   0.671079   0.745645   0.506182   0.933853   0.465861   0.755975   0.029619   0.325655   0.668148   0.746977   0.508169   0.933017   0.467901   0.754054   0.031775   0.344190   0.663905   0.750597   0.513549   0.932534   0.473420   0.756796   0.033691   0.362369   0.659943   0.756029   0.521685   0.933113   0.481778   0.762066   0.036351   0.375251   0.657165   0.761694   0.530255   0.933598   0.490598   0.766883   0.038303   0.378446   0.656204   0.766115   0.537009   0.933544   0.497562   0.770245   0.038728   0.370471   0.657240   0.768478   0.540641   0.933030   0.501311   0.772082   0.037492   0.353929   0.659933   0.768279   0.540334   0.932067   0.500994   0.772704   0.034453   0.333811   0.663453   0.765806   0.536530   0.931359   0.497067   0.774930   0.029209   0.317094   0.666951   0.760626   0.528596   0.931218   0.488882   0.780342   0.024503   0.309911   0.669049   0.755186   0.520314   0.931374   0.480349   0.781934   0.024266   0.309194   0.669495   0.752239   0.515875   0.931819   0.475783   0.778739   0.025645   0.309201   0.669488   0.750453   0.513204   0.932277   0.473041   0.776127   0.025744   0.309213   0.669427   0.748904   0.510900   0.932405   0.470677   0.773930   0.025431   0.309251   0.669351   0.747505   0.508832   0.932275   0.468558   0.771650   0.025433   0.309303   0.669265   0.746283   0.507034   0.932122   0.466717   0.769387   0.025841   0.309347   0.669121   0.745343   0.505656   0.932224   0.465306   0.767661   0.025910   0.309410   0.668909   0.744718   0.504745   0.932635   0.464376   0.766419   0.025744 683586
 11   0.126996   0.668827   0.719246   0.469178   0.934935   0.428301   0.660961   0.027668   0.306710   0.676586   0.732085   0.486758   0.933965   0.446068   0.665103   0.024347   0.306972   0.675513   0.733548   0.488777   0.934763   0.448112   0.664375   0.024180   0.307287   0.674459   0.735011   0.490832   0.936668   0.450198   0.665044   0.023754   0.307555   0.673646   0.735588   0.491636   0.937712   0.451014   0.665490   0.023366   0.308371   0.672974   0.735504   0.491495   0.937654   0.450865   0.665084   0.023109   0.317297   0.670525   0.737777   0.494757   0.937042   0.454190   0.663727   0.022838   0.339823   0.664522   0.744498   0.504534   0.936067   0.464181   0.665418   0.022269   0.368946   0.656801   0.754750   0.519740   0.935497   0.479775   0.673119   0.022992   0.396204   0.649963   0.767555   0.539226   0.935876   0.499853   0.682344   0.025433   0.415028   0.645416   0.780335   0.559197   0.936064   0.520532   0.689246   0.027906   0.419380   0.644032   0.790600   0.575631   0.935774   0.537625   0.694354   0.029408   0.407178   0.645994   0.796981   0.586031   0.935101   0.548478   0.698684   0.029612   0.381794   0.650562   0.798889   0.589178   0.934080   0.551770   0.703652   0.028289   0.350424   0.656276   0.796579   0.585404   0.933375   0.547830   0.711951   0.024665   0.323745   0.662501   0.787740   0.571093   0.933286   0.532913   0.723357   0.022195   0.311154   0.667070   0.776843   0.553621   0.933536   0.514735   0.728798   0.024713   0.308995   0.668552   0.770677   0.543898   0.934083   0.504651   0.726880   0.028082   0.308809   0.668896   0.767008   0.538228   0.934609   0.498791   0.724490   0.029327   0.308678   0.669142   0.763749   0.533236   0.934792   0.493642   0.722496   0.029715   0.308635   0.669293   0.760862   0.528847   0.934788   0.489121   0.720891   0.029901   0.308608   0.669413   0.758256   0.524912   0.934744   0.485073   0.719490   0.030097   0.308578   0.669489   0.755993   0.521512   0.934883   0.481578   0.718262   0.029971   0.308600   0.669464   0.754180   0.518805   0.935311   0.478798   0.717328   0.029542 629032
 12   0.133560   0.665618   0.668935   0.404578   0.765656   0.363728   0.564056   0.035685   0.307128   0.670397   0.691880   0.432161   0.764362   0.390971   0.569651   0.038161   0.307596   0.669774   0.693546   0.434358   0.765020   0.393176   0.567753   0.034511   0.308057   0.669139   0.694912   0.436162   0.766881   0.394987   0.568981   0.032914   0.308369   0.668694   0.695323   0.436713   0.767942   0.395543   0.569322   0.032378   0.309009   0.668162   0.695475   0.436925   0.767910   0.395757   0.568682   0.031976   0.316974   0.664912   0.699614   0.442506   0.767326   0.401382   0.567884   0.029701   0.339419   0.657962   0.706930   0.452411   0.766295   0.411372   0.572793   0.026756   0.370973   0.650341   0.713924   0.462000   0.765888   0.421066   0.584604   0.028136   0.401400   0.644312   0.721196   0.472140   0.766367   0.431351   0.596837   0.033435   0.422330   0.640874   0.727631   0.481255   0.766524   0.440623   0.607297   0.038953   0.426748   0.640727   0.732068   0.487626   0.766298   0.447119   0.615863   0.042960   0.412628   0.644017   0.733453   0.489649   0.765822   0.449190   0.622568   0.044242   0.384917   0.649942   0.731165   0.486383   0.765024   0.445863   0.627473   0.042150   0.352190   0.657154   0.725670   0.478534   0.764281   0.437866   0.631503   0.037008   0.324455   0.664187   0.717188   0.466511   0.764146   0.425636   0.636352   0.031087   0.310643   0.668705   0.708671   0.454584   0.764489   0.413530   0.637520   0.028949   0.308106   0.669871   0.704366   0.448639   0.765040   0.407513   0.633801   0.029147   0.308188   0.669711   0.702818   0.446537   0.765486   0.405392   0.629850   0.028687   0.308276   0.669538   0.701475   0.444734   0.765586   0.403576   0.626190   0.028602   0.308371   0.669387   0.700233   0.443082   0.765694   0.401915   0.622783   0.029108   0.308455   0.669262   0.699044   0.441514   0.765747   0.400342   0.619424   0.029826   0.308528   0.669095   0.698124   0.440311   0.765787   0.399136   0.616067   0.030182   0.308620   0.668863   0.697575   0.439600   0.766130   0.398425   0.612969   0.030388 368912
 13   0.136121   0.667670   0.624655   0.353702   0.702414   0.313857   0.413548   0.047650   0.302632   0.674270   0.654516   0.386213   0.699685   0.345418   0.418608   0.048318   0.303296   0.673350   0.658156   0.390462   0.700249   0.349592   0.415098   0.041977   0.303804   0.672510   0.661144   0.393982   0.701990   0.353053   0.414181   0.038543   0.304237   0.671767   0.663030   0.396206   0.702989   0.355241   0.413697   0.037187   0.306152   0.669570   0.666604   0.400476   0.702983   0.359453   0.413935   0.036034   0.321415   0.661297   0.678929   0.415894   0.702447   0.374785   0.415462   0.032149   0.358957   0.648229   0.694988   0.436584   0.701516   0.395470   0.421450   0.030790   0.407741   0.636225   0.709100   0.455545   0.701128   0.414573   0.430856   0.037226   0.453583   0.627349   0.723748   0.475931   0.701413   0.435244   0.439280   0.047270   0.484080   0.623044   0.736482   0.494221   0.701358   0.453900   0.447241   0.057253   0.487465   0.624452   0.744947   0.506692   0.700998   0.466680   0.455664   0.065096   0.463239   0.631085   0.747659   0.510779   0.700441   0.470886   0.464860   0.069662   0.421189   0.641064   0.744101   0.505573   0.699630   0.465557   0.474435   0.069428   0.372998   0.652453   0.734926   0.492204   0.698923   0.451882   0.484377   0.063647   0.331552   0.663539   0.719794   0.470662   0.698844   0.429946   0.495746   0.052955   0.309242   0.671550   0.702334   0.446501   0.699242   0.405469   0.501351   0.046012   0.304121   0.674243   0.692072   0.432664   0.699823   0.391520   0.498990   0.044686   0.304290   0.673976   0.688605   0.428129   0.700299   0.386974   0.495795   0.042769   0.304506   0.673612   0.686089   0.424862   0.700474   0.383703   0.493116   0.041277   0.304722   0.673235   0.683990   0.422162   0.700661   0.381005   0.490746   0.040691   0.304923   0.672882   0.682079   0.419725   0.700747   0.378573   0.488397   0.040456   0.305035   0.672591   0.680310   0.417484   0.700791   0.376340   0.485943   0.040049   0.305057   0.672379   0.678673   0.415439   0.701134   0.374307   0.483512   0.039563 203984
 14   0.139201   0.679425   0.557021   0.284393   0.561597   0.247248   0.321738   0.073388   0.289183   0.697334   0.589187   0.314855   0.559501   0.276115   0.321336   0.076529   0.288916   0.695147   0.592606   0.318370   0.559759   0.279494   0.314377   0.076694   0.289334   0.692978   0.594253   0.320145   0.561176   0.281213   0.311299   0.078003   0.289701   0.691393   0.594117   0.320057   0.561975   0.281137   0.309568   0.079608   0.298759   0.681317   0.602309   0.328430   0.561834   0.289175   0.311500   0.080739   0.348134   0.649855   0.626655   0.354929   0.561072   0.314903   0.317050   0.087531   0.447193   0.607506   0.654498   0.387387   0.559920   0.346802   0.322353   0.112131   0.560546   0.573480   0.678492   0.417427   0.559397   0.376705   0.326401   0.144269   0.656398   0.553839   0.699804   0.445384   0.559531   0.404773   0.330632   0.168418   0.715404   0.549865   0.715162   0.466346   0.559394   0.425970   0.337160   0.185043   0.719736   0.561784   0.722989   0.477406   0.559077   0.437225   0.346407   0.195535   0.668199   0.586601   0.722014   0.476277   0.558678   0.436122   0.357947   0.199468   0.579053   0.618672   0.712169   0.462855   0.558175   0.422550   0.370374   0.195173   0.473964   0.652999   0.695379   0.440281   0.557688   0.399781   0.381167   0.181803   0.377181   0.683695   0.674568   0.413093   0.557683   0.372500   0.388195   0.157014   0.310592   0.706288   0.650120   0.382611   0.558169   0.342170   0.389221   0.122300   0.286207   0.713782   0.632035   0.360964   0.558783   0.320790   0.383732   0.099478   0.285528   0.710475   0.624712   0.352652   0.559164   0.312661   0.376218   0.093968   0.285453   0.707161   0.620036   0.347476   0.559171   0.307621   0.369388   0.092503   0.285190   0.704498   0.616249   0.343358   0.559255   0.303625   0.362961   0.093076   0.285038   0.702348   0.612550   0.339385   0.559330   0.299777   0.357192   0.093635   0.285055   0.700558   0.608729   0.335314   0.559375   0.295841   0.351961   0.093828   0.285079   0.698991   0.605237   0.331637   0.559690   0.292292   0.347129   0.094020 94874
 15   0.123929   0.666500   0.755085   0.520352   0.938866   0.480424   0.787152   0.022231   0.308546   0.672051   0.765566   0.535971   0.938263   0.496454   0.796829   0.018619   0.308847   0.671238   0.766866   0.537937   0.939137   0.498478   0.800393   0.019551   0.309121   0.670476   0.767958   0.539601   0.941237   0.500193   0.804471   0.020519   0.309316   0.669980   0.767944   0.539574   0.942492   0.500164   0.807134   0.021430   0.309575   0.669717   0.767003   0.538122   0.942619   0.498664   0.807966   0.022428   0.314276   0.668423   0.767365   0.538686   0.942143   0.499247   0.806428   0.023907   0.328494   0.664730   0.770753   0.543944   0.941231   0.504685   0.807017   0.025092   0.348526   0.659807   0.776597   0.553090   0.940603   0.514157   0.813131   0.026171   0.367659   0.655480   0.784204   0.565158   0.941097   0.526687   0.820493   0.028523   0.380657   0.652716   0.791583   0.577039   0.941548   0.539056   0.825951   0.030875   0.382938   0.652010   0.797092   0.586031   0.941447   0.548442   0.829248   0.031793   0.373494   0.653419   0.800005   0.590826   0.940910   0.553456   0.830757   0.031233   0.355503   0.656517   0.799831   0.590552   0.939929   0.553171   0.831738   0.029339   0.334316   0.660283   0.796931   0.585793   0.939301   0.548199   0.836920   0.025023   0.317468   0.664162   0.790233   0.574880   0.939244   0.536812   0.845906   0.021888   0.310707   0.666695   0.783228   0.563563   0.939419   0.525021   0.847856   0.023455   0.310030   0.667378   0.779506   0.557639   0.939903   0.518867   0.843567   0.025526   0.309966   0.667579   0.776972   0.553644   0.940450   0.514724   0.840248   0.025824   0.309907   0.667703   0.774719   0.550113   0.940667   0.511066   0.837366   0.025468   0.309851   0.667794   0.772639   0.546868   0.940540   0.507708   0.834535   0.025190   0.309824   0.667859   0.770784   0.543987   0.940423   0.504728   0.831740   0.025339   0.309819   0.667860   0.769264   0.541638   0.940616   0.502300   0.829326   0.025400   0.309834   0.667804   0.768029   0.539738   0.941109   0.500338   0.827293   0.025371 1025891
 16   0.125752   0.667812   0.736802   0.493801   0.931120   0.453298   0.714899   0.024465   0.307669   0.674515   0.750025   0.512680   0.930290   0.472525   0.722281   0.021645   0.307957   0.673416   0.752027   0.515598   0.931116   0.475507   0.724247   0.021430   0.308242   0.672405   0.753773   0.518169   0.933171   0.478141   0.727369   0.020989   0.308473   0.671672   0.754398   0.519085   0.934330   0.479077   0.729744   0.020959   0.309098   0.671087   0.754321   0.518953   0.934370   0.478938   0.730677   0.021084   0.316662   0.668918   0.756536   0.522274   0.933906   0.482351   0.729352   0.021242   0.336266   0.663650   0.762764   0.531711   0.932980   0.492066   0.731217   0.020594   0.361858   0.656953   0.772112   0.546116   0.932350   0.506943   0.739975   0.020600   0.385800   0.651097   0.783725   0.564413   0.932736   0.525916   0.749904   0.022625   0.401828   0.647331   0.795001   0.582591   0.932962   0.544848   0.757205   0.024920   0.404640   0.646330   0.803709   0.596925   0.932710   0.559833   0.762302   0.026307   0.393139   0.648112   0.808832   0.605475   0.932110   0.568795   0.766188   0.026494   0.370732   0.652022   0.809925   0.607312   0.931095   0.570723   0.770347   0.025257   0.343628   0.656790   0.807390   0.603065   0.930411   0.566268   0.778786   0.021948   0.321145   0.662023   0.798863   0.588942   0.930334   0.551486   0.792128   0.020179   0.311323   0.665824   0.788910   0.572619   0.930535   0.534432   0.798670   0.023193   0.310008   0.666979   0.783712   0.564233   0.931047   0.525698   0.796674   0.026334   0.309870   0.667253   0.780617   0.559311   0.931594   0.520586   0.794490   0.027064   0.309759   0.667459   0.777853   0.554948   0.931819   0.516060   0.792591   0.027193   0.309664   0.667632   0.775286   0.550924   0.931810   0.511891   0.790836   0.027202   0.309595   0.667769   0.772969   0.547314   0.931768   0.508156   0.789068   0.027194   0.309559   0.667840   0.771001   0.544267   0.931931   0.505006   0.787311   0.027239   0.309560   0.667829   0.769419   0.541830   0.932394   0.502490   0.785832   0.027102 937061
 17   0.124830   0.669332   0.736673   0.494111   0.933714   0.453705   0.649737   0.026032   0.306007   0.677380   0.750541   0.513758   0.932868   0.473688   0.657816   0.024777   0.306439   0.675984   0.752644   0.516800   0.933761   0.476794   0.659270   0.024808   0.306776   0.674781   0.754337   0.519281   0.935826   0.479333   0.661741   0.024325   0.307001   0.673912   0.754846   0.520019   0.936981   0.480087   0.663523   0.023778   0.309120   0.672985   0.755265   0.520627   0.937006   0.480708   0.663360   0.023388   0.325051   0.669134   0.760041   0.527850   0.936527   0.488142   0.662824   0.022225   0.361299   0.660482   0.770971   0.544648   0.935636   0.505482   0.669002   0.020180   0.407768   0.649970   0.786808   0.569712   0.935001   0.531498   0.681961   0.020742   0.453654   0.640782   0.806201   0.601561   0.935253   0.564787   0.693284   0.024437   0.488064   0.634660   0.824819   0.633308   0.935323   0.598202   0.700239   0.028624   0.498471   0.633017   0.839127   0.658531   0.934887   0.624916   0.705057   0.032266   0.478983   0.636261   0.847531   0.673692   0.934101   0.641043   0.709391   0.034880   0.435872   0.643130   0.849490   0.677271   0.932971   0.644860   0.715220   0.035267   0.382571   0.651065   0.845832   0.670613   0.932244   0.637766   0.726099   0.031489   0.336462   0.659386   0.833125   0.647927   0.932157   0.613681   0.741376   0.027005   0.313156   0.666529   0.815282   0.616705   0.932375   0.580660   0.749491   0.029193   0.308327   0.669533   0.803933   0.597350   0.932919   0.560288   0.748322   0.033680   0.308035   0.670008   0.798274   0.587986   0.933516   0.550488   0.746117   0.034679   0.307842   0.670305   0.793562   0.580287   0.933827   0.542451   0.744356   0.034532   0.307665   0.670533   0.789326   0.573441   0.933879   0.535317   0.743020   0.034098   0.307557   0.670674   0.785589   0.567455   0.933879   0.529091   0.741705   0.033707   0.307583   0.670665   0.782504   0.562551   0.934092   0.523997   0.740398   0.033447   0.307640   0.670617   0.779771   0.558244   0.934594   0.519530   0.739448   0.033162 497845
 18   0.128142   0.667182   0.714055   0.463124   0.861080   0.422371   0.586383   0.036035   0.306595   0.673011   0.740286   0.498784   0.860034   0.458376   0.582478   0.038170   0.307205   0.671626   0.745329   0.506052   0.860717   0.465791   0.574318   0.035218   0.307732   0.670573   0.748680   0.510935   0.862673   0.470783   0.571605   0.033720   0.308118   0.669832   0.750397   0.513447   0.863801   0.473352   0.570345   0.033859   0.309103   0.669023   0.751743   0.515424   0.863830   0.475376   0.569186   0.033508   0.318564   0.665690   0.758624   0.525819   0.863384   0.486073   0.569379   0.029504   0.341964   0.658974   0.769926   0.543124   0.862501   0.503926   0.578047   0.022899   0.371928   0.651624   0.780640   0.559942   0.862059   0.521356   0.594546   0.020487   0.400821   0.645423   0.791633   0.577640   0.862421   0.539785   0.610610   0.023156   0.421794   0.641435   0.801438   0.593784   0.862491   0.556667   0.624010   0.027692   0.427574   0.640645   0.808240   0.605198   0.862177   0.568646   0.635394   0.032355   0.415222   0.643230   0.810871   0.609685   0.861581   0.573368   0.646092   0.035379   0.387782   0.648452   0.808706   0.606074   0.860637   0.569583   0.657145   0.035074   0.353452   0.655039   0.801903   0.594717   0.859939   0.557676   0.670438   0.031317   0.324134   0.662207   0.788507   0.572771   0.859934   0.534746   0.685954   0.027668   0.310496   0.667361   0.774374   0.550051   0.860318   0.511093   0.693758   0.028324   0.308425   0.668918   0.767368   0.539045   0.860925   0.499685   0.692130   0.029796   0.308459   0.669004   0.764323   0.534355   0.861477   0.494842   0.688883   0.029600   0.308549   0.668984   0.761943   0.530722   0.861711   0.491097   0.685358   0.029886   0.308660   0.668925   0.759994   0.527767   0.861828   0.488054   0.681797   0.030620   0.308764   0.668872   0.758304   0.525223   0.861805   0.485437   0.678058   0.031423   0.308853   0.668794   0.756928   0.523159   0.861839   0.483317   0.674420   0.031893   0.308941   0.668658   0.755954   0.521707   0.862210   0.481826   0.671199   0.032014 261750
 19   0.128463   0.668074   0.683774   0.424150   0.805293   0.383385   0.440989   0.048203   0.302327   0.674901   0.711641   0.459478   0.803902   0.418626   0.444891   0.048874   0.303124   0.673912   0.715774   0.465158   0.804531   0.424372   0.442177   0.042276   0.303648   0.673257   0.717904   0.468020   0.806377   0.427255   0.442676   0.038928   0.304062   0.672552   0.719389   0.470020   0.807457   0.429271   0.443185   0.038006   0.306103   0.670456   0.723296   0.475312   0.807498   0.434611   0.443894   0.036556   0.321325   0.663198   0.736843   0.494599   0.806995   0.454253   0.446603   0.030705   0.357939   0.651752   0.755229   0.521614   0.806090   0.481922   0.455292   0.025224   0.405704   0.640882   0.771683   0.546802   0.805650   0.507916   0.467571   0.027278   0.451818   0.632314   0.788117   0.572921   0.805842   0.535058   0.478329   0.034307   0.484835   0.627304   0.802427   0.596460   0.805690   0.559678   0.488364   0.042836   0.492464   0.627179   0.812466   0.613482   0.805201   0.577583   0.498811   0.050901   0.470299   0.632142   0.816599   0.620639   0.804485   0.585142   0.510085   0.056722   0.426601   0.640811   0.813806   0.615873   0.803536   0.580121   0.522462   0.058787   0.375202   0.651227   0.804147   0.599496   0.802863   0.562894   0.537148   0.055976   0.331509   0.661882   0.785674   0.569131   0.802907   0.531139   0.554676   0.046844   0.309306   0.669918   0.764050   0.534736   0.803390   0.495391   0.564345   0.039821   0.304903   0.672727   0.752015   0.516176   0.804067   0.476213   0.563419   0.037996   0.305215   0.672597   0.748037   0.510240   0.804647   0.470118   0.560702   0.036345   0.305508   0.672346   0.745153   0.505984   0.804909   0.465757   0.558018   0.035539   0.305785   0.672040   0.742835   0.502596   0.805090   0.462292   0.555679   0.035503   0.306014   0.671749   0.740792   0.499641   0.805110   0.459275   0.553368   0.035925   0.306150   0.671503   0.739024   0.497107   0.805143   0.456692   0.551075   0.035935   0.306222   0.671296   0.737511   0.494963   0.805510   0.454512   0.548914   0.035777 166090
 20   0.123325   0.666597   0.762493   0.531549   0.942969   0.491947   0.798102   0.020748   0.308657   0.672088   0.774698   0.550074   0.942276   0.511025   0.810294   0.016455   0.308923   0.670992   0.776922   0.553527   0.943140   0.514596   0.815815   0.017260   0.309231   0.670001   0.778769   0.556413   0.945296   0.517584   0.821619   0.018485   0.309476   0.669316   0.779389   0.557381   0.946540   0.518586   0.825472   0.019585   0.310313   0.668714   0.779471   0.557505   0.946708   0.518713   0.826895   0.020393   0.319305   0.666033   0.782420   0.562200   0.946306   0.523591   0.826206   0.020703   0.341468   0.660027   0.789671   0.573863   0.945379   0.535731   0.830544   0.020238   0.369563   0.653076   0.799760   0.590388   0.944637   0.552992   0.841515   0.020615   0.395096   0.647407   0.811657   0.610321   0.944966   0.573901   0.851678   0.022739   0.411472   0.644033   0.822659   0.629170   0.945254   0.593754   0.858459   0.024835   0.413168   0.643537   0.830791   0.643379   0.945000   0.608777   0.862428   0.026114   0.399298   0.645854   0.835399   0.651538   0.944370   0.617425   0.864487   0.026382   0.374735   0.650130   0.836219   0.653006   0.943278   0.618984   0.866410   0.025304   0.346031   0.655023   0.833671   0.648496   0.942583   0.614204   0.874269   0.021991   0.322594   0.660232   0.825347   0.633916   0.942473   0.598783   0.888281   0.020071   0.312659   0.663953   0.815661   0.617088   0.942593   0.581010   0.894720   0.022936   0.311386   0.665089   0.810525   0.608296   0.943086   0.571751   0.892188   0.026125   0.311214   0.665418   0.807334   0.602915   0.943687   0.566100   0.889629   0.027075   0.311052   0.665684   0.804445   0.598079   0.943958   0.561027   0.887638   0.027168   0.310891   0.665901   0.801756   0.593605   0.943868   0.556341   0.886053   0.026653   0.310759   0.666061   0.799398   0.589705   0.943815   0.552261   0.884681   0.026010   0.310673   0.666168   0.797397   0.586418   0.944070   0.548825   0.883126   0.025759   0.310631   0.666227   0.795687   0.583628   0.944624   0.545913   0.881468   0.025685 869024
 21   0.124579   0.667732   0.748802   0.511215   0.936087   0.471088   0.737594   0.021767   0.307804   0.674296   0.761307   0.529565   0.935377   0.489869   0.747191   0.019636   0.308131   0.673072   0.763598   0.532999   0.936293   0.493397   0.751533   0.020086   0.308462   0.671963   0.765567   0.535975   0.938421   0.496459   0.756552   0.020348   0.308729   0.671172   0.766304   0.537083   0.939625   0.497598   0.760292   0.020741   0.309760   0.670457   0.766501   0.537366   0.939715   0.497887   0.762138   0.021023   0.319861   0.667629   0.769750   0.542379   0.939321   0.503064   0.762393   0.021248   0.344250   0.661254   0.777605   0.554651   0.938445   0.515770   0.767636   0.020503   0.374881   0.653683   0.788876   0.572635   0.937709   0.534463   0.779395   0.020619   0.403270   0.647322   0.802569   0.595052   0.937982   0.557876   0.790324   0.022966   0.422629   0.643325   0.815497   0.616784   0.938153   0.580685   0.797649   0.025461   0.426063   0.642467   0.825273   0.633608   0.937835   0.598421   0.802364   0.027098   0.411876   0.644748   0.830975   0.643576   0.937177   0.608960   0.805565   0.027736   0.384858   0.649302   0.832309   0.645928   0.936111   0.611450   0.808913   0.027100   0.352300   0.654548   0.829906   0.641706   0.935460   0.606983   0.817617   0.023750   0.324932   0.660221   0.820826   0.625969   0.935409   0.590371   0.832226   0.021280   0.312678   0.664545   0.809517   0.606575   0.935590   0.569939   0.839900   0.024357   0.310911   0.665980   0.803308   0.596107   0.936113   0.558946   0.838485   0.028154   0.310697   0.666357   0.799682   0.590098   0.936714   0.552656   0.836619   0.029183   0.310511   0.666646   0.796476   0.584827   0.937006   0.547147   0.835292   0.029334   0.310349   0.666877   0.793539   0.580033   0.936973   0.542144   0.834300   0.028929   0.310219   0.667047   0.790956   0.575844   0.936915   0.537776   0.833312   0.028401   0.310134   0.667149   0.788770   0.572320   0.937127   0.534107   0.832117   0.028174   0.310091   0.667185   0.786921   0.569361   0.937634   0.531029   0.831005   0.027905 1100540
 22   0.122721   0.668107   0.756594   0.522951   0.938626   0.483156   0.722133   0.022859   0.306485   0.675027   0.768421   0.540566   0.937910   0.501237   0.733847   0.021296   0.306842   0.673796   0.770406   0.543579   0.938829   0.504340   0.739141   0.022001   0.307122   0.672722   0.772038   0.546075   0.940987   0.506914   0.744741   0.022607   0.307342   0.671960   0.772448   0.546690   0.942224   0.507545   0.748794   0.023323   0.311001   0.670773   0.773368   0.548100   0.942344   0.509001   0.750129   0.024174   0.331616   0.665986   0.779338   0.557499   0.941953   0.518746   0.752563   0.024266   0.375460   0.656442   0.791665   0.577310   0.941071   0.539366   0.763308   0.023774   0.430713   0.645688   0.808832   0.605827   0.940275   0.569234   0.778626   0.025955   0.483944   0.636726   0.828750   0.640174   0.940423   0.605461   0.790724   0.030738   0.521155   0.631227   0.846895   0.672631   0.940416   0.639933   0.798541   0.035044   0.526484   0.630663   0.860397   0.697552   0.939917   0.666557   0.803029   0.038076   0.496195   0.635149   0.867948   0.711765   0.939146   0.681797   0.805543   0.040072   0.443608   0.642772   0.869180   0.714076   0.938031   0.684273   0.809092   0.040631   0.385293   0.650528   0.865095   0.706275   0.937408   0.675886   0.820252   0.036346   0.337697   0.658073   0.852510   0.682809   0.937432   0.650768   0.837239   0.030576   0.314818   0.664044   0.836664   0.653851   0.937669   0.619891   0.844980   0.032204   0.310414   0.666321   0.827350   0.637272   0.938243   0.602302   0.843254   0.036174   0.310046   0.666890   0.822087   0.628111   0.938916   0.592623   0.841858   0.036512   0.309770   0.667317   0.817521   0.620254   0.939264   0.584340   0.841396   0.035720   0.309516   0.667649   0.813431   0.613286   0.939235   0.577008   0.841351   0.034338   0.309270   0.667905   0.809827   0.607192   0.939192   0.570605   0.841279   0.032918   0.309070   0.668079   0.806732   0.602001   0.939460   0.565159   0.840695   0.032135   0.308948   0.668173   0.804067   0.597569   0.940029   0.560517   0.839948   0.031581 462752
 23   0.121615   0.669502   0.747030   0.508731   0.939605   0.468565   0.671518   0.022010   0.302742   0.677751   0.757393   0.523913   0.938879   0.484102   0.681614   0.023017   0.303220   0.676428   0.758990   0.526304   0.939784   0.486558   0.685146   0.024164   0.303552   0.675335   0.760067   0.527922   0.941800   0.488221   0.688975   0.024795   0.303763   0.674581   0.759925   0.527702   0.942939   0.487993   0.691465   0.025393   0.312095   0.672509   0.761869   0.530610   0.943011   0.490981   0.691225   0.025714   0.351709   0.664382   0.771577   0.545574   0.942608   0.506438   0.695306   0.024610   0.434243   0.649006   0.791799   0.578030   0.941759   0.540217   0.710519   0.024281   0.540154   0.632019   0.820823   0.627202   0.940856   0.591921   0.726630   0.028737   0.640337   0.618308   0.852495   0.684102   0.940736   0.652419   0.734953   0.035101   0.704294   0.610780   0.879546   0.735432   0.940496   0.707561   0.735673   0.039777   0.704058   0.611820   0.898457   0.772918   0.939778   0.748165   0.730459   0.043319   0.639858   0.620684   0.908191   0.792714   0.938835   0.769712   0.724655   0.046551   0.540687   0.633575   0.908898   0.794096   0.937636   0.771205   0.724792   0.048392   0.437847   0.646030   0.901654   0.779151   0.937014   0.754896   0.738467   0.045633   0.356925   0.657249   0.882101   0.740070   0.937021   0.712502   0.763426   0.040123   0.315792   0.666516   0.856869   0.691326   0.937237   0.659964   0.775704   0.041686   0.306039   0.670697   0.840869   0.661708   0.937809   0.628302   0.773847   0.046003   0.305430   0.671569   0.832139   0.646149   0.938508   0.611787   0.773684   0.045587   0.305123   0.672118   0.824826   0.633344   0.938948   0.598243   0.774667   0.044026   0.304996   0.672404   0.818627   0.622655   0.938980   0.586967   0.775881   0.041900   0.305026   0.672426   0.813538   0.613986   0.938936   0.577844   0.777157   0.039802   0.305110   0.672245   0.809517   0.607208   0.939202   0.570724   0.778047   0.038233   0.305201   0.672009   0.806204   0.601679   0.939778   0.564928   0.778599   0.036813 201003
 24   0.124900   0.671152   0.715528   0.464784   0.924205   0.423985   0.540303   0.029585   0.301970   0.680848   0.730109   0.484671   0.923312   0.444078   0.546474   0.029838   0.302589   0.679345   0.732174   0.487590   0.924071   0.447045   0.544196   0.029977   0.302838   0.678313   0.733148   0.488945   0.925853   0.448419   0.543905   0.028955   0.302940   0.677565   0.733133   0.488929   0.926872   0.448403   0.544189   0.028463   0.307381   0.675600   0.735554   0.492396   0.926850   0.451937   0.544498   0.027631   0.335449   0.668109   0.746566   0.508597   0.926264   0.468535   0.549241   0.023510   0.399391   0.653556   0.766727   0.539252   0.925317   0.500131   0.564000   0.020065   0.485594   0.636633   0.794244   0.583290   0.924650   0.545960   0.582338   0.023487   0.577056   0.621604   0.825985   0.637144   0.924711   0.602620   0.594285   0.031385   0.652150   0.611230   0.854728   0.688742   0.924495   0.657484   0.600048   0.040034   0.677499   0.608912   0.875782   0.728351   0.923790   0.699971   0.603275   0.047625   0.639244   0.615417   0.887389   0.750856   0.922786   0.724249   0.606217   0.053362   0.556105   0.627803   0.889473   0.754880   0.921542   0.728587   0.611788   0.056083   0.455478   0.642096   0.882904   0.741863   0.920706   0.714486   0.624580   0.053830   0.366328   0.655911   0.863726   0.705054   0.920596   0.674858   0.647775   0.045656   0.315989   0.668702   0.833240   0.649050   0.920929   0.615059   0.660380   0.043365   0.303214   0.675055   0.811867   0.611309   0.921618   0.575063   0.656362   0.046353   0.303257   0.675303   0.803712   0.597589   0.922350   0.560657   0.652572   0.045118   0.303562   0.675211   0.797561   0.587401   0.922812   0.549991   0.650739   0.043170   0.304004   0.674872   0.792686   0.579403   0.923025   0.541633   0.650219   0.041327   0.304391   0.674485   0.788498   0.572595   0.923089   0.534530   0.650262   0.040103   0.304537   0.674270   0.784555   0.566269   0.923312   0.527947   0.650336   0.039525   0.304541   0.674151   0.780925   0.560520   0.923836   0.521978   0.650321   0.038988 215689
