timestamp=                2021-11-17T13:26:11.715974
shape=                    (5, 5)
sigma=                    2.5
nepochs=                  2
thresh=                   None
rate=                     0.005
neighborhood function=    gaussian
init weights=             pca
topology=                 hexagonal
activation distance=      euclidean
output type=              labels
mapfile_prefix=           full2017_5x5_2_005_3_06
apply classification=     False
seed=                     None
random order=             True
custom init file=         None
order labels by size=     False
decay_function=           3

Quantization Error=       0.34766878
Topographic Error=        0.14526985

############ NEURONS #############
 25 192
  0   0.124705   0.671054   0.716556   0.466064   0.930904   0.425255   0.567796   0.027558   0.301777   0.680667   0.729833   0.484150   0.930029   0.443523   0.574570   0.027985   0.302398   0.679135   0.731775   0.486888   0.930842   0.446306   0.573422   0.028601   0.302662   0.678061   0.732780   0.488304   0.932676   0.447744   0.573670   0.027914   0.302768   0.677314   0.732701   0.488193   0.933703   0.447630   0.574097   0.027394   0.308024   0.675396   0.734893   0.491297   0.933667   0.450788   0.574028   0.026659   0.338907   0.667889   0.745298   0.506513   0.933085   0.466357   0.577774   0.023290   0.407989   0.653029   0.765339   0.536899   0.932134   0.497658   0.591700   0.020658   0.500937   0.635635   0.793861   0.582564   0.931418   0.545181   0.609094   0.024468   0.598730   0.620221   0.826885   0.638757   0.931465   0.604333   0.619536   0.032257   0.677926   0.609624   0.856682   0.692551   0.931240   0.661593   0.623353   0.040334   0.702955   0.607441   0.878523   0.733931   0.930508   0.706041   0.623708   0.047403   0.659935   0.614393   0.890594   0.757529   0.929482   0.731538   0.623387   0.052822   0.570612   0.627199   0.893009   0.762243   0.928212   0.736630   0.626186   0.055440   0.464199   0.641626   0.886825   0.749844   0.927365   0.723171   0.637549   0.052988   0.370279   0.655398   0.868028   0.713358   0.927230   0.683806   0.660400   0.045038   0.316741   0.668373   0.837460   0.656661   0.927530   0.623156   0.672156   0.043598   0.302733   0.675017   0.815520   0.617616   0.928205   0.581717   0.667079   0.047425   0.302620   0.675412   0.806765   0.602787   0.928938   0.566126   0.663217   0.046681   0.302936   0.675367   0.800173   0.591800   0.929407   0.554609   0.661866   0.044720   0.303375   0.675107   0.794853   0.583034   0.929615   0.545442   0.661787   0.042550   0.303722   0.674791   0.790280   0.575580   0.929689   0.537661   0.662232   0.040968   0.303870   0.674563   0.786057   0.568787   0.929940   0.530589   0.662722   0.040307   0.303882   0.674409   0.782141   0.562568   0.930486   0.524128   0.663189   0.039915 212074
  1   0.124948   0.669309   0.710045   0.458300   0.855864   0.417608   0.438515   0.044494   0.302015   0.677237   0.734324   0.491056   0.854677   0.450646   0.440256   0.045021   0.302770   0.676070   0.738291   0.496759   0.855330   0.456464   0.435567   0.040279   0.303232   0.675337   0.739789   0.498869   0.857171   0.458607   0.435768   0.037500   0.303615   0.674561   0.740851   0.500366   0.858294   0.460129   0.437026   0.036977   0.305992   0.672401   0.744676   0.505803   0.858384   0.465664   0.438771   0.035640   0.322826   0.665272   0.758325   0.526158   0.857867   0.486570   0.444035   0.029288   0.362349   0.653698   0.777603   0.555882   0.856966   0.517286   0.456732   0.022924   0.413031   0.642228   0.795827   0.585194   0.856499   0.547814   0.473312   0.024285   0.462750   0.632889   0.814322   0.616171   0.856633   0.580320   0.488257   0.031216   0.500650   0.626993   0.830784   0.644763   0.856467   0.610527   0.501260   0.040168   0.511879   0.626224   0.842503   0.665756   0.855943   0.632835   0.513815   0.048775   0.489843   0.630949   0.847703   0.675266   0.855153   0.642980   0.527096   0.055104   0.442406   0.639714   0.845437   0.671152   0.854154   0.638597   0.541882   0.057280   0.384678   0.650470   0.835691   0.653590   0.853520   0.619913   0.559755   0.054149   0.335056   0.661656   0.815653   0.618651   0.853606   0.582971   0.580836   0.045413   0.309824   0.670285   0.791684   0.578245   0.854094   0.540520   0.593204   0.039400   0.304823   0.673371   0.778221   0.556277   0.854792   0.517582   0.593648   0.037784   0.305154   0.673213   0.773671   0.549087   0.855408   0.510120   0.591014   0.035887   0.305504   0.672890   0.770515   0.544155   0.855706   0.505013   0.587751   0.035201   0.305821   0.672532   0.767977   0.540229   0.855849   0.500955   0.584724   0.035510   0.306050   0.672208   0.765796   0.536881   0.855798   0.497499   0.581706   0.036064   0.306185   0.671940   0.763939   0.534054   0.855828   0.494585   0.579010   0.036020   0.306253   0.671736   0.762259   0.531531   0.856212   0.491992   0.576704   0.035783 136965
  2   0.144433   0.679045   0.518722   0.248982   0.485132   0.213817   0.298109   0.070194   0.289754   0.696758   0.547236   0.273229   0.484498   0.236365   0.297247   0.077670   0.289232   0.695096   0.549844   0.275639   0.484815   0.238639   0.291782   0.078293   0.289391   0.693287   0.551124   0.276880   0.486186   0.239818   0.288529   0.080580   0.289478   0.691870   0.551200   0.276999   0.486930   0.239938   0.286007   0.083604   0.299456   0.680695   0.559223   0.284429   0.486772   0.246947   0.287352   0.085896   0.351361   0.645447   0.582086   0.306854   0.486025   0.268316   0.292946   0.091400   0.452828   0.597134   0.607803   0.333777   0.484903   0.294266   0.298911   0.112173   0.567656   0.557003   0.629952   0.358539   0.484421   0.318414   0.304466   0.140409   0.663748   0.533125   0.649495   0.381401   0.484626   0.340891   0.310553   0.160918   0.721700   0.527938   0.663656   0.398659   0.484572   0.357984   0.318263   0.175088   0.724096   0.542655   0.670974   0.407930   0.484304   0.367230   0.327777   0.184933   0.670947   0.573262   0.670179   0.407193   0.483913   0.366544   0.338522   0.189377   0.581050   0.611831   0.661250   0.396366   0.483392   0.355830   0.348893   0.186241   0.476125   0.651771   0.645840   0.377814   0.482896   0.337492   0.357044   0.174511   0.379284   0.686595   0.626583   0.355223   0.482861   0.315265   0.361376   0.151829   0.310800   0.711843   0.604219   0.330196   0.483292   0.290849   0.359662   0.121020   0.284548   0.720133   0.587447   0.312214   0.483871   0.273440   0.351828   0.102675   0.283352   0.716389   0.580127   0.304756   0.484241   0.266286   0.342823   0.099375   0.283107   0.712665   0.575331   0.299969   0.484239   0.261711   0.335134   0.099113   0.282766   0.709645   0.571401   0.296114   0.484304   0.258039   0.328166   0.100628   0.282568   0.707201   0.567600   0.292441   0.484371   0.254548   0.322186   0.101443   0.282568   0.705171   0.563823   0.288824   0.484416   0.251117   0.316955   0.101622   0.282576   0.703374   0.560457   0.285633   0.484710   0.248094   0.312169   0.101888 117459
  3   0.151775   0.676860   0.448540   0.192403   0.353582   0.161656   0.248691   0.084214   0.286737   0.692890   0.459267   0.199679   0.353578   0.168161   0.241224   0.104706   0.285970   0.691707   0.461141   0.201074   0.354017   0.169430   0.237630   0.108254   0.285989   0.689947   0.462671   0.202226   0.355334   0.170478   0.235633   0.112744   0.285732   0.688486   0.463229   0.202682   0.356037   0.170899   0.234074   0.119107   0.297839   0.676643   0.472487   0.209558   0.355911   0.177145   0.236458   0.124353   0.355192   0.642549   0.495694   0.227859   0.355250   0.193941   0.242232   0.132428   0.461327   0.599123   0.520576   0.248976   0.354267   0.213563   0.246699   0.156472   0.577849   0.563933   0.541506   0.267919   0.353918   0.231360   0.250648   0.184619   0.674484   0.540844   0.559255   0.284674   0.354253   0.247220   0.255551   0.197581   0.733523   0.532540   0.572187   0.297328   0.354346   0.259272   0.261502   0.201997   0.739309   0.542036   0.579184   0.304410   0.354188   0.266058   0.268230   0.203910   0.690729   0.567491   0.579265   0.304632   0.353843   0.266295   0.275056   0.203648   0.603535   0.602455   0.572184   0.297664   0.353314   0.259651   0.280990   0.199140   0.496414   0.641313   0.559117   0.284882   0.352779   0.247476   0.284712   0.189715   0.390807   0.678606   0.541302   0.267949   0.352655   0.231427   0.285538   0.172313   0.310187   0.709540   0.517108   0.246178   0.352937   0.210988   0.282790   0.146978   0.276937   0.722600   0.497371   0.229242   0.353394   0.195220   0.275565   0.133877   0.275130   0.720018   0.488800   0.222298   0.353714   0.188818   0.267756   0.134488   0.275126   0.716112   0.483545   0.218120   0.353705   0.184980   0.262170   0.137331   0.275303   0.712425   0.479290   0.214797   0.353753   0.181936   0.257806   0.141102   0.275702   0.709139   0.475378   0.211782   0.353794   0.179179   0.254262   0.142167   0.275996   0.706385   0.471752   0.209020   0.353818   0.176660   0.250893   0.141948   0.276150   0.703903   0.468802   0.206810   0.354071   0.174649   0.247583   0.142460 189200
  4   0.154654   0.673452   0.407554   0.164322   0.243477   0.136481   0.220477   0.193819   0.278916   0.684657   0.394679   0.155828   0.244464   0.128913   0.211851   0.317706   0.278935   0.681651   0.396953   0.157291   0.244916   0.130211   0.213167   0.337286   0.278930   0.679460   0.398264   0.158166   0.246189   0.130993   0.214449   0.349424   0.278548   0.678050   0.398450   0.158315   0.246853   0.131130   0.215342   0.362688   0.292707   0.671350   0.400871   0.159872   0.246744   0.132511   0.216099   0.372736   0.354533   0.647708   0.410489   0.166243   0.246120   0.138193   0.218398   0.371190   0.463337   0.611227   0.425566   0.176651   0.245227   0.147540   0.221523   0.372957   0.578607   0.577581   0.441433   0.188091   0.245036   0.157892   0.224399   0.381171   0.671600   0.553724   0.455783   0.198815   0.245553   0.167655   0.227386   0.376999   0.728035   0.543106   0.466690   0.207215   0.245852   0.175343   0.230102   0.367772   0.736730   0.548662   0.472905   0.212106   0.245882   0.179836   0.232627   0.360071   0.696625   0.569649   0.473662   0.212707   0.245651   0.180389   0.234733   0.354048   0.617921   0.601562   0.468773   0.208836   0.245154   0.176830   0.235795   0.347055   0.513529   0.640595   0.458518   0.200865   0.244589   0.169524   0.235265   0.342689   0.402367   0.681462   0.443042   0.189238   0.244331   0.158928   0.233158   0.346555   0.309498   0.715403   0.424126   0.175602   0.244411   0.146590   0.229561   0.357217   0.267999   0.727472   0.410935   0.166439   0.244709   0.138351   0.225301   0.369628   0.265151   0.722111   0.405796   0.163052   0.244935   0.135334   0.221707   0.378156   0.265046   0.716045   0.402328   0.160814   0.244868   0.133346   0.219091   0.387234   0.265206   0.710690   0.399404   0.158947   0.244868   0.131692   0.217182   0.395253   0.265374   0.706115   0.396933   0.157381   0.244891   0.130306   0.215444   0.396450   0.265229   0.702352   0.394861   0.156077   0.244922   0.129153   0.213617   0.394697   0.264962   0.699060   0.393312   0.155112   0.245168   0.128302   0.211789   0.394594 136526
  5   0.121142   0.669200   0.749533   0.512429   0.939588   0.472356   0.680127   0.021805   0.302632   0.677178   0.760146   0.528054   0.938858   0.488359   0.691088   0.022757   0.303089   0.675912   0.761723   0.530418   0.939738   0.490789   0.695158   0.023968   0.303370   0.674881   0.762789   0.532029   0.941751   0.492447   0.699377   0.024702   0.303508   0.674201   0.762569   0.531697   0.942900   0.492105   0.702120   0.025543   0.311833   0.672170   0.764404   0.534461   0.942986   0.494948   0.702053   0.025932   0.351284   0.664185   0.773877   0.549134   0.942596   0.510118   0.706363   0.024756   0.432768   0.649238   0.793426   0.580629   0.941755   0.542919   0.721753   0.024370   0.536444   0.632856   0.821313   0.627985   0.940854   0.592734   0.738285   0.028667   0.633906   0.619728   0.851755   0.682702   0.940748   0.650914   0.747248   0.034859   0.695345   0.612624   0.877802   0.732057   0.940525   0.703920   0.748696   0.039305   0.693778   0.613780   0.896036   0.768095   0.939833   0.742934   0.744659   0.042585   0.630314   0.622450   0.905393   0.787034   0.938921   0.763530   0.740124   0.045661   0.533271   0.634970   0.905945   0.788073   0.937741   0.764644   0.741112   0.047516   0.433338   0.646938   0.898725   0.773228   0.937143   0.748455   0.755093   0.044981   0.355218   0.657612   0.879665   0.735263   0.937175   0.707299   0.779442   0.039911   0.315628   0.666148   0.855863   0.689375   0.937403   0.657861   0.791262   0.041613   0.306331   0.669810   0.841224   0.662289   0.937977   0.628908   0.789608   0.045609   0.305775   0.670607   0.833089   0.647745   0.938677   0.613462   0.789500   0.044961   0.305450   0.671180   0.826092   0.635457   0.939114   0.600457   0.790646   0.043298   0.305253   0.671524   0.820029   0.624973   0.939138   0.589393   0.792138   0.041107   0.305223   0.671569   0.815135   0.616603   0.939095   0.580578   0.793498   0.038987   0.305295   0.671409   0.811334   0.610156   0.939371   0.573799   0.794256   0.037406   0.305378   0.671216   0.808161   0.604825   0.939950   0.568202   0.794601   0.035903 202530
  6   0.130643   0.665970   0.697089   0.440498   0.822830   0.399595   0.583747   0.038944   0.307041   0.670702   0.726152   0.478573   0.821770   0.437787   0.581019   0.042426   0.307700   0.669536   0.730957   0.485377   0.822429   0.444706   0.574904   0.038237   0.308274   0.668666   0.734061   0.489814   0.824372   0.449225   0.573949   0.036354   0.308665   0.668062   0.735539   0.491932   0.825479   0.451384   0.573713   0.035952   0.309455   0.667376   0.736572   0.493410   0.825488   0.452889   0.573246   0.035362   0.317796   0.664132   0.742657   0.502317   0.825025   0.462002   0.573390   0.031784   0.339912   0.657565   0.752422   0.516763   0.824099   0.476812   0.580951   0.025923   0.370001   0.650416   0.761190   0.529993   0.823667   0.490424   0.595863   0.024246   0.399885   0.644397   0.770197   0.543859   0.824081   0.504745   0.610141   0.027780   0.421782   0.640613   0.778151   0.556329   0.824178   0.517667   0.622232   0.032771   0.428125   0.639989   0.783498   0.564845   0.823884   0.526519   0.632803   0.037249   0.415659   0.642795   0.785226   0.567638   0.823331   0.529428   0.642347   0.039970   0.387981   0.648382   0.782569   0.563413   0.822425   0.525039   0.651282   0.039443   0.353978   0.655333   0.775868   0.552797   0.821689   0.514015   0.661273   0.035350   0.324777   0.662479   0.764229   0.534666   0.821645   0.495250   0.673654   0.030331   0.310677   0.667381   0.752129   0.516143   0.822038   0.476142   0.679846   0.029295   0.308357   0.668818   0.746058   0.507032   0.822638   0.466776   0.677465   0.030179   0.308431   0.668844   0.743656   0.503500   0.823159   0.463160   0.673788   0.029834   0.308527   0.668797   0.741760   0.500742   0.823355   0.460341   0.670126   0.029895   0.308652   0.668706   0.740265   0.498581   0.823488   0.458136   0.666402   0.030465   0.308770   0.668616   0.739019   0.496788   0.823506   0.456308   0.662391   0.031382   0.308853   0.668509   0.737975   0.495295   0.823535   0.454786   0.658463   0.032047   0.308943   0.668345   0.737252   0.494269   0.823898   0.453743   0.655000   0.032323 258359
  7   0.137105   0.672628   0.596100   0.323138   0.642733   0.284266   0.360158   0.059270   0.297024   0.683759   0.628113   0.356021   0.639143   0.315866   0.362173   0.059421   0.297684   0.682086   0.632156   0.360501   0.639579   0.320226   0.357006   0.053321   0.298195   0.680775   0.634348   0.362938   0.641176   0.322598   0.355729   0.050556   0.298643   0.679714   0.635084   0.363737   0.642118   0.323373   0.355632   0.049642   0.303134   0.674557   0.640868   0.370209   0.642077   0.329683   0.357615   0.048866   0.332281   0.657664   0.659179   0.391918   0.641440   0.351074   0.361906   0.048651   0.397374   0.633572   0.681013   0.419184   0.640410   0.378190   0.368199   0.057809   0.477519   0.613105   0.700177   0.444616   0.639947   0.403765   0.375348   0.076495   0.549295   0.599924   0.718758   0.470268   0.640123   0.429751   0.381968   0.095244   0.594287   0.595699   0.733254   0.490949   0.639983   0.450827   0.389697   0.110903   0.595916   0.601366   0.741267   0.502693   0.639617   0.462857   0.399432   0.121903   0.554648   0.615309   0.741389   0.503022   0.639139   0.463223   0.411129   0.126936   0.487221   0.633882   0.733714   0.492011   0.638503   0.451988   0.423392   0.124497   0.412283   0.653716   0.719901   0.472407   0.637926   0.432024   0.434520   0.113892   0.347891   0.671496   0.701806   0.447361   0.637901   0.406634   0.444027   0.094880   0.309442   0.684031   0.681370   0.420049   0.638347   0.379128   0.447995   0.074906   0.298102   0.688086   0.667766   0.402425   0.638935   0.361482   0.445195   0.063884   0.298174   0.686783   0.662925   0.396412   0.639362   0.355507   0.440554   0.059400   0.298351   0.685392   0.659851   0.392649   0.639460   0.351779   0.436133   0.057216   0.298444   0.684189   0.657399   0.389689   0.639608   0.348853   0.431978   0.056610   0.298518   0.683201   0.655035   0.386863   0.639693   0.346066   0.428032   0.056413   0.298537   0.682458   0.652479   0.383840   0.639739   0.343089   0.424071   0.056148   0.298510   0.681837   0.650018   0.380960   0.640078   0.340257   0.420184   0.055712 128222
  8   0.159449   0.666469   0.440136   0.185169   0.316187   0.154943   0.269411   0.049882   0.304304   0.671849   0.448126   0.190274   0.315707   0.159454   0.267926   0.060034   0.304742   0.670927   0.449901   0.191515   0.316220   0.160569   0.268916   0.060330   0.305058   0.670175   0.451059   0.192361   0.317653   0.161335   0.269924   0.061631   0.305247   0.669627   0.451633   0.192789   0.318476   0.161723   0.270534   0.063143   0.307962   0.666883   0.453540   0.194199   0.318410   0.163002   0.271336   0.064380   0.327749   0.654463   0.460613   0.199548   0.317826   0.167872   0.273515   0.065201   0.371938   0.633547   0.470318   0.207040   0.316909   0.174718   0.278484   0.071237   0.425304   0.614188   0.479880   0.214620   0.316592   0.181676   0.285595   0.083138   0.471477   0.601170   0.489519   0.222416   0.317020   0.188858   0.292934   0.093965   0.497938   0.596976   0.496993   0.228578   0.317231   0.194552   0.299743   0.102098   0.497561   0.602419   0.501021   0.231975   0.317163   0.197704   0.305459   0.107084   0.473075   0.615387   0.501254   0.232201   0.316863   0.197919   0.309539   0.107823   0.432307   0.632637   0.497675   0.229206   0.316282   0.195144   0.311584   0.103005   0.383959   0.651772   0.490883   0.223551   0.315699   0.189909   0.311545   0.093851   0.339441   0.669823   0.481907   0.216218   0.315557   0.183142   0.309640   0.082725   0.311577   0.681881   0.472689   0.208859   0.315789   0.176379   0.306056   0.073311   0.302848   0.685308   0.466807   0.204252   0.316205   0.172158   0.301679   0.069431   0.302441   0.684232   0.464177   0.202238   0.316531   0.170321   0.297751   0.069182   0.302239   0.683171   0.462010   0.200604   0.316541   0.168834   0.294420   0.071284   0.302070   0.682225   0.460009   0.199116   0.316568   0.167483   0.291438   0.073897   0.301876   0.681340   0.458184   0.197769   0.316577   0.166261   0.288663   0.074405   0.301594   0.680609   0.456515   0.196543   0.316594   0.165150   0.286008   0.074018   0.301226   0.680014   0.455072   0.195500   0.316855   0.164207   0.283516   0.074369 412690
  9   0.163417   0.670671   0.380477   0.145755   0.215762   0.119841   0.217274   0.071684   0.297039   0.679543   0.372274   0.140354   0.215262   0.115035   0.210699   0.096014   0.297939   0.677670   0.374494   0.141634   0.215784   0.116149   0.212346   0.101219   0.298398   0.676589   0.375170   0.142032   0.217115   0.116496   0.213714   0.105218   0.298660   0.675859   0.375131   0.142012   0.217873   0.116479   0.214518   0.108852   0.305186   0.669307   0.378603   0.144066   0.217830   0.118275   0.215945   0.112214   0.339229   0.646225   0.388949   0.150475   0.217284   0.123920   0.218525   0.119184   0.406185   0.612185   0.401807   0.158780   0.216425   0.131285   0.221997   0.134212   0.481930   0.582458   0.413974   0.166908   0.216173   0.138534   0.226646   0.149827   0.545890   0.562883   0.425377   0.174746   0.216639   0.145559   0.231648   0.157582   0.583632   0.556832   0.434314   0.181040   0.216888   0.151223   0.236457   0.161230   0.585330   0.565810   0.439347   0.184648   0.216859   0.154480   0.240988   0.163116   0.552186   0.587137   0.439854   0.185011   0.216602   0.154808   0.244675   0.162080   0.494846   0.615489   0.435850   0.182112   0.216065   0.152187   0.246697   0.155762   0.425943   0.646732   0.428208   0.176665   0.215497   0.147275   0.246640   0.146677   0.359315   0.676677   0.417441   0.169189   0.215320   0.140563   0.244868   0.137303   0.311768   0.698509   0.404708   0.160641   0.215486   0.132932   0.241729   0.126700   0.293406   0.705956   0.395093   0.154397   0.215833   0.127389   0.237696   0.120408   0.291854   0.703994   0.390146   0.151301   0.216100   0.124658   0.233790   0.119232   0.291555   0.701472   0.386556   0.149084   0.216083   0.122706   0.230688   0.121811   0.291560   0.699089   0.383339   0.147116   0.216102   0.120976   0.228233   0.125029   0.291360   0.697107   0.380351   0.145307   0.216104   0.119389   0.225821   0.124325   0.290932   0.695574   0.377712   0.143726   0.216106   0.118004   0.223317   0.122515   0.290482   0.694284   0.375470   0.142394   0.216338   0.116839   0.220978   0.122490 344510
 10   0.123003   0.668193   0.755827   0.521828   0.938713   0.482008   0.719584   0.023101   0.306710   0.675188   0.767778   0.539586   0.938004   0.500227   0.731206   0.021439   0.307060   0.673938   0.769772   0.542606   0.938927   0.503336   0.736425   0.021999   0.307354   0.672845   0.771421   0.545125   0.941083   0.505933   0.741872   0.022543   0.307594   0.672068   0.771848   0.545763   0.942315   0.506588   0.745803   0.023192   0.310958   0.670927   0.772662   0.547008   0.942427   0.507872   0.747156   0.023959   0.330496   0.666292   0.778410   0.556041   0.942036   0.517235   0.749421   0.024117   0.372394   0.656927   0.790448   0.575332   0.941161   0.537304   0.759810   0.023620   0.425316   0.646326   0.807255   0.603151   0.940379   0.566420   0.774959   0.025608   0.476305   0.637465   0.826857   0.636801   0.940545   0.601883   0.786987   0.030261   0.512235   0.631960   0.844799   0.668735   0.940557   0.635765   0.794812   0.034545   0.518356   0.631232   0.858216   0.693369   0.940069   0.662056   0.799544   0.037560   0.490289   0.635462   0.865811   0.707594   0.939304   0.677295   0.802329   0.039549   0.439779   0.642926   0.867156   0.710115   0.938192   0.679995   0.805962   0.040022   0.382991   0.650659   0.863241   0.702686   0.937565   0.672017   0.816856   0.035631   0.336677   0.658178   0.850884   0.679761   0.937577   0.647503   0.833666   0.029832   0.314669   0.664149   0.835104   0.651052   0.937803   0.616917   0.841540   0.031492   0.310549   0.666463   0.825758   0.634481   0.938369   0.599349   0.839799   0.035563   0.310194   0.667025   0.820536   0.625425   0.939034   0.589788   0.838261   0.036037   0.309902   0.667454   0.815969   0.617598   0.939378   0.581543   0.837660   0.035378   0.309636   0.667793   0.811856   0.610617   0.939351   0.574203   0.837554   0.034113   0.309406   0.668042   0.808258   0.604556   0.939307   0.567839   0.837445   0.032759   0.309211   0.668224   0.805161   0.599382   0.939573   0.562414   0.836764   0.032025   0.309096   0.668310   0.802525   0.595010   0.940142   0.557837   0.835955   0.031506 484776
 11   0.124948   0.669355   0.736099   0.493307   0.929427   0.452890   0.641799   0.026675   0.306074   0.677415   0.750718   0.514010   0.928548   0.473946   0.649059   0.025617   0.306510   0.676009   0.752948   0.517249   0.929436   0.477254   0.649507   0.025619   0.306865   0.674797   0.754707   0.519832   0.931502   0.479898   0.651284   0.025069   0.307111   0.673914   0.755317   0.520724   0.932657   0.480812   0.652527   0.024566   0.309019   0.672987   0.755826   0.521473   0.932679   0.481578   0.652084   0.024162   0.324046   0.669214   0.760767   0.528967   0.932200   0.489295   0.651527   0.022615   0.358558   0.660780   0.771687   0.545780   0.931313   0.506658   0.657829   0.020075   0.402582   0.650551   0.787037   0.570084   0.930699   0.531887   0.671175   0.020298   0.445568   0.641636   0.805668   0.600649   0.930954   0.563827   0.683109   0.023750   0.477397   0.635748   0.823499   0.630977   0.931024   0.595732   0.690769   0.027792   0.486871   0.634186   0.837155   0.654959   0.930603   0.621114   0.696337   0.031397   0.468835   0.637278   0.845087   0.669205   0.929833   0.636256   0.701532   0.034003   0.428450   0.643862   0.846775   0.672291   0.928718   0.639546   0.708191   0.034319   0.378084   0.651592   0.842919   0.665335   0.927989   0.632147   0.719598   0.030660   0.334532   0.659826   0.830059   0.642537   0.927901   0.607976   0.735011   0.026569   0.312708   0.666814   0.812438   0.611880   0.928129   0.575586   0.743159   0.028813   0.308360   0.669660   0.801467   0.593264   0.928676   0.556011   0.742076   0.032988   0.308111   0.670081   0.796032   0.584312   0.929270   0.546651   0.739906   0.033840   0.307936   0.670360   0.791465   0.576883   0.929578   0.538900   0.738160   0.033821   0.307810   0.670540   0.787417   0.570367   0.929636   0.532116   0.736690   0.033633   0.307748   0.670625   0.783877   0.564720   0.929631   0.526247   0.735091   0.033478   0.307744   0.670637   0.780859   0.559946   0.929823   0.521292   0.733408   0.033364   0.307805   0.670573   0.778297   0.555918   0.930308   0.517117   0.732138   0.033048 512216
 12   0.133700   0.666813   0.650128   0.382683   0.748689   0.342221   0.453183   0.044888   0.303932   0.672573   0.678927   0.416083   0.746900   0.375007   0.459182   0.045376   0.304588   0.671706   0.682610   0.420687   0.747509   0.379585   0.456431   0.039652   0.305135   0.670933   0.685651   0.424489   0.749328   0.383365   0.455938   0.036713   0.305579   0.670229   0.687737   0.427108   0.750358   0.385971   0.455234   0.035636   0.307022   0.668682   0.690765   0.430953   0.750354   0.389805   0.454637   0.034605   0.319041   0.662643   0.701592   0.445296   0.749847   0.404216   0.455136   0.030070   0.349285   0.652634   0.716497   0.465500   0.748934   0.424601   0.461215   0.025647   0.389362   0.643065   0.729565   0.483835   0.748543   0.443218   0.471675   0.027926   0.428104   0.635459   0.743108   0.503459   0.748851   0.463264   0.480916   0.034602   0.455294   0.631011   0.755345   0.521734   0.748806   0.482036   0.489108   0.042061   0.460677   0.630957   0.764056   0.535087   0.748426   0.495819   0.497315   0.048662   0.441979   0.635344   0.767618   0.540665   0.747828   0.501599   0.506091   0.053059   0.406321   0.642965   0.765206   0.536992   0.746943   0.497813   0.515413   0.053713   0.364289   0.652190   0.757140   0.524678   0.746211   0.485111   0.526093   0.049769   0.328122   0.661639   0.742232   0.502429   0.746151   0.462258   0.539219   0.041852   0.309554   0.668639   0.725078   0.477469   0.746560   0.436742   0.545784   0.037969   0.305813   0.671063   0.715511   0.463892   0.747163   0.422927   0.543602   0.038138   0.305995   0.671051   0.712125   0.459218   0.747675   0.418197   0.540770   0.036675   0.306206   0.670914   0.709575   0.455731   0.747891   0.414673   0.538405   0.035556   0.306409   0.670727   0.707442   0.452844   0.748083   0.411761   0.536372   0.035228   0.306577   0.670551   0.705504   0.450240   0.748148   0.409138   0.534299   0.035271   0.306676   0.670385   0.703846   0.448029   0.748183   0.406915   0.532134   0.035081   0.306746   0.670197   0.702574   0.446352   0.748528   0.405230   0.529952   0.034820 235663
 13   0.146122   0.666156   0.560485   0.286598   0.544363   0.249158   0.384687   0.040624   0.305327   0.671577   0.582596   0.306426   0.543246   0.267745   0.389393   0.045380   0.305804   0.671101   0.583832   0.307641   0.543832   0.268903   0.388833   0.040243   0.306100   0.670563   0.584328   0.308134   0.545449   0.269373   0.389460   0.038675   0.306256   0.670199   0.584051   0.307851   0.546379   0.269102   0.390052   0.038209   0.307940   0.668388   0.585105   0.308899   0.546330   0.270102   0.391031   0.037947   0.323297   0.660101   0.592143   0.316198   0.545700   0.277121   0.393727   0.036330   0.360543   0.646169   0.601067   0.325607   0.544690   0.286195   0.401621   0.037430   0.407177   0.633276   0.608046   0.333137   0.544336   0.293488   0.413982   0.044797   0.446375   0.624834   0.614927   0.340698   0.544779   0.300834   0.426434   0.054371   0.466949   0.622287   0.620010   0.346384   0.544961   0.306376   0.437564   0.062789   0.463434   0.625794   0.622318   0.349011   0.544842   0.308946   0.446690   0.067867   0.438993   0.634038   0.621368   0.347954   0.544486   0.307917   0.453386   0.068288   0.402532   0.644929   0.617124   0.343201   0.543848   0.303283   0.457328   0.063668   0.362966   0.656673   0.610578   0.335953   0.543211   0.296230   0.458312   0.055006   0.329492   0.667349   0.602988   0.327675   0.543067   0.288198   0.457018   0.045188   0.310850   0.674072   0.596028   0.320202   0.543351   0.280967   0.453587   0.039089   0.306050   0.675753   0.592397   0.316357   0.543820   0.277257   0.448493   0.037592   0.305908   0.675212   0.591342   0.315270   0.544173   0.276212   0.443501   0.037502   0.305776   0.674754   0.590346   0.314253   0.544183   0.275237   0.439049   0.038154   0.305638   0.674405   0.589246   0.313141   0.544227   0.274172   0.434992   0.039198   0.305566   0.674072   0.588098   0.311986   0.544257   0.273068   0.431284   0.039867   0.305517   0.673736   0.587051   0.310936   0.544284   0.272063   0.427862   0.040256   0.305435   0.673419   0.586252   0.310142   0.544579   0.271306   0.424658   0.040626 362038
 14   0.153484   0.666983   0.497281   0.229748   0.423676   0.195773   0.319599   0.043351   0.304995   0.673011   0.515421   0.243726   0.423076   0.208541   0.321500   0.049733   0.305392   0.672271   0.516656   0.244725   0.423595   0.209461   0.321306   0.047223   0.305613   0.671584   0.517666   0.245565   0.425092   0.210238   0.321581   0.046909   0.305744   0.671060   0.518123   0.245950   0.425954   0.210595   0.321628   0.047538   0.308122   0.668453   0.520096   0.247641   0.425890   0.212168   0.322437   0.047974   0.326766   0.656955   0.527894   0.254569   0.425274   0.218653   0.325039   0.047309   0.369872   0.637370   0.537831   0.263586   0.424295   0.227123   0.331403   0.050511   0.422752   0.618870   0.546864   0.271993   0.423942   0.235057   0.341055   0.060525   0.466757   0.606845   0.555909   0.280590   0.424353   0.243199   0.350975   0.072003   0.489571   0.603567   0.562783   0.287275   0.424521   0.249556   0.359997   0.081600   0.485570   0.609266   0.566383   0.290866   0.424409   0.252988   0.367507   0.087946   0.458708   0.621667   0.566231   0.290766   0.424075   0.252901   0.373055   0.089665   0.418439   0.637626   0.562217   0.286838   0.423470   0.249161   0.376280   0.085891   0.373784   0.654607   0.555132   0.279936   0.422857   0.242595   0.377083   0.076985   0.334734   0.669740   0.546533   0.271697   0.422714   0.234780   0.375624   0.065039   0.311390   0.679283   0.538329   0.263998   0.422989   0.227505   0.371885   0.055640   0.304485   0.681774   0.533379   0.259432   0.423447   0.223203   0.366686   0.052142   0.304077   0.680966   0.531256   0.257518   0.423790   0.221406   0.361659   0.051605   0.303747   0.680244   0.529466   0.255934   0.423797   0.219924   0.357141   0.052596   0.303456   0.679624   0.527849   0.254518   0.423841   0.218603   0.353038   0.054303   0.303257   0.679032   0.526282   0.253152   0.423871   0.217328   0.349397   0.055072   0.303085   0.678496   0.524752   0.251825   0.423893   0.216091   0.346111   0.055192   0.302864   0.678026   0.523437   0.250698   0.424169   0.215043   0.343062   0.055557 438915
 15   0.124601   0.667701   0.748578   0.510888   0.935988   0.470753   0.737170   0.021715   0.307797   0.674240   0.761118   0.529282   0.935280   0.489579   0.746720   0.019622   0.308131   0.673022   0.763403   0.532705   0.936191   0.493095   0.751019   0.020155   0.308466   0.671913   0.765380   0.535692   0.938316   0.496169   0.756039   0.020404   0.308730   0.671126   0.766121   0.536805   0.939514   0.497312   0.759791   0.020805   0.309768   0.670417   0.766322   0.537095   0.939600   0.497608   0.761694   0.021182   0.319927   0.667586   0.769598   0.542148   0.939208   0.502827   0.762021   0.021388   0.344364   0.661211   0.777474   0.554449   0.938330   0.515562   0.767288   0.020578   0.375107   0.653650   0.788744   0.572423   0.937590   0.534243   0.779077   0.020742   0.403634   0.647292   0.802430   0.594819   0.937858   0.557631   0.790039   0.023117   0.422887   0.643311   0.815337   0.616503   0.938024   0.580388   0.797419   0.025541   0.426054   0.642474   0.825099   0.633295   0.937702   0.598088   0.802158   0.027119   0.411683   0.644747   0.830804   0.643261   0.937041   0.608623   0.805360   0.027702   0.384606   0.649289   0.832138   0.645609   0.935972   0.611110   0.808682   0.026988   0.352082   0.654531   0.829730   0.641381   0.935319   0.606635   0.817393   0.023626   0.324801   0.660204   0.820630   0.625617   0.935267   0.589997   0.832033   0.021212   0.312627   0.664531   0.809325   0.606241   0.935452   0.569586   0.839700   0.024331   0.310895   0.665969   0.803133   0.595809   0.935976   0.558633   0.838300   0.028153   0.310678   0.666343   0.799522   0.589828   0.936578   0.552373   0.836391   0.029181   0.310492   0.666628   0.796338   0.584597   0.936870   0.546906   0.834992   0.029311   0.310329   0.666857   0.793408   0.579816   0.936838   0.541917   0.834022   0.028881   0.310203   0.667019   0.790840   0.575653   0.936780   0.537577   0.833122   0.028342   0.310126   0.667114   0.788683   0.572179   0.936988   0.533960   0.832013   0.028082   0.310088   0.667144   0.786866   0.569268   0.937490   0.530932   0.830925   0.027818 1071177
 16   0.125682   0.667806   0.737187   0.494354   0.931449   0.453863   0.715834   0.024461   0.307644   0.674499   0.750356   0.513170   0.930614   0.473027   0.723452   0.021610   0.307936   0.673396   0.752373   0.516113   0.931440   0.476036   0.725570   0.021421   0.308225   0.672387   0.754104   0.518663   0.933489   0.478648   0.728767   0.021009   0.308457   0.671658   0.754713   0.519554   0.934643   0.479559   0.731133   0.020991   0.309091   0.671079   0.754618   0.519396   0.934683   0.479393   0.732002   0.021141   0.316674   0.668922   0.756794   0.522658   0.934222   0.482745   0.730653   0.021368   0.336328   0.663662   0.762988   0.532049   0.933302   0.492414   0.732537   0.020778   0.361988   0.656962   0.772329   0.546449   0.932673   0.507286   0.741240   0.020768   0.385999   0.651107   0.783932   0.564740   0.933057   0.526255   0.751010   0.022787   0.402169   0.647323   0.795211   0.582933   0.933284   0.545203   0.758133   0.025064   0.405122   0.646299   0.803933   0.597296   0.933031   0.560221   0.763184   0.026414   0.393590   0.648089   0.809076   0.605885   0.932431   0.569224   0.767008   0.026642   0.371039   0.652009   0.810194   0.607767   0.931418   0.571200   0.771040   0.025416   0.343809   0.656754   0.807702   0.603592   0.930736   0.566821   0.779458   0.022023   0.321209   0.661985   0.799193   0.589488   0.930657   0.552057   0.792875   0.020171   0.311319   0.665819   0.789201   0.573089   0.930855   0.534922   0.799450   0.023169   0.310002   0.666982   0.783984   0.564666   0.931365   0.526148   0.797431   0.026341   0.309866   0.667254   0.780878   0.559723   0.931912   0.521013   0.795280   0.027124   0.309746   0.667467   0.778088   0.555316   0.932140   0.516441   0.793384   0.027329   0.309642   0.667649   0.775497   0.551252   0.932131   0.512230   0.791579   0.027379   0.309573   0.667788   0.773172   0.547627   0.932086   0.508479   0.789766   0.027348   0.309542   0.667864   0.771188   0.544554   0.932248   0.505302   0.787940   0.027359   0.309542   0.667864   0.769563   0.542050   0.932714   0.502717   0.786501   0.027207 929283
 17   0.127120   0.668596   0.719391   0.469389   0.931185   0.428517   0.664152   0.027843   0.306854   0.676117   0.732929   0.487954   0.930189   0.447285   0.667893   0.024717   0.307121   0.675048   0.734552   0.490212   0.930977   0.449573   0.666788   0.024373   0.307438   0.674016   0.736115   0.492419   0.932882   0.451816   0.667142   0.023889   0.307712   0.673228   0.736738   0.493296   0.933927   0.452707   0.667350   0.023669   0.308517   0.672580   0.736681   0.493195   0.933869   0.452601   0.666786   0.023548   0.317211   0.670179   0.739043   0.496603   0.933269   0.456078   0.665322   0.023229   0.339218   0.664299   0.745785   0.506444   0.932299   0.466140   0.667067   0.022424   0.367765   0.656752   0.755824   0.521362   0.931735   0.481444   0.674997   0.022901   0.394380   0.650101   0.768235   0.540267   0.932118   0.500926   0.684611   0.025224   0.412865   0.645670   0.780609   0.559606   0.932305   0.520951   0.691937   0.027773   0.417121   0.644318   0.790516   0.575460   0.932017   0.537440   0.697312   0.029413   0.404870   0.646270   0.796592   0.585348   0.931354   0.547756   0.701815   0.029644   0.379842   0.650778   0.798246   0.588069   0.930337   0.550601   0.706901   0.028229   0.349127   0.656396   0.795776   0.584035   0.929630   0.546389   0.715327   0.024516   0.323182   0.662508   0.786893   0.569676   0.929543   0.531428   0.726957   0.022172   0.311110   0.666950   0.776167   0.552517   0.929801   0.513582   0.732436   0.024743   0.309110   0.668348   0.770247   0.543206   0.930351   0.503930   0.730482   0.027907   0.308949   0.668666   0.766733   0.537779   0.930878   0.498324   0.728150   0.028942   0.308828   0.668904   0.763614   0.533003   0.931060   0.493398   0.726106   0.029242   0.308754   0.669075   0.760821   0.528761   0.931059   0.489028   0.724190   0.029499   0.308707   0.669213   0.758275   0.524920   0.931014   0.485077   0.722500   0.029806   0.308682   0.669281   0.756098   0.521652   0.931140   0.481719   0.721168   0.029715   0.308703   0.669253   0.754382   0.519091   0.931562   0.479089   0.720098   0.029298 655521
 18   0.134415   0.665548   0.662830   0.396883   0.749542   0.356066   0.568242   0.033391   0.307464   0.670352   0.681537   0.418854   0.748435   0.377673   0.574389   0.036260   0.307879   0.669853   0.682349   0.419893   0.749084   0.378711   0.572967   0.033129   0.308291   0.669283   0.683096   0.420858   0.750903   0.379675   0.574406   0.031683   0.308546   0.668929   0.682940   0.420673   0.751949   0.379494   0.574920   0.031079   0.309120   0.668485   0.682560   0.420193   0.751891   0.379016   0.574330   0.030684   0.317253   0.665237   0.685651   0.424229   0.751240   0.383059   0.573622   0.029050   0.340516   0.658037   0.691745   0.432196   0.750156   0.391044   0.578499   0.027374   0.373239   0.650119   0.697879   0.440284   0.749753   0.399163   0.590322   0.029907   0.404108   0.644106   0.704133   0.448650   0.750258   0.407584   0.603135   0.035834   0.424374   0.640969   0.709442   0.455845   0.750453   0.414843   0.614275   0.041581   0.427388   0.641252   0.712892   0.460568   0.750273   0.419617   0.622962   0.045317   0.411853   0.644914   0.713629   0.461596   0.749840   0.420660   0.629000   0.045801   0.383549   0.651048   0.711236   0.458322   0.749094   0.417352   0.632364   0.042784   0.351259   0.658312   0.706329   0.451625   0.748358   0.410585   0.633577   0.036941   0.324289   0.665190   0.699524   0.442400   0.748187   0.401278   0.634619   0.030804   0.310755   0.669443   0.692969   0.433594   0.748508   0.392409   0.633353   0.028309   0.308187   0.670421   0.689740   0.429304   0.749042   0.388097   0.628926   0.028192   0.308268   0.670143   0.688752   0.428013   0.749457   0.386803   0.624479   0.027859   0.308356   0.669884   0.687800   0.426779   0.749504   0.385568   0.620485   0.027862   0.308445   0.669669   0.686791   0.425481   0.749580   0.384271   0.616927   0.028313   0.308525   0.669493   0.685753   0.424157   0.749640   0.382950   0.613530   0.028816   0.308597   0.669296   0.684903   0.423079   0.749690   0.381876   0.610198   0.029049   0.308676   0.669039   0.684404   0.422456   0.750032   0.381256   0.607119   0.029310 320253
 19   0.140580   0.665584   0.615669   0.342925   0.650500   0.303223   0.471315   0.037959   0.306801   0.670408   0.634785   0.362506   0.649111   0.322017   0.475924   0.042891   0.307267   0.669853   0.636187   0.364063   0.649730   0.323533   0.474474   0.038446   0.307704   0.669204   0.637306   0.365333   0.651472   0.324774   0.475415   0.036296   0.307961   0.668775   0.637350   0.365382   0.652461   0.324821   0.476301   0.035367   0.308925   0.667846   0.637737   0.365817   0.652403   0.325245   0.476630   0.034896   0.319740   0.662629   0.642990   0.371983   0.651773   0.331307   0.477698   0.033126   0.348383   0.652708   0.651026   0.381507   0.650734   0.340685   0.484313   0.032323   0.386264   0.642888   0.658100   0.390035   0.650351   0.349107   0.496411   0.036589   0.420229   0.635938   0.665029   0.398549   0.650809   0.357545   0.508979   0.044067   0.440570   0.632933   0.670417   0.405288   0.650980   0.364246   0.520201   0.050985   0.440823   0.634412   0.673346   0.409008   0.650823   0.367956   0.529286   0.055468   0.421800   0.639875   0.673133   0.408783   0.650434   0.367740   0.535921   0.056379   0.390492   0.647945   0.669634   0.404419   0.649745   0.363403   0.539845   0.053105   0.355564   0.657084   0.663678   0.397013   0.649057   0.356047   0.541182   0.046392   0.326230   0.665593   0.656158   0.387750   0.648901   0.346862   0.541383   0.039137   0.310912   0.670898   0.649180   0.379253   0.649207   0.338453   0.539222   0.035790   0.307617   0.672153   0.645769   0.375145   0.649706   0.334397   0.534541   0.035479   0.307685   0.671766   0.644772   0.373964   0.650089   0.333234   0.530100   0.035269   0.307750   0.671418   0.643777   0.372795   0.650123   0.332084   0.526291   0.035448   0.307807   0.671122   0.642782   0.371636   0.650194   0.330947   0.522904   0.035985   0.307868   0.670855   0.641809   0.370511   0.650243   0.329844   0.519646   0.036438   0.307922   0.670580   0.640966   0.369544   0.650276   0.328897   0.516538   0.036669   0.307962   0.670271   0.640418   0.368920   0.650588   0.328287   0.513764   0.036827 386448
 20   0.123336   0.666640   0.762571   0.531669   0.942919   0.492071   0.797985   0.020847   0.308672   0.672168   0.774671   0.550035   0.942224   0.510985   0.810080   0.016534   0.308938   0.671060   0.776929   0.553540   0.943094   0.514610   0.815584   0.017271   0.309247   0.670063   0.778789   0.556448   0.945258   0.517620   0.821381   0.018529   0.309492   0.669376   0.779405   0.557408   0.946505   0.518614   0.825220   0.019643   0.310364   0.668761   0.779507   0.557563   0.946671   0.518773   0.826634   0.020420   0.319458   0.666038   0.782512   0.562348   0.946274   0.523745   0.826007   0.020689   0.341828   0.659955   0.789856   0.574163   0.945350   0.536044   0.830487   0.020144   0.370007   0.652951   0.800052   0.590873   0.944606   0.553499   0.841611   0.020502   0.395647   0.647244   0.812057   0.611002   0.944929   0.574617   0.851901   0.022640   0.412154   0.643846   0.823157   0.630033   0.945209   0.594666   0.858740   0.024717   0.413722   0.643379   0.831361   0.644384   0.944949   0.609842   0.862731   0.026023   0.399780   0.645714   0.836018   0.652637   0.944316   0.618590   0.864852   0.026312   0.375079   0.650022   0.836856   0.654137   0.943223   0.620183   0.866893   0.025271   0.346193   0.654938   0.834315   0.649631   0.942529   0.615407   0.874878   0.021998   0.322696   0.660164   0.825959   0.634975   0.942420   0.599900   0.889007   0.020075   0.312716   0.663913   0.816243   0.618076   0.942538   0.582049   0.895514   0.022901   0.311443   0.665055   0.811102   0.609265   0.943028   0.572768   0.892986   0.026102   0.311269   0.665385   0.807901   0.603861   0.943627   0.567091   0.890451   0.027097   0.311106   0.665645   0.805020   0.599032   0.943898   0.562025   0.888450   0.027191   0.310942   0.665865   0.802321   0.594535   0.943809   0.557313   0.886823   0.026658   0.310806   0.666030   0.799939   0.590592   0.943754   0.553187   0.885496   0.025934   0.310722   0.666141   0.797920   0.587272   0.944008   0.549717   0.883987   0.025640   0.310682   0.666200   0.796194   0.584451   0.944563   0.546772   0.882377   0.025536 851387
 21   0.123872   0.666493   0.755487   0.520954   0.939107   0.481042   0.788022   0.022137   0.308525   0.672027   0.766025   0.536669   0.938500   0.497173   0.797706   0.018463   0.308824   0.671199   0.767378   0.538718   0.939381   0.499283   0.801326   0.019351   0.309106   0.670427   0.768496   0.540426   0.941487   0.501044   0.805461   0.020358   0.309309   0.669932   0.768482   0.540398   0.942746   0.501014   0.808134   0.021321   0.309576   0.669667   0.767562   0.538978   0.942875   0.499547   0.809012   0.022293   0.314315   0.668351   0.767977   0.539624   0.942396   0.500215   0.807522   0.023750   0.328600   0.664632   0.771427   0.544985   0.941481   0.505760   0.808109   0.024934   0.348691   0.659688   0.777323   0.554226   0.940847   0.515333   0.814238   0.025938   0.367919   0.655345   0.785004   0.566432   0.941328   0.528010   0.821632   0.028198   0.381083   0.652541   0.792517   0.578549   0.941765   0.540630   0.827127   0.030493   0.383347   0.651837   0.798127   0.587723   0.941654   0.550210   0.830466   0.031391   0.373844   0.653278   0.801100   0.592629   0.941112   0.555340   0.832069   0.030917   0.355783   0.656377   0.801007   0.592484   0.940128   0.555190   0.833213   0.029083   0.334409   0.660148   0.798137   0.587762   0.939505   0.550254   0.838590   0.024752   0.317493   0.664045   0.791365   0.576702   0.939453   0.538709   0.847715   0.021780   0.310729   0.666595   0.784279   0.565229   0.939629   0.526751   0.849719   0.023544   0.310056   0.667282   0.780531   0.559250   0.940115   0.520537   0.845440   0.025649   0.309983   0.667486   0.777989   0.555234   0.940664   0.516370   0.842133   0.025979   0.309918   0.667622   0.775710   0.551656   0.940883   0.512663   0.839273   0.025637   0.309864   0.667725   0.773595   0.548351   0.940757   0.509240   0.836430   0.025276   0.309833   0.667793   0.771732   0.545450   0.940639   0.506239   0.833623   0.025371   0.309822   0.667801   0.770198   0.543074   0.940832   0.503783   0.831176   0.025491   0.309833   0.667751   0.768938   0.541133   0.941324   0.501779   0.829139   0.025439 1010277
 22   0.125072   0.666998   0.741024   0.499692   0.931546   0.459272   0.758230   0.026881   0.308209   0.673203   0.750482   0.513309   0.930774   0.473161   0.764204   0.023486   0.308480   0.672664   0.750788   0.513740   0.931571   0.473598   0.764949   0.024247   0.308720   0.672115   0.751036   0.514102   0.933572   0.473968   0.766195   0.025062   0.308887   0.671823   0.750213   0.512885   0.934793   0.472721   0.766190   0.025978   0.309088   0.671791   0.748350   0.510137   0.934913   0.469906   0.764587   0.027219   0.313074   0.670976   0.747253   0.508535   0.934462   0.468267   0.761176   0.029588   0.325696   0.668059   0.748557   0.510483   0.933622   0.470268   0.759207   0.031834   0.344274   0.663808   0.752213   0.515931   0.933131   0.475859   0.761891   0.033815   0.362535   0.659843   0.757654   0.524101   0.933712   0.484257   0.767100   0.036539   0.375560   0.657077   0.763248   0.532595   0.934203   0.493005   0.771791   0.038572   0.378747   0.656138   0.767598   0.539268   0.934149   0.499890   0.774914   0.039097   0.370698   0.657180   0.769919   0.542849   0.933633   0.503590   0.776435   0.037772   0.354146   0.659865   0.769730   0.542557   0.932665   0.503287   0.776831   0.034659   0.333969   0.663407   0.767256   0.538739   0.931954   0.499344   0.778860   0.029403   0.317161   0.666933   0.762020   0.530698   0.931811   0.491045   0.784141   0.024598   0.309929   0.669042   0.756530   0.522320   0.931965   0.482408   0.785733   0.024298   0.309217   0.669489   0.753558   0.517829   0.932413   0.477788   0.782599   0.025670   0.309228   0.669486   0.751741   0.515108   0.932872   0.474992   0.779959   0.025711   0.309243   0.669423   0.750180   0.512779   0.932999   0.472602   0.777663   0.025321   0.309271   0.669339   0.748782   0.510705   0.932864   0.470475   0.775421   0.025265   0.309316   0.669246   0.747564   0.508908   0.932711   0.468633   0.773232   0.025583   0.309374   0.669093   0.746659   0.507577   0.932816   0.467271   0.771439   0.025595   0.309449   0.668880   0.746043   0.506678   0.933233   0.466352   0.770110   0.025488 684322
 23   0.127943   0.667504   0.711988   0.459236   0.894140   0.418250   0.679695   0.029731   0.307761   0.674381   0.723443   0.474550   0.893269   0.433662   0.683875   0.028831   0.308083   0.674108   0.722487   0.473233   0.894030   0.432329   0.682160   0.028889   0.308366   0.673717   0.721793   0.472294   0.895964   0.431382   0.681734   0.028923   0.308570   0.673474   0.720401   0.470387   0.897076   0.429455   0.680591   0.029186   0.308828   0.673355   0.718440   0.467684   0.897105   0.426720   0.678608   0.029533   0.313553   0.672032   0.717771   0.466777   0.896567   0.425805   0.676086   0.030226   0.328527   0.667907   0.719966   0.469838   0.895621   0.428909   0.676344   0.030743   0.350727   0.662190   0.724643   0.476366   0.895216   0.435530   0.681938   0.032327   0.372425   0.657097   0.730894   0.485181   0.895755   0.444487   0.690098   0.035478   0.387693   0.653670   0.737241   0.494248   0.896093   0.453721   0.697722   0.038179   0.391507   0.652587   0.742312   0.501581   0.896003   0.461207   0.703680   0.039264   0.382223   0.654099   0.745103   0.505669   0.895526   0.465389   0.707610   0.038532   0.362835   0.657751   0.745103   0.505688   0.894656   0.465412   0.709803   0.035806   0.339261   0.662537   0.742572   0.501985   0.893930   0.461624   0.711793   0.030878   0.319371   0.667249   0.737389   0.494405   0.893758   0.453871   0.715033   0.026544   0.310133   0.669998   0.732029   0.486614   0.893978   0.445910   0.715483   0.025947   0.308876   0.670474   0.729344   0.482748   0.894466   0.441968   0.712416   0.026707   0.308943   0.670296   0.728119   0.481003   0.894906   0.440191   0.709588   0.026731   0.309009   0.670096   0.727098   0.479563   0.894983   0.438728   0.707075   0.026613   0.309068   0.669913   0.726154   0.478246   0.894943   0.437393   0.704763   0.026847   0.309117   0.669782   0.725188   0.476909   0.894863   0.436039   0.702374   0.027555   0.309176   0.669643   0.724318   0.475712   0.894915   0.434828   0.700094   0.028254   0.309248   0.669457   0.723675   0.474835   0.895284   0.433942   0.698137   0.028819 344657
 24   0.128140   0.669870   0.699003   0.442654   0.928372   0.401700   0.542823   0.027018   0.304633   0.678657   0.712364   0.460033   0.927317   0.419108   0.547048   0.026761   0.304967   0.677589   0.713389   0.461319   0.928091   0.420385   0.544685   0.026948   0.305285   0.676574   0.714418   0.462669   0.929894   0.421739   0.544656   0.026064   0.305515   0.675791   0.714718   0.463066   0.930953   0.422138   0.545295   0.025492   0.306545   0.675031   0.714782   0.463138   0.931009   0.422208   0.545346   0.025384   0.317624   0.672029   0.718646   0.468465   0.930507   0.427600   0.546024   0.024592   0.345836   0.664819   0.728565   0.482317   0.929675   0.441653   0.552093   0.022753   0.383304   0.655649   0.742573   0.502359   0.929195   0.462076   0.564137   0.023183   0.420294   0.647364   0.759125   0.526933   0.929497   0.487286   0.577655   0.026405   0.448443   0.641474   0.775628   0.552404   0.929656   0.513606   0.588673   0.029977   0.457739   0.639391   0.789052   0.573847   0.929370   0.535904   0.596731   0.032452   0.443683   0.641480   0.797339   0.587443   0.928665   0.550114   0.604037   0.033128   0.410360   0.646750   0.799858   0.591690   0.927623   0.554574   0.612369   0.031597   0.367317   0.653593   0.796778   0.586663   0.926934   0.549326   0.623730   0.027919   0.329555   0.661391   0.784748   0.567168   0.926850   0.528997   0.637189   0.025235   0.310724   0.668058   0.768591   0.541422   0.927079   0.502236   0.643150   0.027949   0.307046   0.670711   0.759040   0.526569   0.927626   0.486866   0.640769   0.032030   0.306960   0.670958   0.754629   0.519899   0.928214   0.480001   0.637838   0.033332   0.306972   0.671070   0.751000   0.514476   0.928514   0.474431   0.635562   0.033812   0.307006   0.671138   0.747797   0.509748   0.928578   0.469586   0.633823   0.034016   0.307041   0.671181   0.744929   0.505549   0.928537   0.465290   0.632476   0.033919   0.307104   0.671181   0.742402   0.501873   0.928690   0.461533   0.631765   0.033729   0.307211   0.671122   0.740231   0.498744   0.929128   0.458342   0.631465   0.033799 247497
