timestamp=                2021-11-20T18:23:05.505035
shape=                    (5, 5)
sigma=                    2.5
nepochs=                  4
thresh=                   None
rate=                     0.0075
neighborhood function=    gaussian
init weights=             pca
topology=                 hexagonal
activation distance=      euclidean
output type=              labels
mapfile_prefix=           full2017_5x5_4_0075_3_02
apply classification=     False
seed=                     None
random order=             True
custom init file=         None
order labels by size=     False
decay_function=           3

Quantization Error=       0.34762516
Topographic Error=        0.13637373

############ NEURONS #############
 25 192
  0   0.122926   0.671553   0.733474   0.489412   0.931463   0.448893   0.587771   0.026720   0.302142   0.681595   0.744166   0.504664   0.930687   0.464426   0.594985   0.027766   0.302836   0.679988   0.745886   0.507199   0.931610   0.467023   0.594818   0.028514   0.303133   0.678914   0.746430   0.508009   0.933585   0.467854   0.595991   0.028349   0.303290   0.678169   0.745820   0.507124   0.934696   0.466950   0.596874   0.028373   0.310519   0.675536   0.748896   0.511582   0.934685   0.471504   0.596837   0.027712   0.348492   0.665878   0.761926   0.531170   0.934163   0.491648   0.602281   0.024145   0.432335   0.647878   0.786317   0.569651   0.933230   0.531578   0.618996   0.022240   0.543666   0.627766   0.820387   0.626807   0.932365   0.591574   0.635698   0.027562   0.653455   0.611323   0.857172   0.692725   0.932232   0.661633   0.642927   0.035926   0.729069   0.601984   0.887618   0.750893   0.931878   0.724202   0.643076   0.043536   0.738076   0.602459   0.908204   0.792282   0.931044   0.769155   0.638844   0.050087   0.677057   0.611996   0.918527   0.813713   0.929964   0.792573   0.634742   0.055371   0.574674   0.626590   0.919278   0.815322   0.928675   0.794341   0.636020   0.058031   0.462250   0.641779   0.911498   0.799140   0.927887   0.776652   0.649356   0.055568   0.367219   0.656126   0.889695   0.755167   0.927793   0.728865   0.677056   0.047495   0.315894   0.669275   0.856883   0.691891   0.928069   0.660678   0.692643   0.045957   0.303366   0.675867   0.834128   0.649975   0.928712   0.615904   0.689784   0.049521   0.302971   0.676606   0.823944   0.632107   0.929444   0.596993   0.687439   0.048479   0.302982   0.676866   0.816046   0.618508   0.929949   0.582653   0.686682   0.046294   0.303307   0.676717   0.809828   0.607945   0.930120   0.571541   0.687039   0.043855   0.303736   0.676302   0.804737   0.599401   0.930126   0.562573   0.688205   0.042111   0.304035   0.675880   0.800297   0.592051   0.930361   0.554879   0.689760   0.041239   0.304209   0.675535   0.796334   0.585582   0.930936   0.548123   0.691380   0.040413 151004
  1   0.126107   0.668600   0.710857   0.459165   0.855121   0.418441   0.480675   0.042121   0.303531   0.675779   0.736945   0.494332   0.853994   0.453901   0.480044   0.043379   0.304289   0.674471   0.741490   0.500869   0.854660   0.460568   0.474131   0.039216   0.304836   0.673575   0.743745   0.504108   0.856553   0.463870   0.473640   0.036870   0.305260   0.672769   0.745120   0.506087   0.857681   0.465889   0.474490   0.036341   0.307077   0.671179   0.747825   0.510004   0.857752   0.469890   0.475630   0.035165   0.320810   0.665556   0.758745   0.526421   0.857271   0.486772   0.479676   0.029485   0.353387   0.655860   0.774927   0.551345   0.856391   0.512518   0.491709   0.022692   0.395272   0.646000   0.790121   0.575610   0.855941   0.537753   0.508612   0.022437   0.436416   0.637840   0.805616   0.601240   0.856152   0.564583   0.524087   0.027749   0.467447   0.632627   0.819489   0.624923   0.856069   0.589522   0.537393   0.035052   0.476211   0.631887   0.829273   0.642089   0.855626   0.607692   0.549761   0.042233   0.458055   0.635840   0.833351   0.649401   0.854909   0.615464   0.562514   0.047323   0.419105   0.643243   0.831013   0.645304   0.853934   0.611126   0.576381   0.048371   0.371079   0.652447   0.822247   0.629936   0.853287   0.594861   0.592911   0.044675   0.330020   0.662152   0.804511   0.599691   0.853343   0.563016   0.611932   0.037908   0.309850   0.669404   0.784323   0.566202   0.853786   0.527940   0.622330   0.034722   0.306133   0.671839   0.773505   0.548769   0.854440   0.509780   0.621739   0.034434   0.306327   0.671781   0.769539   0.542563   0.855027   0.503352   0.618796   0.033280   0.306578   0.671581   0.766685   0.538146   0.855296   0.498787   0.615405   0.032985   0.306853   0.671319   0.764404   0.534643   0.855423   0.495170   0.612174   0.033492   0.307049   0.671086   0.762410   0.531605   0.855378   0.492039   0.608953   0.034279   0.307149   0.670903   0.760689   0.529005   0.855409   0.489364   0.605848   0.034621   0.307230   0.670724   0.759261   0.526865   0.855786   0.487164   0.603192   0.034655 214274
  2   0.147694   0.678243   0.495956   0.229615   0.442514   0.195797   0.283187   0.067604   0.290591   0.695423   0.521264   0.249772   0.441988   0.214332   0.281373   0.075079   0.289793   0.694227   0.523345   0.251587   0.442343   0.216027   0.276514   0.074938   0.289796   0.692715   0.524566   0.252696   0.443693   0.217070   0.273319   0.076923   0.289810   0.691381   0.524886   0.253021   0.444420   0.217380   0.270643   0.080289   0.299985   0.679801   0.533174   0.260212   0.444271   0.224088   0.271893   0.083007   0.352040   0.643663   0.555819   0.281015   0.443554   0.243686   0.277367   0.087672   0.453192   0.594122   0.581147   0.305882   0.442470   0.267383   0.283123   0.106132   0.567286   0.552643   0.603052   0.328824   0.442012   0.289497   0.288655   0.132455   0.662890   0.527338   0.622289   0.349892   0.442238   0.309967   0.294944   0.151625   0.720515   0.521085   0.636320   0.365912   0.442205   0.325648   0.302755   0.164714   0.722965   0.535837   0.643742   0.374735   0.441944   0.334347   0.312022   0.174331   0.670036   0.567688   0.643307   0.374466   0.441548   0.334124   0.322009   0.179303   0.580754   0.607856   0.634946   0.364923   0.441015   0.324783   0.331269   0.177054   0.476661   0.649386   0.620283   0.348280   0.440508   0.308505   0.338098   0.166442   0.379805   0.685844   0.601732   0.327771   0.440461   0.288543   0.341126   0.144819   0.310596   0.712622   0.579540   0.304460   0.440865   0.266058   0.338442   0.116050   0.283611   0.721905   0.562393   0.287270   0.441428   0.249613   0.330054   0.099870   0.282297   0.718344   0.554607   0.279848   0.441800   0.242576   0.321016   0.097278   0.282025   0.714639   0.549462   0.275032   0.441804   0.238025   0.313676   0.097349   0.281750   0.711514   0.545270   0.271170   0.441871   0.234385   0.307230   0.098967   0.281703   0.708853   0.541339   0.267597   0.441938   0.231025   0.301838   0.099582   0.281875   0.706602   0.537539   0.264184   0.441980   0.227823   0.297105   0.099343   0.282033   0.704586   0.534208   0.261220   0.442259   0.225047   0.292732   0.099388 151861
  3   0.153254   0.675266   0.438778   0.185085   0.329506   0.154999   0.244957   0.092367   0.287215   0.689592   0.444535   0.188581   0.329681   0.158059   0.236393   0.122702   0.286533   0.688316   0.446489   0.189989   0.330136   0.159331   0.233668   0.128973   0.286580   0.686541   0.448104   0.191168   0.331452   0.160399   0.232467   0.134926   0.286260   0.685165   0.448650   0.191601   0.332155   0.160797   0.231605   0.142493   0.297875   0.674730   0.456758   0.197388   0.332036   0.166018   0.234015   0.148615   0.353364   0.644111   0.477595   0.213163   0.331394   0.180393   0.239417   0.157113   0.456052   0.604656   0.500388   0.231690   0.330447   0.197480   0.243557   0.180579   0.568523   0.572226   0.519751   0.248398   0.330137   0.213047   0.247135   0.206262   0.661673   0.550232   0.536220   0.263172   0.330512   0.226907   0.251521   0.215706   0.719074   0.541334   0.548404   0.274469   0.330654   0.237566   0.256570   0.217285   0.725827   0.548859   0.555085   0.280855   0.330545   0.243625   0.262139   0.217133   0.680263   0.571567   0.555258   0.281130   0.330228   0.243904   0.267757   0.215349   0.596431   0.603947   0.548701   0.275003   0.329704   0.238115   0.272482   0.209661   0.492520   0.640850   0.536466   0.263650   0.329162   0.227400   0.275079   0.200694   0.389605   0.676794   0.519513   0.248346   0.329008   0.213026   0.275111   0.186365   0.310301   0.706925   0.496394   0.228494   0.329242   0.194541   0.272255   0.164881   0.277376   0.719728   0.477806   0.213241   0.329657   0.180450   0.265811   0.154498   0.275509   0.717314   0.469954   0.207177   0.329954   0.174906   0.258915   0.156901   0.275423   0.713565   0.465047   0.203463   0.329936   0.171524   0.254044   0.161392   0.275558   0.709960   0.461027   0.200470   0.329971   0.168804   0.250323   0.166037   0.275905   0.706712   0.457362   0.197777   0.330002   0.166363   0.247168   0.167188   0.276164   0.703906   0.454076   0.195394   0.330022   0.164208   0.244122   0.166831   0.276184   0.701437   0.451397   0.193486   0.330269   0.162487   0.241099   0.167365 171402
  4   0.153395   0.673232   0.414428   0.168878   0.251329   0.140545   0.222758   0.209954   0.277130   0.684187   0.402222   0.160732   0.252591   0.133273   0.214003   0.348523   0.276939   0.681128   0.404539   0.162265   0.253033   0.134641   0.215214   0.370300   0.276883   0.678913   0.405848   0.163162   0.254311   0.135446   0.216351   0.383346   0.276505   0.677494   0.405986   0.163290   0.254969   0.135565   0.217193   0.397552   0.291222   0.671196   0.408084   0.164679   0.254848   0.136804   0.217798   0.408169   0.355307   0.648437   0.417281   0.170891   0.254205   0.142362   0.220058   0.403751   0.467607   0.612645   0.432426   0.181521   0.253298   0.151936   0.223260   0.401433   0.586185   0.579391   0.448676   0.193435   0.253112   0.162748   0.226083   0.408442   0.681584   0.555752   0.463405   0.204641   0.253637   0.172983   0.228993   0.403899   0.739423   0.544964   0.474637   0.213457   0.253942   0.181077   0.231573   0.393938   0.749030   0.549815   0.481073   0.218623   0.253977   0.185839   0.233921   0.385248   0.709017   0.569991   0.481877   0.219277   0.253748   0.186445   0.235940   0.378593   0.629132   0.601356   0.476867   0.215232   0.253255   0.182712   0.236972   0.371587   0.522216   0.640107   0.466274   0.206843   0.252688   0.174997   0.236459   0.367872   0.406818   0.681266   0.450190   0.194546   0.252421   0.163757   0.234406   0.373357   0.309188   0.715837   0.430673   0.180247   0.252492   0.150782   0.230705   0.388433   0.265373   0.728029   0.417367   0.170855   0.252787   0.142314   0.226287   0.405004   0.262436   0.722346   0.412388   0.167520   0.253011   0.139334   0.222670   0.414829   0.262317   0.716037   0.408989   0.165286   0.252940   0.137345   0.220014   0.424798   0.262382   0.710519   0.406152   0.163441   0.252941   0.135705   0.218068   0.433604   0.262498   0.705789   0.403786   0.161918   0.252968   0.134353   0.216341   0.435169   0.262301   0.701892   0.401792   0.160642   0.253004   0.133222   0.214558   0.433425   0.262004   0.698491   0.400318   0.159702   0.253259   0.132389   0.212797   0.433245 102496
  5   0.125809   0.669891   0.713774   0.462257   0.935216   0.421406   0.592786   0.026072   0.303148   0.678502   0.728392   0.481941   0.934247   0.441245   0.600417   0.025538   0.303578   0.677147   0.730403   0.484711   0.935001   0.444049   0.600331   0.026268   0.303801   0.676060   0.731855   0.486746   0.936815   0.446113   0.601089   0.025772   0.303878   0.675330   0.732115   0.487125   0.937839   0.446501   0.601540   0.025187   0.307547   0.674221   0.732858   0.488160   0.937817   0.447549   0.600715   0.024872   0.331202   0.669112   0.739098   0.497122   0.937226   0.456688   0.601334   0.022884   0.384342   0.657828   0.753233   0.517937   0.936295   0.478010   0.609969   0.020475   0.454451   0.644062   0.774322   0.550310   0.935659   0.511428   0.624605   0.022462   0.528886   0.631393   0.800328   0.592339   0.935822   0.555231   0.635757   0.028164   0.593339   0.621824   0.825920   0.635918   0.935754   0.601095   0.641253   0.034233   0.620548   0.618434   0.846316   0.672273   0.935179   0.639685   0.644360   0.039497   0.594439   0.622679   0.858913   0.695451   0.934266   0.664437   0.646813   0.043513   0.525592   0.632717   0.862824   0.702754   0.933072   0.672256   0.650743   0.045115   0.437800   0.644797   0.858852   0.695257   0.932262   0.664213   0.660580   0.042323   0.359745   0.656570   0.843885   0.667744   0.932121   0.634842   0.677982   0.036320   0.315825   0.667247   0.819432   0.624350   0.932392   0.588818   0.686680   0.036968   0.304532   0.672398   0.802048   0.594525   0.933027   0.557389   0.682837   0.041656   0.304333   0.672809   0.794567   0.582230   0.933701   0.544537   0.679634   0.042107   0.304321   0.673028   0.788475   0.572354   0.934087   0.534239   0.678332   0.041192   0.304415   0.673037   0.783417   0.564238   0.934239   0.525794   0.677953   0.039882   0.304563   0.672906   0.779154   0.557474   0.934315   0.518769   0.677793   0.038687   0.304656   0.672765   0.775487   0.551712   0.934558   0.512797   0.677397   0.037930   0.304658   0.672659   0.772194   0.546590   0.935055   0.507497   0.677030   0.037337 235577
  6   0.132862   0.665667   0.674844   0.411788   0.775005   0.370871   0.580253   0.034942   0.307281   0.670501   0.696826   0.438690   0.773768   0.397526   0.584997   0.037695   0.307764   0.669898   0.698243   0.440616   0.774434   0.399470   0.583008   0.034359   0.308213   0.669309   0.699259   0.441993   0.776305   0.400859   0.584391   0.032855   0.308504   0.668907   0.699374   0.442169   0.777377   0.401040   0.584870   0.032153   0.309090   0.668430   0.699293   0.442084   0.777339   0.400958   0.584280   0.031613   0.316818   0.665373   0.702907   0.447023   0.776733   0.405949   0.583423   0.029605   0.338924   0.658596   0.709690   0.456298   0.775679   0.415322   0.588229   0.026886   0.370238   0.651014   0.716469   0.465655   0.775262   0.424793   0.600039   0.028162   0.400754   0.644977   0.723567   0.475609   0.775740   0.434900   0.612397   0.033329   0.421941   0.641510   0.729799   0.484480   0.775901   0.443932   0.623045   0.038758   0.426549   0.641326   0.734033   0.490577   0.775682   0.450154   0.631802   0.042647   0.412467   0.644573   0.735290   0.492413   0.775212   0.452032   0.638519   0.043822   0.384695   0.650477   0.732972   0.489076   0.774418   0.448627   0.643194   0.041657   0.352024   0.657628   0.727643   0.481417   0.773674   0.440816   0.646633   0.036383   0.324384   0.664509   0.719655   0.470018   0.773537   0.429206   0.650776   0.030387   0.310681   0.668861   0.711647   0.458721   0.773883   0.417724   0.651795   0.028060   0.308183   0.669946   0.707585   0.453065   0.774438   0.411990   0.648153   0.028077   0.308250   0.669755   0.706193   0.451154   0.774881   0.410058   0.644112   0.027571   0.308336   0.669563   0.704956   0.449476   0.774965   0.408365   0.640420   0.027445   0.308436   0.669398   0.703774   0.447891   0.775060   0.406769   0.636918   0.027876   0.308527   0.669252   0.702668   0.446425   0.775110   0.405295   0.633361   0.028497   0.308609   0.669079   0.701759   0.445224   0.775154   0.404090   0.629890   0.028891   0.308698   0.668849   0.701167   0.444451   0.775503   0.403315   0.626782   0.029236 362876
  7   0.136963   0.676071   0.585239   0.312054   0.619843   0.273625   0.347252   0.066082   0.293220   0.690505   0.617541   0.344650   0.616359   0.304854   0.347465   0.066442   0.293569   0.688414   0.621445   0.348911   0.616699   0.308990   0.340930   0.062890   0.293973   0.686725   0.623317   0.350978   0.618213   0.311001   0.338788   0.061823   0.294344   0.685477   0.623437   0.351114   0.619094   0.311134   0.337977   0.061817   0.300940   0.678097   0.630749   0.359077   0.619011   0.318863   0.340097   0.061568   0.340074   0.654737   0.652791   0.384587   0.618310   0.343894   0.345302   0.064443   0.423179   0.622663   0.678332   0.416060   0.617203   0.375124   0.351266   0.081336   0.522174   0.596513   0.700813   0.445715   0.616683   0.404916   0.356757   0.107755   0.608835   0.580769   0.721725   0.474540   0.616805   0.434108   0.362035   0.130906   0.662397   0.576884   0.737226   0.496716   0.616632   0.456720   0.369287   0.148627   0.663952   0.585533   0.745182   0.508466   0.616273   0.468772   0.379151   0.160259   0.614749   0.604195   0.744359   0.507477   0.615842   0.467801   0.391389   0.165090   0.533772   0.628345   0.735013   0.494114   0.615290   0.454175   0.404439   0.161542   0.442082   0.653980   0.719104   0.471647   0.614765   0.431315   0.416064   0.148931   0.361490   0.676810   0.699225   0.444280   0.614759   0.403598   0.424866   0.125877   0.310108   0.693267   0.676479   0.414227   0.615243   0.373389   0.427761   0.097474   0.293181   0.698621   0.660444   0.393810   0.615853   0.353006   0.424101   0.079851   0.293068   0.696466   0.654402   0.386481   0.616262   0.345755   0.418370   0.073975   0.293205   0.694287   0.650604   0.381966   0.616320   0.341304   0.412913   0.071430   0.293176   0.692487   0.647577   0.378421   0.616447   0.337819   0.407767   0.070905   0.293144   0.691023   0.644634   0.375013   0.616532   0.334475   0.402972   0.070679   0.293111   0.689891   0.641400   0.371295   0.616576   0.330831   0.398303   0.070406   0.293033   0.688953   0.638294   0.367767   0.616909   0.327380   0.393687   0.070236 103546
  8   0.161950   0.666874   0.414300   0.167178   0.267493   0.138783   0.246555   0.052031   0.303297   0.672498   0.416115   0.167921   0.266942   0.139374   0.243187   0.063564   0.303902   0.671413   0.417901   0.169065   0.267466   0.140387   0.244846   0.064403   0.304284   0.670701   0.418573   0.169511   0.268870   0.140784   0.246126   0.065765   0.304475   0.670236   0.418683   0.169592   0.269678   0.140858   0.246843   0.067262   0.307792   0.666789   0.420683   0.170947   0.269624   0.142069   0.247690   0.068538   0.329938   0.651744   0.428217   0.176175   0.269057   0.146761   0.249788   0.070431   0.377778   0.627285   0.438416   0.183411   0.268161   0.153278   0.254232   0.078539   0.434121   0.605348   0.448338   0.190638   0.267864   0.159817   0.260609   0.091445   0.482358   0.590977   0.458159   0.197961   0.268311   0.166470   0.267273   0.101565   0.510444   0.586653   0.465802   0.203778   0.268542   0.171773   0.273567   0.108805   0.510625   0.593311   0.469906   0.206962   0.268490   0.174685   0.279032   0.113230   0.484937   0.608548   0.470172   0.207183   0.268211   0.174890   0.282982   0.113495   0.441893   0.628486   0.466728   0.204514   0.267643   0.172449   0.284863   0.108192   0.390599   0.650554   0.460165   0.199467   0.267062   0.167840   0.284607   0.099142   0.342612   0.671483   0.451204   0.192711   0.266913   0.161691   0.282635   0.088772   0.311848   0.685526   0.441696   0.185713   0.267128   0.155348   0.279161   0.079349   0.301747   0.689564   0.435384   0.181165   0.267522   0.151240   0.274965   0.074875   0.301174   0.688233   0.432371   0.179047   0.267827   0.149335   0.271234   0.074156   0.300995   0.686850   0.429904   0.177336   0.267828   0.147800   0.268216   0.076314   0.300871   0.685617   0.427573   0.175733   0.267856   0.146364   0.265626   0.079124   0.300600   0.684553   0.425408   0.174261   0.267861   0.145048   0.263063   0.079315   0.300250   0.683658   0.423488   0.172971   0.267868   0.143895   0.260553   0.078650   0.299819   0.682968   0.421730   0.171807   0.268116   0.142859   0.258177   0.079145 343888
  9   0.163196   0.672981   0.368531   0.138652   0.198893   0.113627   0.206545   0.090808   0.292606   0.684012   0.355675   0.130587   0.198401   0.106507   0.199001   0.128303   0.293543   0.681748   0.357987   0.131866   0.198923   0.107612   0.200650   0.136199   0.294125   0.680248   0.358872   0.132371   0.200221   0.108052   0.202134   0.141725   0.294475   0.679253   0.358905   0.132395   0.200952   0.108073   0.203084   0.146929   0.303176   0.671187   0.362902   0.134665   0.200911   0.110044   0.204689   0.151677   0.344492   0.644548   0.374192   0.141387   0.200374   0.115925   0.207366   0.160779   0.422275   0.606427   0.387909   0.149949   0.199532   0.123474   0.210399   0.178008   0.508955   0.572942   0.400860   0.158328   0.199304   0.130907   0.214207   0.193256   0.582046   0.550455   0.412800   0.166285   0.199781   0.138002   0.218402   0.198576   0.626064   0.542992   0.422207   0.172719   0.200040   0.143763   0.222413   0.199930   0.628881   0.552786   0.427692   0.176552   0.200024   0.147209   0.226185   0.200470   0.591516   0.576865   0.428489   0.177122   0.199776   0.147723   0.229339   0.198608   0.526490   0.609016   0.424477   0.174301   0.199248   0.145186   0.231130   0.191697   0.447052   0.645000   0.416349   0.168666   0.198686   0.140128   0.231066   0.182830   0.369129   0.679806   0.404563   0.160719   0.198494   0.133028   0.229412   0.174944   0.311475   0.705840   0.390225   0.151403   0.198634   0.124757   0.226494   0.165389   0.288091   0.714996   0.379161   0.144459   0.198960   0.118627   0.222739   0.159153   0.286060   0.712460   0.373424   0.140991   0.199212   0.115585   0.218984   0.158180   0.285723   0.709179   0.369309   0.138542   0.199186   0.113443   0.215933   0.161289   0.285779   0.706109   0.365732   0.136437   0.199200   0.111606   0.213496   0.164909   0.285599   0.703603   0.362470   0.134540   0.199198   0.109952   0.211089   0.164032   0.285172   0.701671   0.359600   0.132890   0.199197   0.108517   0.208643   0.161784   0.284739   0.700006   0.357263   0.131561   0.199422   0.107363   0.206390   0.161539 222705
 10   0.121632   0.668365   0.755253   0.520954   0.939535   0.481107   0.708613   0.022654   0.304548   0.675547   0.766478   0.537655   0.938791   0.498245   0.720636   0.022225   0.304923   0.674342   0.768234   0.540318   0.939664   0.500988   0.725768   0.023036   0.305214   0.673296   0.769657   0.542491   0.941761   0.503228   0.730992   0.023709   0.305419   0.672576   0.769822   0.542731   0.942958   0.503474   0.734711   0.024664   0.311444   0.670975   0.771272   0.544941   0.943086   0.505751   0.735484   0.025513   0.341387   0.664672   0.779061   0.557149   0.942732   0.518400   0.739117   0.025181   0.403154   0.652770   0.794588   0.582233   0.941874   0.544536   0.752742   0.024955   0.481254   0.639669   0.816242   0.618756   0.941016   0.582901   0.769389   0.028390   0.556097   0.628918   0.840671   0.661908   0.941047   0.628629   0.781053   0.034325   0.606388   0.622634   0.862417   0.702038   0.940938   0.671507   0.787014   0.039256   0.609171   0.622861   0.878234   0.732299   0.940361   0.704062   0.788312   0.042655   0.562174   0.629380   0.886669   0.748787   0.939538   0.721872   0.787840   0.045114   0.487451   0.639311   0.887438   0.750230   0.938390   0.723418   0.790520   0.046249   0.408597   0.648945   0.881650   0.738706   0.937814   0.710927   0.803415   0.042226   0.346227   0.657742   0.866002   0.708470   0.937898   0.678341   0.823601   0.036075   0.315531   0.664573   0.847067   0.672840   0.938155   0.640134   0.832253   0.037572   0.308778   0.667282   0.835915   0.652554   0.938742   0.618521   0.829941   0.041279   0.308327   0.667951   0.829495   0.641180   0.939440   0.606465   0.829064   0.040869   0.308037   0.668421   0.823982   0.631551   0.939824   0.596285   0.829276   0.039455   0.307793   0.668767   0.819066   0.623067   0.939800   0.587336   0.829863   0.037534   0.307579   0.669009   0.814810   0.615791   0.939757   0.579674   0.830215   0.035791   0.307385   0.669171   0.811202   0.609685   0.940043   0.573256   0.829890   0.034657   0.307280   0.669237   0.808150   0.604564   0.940627   0.567883   0.829236   0.033749 339942
 11   0.124301   0.669179   0.743601   0.504027   0.931764   0.463811   0.666013   0.025852   0.306427   0.677051   0.757198   0.523600   0.930983   0.483777   0.674714   0.024772   0.306897   0.675629   0.759349   0.526762   0.931916   0.487014   0.676780   0.024754   0.307263   0.674415   0.761052   0.529293   0.934044   0.489611   0.679974   0.024440   0.307527   0.673542   0.761540   0.530008   0.935252   0.490341   0.682502   0.024108   0.309470   0.672616   0.761947   0.530604   0.935301   0.490951   0.682995   0.023680   0.324478   0.668846   0.766744   0.537959   0.934857   0.498540   0.682955   0.022513   0.358412   0.660565   0.777401   0.554569   0.933982   0.515731   0.689781   0.020464   0.401152   0.650652   0.792475   0.578745   0.933352   0.540887   0.703442   0.020775   0.442545   0.642086   0.810768   0.609114   0.933627   0.572691   0.715236   0.024189   0.472285   0.636583   0.828045   0.638802   0.933713   0.603983   0.722741   0.028115   0.479519   0.635379   0.841041   0.661824   0.933292   0.628388   0.728113   0.031521   0.460351   0.638616   0.848419   0.675163   0.932539   0.642581   0.732729   0.033946   0.421307   0.644976   0.849786   0.677662   0.931425   0.645247   0.738547   0.034259   0.373979   0.652134   0.846073   0.670908   0.930724   0.638051   0.749458   0.030473   0.333084   0.659760   0.833802   0.648999   0.930665   0.614792   0.764699   0.026159   0.312930   0.666211   0.817169   0.619831   0.930881   0.583931   0.772880   0.028497   0.309138   0.668792   0.806967   0.602364   0.931413   0.565534   0.772092   0.032814   0.308839   0.669263   0.801724   0.593626   0.932012   0.556378   0.770165   0.033749   0.308594   0.669610   0.797218   0.586208   0.932329   0.548622   0.768605   0.033667   0.308407   0.669850   0.793191   0.579645   0.932368   0.541774   0.767359   0.033259   0.308295   0.669988   0.789684   0.573981   0.932354   0.535872   0.766078   0.032863   0.308253   0.670044   0.786706   0.569210   0.932563   0.530910   0.764619   0.032557   0.308269   0.670030   0.784129   0.565113   0.933075   0.526654   0.763423   0.032140 478197
 12   0.133296   0.667213   0.648579   0.380949   0.748149   0.340530   0.441199   0.046178   0.303159   0.673340   0.677364   0.414274   0.746150   0.373234   0.447262   0.046482   0.303826   0.672462   0.681119   0.418968   0.746745   0.377902   0.444275   0.040486   0.304351   0.671722   0.684098   0.422672   0.748544   0.381580   0.443685   0.037011   0.304797   0.671019   0.686109   0.425174   0.749570   0.384066   0.442973   0.035676   0.306538   0.669149   0.689723   0.429735   0.749570   0.388609   0.442489   0.034456   0.320236   0.662231   0.701891   0.445803   0.749062   0.404746   0.443333   0.029757   0.354039   0.651200   0.718092   0.467804   0.748147   0.426953   0.449535   0.026027   0.398478   0.640828   0.732446   0.488076   0.747740   0.447564   0.459688   0.029347   0.441019   0.632699   0.747312   0.509828   0.748007   0.469824   0.468579   0.036659   0.470469   0.628104   0.760576   0.529896   0.747921   0.490491   0.476563   0.044691   0.475533   0.628341   0.769972   0.544520   0.747509   0.505632   0.484819   0.051923   0.454233   0.633325   0.773823   0.550646   0.746885   0.512000   0.493960   0.056850   0.415030   0.641620   0.771282   0.546703   0.745997   0.507919   0.503828   0.057951   0.369235   0.651525   0.762687   0.533360   0.745271   0.494112   0.515204   0.054321   0.329879   0.661591   0.746826   0.509374   0.745224   0.469411   0.529045   0.045491   0.309429   0.669145   0.728191   0.481996   0.745651   0.441371   0.536191   0.040070   0.305171   0.671841   0.717510   0.466726   0.746272   0.425810   0.534308   0.039453   0.305384   0.671795   0.713862   0.461668   0.746797   0.420686   0.531531   0.037598   0.305642   0.671604   0.711182   0.457982   0.747022   0.416957   0.529207   0.036288   0.305885   0.671368   0.708935   0.454920   0.747223   0.413865   0.527199   0.035976   0.306079   0.671152   0.706893   0.452163   0.747294   0.411085   0.525176   0.035965   0.306183   0.670986   0.705059   0.449708   0.747332   0.408615   0.523125   0.035639   0.306234   0.670813   0.703598   0.447776   0.747678   0.406674   0.521014   0.035289 222655
 13   0.149957   0.666436   0.527364   0.255601   0.478615   0.219855   0.349399   0.041439   0.305129   0.672034   0.547852   0.272653   0.477642   0.235635   0.352712   0.047166   0.305590   0.671467   0.548894   0.273591   0.478195   0.236515   0.352709   0.043211   0.305802   0.670942   0.549355   0.274016   0.479746   0.236916   0.353098   0.042181   0.305900   0.670579   0.549267   0.273933   0.480640   0.236838   0.353177   0.042255   0.307905   0.668379   0.550728   0.275290   0.480581   0.238117   0.353969   0.042416   0.325001   0.658513   0.558117   0.282377   0.479954   0.244840   0.356704   0.041109   0.365184   0.641992   0.567136   0.291176   0.478962   0.253210   0.364094   0.043096   0.414401   0.626702   0.574409   0.298430   0.478613   0.260139   0.375398   0.051660   0.455150   0.616806   0.581724   0.305860   0.479043   0.267259   0.386775   0.061840   0.475822   0.614200   0.587136   0.311460   0.479225   0.272643   0.397007   0.070502   0.471310   0.618914   0.589628   0.314085   0.479118   0.275175   0.405364   0.075973   0.445778   0.629002   0.588850   0.313282   0.478780   0.274404   0.411399   0.076839   0.408143   0.642017   0.584755   0.309018   0.478163   0.270300   0.414880   0.072411   0.366907   0.655929   0.578124   0.302189   0.477541   0.263740   0.415619   0.063448   0.331481   0.668447   0.570393   0.294362   0.477393   0.256243   0.413951   0.052565   0.311058   0.676306   0.563385   0.287392   0.477664   0.249590   0.409979   0.045048   0.305355   0.678306   0.559559   0.283642   0.478120   0.246020   0.404628   0.042806   0.305087   0.677638   0.558238   0.282377   0.478463   0.244820   0.399518   0.042615   0.304833   0.677082   0.557053   0.281265   0.478464   0.243769   0.394846   0.043366   0.304571   0.676652   0.555817   0.280117   0.478503   0.242687   0.390644   0.044620   0.304392   0.676266   0.554471   0.278865   0.478530   0.241505   0.386963   0.045423   0.304229   0.675927   0.553150   0.277635   0.478551   0.240345   0.383613   0.045850   0.304049   0.675598   0.552089   0.276662   0.478833   0.239429   0.380373   0.046491 348366
 14   0.156370   0.666883   0.469623   0.207357   0.373006   0.175136   0.295411   0.046161   0.304817   0.672782   0.483860   0.217506   0.372426   0.184282   0.295661   0.053270   0.305176   0.671956   0.485415   0.218675   0.372927   0.185345   0.295640   0.051800   0.305426   0.671152   0.486932   0.219861   0.374381   0.186430   0.296109   0.052297   0.305579   0.670559   0.487755   0.220517   0.375218   0.187032   0.296412   0.053631   0.308114   0.667896   0.489889   0.222230   0.375149   0.188608   0.297283   0.054608   0.327245   0.656018   0.497537   0.228552   0.374540   0.194452   0.299740   0.054702   0.370875   0.635764   0.507733   0.237172   0.373585   0.202452   0.305346   0.059363   0.424378   0.616642   0.517610   0.245751   0.373245   0.210450   0.313573   0.070700   0.470059   0.603955   0.527381   0.254418   0.373656   0.218561   0.322200   0.082498   0.494744   0.600332   0.534846   0.261190   0.373838   0.224925   0.330144   0.091905   0.492396   0.605933   0.538931   0.264997   0.373741   0.228518   0.336618   0.098071   0.466560   0.618493   0.539090   0.265202   0.373418   0.228721   0.341308   0.099668   0.425738   0.635131   0.535210   0.261653   0.372827   0.225383   0.343963   0.095523   0.379082   0.653188   0.528005   0.255080   0.372230   0.219201   0.344441   0.086289   0.337179   0.669686   0.518879   0.246900   0.372086   0.211530   0.342891   0.073888   0.311527   0.680421   0.509825   0.238965   0.372347   0.204120   0.339209   0.063680   0.303692   0.683429   0.504084   0.234028   0.372791   0.199525   0.334284   0.059802   0.303260   0.682572   0.501492   0.231845   0.373131   0.197500   0.329770   0.059360   0.302985   0.681707   0.499446   0.230152   0.373141   0.195934   0.325835   0.060644   0.302738   0.680917   0.497674   0.228708   0.373177   0.194602   0.322244   0.062549   0.302544   0.680179   0.495991   0.227341   0.373200   0.193342   0.319008   0.063075   0.302356   0.679535   0.494365   0.226027   0.373222   0.192132   0.316036   0.062783   0.302085   0.679010   0.492967   0.224912   0.373491   0.191108   0.313258   0.063086 427282
 15   0.124370   0.667745   0.750504   0.513751   0.936826   0.473691   0.738390   0.021675   0.307787   0.674328   0.763020   0.532184   0.936127   0.492569   0.748310   0.019620   0.308111   0.673107   0.765282   0.535585   0.937044   0.496066   0.752859   0.020179   0.308444   0.671997   0.767238   0.538548   0.939174   0.499117   0.758009   0.020526   0.308713   0.671203   0.767960   0.539634   0.940378   0.500232   0.761861   0.021007   0.310058   0.670424   0.768280   0.540110   0.940476   0.500721   0.763702   0.021466   0.321495   0.667301   0.771951   0.545806   0.940093   0.506610   0.764428   0.021678   0.348235   0.660453   0.780469   0.559198   0.939229   0.520492   0.770698   0.020929   0.381774   0.652439   0.792570   0.578661   0.938481   0.540753   0.783118   0.021442   0.413078   0.645720   0.807122   0.602712   0.938727   0.565917   0.794323   0.024171   0.434401   0.641516   0.820743   0.625861   0.938871   0.590264   0.801883   0.026811   0.438020   0.640682   0.831037   0.643794   0.938526   0.609214   0.806712   0.028602   0.421993   0.643239   0.837039   0.654422   0.937852   0.620477   0.809907   0.029471   0.392009   0.648194   0.838430   0.656899   0.936779   0.623106   0.813218   0.028950   0.356447   0.653782   0.835914   0.652413   0.936123   0.618344   0.822108   0.025333   0.326633   0.659728   0.826486   0.635860   0.936067   0.600829   0.836885   0.022297   0.313106   0.664304   0.814592   0.615222   0.936246   0.579038   0.844737   0.025138   0.311069   0.665869   0.807958   0.603917   0.936773   0.567141   0.843497   0.029064   0.310836   0.666267   0.804154   0.597546   0.937382   0.560460   0.841614   0.030064   0.310643   0.666566   0.800816   0.592002   0.937680   0.554654   0.840304   0.030124   0.310466   0.666809   0.797752   0.586953   0.937647   0.549375   0.839489   0.029580   0.310303   0.666998   0.795041   0.582516   0.937589   0.544742   0.838794   0.028844   0.310203   0.667111   0.792767   0.578817   0.937811   0.540883   0.837827   0.028481   0.310147   0.667153   0.790855   0.575726   0.938329   0.537662   0.836866   0.028154 1047681
 16   0.125672   0.667730   0.737913   0.495375   0.932437   0.454899   0.720519   0.023914   0.307743   0.674347   0.750896   0.513961   0.931632   0.473837   0.728281   0.021094   0.308023   0.673236   0.752980   0.517010   0.932463   0.476955   0.730653   0.020973   0.308311   0.672220   0.754781   0.519670   0.934518   0.479680   0.734143   0.020669   0.308542   0.671490   0.755413   0.520597   0.935677   0.480629   0.736853   0.020683   0.309144   0.670911   0.755340   0.520471   0.935722   0.480496   0.737965   0.020815   0.316614   0.668760   0.757507   0.523723   0.935265   0.483839   0.736736   0.021054   0.336127   0.663512   0.763672   0.533080   0.934344   0.493475   0.738772   0.020506   0.361699   0.656841   0.772998   0.547480   0.933697   0.508351   0.747572   0.020555   0.385678   0.651014   0.784605   0.565802   0.934072   0.527357   0.757393   0.022564   0.401805   0.647251   0.795888   0.584023   0.934300   0.546339   0.764572   0.024757   0.404578   0.646283   0.804585   0.598363   0.934049   0.561335   0.769512   0.026097   0.392976   0.648095   0.809709   0.606931   0.933451   0.570319   0.773115   0.026417   0.370608   0.651988   0.810841   0.608838   0.932437   0.572321   0.776884   0.025271   0.343599   0.656693   0.808415   0.604768   0.931763   0.568051   0.785165   0.021913   0.321199   0.661865   0.800024   0.590841   0.931689   0.553469   0.798680   0.020056   0.311418   0.665647   0.790154   0.574618   0.931881   0.536513   0.805365   0.023051   0.310108   0.666796   0.784996   0.566277   0.932391   0.527822   0.803425   0.026205   0.309967   0.667076   0.781914   0.561362   0.932939   0.522713   0.801310   0.026957   0.309843   0.667290   0.779156   0.556994   0.933164   0.518180   0.799461   0.027181   0.309734   0.667470   0.776601   0.552976   0.933144   0.514016   0.797728   0.027217   0.309654   0.667608   0.774287   0.549361   0.933094   0.510273   0.796011   0.027139   0.309617   0.667686   0.772308   0.546289   0.933260   0.507096   0.794304   0.027144   0.309613   0.667700   0.770681   0.543775   0.933727   0.504498   0.792906   0.027034 1009251
 17   0.126946   0.668707   0.721773   0.472826   0.925060   0.432024   0.653183   0.028127   0.306792   0.676274   0.736617   0.493304   0.924075   0.452749   0.656687   0.025751   0.307108   0.675088   0.738667   0.496201   0.924877   0.455694   0.655054   0.025205   0.307458   0.673968   0.740554   0.498898   0.926823   0.458441   0.655335   0.024515   0.307744   0.673120   0.741415   0.500126   0.927904   0.459691   0.655610   0.024201   0.308598   0.672400   0.741625   0.500417   0.927865   0.459986   0.655030   0.023937   0.318003   0.669727   0.744822   0.505113   0.927296   0.464794   0.653623   0.023016   0.341496   0.663406   0.752673   0.516751   0.926337   0.476727   0.656322   0.021378   0.371747   0.655476   0.763554   0.533172   0.925764   0.493621   0.665970   0.021442   0.400016   0.648533   0.776745   0.553596   0.926126   0.514734   0.676922   0.023860   0.419363   0.644007   0.789710   0.574216   0.926288   0.536155   0.685008   0.026694   0.423674   0.642767   0.799864   0.590762   0.925983   0.553422   0.690903   0.028713   0.410808   0.644956   0.805855   0.600685   0.925314   0.563809   0.696050   0.029470   0.384375   0.649741   0.807193   0.602918   0.924293   0.566149   0.701992   0.028444   0.351756   0.655624   0.804196   0.597925   0.923576   0.560918   0.711330   0.024860   0.324060   0.662111   0.794261   0.581603   0.923489   0.543859   0.723727   0.022413   0.311197   0.666949   0.782240   0.562096   0.923752   0.523518   0.729858   0.025039   0.309089   0.668513   0.775592   0.551516   0.924306   0.512526   0.728282   0.028393   0.308942   0.668823   0.771833   0.545651   0.924840   0.506456   0.725982   0.029487   0.308841   0.669038   0.768560   0.540590   0.925041   0.501225   0.723920   0.029875   0.308780   0.669199   0.765627   0.536091   0.925066   0.496583   0.722007   0.030145   0.308739   0.669325   0.762972   0.532048   0.925033   0.492417   0.720120   0.030435   0.308721   0.669394   0.760674   0.528569   0.925163   0.488835   0.718380   0.030435   0.308760   0.669375   0.758800   0.525749   0.925596   0.485936   0.717044   0.030082 710353
 18   0.138800   0.665612   0.628120   0.356590   0.680073   0.316506   0.493789   0.036721   0.306914   0.670442   0.648189   0.378011   0.678541   0.337218   0.499503   0.040898   0.307376   0.669860   0.649674   0.379721   0.679165   0.338893   0.497595   0.036656   0.307811   0.669191   0.651009   0.381284   0.680929   0.340428   0.498308   0.034247   0.308062   0.668752   0.651273   0.381598   0.681930   0.340738   0.498852   0.033318   0.308946   0.667916   0.651657   0.382049   0.681875   0.341182   0.498776   0.032813   0.319178   0.663145   0.656685   0.388147   0.681249   0.347210   0.499352   0.030882   0.346578   0.653929   0.664605   0.397837   0.680203   0.356806   0.505601   0.029756   0.383400   0.644636   0.671830   0.406821   0.679812   0.365729   0.517609   0.033666   0.416970   0.637921   0.679032   0.415947   0.680271   0.374824   0.530040   0.040987   0.437692   0.634840   0.684776   0.423359   0.680436   0.382236   0.541092   0.047988   0.438953   0.635898   0.688110   0.427724   0.680265   0.386612   0.550105   0.052497   0.420629   0.640815   0.688262   0.427961   0.679859   0.386857   0.556798   0.053302   0.389489   0.648397   0.684987   0.423733   0.679150   0.382629   0.560879   0.049968   0.354796   0.657067   0.679106   0.416163   0.678446   0.375063   0.562633   0.043308   0.325817   0.665185   0.671389   0.406320   0.678289   0.365241   0.563726   0.036160   0.310827   0.670298   0.663999   0.397004   0.678604   0.355966   0.562231   0.033028   0.307714   0.671561   0.660295   0.392393   0.679119   0.351385   0.557606   0.033081   0.307801   0.671247   0.659152   0.390995   0.679516   0.350000   0.553156   0.033046   0.307886   0.670944   0.658064   0.389675   0.679562   0.348695   0.549393   0.033104   0.307963   0.670683   0.656983   0.388373   0.679642   0.347410   0.546040   0.033509   0.308032   0.670450   0.655941   0.387128   0.679695   0.346182   0.542866   0.033949   0.308084   0.670204   0.655060   0.386079   0.679731   0.345149   0.539794   0.034164   0.308124   0.669931   0.654482   0.385399   0.680051   0.344480   0.536942   0.034373 379656
 19   0.143824   0.666114   0.582336   0.308205   0.586986   0.269780   0.410986   0.040890   0.305557   0.671446   0.603738   0.328323   0.585805   0.288796   0.415729   0.045817   0.306084   0.670881   0.605279   0.329916   0.586408   0.290328   0.414740   0.040502   0.306453   0.670282   0.606036   0.330709   0.588072   0.291091   0.415565   0.038561   0.306639   0.669903   0.605834   0.330491   0.589024   0.290880   0.416442   0.037888   0.308084   0.668373   0.606717   0.331412   0.588975   0.291766   0.417337   0.037557   0.322070   0.661047   0.613399   0.338697   0.588350   0.298834   0.419765   0.035895   0.356721   0.648433   0.622352   0.348611   0.587340   0.308478   0.427452   0.036223   0.400705   0.636667   0.629605   0.356823   0.586982   0.316500   0.439671   0.042420   0.438207   0.628844   0.636694   0.365010   0.587426   0.324524   0.452053   0.051352   0.458952   0.626078   0.642074   0.371345   0.587598   0.330757   0.463185   0.059232   0.457070   0.628751   0.644702   0.374498   0.587461   0.333868   0.472477   0.064196   0.434427   0.635951   0.644008   0.373708   0.587090   0.333096   0.479563   0.064894   0.399431   0.645824   0.640007   0.369008   0.586431   0.328475   0.483927   0.060666   0.361001   0.656703   0.633573   0.361510   0.585776   0.321113   0.485354   0.052826   0.328488   0.666710   0.625730   0.352480   0.585630   0.312266   0.484918   0.044115   0.310737   0.673015   0.618377   0.344134   0.585924   0.304110   0.482202   0.039050   0.306430   0.674568   0.614588   0.339895   0.586406   0.299979   0.477406   0.037874   0.306368   0.674085   0.613493   0.338699   0.586770   0.298819   0.472716   0.037593   0.306334   0.673641   0.612492   0.337619   0.586793   0.297774   0.468541   0.038059   0.306309   0.673261   0.611458   0.336512   0.586850   0.296703   0.464774   0.038902   0.306295   0.672952   0.610338   0.335322   0.586886   0.295553   0.461301   0.039440   0.306290   0.672643   0.609343   0.334270   0.586915   0.294538   0.458025   0.039820   0.306267   0.672326   0.608628   0.333523   0.587216   0.293819   0.454934   0.040218 359991
 20   0.123275   0.666631   0.763313   0.532794   0.943307   0.493229   0.798135   0.020784   0.308703   0.672147   0.775442   0.551234   0.942609   0.512225   0.810304   0.016436   0.308962   0.671034   0.777723   0.554782   0.943480   0.515896   0.815951   0.017205   0.309260   0.670031   0.779605   0.557730   0.945646   0.518949   0.821886   0.018438   0.309503   0.669341   0.780242   0.558725   0.946898   0.519979   0.825818   0.019564   0.310484   0.668702   0.780407   0.558981   0.947069   0.520244   0.827259   0.020411   0.320049   0.665876   0.783607   0.564089   0.946676   0.525553   0.826749   0.020666   0.343187   0.659629   0.791239   0.576400   0.945750   0.538375   0.831611   0.020078   0.372307   0.652475   0.801746   0.593683   0.945002   0.556441   0.843141   0.020469   0.398718   0.646693   0.814057   0.614412   0.945321   0.578206   0.853622   0.022678   0.415600   0.643285   0.825370   0.633905   0.945595   0.598760   0.860515   0.024860   0.417359   0.642820   0.833695   0.648543   0.945323   0.614255   0.864560   0.026221   0.402944   0.645219   0.838415   0.656955   0.944680   0.623181   0.866717   0.026502   0.377272   0.649648   0.839242   0.658442   0.943578   0.624763   0.868792   0.025532   0.347474   0.654658   0.836638   0.653799   0.942881   0.619835   0.876915   0.022280   0.323232   0.659964   0.828147   0.638831   0.942771   0.603984   0.891178   0.020261   0.312889   0.663794   0.818215   0.621469   0.942892   0.585626   0.897815   0.023119   0.311527   0.664982   0.812916   0.612346   0.943388   0.576007   0.895407   0.026383   0.311337   0.665331   0.809628   0.606773   0.943996   0.570148   0.893004   0.027305   0.311164   0.665611   0.806659   0.601775   0.944270   0.564902   0.891136   0.027376   0.310992   0.665844   0.803907   0.597175   0.944177   0.560079   0.889515   0.026821   0.310845   0.666023   0.801477   0.593137   0.944126   0.555850   0.888194   0.026057   0.310758   0.666140   0.799412   0.589729   0.944388   0.552286   0.886697   0.025796   0.310721   0.666192   0.797667   0.586866   0.944950   0.549295   0.885063   0.025719 775260
 21   0.123862   0.666512   0.756099   0.521872   0.939388   0.481985   0.787993   0.022028   0.308569   0.672050   0.766752   0.537779   0.938772   0.498318   0.797881   0.018349   0.308872   0.671193   0.768178   0.539943   0.939660   0.500547   0.801719   0.019190   0.309160   0.670398   0.769354   0.541743   0.941779   0.502403   0.806046   0.020182   0.309361   0.669881   0.769398   0.541804   0.943038   0.502464   0.808911   0.021097   0.309637   0.669595   0.768539   0.540473   0.943168   0.501089   0.809973   0.022010   0.314609   0.668194   0.769117   0.541374   0.942694   0.502021   0.808575   0.023407   0.329398   0.664296   0.772858   0.547203   0.941777   0.508052   0.809451   0.024409   0.350047   0.659177   0.779108   0.557033   0.941127   0.518243   0.816005   0.025338   0.369720   0.654697   0.787173   0.569908   0.941589   0.531627   0.823629   0.027646   0.382990   0.651832   0.794996   0.582591   0.942012   0.544849   0.829214   0.029935   0.385073   0.651147   0.800815   0.592161   0.941892   0.554851   0.832610   0.030828   0.375128   0.652662   0.803910   0.597299   0.941348   0.560232   0.834274   0.030305   0.356546   0.655883   0.803847   0.597207   0.940362   0.560138   0.835589   0.028517   0.334813   0.659762   0.800962   0.592436   0.939744   0.555146   0.841381   0.024402   0.317686   0.663762   0.794014   0.581026   0.939696   0.543222   0.851068   0.021663   0.310871   0.666397   0.786708   0.569129   0.939870   0.530809   0.853378   0.023556   0.310189   0.667110   0.782880   0.562989   0.940360   0.524421   0.849170   0.025665   0.310110   0.667319   0.780289   0.558876   0.940914   0.520151   0.846052   0.025948   0.310039   0.667460   0.777972   0.555218   0.941139   0.516356   0.843316   0.025637   0.309976   0.667580   0.775799   0.551806   0.941018   0.512820   0.840475   0.025348   0.309944   0.667668   0.773858   0.548771   0.940908   0.509677   0.837676   0.025456   0.309937   0.667689   0.772261   0.546289   0.941108   0.507110   0.835240   0.025570   0.309943   0.667653   0.770958   0.544271   0.941603   0.505024   0.833143   0.025576 1081208
 22   0.125106   0.667030   0.740565   0.499071   0.932570   0.458646   0.756035   0.026865   0.308146   0.673250   0.750289   0.513053   0.931812   0.472904   0.762113   0.023257   0.308413   0.672688   0.750682   0.513607   0.932607   0.473467   0.762878   0.023975   0.308656   0.672130   0.750964   0.514012   0.934608   0.473880   0.764179   0.024754   0.308828   0.671823   0.750177   0.512842   0.935815   0.472679   0.764166   0.025678   0.309050   0.671759   0.748413   0.510235   0.935922   0.470008   0.762594   0.026810   0.313204   0.670872   0.747480   0.508868   0.935460   0.468609   0.759390   0.029000   0.326141   0.667831   0.749031   0.511178   0.934612   0.470979   0.757696   0.031134   0.344974   0.663457   0.752976   0.517059   0.934118   0.477016   0.760586   0.033054   0.363412   0.659392   0.758753   0.525754   0.934690   0.485957   0.765938   0.035697   0.376498   0.656569   0.764708   0.534821   0.935166   0.495299   0.770725   0.037699   0.379771   0.655604   0.769356   0.541978   0.935096   0.502690   0.773930   0.038297   0.371718   0.656663   0.771890   0.545908   0.934571   0.506752   0.775592   0.037170   0.354826   0.659432   0.771783   0.545745   0.933598   0.506585   0.776243   0.034244   0.334254   0.663038   0.769315   0.541920   0.932891   0.502631   0.778738   0.028982   0.317250   0.666641   0.763920   0.533599   0.932756   0.494036   0.784498   0.024267   0.309961   0.668838   0.758223   0.524869   0.932919   0.485029   0.786239   0.024108   0.309213   0.669324   0.755150   0.520211   0.933377   0.480234   0.783029   0.025471   0.309210   0.669348   0.753236   0.517334   0.933845   0.477276   0.780361   0.025554   0.309211   0.669313   0.751564   0.514833   0.933981   0.474708   0.778062   0.025236   0.309239   0.669260   0.750058   0.512594   0.933858   0.472411   0.775718   0.025227   0.309283   0.669194   0.748738   0.510640   0.933717   0.470408   0.773410   0.025617   0.309335   0.669057   0.747737   0.509164   0.933830   0.468896   0.771603   0.025579   0.309402   0.668848   0.747052   0.508161   0.934251   0.467870   0.770368   0.025341 755544
 23   0.127984   0.667367   0.713825   0.461739   0.897688   0.420778   0.678492   0.030029   0.307789   0.674017   0.726515   0.478832   0.896809   0.438003   0.681713   0.029249   0.308119   0.673602   0.726353   0.478620   0.897560   0.437791   0.679744   0.029126   0.308422   0.673122   0.726212   0.478454   0.899493   0.437628   0.679301   0.028976   0.308643   0.672806   0.725277   0.477171   0.900587   0.436331   0.678329   0.029117   0.308929   0.672633   0.723680   0.474954   0.900608   0.434085   0.676675   0.029373   0.313814   0.671268   0.723580   0.474857   0.900089   0.433994   0.674260   0.029777   0.328853   0.667159   0.726457   0.478949   0.899164   0.438159   0.674849   0.029683   0.350882   0.661492   0.731611   0.486269   0.898744   0.445606   0.681279   0.030562   0.372515   0.656359   0.738407   0.496030   0.899267   0.455558   0.690199   0.033297   0.387771   0.652868   0.745290   0.506047   0.899589   0.465795   0.698432   0.035901   0.391611   0.651718   0.750773   0.514132   0.899472   0.474078   0.704902   0.037000   0.382334   0.653162   0.753842   0.518709   0.898973   0.478777   0.709473   0.036446   0.362958   0.656777   0.753856   0.518739   0.898080   0.478809   0.712646   0.034090   0.339334   0.661515   0.751102   0.514615   0.897363   0.474572   0.716218   0.029631   0.319376   0.666297   0.745180   0.505784   0.897217   0.465508   0.721393   0.025840   0.310228   0.669220   0.738984   0.496618   0.897446   0.456111   0.722871   0.025804   0.308979   0.669824   0.735882   0.492084   0.897941   0.451474   0.719844   0.026959   0.309016   0.669727   0.734370   0.489897   0.898400   0.449242   0.716951   0.027153   0.309076   0.669595   0.733094   0.488064   0.898504   0.447373   0.714377   0.027139   0.309143   0.669469   0.731949   0.486435   0.898469   0.445716   0.711966   0.027463   0.309198   0.669372   0.730858   0.484896   0.898385   0.444152   0.709558   0.028190   0.309254   0.669249   0.729944   0.483613   0.898442   0.442849   0.707437   0.028713   0.309319   0.669066   0.729299   0.482714   0.898817   0.441938   0.705698   0.028991 441656
 24   0.129002   0.669309   0.694411   0.436565   0.920329   0.395579   0.548661   0.028091   0.305089   0.677561   0.709185   0.455612   0.919288   0.414626   0.551510   0.028323   0.305467   0.676540   0.710551   0.457365   0.920050   0.416377   0.548641   0.027977   0.305816   0.675563   0.711842   0.459076   0.921842   0.418096   0.548377   0.027081   0.306076   0.674820   0.712293   0.459680   0.922882   0.418704   0.548834   0.026651   0.306937   0.674134   0.712297   0.459666   0.922922   0.418687   0.548825   0.026708   0.316876   0.671338   0.715844   0.464516   0.922418   0.423588   0.549308   0.026164   0.342923   0.664558   0.725100   0.477330   0.921583   0.436567   0.554919   0.024343   0.377979   0.655969   0.737999   0.495583   0.921125   0.455128   0.566319   0.024554   0.412106   0.648351   0.752855   0.517325   0.921475   0.477373   0.579295   0.027664   0.437440   0.643060   0.767366   0.539350   0.921679   0.500059   0.590386   0.031114   0.445045   0.641297   0.779108   0.557750   0.921432   0.519124   0.598648   0.033402   0.430893   0.643424   0.786164   0.569091   0.920773   0.530930   0.605825   0.033800   0.399956   0.648447   0.787924   0.572027   0.919755   0.534007   0.613683   0.031977   0.361049   0.654809   0.784674   0.566874   0.919065   0.528657   0.624271   0.028040   0.327117   0.662024   0.773402   0.549050   0.918982   0.510156   0.636791   0.025217   0.310485   0.668060   0.758773   0.526265   0.919211   0.486573   0.642193   0.027745   0.307404   0.670335   0.750493   0.513658   0.919749   0.473580   0.639612   0.031491   0.307372   0.670498   0.746803   0.508175   0.920324   0.467955   0.636614   0.032650   0.307394   0.670574   0.743698   0.503611   0.920604   0.463282   0.634236   0.033191   0.307389   0.670676   0.740822   0.499431   0.920651   0.459012   0.632195   0.033551   0.307403   0.670758   0.738222   0.495682   0.920589   0.455187   0.630516   0.033685   0.307449   0.670781   0.735985   0.492479   0.920703   0.451923   0.629320   0.033540   0.307519   0.670741   0.734128   0.489846   0.921113   0.449245   0.628426   0.033529 236294
