timestamp=                2022-01-12T12:07:52.277372
shape=                    (5, 5)
sigma=                    2.5
nepochs=                  3
rate=                     0.00724
neighborhood function=    gaussian
init weights=             pca
topology=                 hexagonal
activation distance=      euclidean
output type=              labels
mapfile_prefix=           2021_5x5_3_00724_02
apply classification=     False
apply activation=         False
seed=                     None
random order=             True
custom init file=         None
decay_function=           3

quantization error=       0.33898504
topographic error=        0.08722206

############ NEURONS #############
 25 192
  0   0.116479   0.687965   0.745208   0.522069   0.931499   0.483752   0.689056   0.029048   0.300839   0.696064   0.748201   0.526286   0.930587   0.488058   0.694815   0.030622   0.301166   0.695129   0.748458   0.526665   0.932092   0.488448   0.695289   0.031777   0.301051   0.694668   0.748090   0.526181   0.934950   0.487961   0.695445   0.033006   0.300757   0.694519   0.746273   0.523619   0.936674   0.485343   0.694440   0.034003   0.311918   0.689890   0.752374   0.532449   0.936832   0.494407   0.696934   0.031880   0.360928   0.676801   0.772420   0.562455   0.936064   0.525402   0.706819   0.027741   0.455094   0.658692   0.800869   0.607450   0.934714   0.572356   0.723535   0.028029   0.572170   0.640812   0.834207   0.663486   0.933644   0.631506   0.739940   0.033562   0.680871   0.627051   0.867549   0.722998   0.933530   0.695042   0.748817   0.039894   0.738909   0.621124   0.894672   0.774127   0.933432   0.750192   0.749600   0.044720   0.721483   0.624774   0.912369   0.808934   0.932852   0.788040   0.745346   0.048271   0.646987   0.634986   0.920208   0.824774   0.931587   0.805351   0.741969   0.050100   0.553026   0.647183   0.919787   0.823988   0.929909   0.804506   0.742957   0.049760   0.458259   0.659980   0.911392   0.807190   0.929035   0.786181   0.749500   0.047573   0.371261   0.672779   0.892322   0.769942   0.929027   0.745732   0.762394   0.043432   0.317502   0.685685   0.861341   0.711799   0.929281   0.683065   0.767187   0.043488   0.302475   0.692944   0.836998   0.667645   0.929991   0.635784   0.762087   0.046473   0.302093   0.693478   0.826515   0.649618   0.930845   0.616677   0.759779   0.046526   0.302001   0.693671   0.817954   0.635196   0.931315   0.601450   0.759042   0.045715   0.302006   0.693734   0.810453   0.622763   0.931141   0.588362   0.759043   0.043803   0.302133   0.693606   0.804276   0.612639   0.930888   0.577728   0.759184   0.041625   0.302245   0.693392   0.799189   0.604386   0.931235   0.569075   0.758902   0.040505   0.302310   0.693198   0.794643   0.597090   0.932029   0.561440   0.758351   0.039864 
  1   0.120977   0.688995   0.702466   0.463010   0.942000   0.423639   0.602729   0.028930   0.300912   0.698211   0.707451   0.469484   0.940560   0.430152   0.606168   0.030329   0.301194   0.697283   0.707369   0.469323   0.941498   0.429979   0.603750   0.030707   0.301366   0.696435   0.707633   0.469659   0.943863   0.430317   0.602305   0.031281   0.301519   0.695769   0.706984   0.468785   0.945217   0.429431   0.600748   0.031777   0.304541   0.693642   0.708671   0.470932   0.945335   0.431583   0.600588   0.030847   0.327986   0.685801   0.719081   0.485004   0.944657   0.445847   0.602856   0.028239   0.384454   0.671645   0.737681   0.511130   0.943249   0.472518   0.611157   0.026906   0.464584   0.655515   0.762321   0.547452   0.942444   0.509929   0.623932   0.031458   0.546143   0.641771   0.790665   0.591398   0.942532   0.555622   0.632682   0.039107   0.603189   0.633326   0.816700   0.633809   0.942455   0.600129   0.635969   0.045373   0.618464   0.631925   0.836839   0.668012   0.942027   0.636303   0.635668   0.049771   0.587244   0.637668   0.849396   0.689968   0.941051   0.659651   0.633945   0.052601   0.521368   0.648470   0.853815   0.697817   0.939663   0.668022   0.633634   0.052930   0.439297   0.661724   0.850107   0.691202   0.938761   0.660962   0.637013   0.049927   0.362337   0.674965   0.835492   0.665693   0.938633   0.633845   0.647011   0.043829   0.314609   0.688238   0.807381   0.618486   0.938958   0.584023   0.650994   0.042079   0.300382   0.695678   0.784028   0.580542   0.939721   0.544222   0.645056   0.044990   0.299911   0.696388   0.773189   0.563798   0.940432   0.526825   0.640596   0.045417   0.299877   0.696771   0.764035   0.549889   0.940712   0.512417   0.637586   0.044137   0.300023   0.696900   0.756236   0.538220   0.940711   0.500364   0.635175   0.042360   0.300188   0.696861   0.749566   0.528382   0.940642   0.490230   0.632850   0.040788   0.300282   0.696730   0.743892   0.520137   0.940856   0.481760   0.630371   0.039683   0.300345   0.696519   0.739153   0.513352   0.941479   0.474809   0.628166   0.038818 
  2   0.143557   0.696872   0.481145   0.231496   0.435433   0.198945   0.305729   0.055173   0.291663   0.713495   0.503799   0.249463   0.434680   0.215529   0.306562   0.057343   0.291407   0.711881   0.505635   0.251042   0.435312   0.217006   0.301915   0.058203   0.290946   0.710791   0.506696   0.251989   0.437291   0.217897   0.298376   0.061121   0.290429   0.710196   0.506181   0.251573   0.438383   0.217512   0.295170   0.064823   0.300259   0.699538   0.512392   0.256880   0.438242   0.222472   0.295078   0.067853   0.351286   0.664558   0.530887   0.273453   0.437388   0.238091   0.298926   0.072291   0.451376   0.614711   0.552869   0.294225   0.435969   0.257850   0.303817   0.087734   0.566996   0.570793   0.574325   0.315509   0.435357   0.278270   0.308841   0.110357   0.666882   0.542972   0.594428   0.336276   0.435536   0.298338   0.314536   0.128947   0.729186   0.535858   0.609856   0.352866   0.435451   0.314485   0.321952   0.144410   0.733953   0.551516   0.618336   0.362328   0.435258   0.323756   0.331203   0.157523   0.680528   0.585474   0.618338   0.362515   0.434833   0.323971   0.340598   0.165391   0.588469   0.628270   0.610114   0.353576   0.434124   0.315253   0.348221   0.164247   0.480828   0.671564   0.595847   0.338172   0.433543   0.300249   0.352729   0.153356   0.381977   0.708517   0.578270   0.319665   0.433604   0.282302   0.353307   0.132707   0.312100   0.734306   0.558010   0.299210   0.434151   0.262614   0.349220   0.105213   0.284554   0.742516   0.542003   0.283676   0.434890   0.247767   0.341063   0.087633   0.282701   0.738874   0.533758   0.276010   0.435314   0.240496   0.332691   0.083058   0.282208   0.735148   0.528119   0.270877   0.435229   0.235646   0.325597   0.082208   0.281752   0.732018   0.523540   0.266780   0.435192   0.231786   0.318953   0.083310   0.281494   0.729459   0.519161   0.262909   0.435095   0.228147   0.313060   0.083281   0.281386   0.727403   0.514779   0.259091   0.435038   0.224566   0.307780   0.082197   0.281268   0.725596   0.510988   0.255829   0.435400   0.221514   0.302998   0.081891 
  3   0.149470   0.695479   0.418285   0.183429   0.324901   0.154849   0.254220   0.062365   0.288758   0.710638   0.420120   0.184247   0.324213   0.155514   0.246949   0.070693   0.288618   0.709171   0.421565   0.185279   0.324898   0.156449   0.245529   0.073378   0.287742   0.708326   0.422212   0.185781   0.326782   0.156910   0.243641   0.079474   0.286882   0.707613   0.421751   0.185502   0.327821   0.156664   0.241685   0.086504   0.298440   0.695915   0.430213   0.191434   0.327708   0.162024   0.243712   0.091837   0.354425   0.662056   0.450940   0.206691   0.326942   0.175927   0.249166   0.099948   0.458509   0.618926   0.472533   0.223653   0.325672   0.191552   0.253888   0.121306   0.573666   0.583057   0.492011   0.239719   0.325177   0.206478   0.258692   0.144485   0.671628   0.558726   0.509350   0.254528   0.325480   0.220318   0.263994   0.155446   0.734342   0.549620   0.522614   0.266234   0.325567   0.231321   0.270021   0.161788   0.742912   0.559646   0.530052   0.273019   0.325507   0.237735   0.276857   0.167517   0.692871   0.586840   0.530202   0.273274   0.325138   0.237996   0.283354   0.169982   0.602380   0.623239   0.523468   0.267240   0.324428   0.232309   0.287965   0.165499   0.494240   0.662320   0.511703   0.256758   0.323826   0.222440   0.289703   0.155855   0.389828   0.699019   0.495917   0.243059   0.323800   0.209600   0.288225   0.142381   0.311270   0.728703   0.474386   0.225197   0.324192   0.192988   0.283402   0.121042   0.278288   0.741407   0.456127   0.210641   0.324791   0.179544   0.275487   0.106393   0.275542   0.739619   0.447134   0.203809   0.325152   0.173287   0.267641   0.104072   0.275162   0.736283   0.441186   0.199380   0.325061   0.169244   0.261884   0.106125   0.275287   0.732913   0.436315   0.195813   0.324988   0.165998   0.257310   0.109624   0.275731   0.729805   0.431768   0.192540   0.324854   0.163027   0.253344   0.109477   0.276061   0.727186   0.427559   0.189547   0.324780   0.160317   0.249633   0.107965   0.276090   0.724979   0.423950   0.187011   0.325100   0.158024   0.246193   0.108244 
  4   0.151493   0.692734   0.396823   0.169713   0.255363   0.142645   0.232830   0.153629   0.280796   0.704657   0.375619   0.155707   0.256366   0.130107   0.219980   0.240397   0.279873   0.702186   0.377348   0.156859   0.256923   0.131142   0.219680   0.265859   0.278340   0.700228   0.378720   0.157784   0.258619   0.131972   0.219644   0.290663   0.277477   0.698517   0.379095   0.158055   0.259498   0.132220   0.219729   0.312149   0.291913   0.691306   0.382117   0.159980   0.259326   0.133932   0.220324   0.328115   0.354422   0.666956   0.393024   0.167180   0.258576   0.140378   0.222926   0.332469   0.464115   0.629970   0.409143   0.178261   0.257387   0.150370   0.226631   0.337134   0.580576   0.595808   0.425914   0.190262   0.257055   0.161265   0.230340   0.344133   0.675624   0.571018   0.441158   0.201547   0.257556   0.171569   0.234164   0.338553   0.734317   0.559777   0.452611   0.210286   0.257844   0.179590   0.237848   0.330471   0.745076   0.565676   0.458992   0.215272   0.257945   0.184186   0.241411   0.327292   0.707258   0.586819   0.459695   0.215840   0.257711   0.184713   0.244236   0.325994   0.629683   0.617991   0.454787   0.211988   0.257097   0.181160   0.245538   0.320032   0.524607   0.656370   0.444836   0.204314   0.256466   0.174103   0.244797   0.316044   0.411487   0.697389   0.429846   0.193112   0.256259   0.163857   0.241986   0.324112   0.315270   0.732454   0.410737   0.179305   0.256418   0.151302   0.237515   0.336683   0.270390   0.746007   0.396725   0.169497   0.256839   0.142433   0.232647   0.347827   0.266112   0.741413   0.390893   0.165619   0.257094   0.138957   0.228645   0.356752   0.265577   0.735500   0.386949   0.163053   0.256935   0.136665   0.225612   0.367632   0.265473   0.730184   0.383593   0.160903   0.256851   0.134750   0.223345   0.377205   0.265566   0.725621   0.380604   0.159005   0.256763   0.133062   0.221271   0.376213   0.265367   0.721833   0.378046   0.157392   0.256713   0.131629   0.219094   0.370957   0.265034   0.718438   0.376195   0.156233   0.257018   0.130601   0.217226   0.369552 
  5   0.117121   0.686911   0.749304   0.527580   0.936428   0.489330   0.727931   0.024795   0.302569   0.694111   0.753604   0.533796   0.935506   0.495708   0.734111   0.024941   0.302930   0.693181   0.754170   0.534614   0.936989   0.496547   0.736234   0.026094   0.303259   0.692309   0.754972   0.535790   0.940052   0.497756   0.738693   0.027230   0.303456   0.691740   0.754540   0.535154   0.941858   0.497102   0.739544   0.028057   0.308730   0.689207   0.757307   0.539198   0.942173   0.501259   0.740092   0.027307   0.337449   0.680932   0.769055   0.556838   0.941553   0.519487   0.744109   0.025372   0.397535   0.668015   0.788092   0.586396   0.940120   0.550220   0.755459   0.025600   0.472066   0.655220   0.811320   0.624063   0.939050   0.589706   0.769014   0.030188   0.542186   0.645210   0.835920   0.665781   0.939074   0.633807   0.778584   0.036552   0.589424   0.639444   0.857607   0.704146   0.939118   0.674687   0.783957   0.042179   0.594155   0.639706   0.873588   0.733412   0.938682   0.706078   0.785534   0.046738   0.555385   0.645696   0.882168   0.749493   0.937580   0.723401   0.785336   0.049729   0.489659   0.654998   0.882930   0.750959   0.935948   0.724987   0.786327   0.050106   0.414653   0.665358   0.876462   0.738843   0.935118   0.711936   0.792475   0.046441   0.349044   0.675755   0.859975   0.708588   0.935200   0.679473   0.804687   0.039721   0.313446   0.685019   0.836620   0.666955   0.935532   0.635046   0.808259   0.038494   0.305453   0.689438   0.820488   0.639063   0.936342   0.605454   0.802672   0.041161   0.305041   0.689947   0.812769   0.626169   0.937260   0.591863   0.800034   0.040893   0.304900   0.690155   0.806524   0.615873   0.937690   0.581037   0.798588   0.039902   0.304796   0.690295   0.800905   0.606716   0.937457   0.571430   0.797268   0.038539   0.304624   0.690464   0.795797   0.598477   0.937144   0.562803   0.795775   0.037131   0.304530   0.690506   0.791607   0.591791   0.937381   0.555815   0.794046   0.036258   0.304462   0.690477   0.788024   0.586137   0.938094   0.549920   0.792110   0.035771 
  6   0.119023   0.687520   0.720985   0.487661   0.925416   0.448556   0.668644   0.028056   0.300763   0.695306   0.725705   0.494095   0.924175   0.455087   0.672222   0.029427   0.301081   0.694476   0.726362   0.495003   0.925326   0.456011   0.671634   0.029546   0.301251   0.693843   0.726976   0.495871   0.928039   0.456898   0.671646   0.029910   0.301422   0.693325   0.726675   0.495468   0.929627   0.456490   0.670674   0.030496   0.306403   0.690488   0.730135   0.500252   0.929796   0.461360   0.671519   0.028931   0.335027   0.681580   0.743539   0.519356   0.929167   0.480912   0.676229   0.024694   0.397469   0.667606   0.764647   0.550554   0.927811   0.513058   0.688032   0.022835   0.480972   0.652974   0.790335   0.590418   0.926865   0.554509   0.703346   0.026808   0.569466   0.640361   0.818431   0.636276   0.926966   0.602644   0.713919   0.033531   0.638848   0.632043   0.843912   0.679979   0.926972   0.648946   0.718854   0.039901   0.655737   0.631176   0.862952   0.714017   0.926489   0.685291   0.719540   0.044952   0.615318   0.637518   0.873653   0.733722   0.925385   0.706448   0.719078   0.048168   0.539139   0.648033   0.876101   0.738315   0.923792   0.711398   0.720383   0.048776   0.447672   0.660543   0.870653   0.728225   0.922847   0.700552   0.725570   0.046502   0.365053   0.672946   0.854670   0.699243   0.922781   0.669524   0.736842   0.041234   0.316426   0.684896   0.827479   0.651609   0.923058   0.618857   0.741355   0.040162   0.303107   0.691466   0.806231   0.615533   0.923813   0.580707   0.735920   0.043060   0.302592   0.692161   0.796785   0.600224   0.924618   0.564662   0.732523   0.043274   0.302466   0.692412   0.789268   0.588243   0.924975   0.552143   0.730867   0.042470   0.302429   0.692544   0.782809   0.578087   0.924889   0.541559   0.729500   0.040975   0.302403   0.692620   0.777190   0.569360   0.924701   0.532484   0.727863   0.039451   0.302415   0.692569   0.772524   0.562196   0.924923   0.525050   0.726030   0.038433   0.302437   0.692441   0.768615   0.556257   0.925618   0.518900   0.724409   0.037331 
  7   0.131989   0.696649   0.568936   0.311153   0.615768   0.274247   0.394649   0.054782   0.291437   0.713032   0.602585   0.344400   0.611812   0.306126   0.397614   0.053080   0.291697   0.710964   0.605796   0.347820   0.612427   0.309448   0.388854   0.051410   0.291964   0.709307   0.607504   0.349689   0.614598   0.311271   0.383485   0.052048   0.291838   0.708472   0.606969   0.349153   0.615795   0.310757   0.379274   0.053585   0.299774   0.700334   0.613087   0.355688   0.615663   0.317108   0.378640   0.054002   0.346769   0.673830   0.632792   0.377722   0.614757   0.338700   0.384183   0.054491   0.442437   0.636894   0.655777   0.404804   0.613267   0.365489   0.393299   0.065933   0.555424   0.605476   0.677010   0.431314   0.612648   0.391990   0.402348   0.088718   0.653753   0.587074   0.696470   0.456599   0.612817   0.417454   0.410991   0.111514   0.713157   0.584053   0.709961   0.474751   0.612697   0.435850   0.421359   0.130584   0.716291   0.595116   0.716301   0.483521   0.612477   0.444785   0.433111   0.143826   0.662217   0.617275   0.714369   0.481036   0.612056   0.442287   0.444848   0.149012   0.570157   0.645991   0.704063   0.467291   0.611348   0.428378   0.455122   0.144217   0.465658   0.675641   0.688093   0.446326   0.610722   0.407222   0.462060   0.128617   0.373929   0.700876   0.670380   0.423577   0.610766   0.384357   0.464636   0.104076   0.312974   0.719204   0.650915   0.399414   0.611322   0.360223   0.461029   0.078401   0.290377   0.725737   0.636288   0.381809   0.612060   0.342737   0.451890   0.063961   0.289046   0.723740   0.629549   0.374028   0.612447   0.335068   0.442200   0.059476   0.288333   0.721772   0.624665   0.368510   0.612322   0.329651   0.433694   0.057626   0.287598   0.720143   0.620852   0.364271   0.612285   0.325501   0.425466   0.057779   0.287143   0.718698   0.617261   0.360328   0.612183   0.321651   0.417622   0.058526   0.287003   0.717373   0.613570   0.356316   0.612113   0.317739   0.410279   0.059027   0.286949   0.716146   0.610323   0.352827   0.612510   0.314344   0.403475   0.059431 
  8   0.156037   0.687459   0.403429   0.172710   0.265128   0.145120   0.253603   0.044553   0.300360   0.695098   0.392541   0.164903   0.264222   0.138041   0.245411   0.054965   0.300701   0.694245   0.393081   0.165234   0.264907   0.138334   0.246681   0.057964   0.300782   0.693633   0.393286   0.165373   0.266838   0.138458   0.247400   0.061556   0.300847   0.693166   0.392830   0.165079   0.267974   0.138197   0.247549   0.065196   0.305549   0.688683   0.394759   0.166349   0.267933   0.139332   0.248097   0.068518   0.333513   0.671348   0.402156   0.171346   0.267246   0.143818   0.250534   0.072522   0.390676   0.644839   0.411955   0.178128   0.266083   0.149930   0.255539   0.081976   0.454857   0.622183   0.422005   0.185238   0.265622   0.156362   0.262526   0.094830   0.505735   0.609567   0.431566   0.192121   0.266001   0.162607   0.270149   0.105454   0.531190   0.608955   0.438594   0.197266   0.266204   0.167289   0.277254   0.114832   0.525613   0.619207   0.442126   0.199897   0.266256   0.169689   0.282634   0.121718   0.494384   0.635955   0.441791   0.199653   0.265964   0.169469   0.285316   0.123229   0.448852   0.654837   0.438028   0.196845   0.265275   0.166905   0.285130   0.117570   0.396125   0.674749   0.431824   0.192252   0.264693   0.162717   0.282767   0.107606   0.345338   0.693996   0.423575   0.186256   0.264696   0.157269   0.278899   0.096784   0.311424   0.707578   0.414363   0.179704   0.265064   0.151336   0.273766   0.086608   0.299359   0.711879   0.407836   0.175157   0.265617   0.147233   0.268468   0.080699   0.297914   0.710878   0.404344   0.172784   0.265972   0.145102   0.263994   0.079456   0.297234   0.709667   0.401368   0.170782   0.265884   0.143306   0.260314   0.081915   0.296979   0.708343   0.398602   0.168936   0.265773   0.141653   0.257320   0.084523   0.296692   0.707123   0.395904   0.167155   0.265581   0.140060   0.254523   0.083785   0.296161   0.706260   0.393391   0.165515   0.265473   0.138597   0.251700   0.082562   0.295644   0.705576   0.391172   0.164083   0.265760   0.137321   0.249122   0.083176 
  9   0.158322   0.693971   0.353653   0.141283   0.196395   0.117213   0.211875   0.066952   0.290854   0.707557   0.330930   0.127317   0.195519   0.104867   0.200565   0.088073   0.291046   0.706050   0.331841   0.127830   0.196172   0.105314   0.201380   0.096270   0.290460   0.705353   0.331779   0.127805   0.197983   0.105293   0.201681   0.105577   0.290136   0.704665   0.330965   0.127343   0.199016   0.104890   0.201741   0.114151   0.300887   0.694184   0.335731   0.130026   0.198948   0.107227   0.203293   0.122024   0.349419   0.662201   0.348533   0.137552   0.198267   0.113829   0.206225   0.134856   0.438730   0.618505   0.363290   0.146637   0.197138   0.121860   0.209515   0.154754   0.537656   0.580523   0.377801   0.155871   0.196757   0.130067   0.213799   0.170083   0.621129   0.555306   0.391256   0.164690   0.197183   0.137945   0.218466   0.174958   0.671301   0.548207   0.401785   0.171788   0.197411   0.144317   0.223230   0.178453   0.673199   0.561901   0.407789   0.175933   0.197483   0.148053   0.227874   0.183291   0.628021   0.591384   0.408222   0.176247   0.197213   0.148338   0.231552   0.184962   0.551725   0.628012   0.403447   0.172943   0.196557   0.145360   0.233273   0.178434   0.461365   0.667074   0.394916   0.167117   0.195971   0.140119   0.232753   0.168514   0.374383   0.704361   0.382779   0.159034   0.195909   0.132878   0.230617   0.160777   0.311185   0.731533   0.367954   0.149473   0.196201   0.124361   0.226978   0.149970   0.285934   0.740433   0.356473   0.142302   0.196682   0.118006   0.222302   0.140558   0.283477   0.737386   0.350093   0.138454   0.196977   0.114617   0.217782   0.137794   0.283021   0.733724   0.345140   0.135522   0.196859   0.112042   0.214110   0.141525   0.283118   0.730228   0.340722   0.132941   0.196749   0.109781   0.211293   0.145810   0.283107   0.727209   0.336605   0.130568   0.196575   0.107706   0.208631   0.143653   0.282778   0.724866   0.333018   0.128528   0.196465   0.105927   0.205880   0.140371   0.282339   0.722922   0.330080   0.126873   0.196728   0.104485   0.203408   0.140731 
 10   0.118180   0.685627   0.753123   0.532976   0.937084   0.494842   0.747879   0.022262   0.305126   0.691539   0.759785   0.542725   0.936268   0.504866   0.754106   0.021343   0.305483   0.690565   0.761353   0.545053   0.937763   0.507267   0.757248   0.022356   0.305867   0.689632   0.762918   0.547390   0.940759   0.509679   0.761142   0.023366   0.306152   0.688989   0.763214   0.547831   0.942552   0.510135   0.763252   0.024351   0.308080   0.687848   0.764037   0.549043   0.942934   0.511382   0.763441   0.024840   0.322037   0.683479   0.769918   0.557928   0.942333   0.520572   0.763563   0.024429   0.353087   0.675648   0.780778   0.574642   0.940932   0.537921   0.769590   0.023824   0.391052   0.667613   0.794354   0.596097   0.939930   0.560301   0.780292   0.025689   0.425537   0.661326   0.809620   0.620897   0.940033   0.586304   0.789331   0.029420   0.448297   0.657551   0.823599   0.644234   0.940246   0.610899   0.795723   0.032612   0.452629   0.656877   0.834370   0.662647   0.940048   0.630391   0.799660   0.034723   0.436668   0.659478   0.840739   0.673716   0.939201   0.642145   0.801570   0.035758   0.405263   0.664557   0.842305   0.676468   0.937849   0.645073   0.803008   0.035266   0.365841   0.670543   0.839820   0.672132   0.937212   0.640465   0.809432   0.030996   0.329586   0.677352   0.829413   0.654226   0.937343   0.621487   0.822466   0.025743   0.311183   0.683493   0.814243   0.628539   0.937680   0.594344   0.826763   0.027003   0.307866   0.686077   0.804566   0.612503   0.938401   0.577467   0.821701   0.030970   0.307552   0.686468   0.799484   0.604267   0.939153   0.568835   0.818561   0.032067   0.307316   0.686735   0.795097   0.597227   0.939470   0.561471   0.816131   0.031992   0.307149   0.686911   0.791121   0.590904   0.939170   0.554868   0.813968   0.031402   0.307059   0.686992   0.787711   0.585523   0.938800   0.549256   0.811916   0.030649   0.307036   0.686982   0.785002   0.581276   0.938975   0.544833   0.809900   0.030135   0.307052   0.686910   0.782786   0.577830   0.939583   0.541249   0.807795   0.029999 
 11   0.119145   0.686660   0.728418   0.497583   0.934092   0.458587   0.706831   0.023855   0.302270   0.693628   0.732507   0.503284   0.933002   0.464397   0.710918   0.024234   0.302700   0.692761   0.733156   0.504191   0.934237   0.465322   0.711935   0.025093   0.303059   0.691952   0.734127   0.505559   0.937068   0.466719   0.713521   0.026030   0.303348   0.691334   0.734132   0.505565   0.938707   0.466725   0.713771   0.026924   0.306455   0.689391   0.736113   0.508344   0.938961   0.469560   0.714254   0.026421   0.326470   0.682752   0.745382   0.521646   0.938411   0.483191   0.717659   0.024449   0.370366   0.671979   0.760829   0.544391   0.937076   0.506607   0.727443   0.023499   0.425166   0.661254   0.779552   0.572977   0.936165   0.536236   0.740511   0.026264   0.477248   0.652698   0.799981   0.605345   0.936372   0.570018   0.750797   0.031219   0.514073   0.647396   0.818480   0.635725   0.936544   0.601938   0.757573   0.035602   0.522591   0.646498   0.832732   0.659858   0.936236   0.627441   0.761068   0.038692   0.499396   0.650300   0.841280   0.674646   0.935304   0.643130   0.762312   0.040590   0.452387   0.657699   0.843440   0.678428   0.933783   0.647151   0.763178   0.041194   0.393938   0.666540   0.839966   0.672367   0.932903   0.640710   0.767712   0.038508   0.340304   0.675789   0.827376   0.650778   0.932861   0.617843   0.778965   0.032362   0.311466   0.684444   0.807177   0.616967   0.933088   0.582191   0.782201   0.032148   0.305540   0.688619   0.792919   0.593700   0.933786   0.557775   0.776100   0.036149   0.305115   0.689098   0.786218   0.583098   0.934551   0.546714   0.772819   0.036576   0.304836   0.689422   0.780538   0.574230   0.934841   0.537485   0.770349   0.035906   0.304663   0.689645   0.775485   0.566427   0.934604   0.529381   0.768023   0.034867   0.304578   0.689753   0.771128   0.559761   0.934304   0.522469   0.765804   0.033737   0.304548   0.689751   0.767601   0.554411   0.934478   0.516930   0.763691   0.032875   0.304492   0.689728   0.764588   0.549875   0.935126   0.512241   0.761512   0.032247 
 12   0.127651   0.687344   0.635005   0.380839   0.756130   0.341864   0.507255   0.043767   0.300895   0.694761   0.662630   0.412528   0.753697   0.373057   0.510503   0.045717   0.301210   0.693658   0.668633   0.419935   0.754508   0.380441   0.503289   0.041639   0.301523   0.692829   0.672818   0.425128   0.756954   0.385625   0.499319   0.040053   0.301734   0.692227   0.674999   0.427833   0.758385   0.388324   0.495814   0.040015   0.305685   0.688897   0.680735   0.435011   0.758467   0.395500   0.493823   0.038716   0.332995   0.678757   0.696291   0.455138   0.757816   0.415744   0.498855   0.032594   0.393201   0.664366   0.714162   0.478939   0.756547   0.439809   0.513489   0.028852   0.469927   0.650796   0.730468   0.501470   0.755975   0.462745   0.529550   0.034519   0.545635   0.640228   0.747672   0.526030   0.756179   0.487895   0.541279   0.044283   0.602780   0.634138   0.762800   0.548352   0.756059   0.510894   0.551006   0.054321   0.616291   0.634886   0.773123   0.563993   0.755696   0.527088   0.560433   0.063169   0.578075   0.642738   0.776270   0.568880   0.754951   0.532171   0.569862   0.068802   0.508457   0.654447   0.772089   0.562560   0.753804   0.525631   0.578879   0.068816   0.428329   0.667311   0.762132   0.547541   0.752952   0.510093   0.587554   0.062640   0.356030   0.679266   0.747100   0.525262   0.752965   0.487119   0.596942   0.049380   0.313518   0.689257   0.726455   0.495676   0.753450   0.456800   0.599104   0.040512   0.302294   0.694024   0.711865   0.475311   0.754171   0.436034   0.591486   0.039891   0.302077   0.694276   0.706937   0.468690   0.754722   0.429329   0.583309   0.038617   0.302062   0.694220   0.703127   0.463621   0.754847   0.424206   0.577151   0.037282   0.302137   0.694035   0.699842   0.459286   0.754896   0.419830   0.572126   0.036543   0.302061   0.693993   0.696570   0.454997   0.754738   0.415508   0.567049   0.036070   0.301752   0.694108   0.693474   0.450982   0.754675   0.411469   0.561439   0.035773   0.301571   0.694049   0.691161   0.448021   0.755170   0.408496   0.556176   0.035600 
 13   0.144280   0.686794   0.510867   0.255576   0.461364   0.221251   0.353980   0.036885   0.302251   0.694005   0.520163   0.263106   0.459961   0.228219   0.352728   0.040218   0.302590   0.693494   0.519986   0.262929   0.460751   0.228049   0.352577   0.039955   0.302665   0.693113   0.519546   0.262537   0.462919   0.227680   0.352568   0.040643   0.302669   0.692847   0.518614   0.261716   0.464195   0.226909   0.351962   0.041641   0.305679   0.689936   0.520253   0.263157   0.464165   0.228262   0.352115   0.042284   0.328152   0.678441   0.527415   0.269634   0.463408   0.234374   0.355294   0.041809   0.377586   0.660396   0.535590   0.277187   0.462115   0.241526   0.363135   0.045757   0.435133   0.644393   0.543054   0.284212   0.461591   0.248201   0.374439   0.056508   0.479765   0.635069   0.550462   0.291269   0.461957   0.254921   0.385954   0.068551   0.499472   0.633817   0.555773   0.296398   0.462118   0.259817   0.395852   0.078965   0.491255   0.640082   0.558063   0.298632   0.462115   0.261953   0.403062   0.085822   0.460813   0.651425   0.556893   0.297475   0.461764   0.260844   0.406802   0.087159   0.419597   0.664477   0.552803   0.293476   0.460999   0.257019   0.406720   0.081817   0.375682   0.677573   0.546911   0.287782   0.460344   0.251584   0.403494   0.071719   0.336073   0.689650   0.540016   0.281223   0.460340   0.245339   0.398294   0.060261   0.311202   0.697944   0.533179   0.274827   0.460760   0.239270   0.391636   0.051679   0.303160   0.700489   0.529111   0.271075   0.461380   0.235717   0.384800   0.048152   0.302360   0.699996   0.527404   0.269537   0.461771   0.234268   0.379070   0.047294   0.301821   0.699511   0.525671   0.267995   0.461682   0.232817   0.374113   0.047814   0.301364   0.699088   0.523891   0.266420   0.461596   0.231336   0.369674   0.048631   0.301054   0.698651   0.522079   0.264820   0.461429   0.229833   0.365635   0.048782   0.300813   0.698225   0.520441   0.263380   0.461340   0.228481   0.361885   0.048685   0.300441   0.697974   0.518869   0.262014   0.461689   0.227201   0.358368   0.048822 
 14   0.150178   0.687439   0.458607   0.212682   0.366383   0.181438   0.301538   0.039599   0.301461   0.695202   0.461146   0.214040   0.365417   0.182591   0.297970   0.044936   0.301646   0.694535   0.461467   0.214260   0.366139   0.182788   0.298414   0.045799   0.301659   0.693989   0.461853   0.214555   0.368179   0.183059   0.298487   0.047803   0.301699   0.693574   0.461458   0.214256   0.369381   0.182785   0.298080   0.050034   0.305558   0.689910   0.463599   0.215916   0.369336   0.184310   0.298441   0.051711   0.331218   0.675565   0.471450   0.222171   0.368596   0.190084   0.301454   0.053122   0.386512   0.652927   0.481404   0.230322   0.367348   0.197644   0.307802   0.059969   0.450659   0.632906   0.491560   0.238831   0.366835   0.205567   0.316535   0.073028   0.500894   0.621363   0.501147   0.246985   0.367176   0.213181   0.325897   0.085595   0.523563   0.620313   0.508066   0.252982   0.367333   0.218798   0.334449   0.096021   0.514715   0.629059   0.511417   0.255946   0.367333   0.221585   0.340929   0.103708   0.482225   0.643548   0.510704   0.255334   0.366996   0.221013   0.344474   0.106281   0.437422   0.659862   0.506324   0.251481   0.366277   0.217394   0.344788   0.101664   0.387715   0.676347   0.499403   0.245445   0.365673   0.211734   0.342318   0.091018   0.341718   0.691593   0.490952   0.238210   0.365689   0.204971   0.337895   0.077764   0.311553   0.702398   0.482059   0.230759   0.366108   0.198033   0.331970   0.066486   0.301190   0.705944   0.475967   0.225755   0.366717   0.193390   0.325710   0.060927   0.300056   0.705363   0.472879   0.223281   0.367103   0.191104   0.320343   0.059588   0.299388   0.704638   0.470358   0.221288   0.367017   0.189266   0.315711   0.060730   0.298851   0.703960   0.468034   0.219467   0.366916   0.187591   0.311576   0.062485   0.298529   0.703217   0.465786   0.217713   0.366738   0.185977   0.307944   0.062589   0.298287   0.702472   0.463693   0.216090   0.366645   0.184486   0.304635   0.062019   0.297845   0.701986   0.461721   0.214579   0.366966   0.183100   0.301545   0.062214 
 15   0.119280   0.685533   0.737069   0.509656   0.935799   0.470893   0.732597   0.021895   0.304304   0.691400   0.742047   0.516728   0.934923   0.478126   0.737752   0.021515   0.304769   0.690548   0.743183   0.518358   0.936407   0.479797   0.739764   0.022602   0.305177   0.689720   0.744482   0.520226   0.939367   0.481711   0.742513   0.023691   0.305491   0.689129   0.744698   0.520533   0.941159   0.482024   0.743666   0.024708   0.306565   0.688306   0.744842   0.520724   0.941476   0.482217   0.743842   0.024932   0.316876   0.684778   0.749140   0.526952   0.940926   0.488610   0.745028   0.024642   0.341781   0.678212   0.757757   0.539618   0.939624   0.501644   0.751054   0.024452   0.373563   0.671438   0.768590   0.555903   0.938659   0.518475   0.761022   0.026312   0.403481   0.665963   0.781213   0.575323   0.938937   0.538629   0.770173   0.029848   0.423798   0.662519   0.793019   0.593911   0.939324   0.558005   0.776968   0.032631   0.427578   0.661747   0.802128   0.608544   0.939238   0.573316   0.781307   0.033992   0.413801   0.663762   0.807423   0.617165   0.938466   0.582359   0.783365   0.034099   0.387139   0.668001   0.808505   0.618944   0.937087   0.584227   0.784038   0.033151   0.354024   0.673259   0.806186   0.615155   0.936386   0.580251   0.787806   0.029255   0.324027   0.679240   0.797384   0.600941   0.936489   0.565364   0.797483   0.024218   0.309146   0.684548   0.784532   0.580467   0.936775   0.543977   0.798160   0.025231   0.306719   0.686760   0.776272   0.567548   0.937444   0.530527   0.790791   0.028945   0.306441   0.687068   0.771949   0.560918   0.938134   0.523649   0.787275   0.029741   0.306252   0.687278   0.768213   0.555239   0.938350   0.517769   0.784158   0.029396   0.306093   0.687449   0.764706   0.549954   0.937960   0.512305   0.780901   0.028939   0.305986   0.687551   0.761579   0.545272   0.937502   0.507471   0.777640   0.028706   0.305976   0.687528   0.759178   0.541700   0.937608   0.503786   0.774928   0.028347   0.306022   0.687431   0.757338   0.538978   0.938207   0.500981   0.772663   0.027929 
 16   0.120933   0.686422   0.713758   0.477513   0.928999   0.438199   0.675399   0.024278   0.302833   0.693222   0.717860   0.483034   0.927807   0.443790   0.678825   0.024960   0.303223   0.692483   0.718349   0.483682   0.928896   0.444444   0.678834   0.025532   0.303553   0.691748   0.719231   0.484878   0.931533   0.445657   0.679732   0.026052   0.303861   0.691158   0.719326   0.484999   0.933098   0.445778   0.679693   0.026691   0.305676   0.689778   0.720534   0.486620   0.933333   0.447419   0.679636   0.026561   0.320359   0.684498   0.727955   0.496894   0.932796   0.457877   0.680673   0.024640   0.353996   0.675383   0.740929   0.515248   0.931519   0.476633   0.687110   0.022679   0.396358   0.666063   0.756662   0.538221   0.930757   0.500248   0.698618   0.024370   0.437035   0.658437   0.774358   0.564916   0.931080   0.527856   0.708787   0.028606   0.466286   0.653442   0.790857   0.590623   0.931302   0.554601   0.715773   0.032254   0.474167   0.652027   0.803903   0.611522   0.931090   0.576456   0.720030   0.034332   0.457459   0.654641   0.812070   0.624866   0.930280   0.590463   0.722252   0.035110   0.421525   0.660545   0.814761   0.629316   0.928897   0.595145   0.723658   0.034467   0.375254   0.668066   0.812656   0.625832   0.928032   0.591479   0.728276   0.031051   0.332503   0.676425   0.801904   0.608329   0.927939   0.573119   0.739618   0.026192   0.310144   0.684421   0.783949   0.579696   0.928157   0.543201   0.742985   0.027623   0.305703   0.688243   0.771321   0.560021   0.928810   0.522732   0.737019   0.032176   0.305321   0.688706   0.765241   0.550814   0.929462   0.513204   0.733689   0.033105   0.305043   0.689047   0.760021   0.543007   0.929636   0.505145   0.730901   0.033057   0.304847   0.689283   0.755395   0.536163   0.929416   0.498092   0.728330   0.032731   0.304749   0.689398   0.751453   0.530379   0.929121   0.492141   0.725951   0.032096   0.304702   0.689433   0.748198   0.525637   0.929198   0.487269   0.723660   0.031521   0.304681   0.689405   0.745527   0.521777   0.929766   0.483309   0.721534   0.031019 
 17   0.123147   0.686302   0.689592   0.446542   0.847811   0.407110   0.603068   0.040899   0.303329   0.692576   0.712774   0.476559   0.846204   0.437304   0.604160   0.043242   0.303985   0.691288   0.718813   0.484852   0.847113   0.445733   0.596807   0.039840   0.304599   0.690275   0.723049   0.490708   0.849686   0.451693   0.592907   0.038689   0.305145   0.689468   0.725530   0.494160   0.851259   0.455211   0.589289   0.038893   0.307435   0.687672   0.728782   0.498701   0.851457   0.459842   0.586564   0.037906   0.324319   0.681739   0.739343   0.513784   0.850864   0.475286   0.588184   0.032247   0.363563   0.672114   0.753238   0.533932   0.849594   0.495976   0.600300   0.026253   0.414581   0.662420   0.765843   0.552688   0.848992   0.515328   0.618470   0.027330   0.466222   0.654345   0.779550   0.573630   0.849305   0.537043   0.633081   0.033520   0.507272   0.648988   0.792329   0.593647   0.849353   0.557894   0.643769   0.040868   0.521704   0.647995   0.801892   0.608944   0.849093   0.573890   0.652265   0.047100   0.501657   0.651952   0.806307   0.616104   0.848347   0.581397   0.659197   0.050445   0.455632   0.659410   0.805037   0.614030   0.847091   0.579218   0.665173   0.049457   0.396977   0.668522   0.798815   0.603928   0.846215   0.568626   0.672423   0.044207   0.342349   0.677797   0.786013   0.583516   0.846235   0.547294   0.683323   0.035712   0.311924   0.686039   0.767315   0.554514   0.846689   0.517142   0.687704   0.032831   0.304926   0.689976   0.754606   0.535265   0.847434   0.497218   0.681919   0.035237   0.304831   0.690174   0.750332   0.528993   0.848043   0.490766   0.675073   0.035476   0.304910   0.690127   0.747153   0.524377   0.848190   0.486024   0.669432   0.035218   0.305030   0.690019   0.744337   0.520314   0.848169   0.481857   0.664491   0.035403   0.305082   0.689997   0.741630   0.516442   0.847950   0.477892   0.659411   0.035865   0.305052   0.690029   0.739252   0.513067   0.847911   0.474441   0.654351   0.035946   0.305033   0.689983   0.737423   0.510492   0.848431   0.471812   0.649759   0.035872 
 18   0.129841   0.685634   0.632743   0.377600   0.724319   0.338562   0.525267   0.033151   0.304313   0.691699   0.651460   0.398624   0.722384   0.359174   0.532943   0.036028   0.304738   0.691001   0.653528   0.401061   0.723285   0.361584   0.530220   0.033947   0.305108   0.690265   0.655244   0.403101   0.725777   0.363605   0.529772   0.032885   0.305329   0.689783   0.655698   0.403635   0.727255   0.364132   0.528943   0.032599   0.306567   0.688713   0.656275   0.404308   0.727288   0.364796   0.527824   0.032103   0.319650   0.683740   0.661527   0.410723   0.726538   0.371180   0.528310   0.029575   0.352167   0.674910   0.669133   0.420095   0.725201   0.380520   0.535265   0.028216   0.394604   0.666133   0.676210   0.428941   0.724663   0.389359   0.547815   0.032625   0.434471   0.659529   0.684057   0.438907   0.725063   0.399346   0.560046   0.040349   0.460780   0.656231   0.690873   0.447699   0.725203   0.408183   0.570282   0.047638   0.464319   0.656929   0.695397   0.453613   0.725119   0.414141   0.578017   0.052528   0.444550   0.661288   0.696477   0.455049   0.724628   0.415593   0.582926   0.053714   0.409678   0.667951   0.693936   0.451732   0.723652   0.412251   0.584865   0.050255   0.368645   0.675732   0.688817   0.445063   0.722843   0.405537   0.584488   0.043047   0.331445   0.683435   0.681670   0.435827   0.722812   0.396252   0.583759   0.034893   0.310370   0.689116   0.673131   0.424930   0.723259   0.385322   0.580872   0.031540   0.305246   0.691131   0.667885   0.418314   0.723946   0.378700   0.574815   0.032300   0.305155   0.691032   0.666289   0.416347   0.724412   0.376741   0.568696   0.032604   0.305144   0.690862   0.664850   0.414589   0.724379   0.374991   0.563528   0.032738   0.305195   0.690659   0.663451   0.412890   0.724322   0.373302   0.559096   0.033109   0.305225   0.690505   0.661911   0.411025   0.724140   0.371450   0.554942   0.033447   0.305218   0.690354   0.660569   0.409413   0.724050   0.369850   0.550978   0.033463   0.305191   0.690191   0.659582   0.408238   0.724471   0.368686   0.547396   0.033427 
 19   0.138606   0.686664   0.556628   0.297851   0.556937   0.261303   0.407135   0.037221   0.302288   0.693788   0.572199   0.312177   0.555336   0.274859   0.408393   0.039398   0.302642   0.693266   0.572614   0.312566   0.556182   0.275228   0.406991   0.037763   0.302840   0.692778   0.572490   0.312442   0.558464   0.275109   0.406862   0.037931   0.302918   0.692460   0.571613   0.311575   0.559800   0.274278   0.406172   0.038307   0.305612   0.689880   0.573172   0.313106   0.559781   0.275744   0.406059   0.038517   0.327089   0.680019   0.580640   0.320687   0.559010   0.283043   0.409343   0.037276   0.375354   0.664739   0.589088   0.329453   0.557673   0.291516   0.418375   0.039442   0.433165   0.651012   0.596380   0.337186   0.557126   0.299018   0.431361   0.048381   0.480662   0.642498   0.603512   0.344845   0.557493   0.306467   0.444449   0.059443   0.504854   0.640478   0.608458   0.350223   0.557649   0.311709   0.455977   0.069187   0.499444   0.644995   0.610461   0.352414   0.557626   0.313847   0.464673   0.075351   0.467845   0.654483   0.608992   0.350784   0.557235   0.312253   0.469556   0.075928   0.422898   0.665999   0.604480   0.345837   0.556414   0.307424   0.470319   0.070232   0.375938   0.677565   0.598262   0.339103   0.555723   0.300866   0.467586   0.060284   0.335400   0.688054   0.591377   0.331770   0.555714   0.293745   0.462574   0.049720   0.311014   0.695311   0.584622   0.324689   0.556141   0.286889   0.455830   0.043229   0.303622   0.697627   0.580705   0.320639   0.556779   0.282977   0.448422   0.041548   0.303019   0.697296   0.579316   0.319246   0.557184   0.281638   0.441931   0.041367   0.302609   0.696940   0.577887   0.317816   0.557104   0.280265   0.436467   0.041746   0.302277   0.696624   0.576423   0.316358   0.557018   0.278866   0.431509   0.042459   0.302042   0.696308   0.574909   0.314857   0.556844   0.277427   0.426840   0.042843   0.301872   0.695963   0.573525   0.313491   0.556760   0.276118   0.422486   0.042901   0.301673   0.695672   0.572309   0.312302   0.557140   0.274982   0.418489   0.043064 
 20   0.120520   0.685205   0.725194   0.493002   0.932125   0.453902   0.712651   0.022935   0.304538   0.690857   0.729052   0.498336   0.931153   0.459329   0.717136   0.022456   0.304975   0.690207   0.729608   0.499100   0.932480   0.460106   0.718187   0.023143   0.305326   0.689531   0.730454   0.500275   0.935308   0.461303   0.719933   0.024037   0.305632   0.689034   0.730388   0.500173   0.937040   0.461197   0.720365   0.024796   0.306346   0.688467   0.730009   0.499626   0.937387   0.460636   0.719903   0.025206   0.314479   0.685730   0.732818   0.503564   0.936898   0.464653   0.720916   0.025744   0.335240   0.680290   0.739361   0.512848   0.935672   0.474145   0.726231   0.026265   0.362346   0.674548   0.747884   0.525158   0.934849   0.486774   0.734881   0.028305   0.388238   0.669896   0.757881   0.539874   0.935236   0.501923   0.743559   0.031971   0.406919   0.666876   0.767252   0.553933   0.935646   0.516446   0.750453   0.035045   0.411892   0.666005   0.774553   0.565064   0.935608   0.527979   0.754918   0.036556   0.401010   0.667502   0.778763   0.571555   0.934924   0.534720   0.756778   0.036475   0.378245   0.670964   0.779477   0.572672   0.933650   0.535882   0.756765   0.035048   0.349165   0.675520   0.777336   0.569372   0.932917   0.532456   0.758021   0.030651   0.322006   0.680872   0.769872   0.557963   0.932910   0.520628   0.763126   0.025088   0.308290   0.685523   0.758955   0.541465   0.933111   0.503562   0.761055   0.025807   0.306102   0.687399   0.751838   0.530875   0.933694   0.492639   0.753325   0.029448   0.305876   0.687639   0.748210   0.525573   0.934296   0.487188   0.749359   0.029943   0.305759   0.687783   0.745098   0.521061   0.934433   0.482557   0.745691   0.029376   0.305679   0.687884   0.742271   0.516992   0.934063   0.478386   0.741963   0.029028   0.305646   0.687932   0.739800   0.513460   0.933611   0.474769   0.738331   0.028980   0.305690   0.687891   0.737870   0.510719   0.933656   0.471966   0.735249   0.028607   0.305780   0.687781   0.736378   0.508617   0.934207   0.469819   0.732674   0.028193 
 21   0.122665   0.685626   0.703310   0.463588   0.908529   0.424122   0.660914   0.025560   0.304734   0.691762   0.709326   0.471474   0.907378   0.432070   0.665262   0.026266   0.305109   0.691206   0.709734   0.472000   0.908511   0.432599   0.664516   0.026300   0.305459   0.690548   0.710637   0.473205   0.911169   0.433816   0.665012   0.026448   0.305788   0.690049   0.710633   0.473192   0.912756   0.433801   0.664582   0.026890   0.306446   0.689515   0.710161   0.472538   0.913011   0.433136   0.663504   0.027039   0.314389   0.686717   0.713019   0.476394   0.912497   0.437043   0.662500   0.026237   0.335633   0.680754   0.719752   0.485586   0.911288   0.446375   0.665745   0.025231   0.364213   0.674057   0.728529   0.497778   0.910682   0.458793   0.674632   0.026896   0.391781   0.668464   0.738996   0.512612   0.911142   0.473958   0.684141   0.030761   0.412799   0.664622   0.749171   0.527342   0.911467   0.489075   0.691642   0.034535   0.420537   0.663215   0.757556   0.539710   0.911406   0.501814   0.696811   0.037094   0.410805   0.664698   0.762926   0.547746   0.910757   0.510111   0.699484   0.037499   0.386484   0.668781   0.764436   0.550040   0.909559   0.512488   0.700280   0.035765   0.354374   0.674401   0.762427   0.547038   0.908716   0.509388   0.701784   0.031119   0.324456   0.680685   0.754984   0.535935   0.908624   0.497929   0.707567   0.025516   0.308878   0.686050   0.743637   0.519231   0.908898   0.480732   0.707616   0.026017   0.306064   0.688273   0.736004   0.508179   0.909524   0.469390   0.701179   0.029441   0.305887   0.688530   0.732356   0.503009   0.910072   0.464104   0.696962   0.030211   0.305779   0.688727   0.729122   0.498475   0.910132   0.459479   0.692947   0.030262   0.305718   0.688858   0.726203   0.494424   0.909939   0.455353   0.689139   0.030435   0.305668   0.688953   0.723559   0.490785   0.909647   0.451653   0.685334   0.030877   0.305680   0.688972   0.721340   0.487759   0.909644   0.448581   0.681857   0.030943   0.305752   0.688893   0.719637   0.485456   0.910165   0.446247   0.678906   0.030848 
 22   0.125452   0.685662   0.672400   0.424628   0.803918   0.385127   0.592801   0.034008   0.304979   0.691734   0.690533   0.446890   0.802164   0.407302   0.600010   0.036673   0.305529   0.691023   0.692580   0.449569   0.803147   0.410002   0.596259   0.033757   0.305989   0.690300   0.694050   0.451503   0.805756   0.411953   0.595499   0.032663   0.306290   0.689794   0.694203   0.451720   0.807330   0.412174   0.594591   0.032473   0.307038   0.689184   0.693666   0.451030   0.807417   0.411482   0.593384   0.031997   0.316549   0.685832   0.696867   0.455312   0.806678   0.415814   0.592923   0.029679   0.342341   0.678917   0.703020   0.463508   0.805315   0.424098   0.598632   0.027361   0.377716   0.671367   0.709450   0.472108   0.804727   0.432799   0.610815   0.029594   0.412367   0.665202   0.717067   0.482442   0.805137   0.443280   0.622861   0.034970   0.438505   0.661195   0.724578   0.492793   0.805299   0.453809   0.632762   0.040394   0.446624   0.660396   0.730555   0.501135   0.805203   0.462315   0.640336   0.044385   0.432411   0.663227   0.733371   0.505106   0.804653   0.466371   0.645234   0.045446   0.401463   0.668806   0.732334   0.503644   0.803595   0.464878   0.647379   0.042802   0.363239   0.675790   0.728171   0.497768   0.802759   0.458874   0.647904   0.036777   0.328754   0.682806   0.721048   0.487786   0.802741   0.448689   0.649515   0.029976   0.309882   0.688065   0.711931   0.475173   0.803196   0.435851   0.648511   0.027979   0.305842   0.689900   0.706378   0.467583   0.803910   0.428143   0.642918   0.029238   0.305865   0.689801   0.704707   0.465350   0.804406   0.425885   0.636977   0.029483   0.305922   0.689651   0.703248   0.463419   0.804375   0.423935   0.631727   0.029523   0.306024   0.689482   0.701856   0.461589   0.804283   0.422090   0.627059   0.029995   0.306107   0.689378   0.700343   0.459607   0.804064   0.420093   0.622488   0.030634   0.306160   0.689276   0.698981   0.457839   0.803984   0.418314   0.618181   0.030934   0.306217   0.689115   0.697966   0.456538   0.804438   0.417009   0.614552   0.031166 
 23   0.126856   0.687427   0.664169   0.414775   0.937878   0.375360   0.569778   0.033338   0.303663   0.695354   0.670460   0.422187   0.936494   0.382689   0.568500   0.030412   0.303849   0.694794   0.670645   0.422261   0.937217   0.382735   0.565036   0.030387   0.303995   0.694220   0.670948   0.422522   0.939594   0.382975   0.562207   0.030559   0.304094   0.693948   0.669883   0.421125   0.940930   0.381567   0.558072   0.030954   0.304745   0.693817   0.667949   0.418665   0.940954   0.379102   0.552067   0.031914   0.315067   0.691726   0.668281   0.419011   0.940425   0.379435   0.545058   0.035021   0.341084   0.686401   0.672711   0.424482   0.939439   0.384888   0.540543   0.039557   0.374393   0.679879   0.681115   0.435110   0.939022   0.395530   0.540103   0.044338   0.406293   0.674083   0.692880   0.450413   0.939852   0.410933   0.540831   0.049744   0.426363   0.670553   0.704292   0.465682   0.940436   0.426380   0.540480   0.053636   0.428685   0.669944   0.712632   0.477185   0.940421   0.438082   0.539477   0.055221   0.414292   0.671941   0.717253   0.483752   0.940024   0.444800   0.538643   0.054152   0.387780   0.675924   0.717753   0.484630   0.938974   0.445728   0.538417   0.050162   0.355632   0.680643   0.715116   0.481146   0.938285   0.442210   0.541242   0.041835   0.324098   0.685834   0.707316   0.470509   0.938324   0.431407   0.548139   0.031247   0.306794   0.690605   0.695459   0.454433   0.938611   0.415100   0.551746   0.028710   0.303786   0.692665   0.687476   0.443806   0.939264   0.404355   0.550335   0.031415   0.303652   0.692783   0.683676   0.438881   0.939997   0.399402   0.549175   0.031448   0.303470   0.692897   0.680135   0.434322   0.940293   0.394821   0.548502   0.030840   0.303308   0.693010   0.676790   0.430050   0.940175   0.390535   0.547540   0.031115   0.303227   0.693021   0.673880   0.426354   0.939998   0.386832   0.546212   0.032070   0.303199   0.692920   0.671469   0.423305   0.940132   0.383777   0.545263   0.032326   0.303152   0.692809   0.669479   0.420821   0.940702   0.381296   0.544521   0.031921 
 24   0.134135   0.685991   0.599460   0.341082   0.644879   0.302902   0.468921   0.036468   0.303793   0.692456   0.616801   0.358988   0.642831   0.320197   0.472779   0.040071   0.304198   0.691852   0.617892   0.360158   0.643705   0.321334   0.470849   0.037754   0.304529   0.691198   0.618641   0.360968   0.646106   0.322123   0.470755   0.037005   0.304712   0.690769   0.618375   0.360664   0.647518   0.321824   0.470205   0.036813   0.306418   0.689238   0.619034   0.361383   0.647522   0.322525   0.469564   0.036610   0.322681   0.682560   0.624884   0.367987   0.646761   0.329004   0.471379   0.034684   0.361456   0.671226   0.632733   0.376955   0.645423   0.337821   0.479358   0.034666   0.410020   0.660393   0.639850   0.385236   0.644882   0.345991   0.492013   0.040729   0.453407   0.652895   0.647197   0.393917   0.645270   0.354578   0.504689   0.049853   0.479915   0.649893   0.652896   0.400749   0.645416   0.361354   0.515778   0.058380   0.479816   0.652154   0.655956   0.404450   0.645363   0.365031   0.524181   0.064117   0.454564   0.658823   0.655401   0.403776   0.644927   0.364362   0.529232   0.065401   0.415106   0.667638   0.651495   0.399055   0.644035   0.359673   0.530549   0.061199   0.371535   0.677068   0.645696   0.392111   0.643280   0.352787   0.528638   0.053209   0.333286   0.685917   0.638807   0.383969   0.643257   0.344731   0.525005   0.044577   0.310884   0.692101   0.631488   0.375425   0.643695   0.336298   0.519649   0.040066   0.304823   0.694063   0.627208   0.370478   0.644358   0.331424   0.512963   0.039841   0.304595   0.693770   0.625909   0.369009   0.644790   0.329983   0.506773   0.040004   0.304505   0.693399   0.624686   0.367635   0.644733   0.328636   0.501751   0.040248   0.304470   0.693048   0.623505   0.366316   0.644671   0.327344   0.497418   0.040732   0.304429   0.692771   0.622241   0.364913   0.644497   0.325972   0.493093   0.040992   0.304357   0.692515   0.621033   0.363577   0.644408   0.324666   0.488955   0.040936   0.304246   0.692267   0.620070   0.362524   0.644811   0.323639   0.485257   0.040975 
