timestamp=                2021-11-15T19:17:42.314524
shape=                    (5, 5)
sigma=                    2.5
nepochs=                  2
thresh=                   None
rate=                     0.0085
neighborhood function=    gaussian
init weights=             pca
topology=                 hexagonal
activation distance=      euclidean
output type=              labels
mapfile_prefix=           full2018_5x5_2_0085_3_02
apply classification=     False
seed=                     None
random order=             True
custom init file=         None
order labels by size=     False
decay_function=           3

Quantization Error=       0.34747897
Topographic Error=        0.09895292

############ NEURONS #############
 25 192
  0   0.112895   0.681053   0.764081   0.536545   0.935939   0.497299   0.722438   0.024238   0.297756   0.689908   0.769858   0.545277   0.935493   0.506294   0.732513   0.026103   0.298535   0.688403   0.770623   0.546436   0.936698   0.507487   0.735860   0.026910   0.299073   0.687184   0.771212   0.547332   0.938971   0.508412   0.739764   0.026854   0.299469   0.686258   0.770942   0.546901   0.940413   0.507963   0.742866   0.026599   0.308749   0.683111   0.774540   0.552467   0.940602   0.513720   0.744157   0.025618   0.348713   0.673382   0.787350   0.572809   0.940120   0.534866   0.750848   0.024023   0.426723   0.657805   0.808665   0.608027   0.939168   0.571751   0.767565   0.024963   0.525555   0.641576   0.835891   0.655334   0.938165   0.621771   0.783277   0.030491   0.619083   0.628685   0.864306   0.707369   0.937936   0.677342   0.791520   0.037256   0.673657   0.622356   0.887837   0.752592   0.937692   0.726082   0.793879   0.042327   0.665434   0.624522   0.903450   0.783781   0.936992   0.759945   0.792545   0.046190   0.602332   0.633613   0.910363   0.797958   0.935946   0.775413   0.791719   0.049139   0.513082   0.645961   0.908670   0.794629   0.934544   0.771810   0.795232   0.050139   0.421084   0.658629   0.899124   0.775436   0.933747   0.750946   0.806702   0.047461   0.345667   0.670454   0.878963   0.735749   0.933736   0.707974   0.825390   0.041519   0.307943   0.679964   0.853748   0.687701   0.934027   0.656269   0.831682   0.040823   0.300394   0.684257   0.837146   0.657273   0.934674   0.623770   0.826785   0.043412   0.299914   0.684913   0.828386   0.641798   0.935401   0.607357   0.826108   0.042501   0.299644   0.685289   0.821147   0.629224   0.935827   0.594064   0.826220   0.041019   0.299511   0.685478   0.814905   0.618534   0.935829   0.582793   0.826270   0.039209   0.299495   0.685501   0.809612   0.609582   0.935793   0.573375   0.826220   0.037511   0.299456   0.685452   0.805144   0.602106   0.936105   0.565527   0.825553   0.036358   0.299370   0.685373   0.801219   0.595620   0.936738   0.558733   0.824325   0.035395 292919
  1   0.117283   0.682589   0.711544   0.462291   0.903441   0.421727   0.519269   0.033756   0.295326   0.692826   0.726852   0.483589   0.902321   0.443339   0.522606   0.033657   0.296044   0.691237   0.729232   0.487115   0.902989   0.446954   0.518694   0.032116   0.296471   0.690061   0.730497   0.488969   0.904932   0.448852   0.518582   0.030742   0.296872   0.689013   0.731162   0.489975   0.906081   0.449886   0.519533   0.030353   0.302598   0.685976   0.735448   0.495979   0.906178   0.455994   0.520926   0.028988   0.332936   0.676849   0.748957   0.515615   0.905728   0.476095   0.527817   0.024418   0.401245   0.661193   0.770397   0.548024   0.904717   0.509502   0.544095   0.021947   0.493468   0.643829   0.797604   0.591267   0.903966   0.554492   0.560777   0.027089   0.589446   0.628859   0.827680   0.641952   0.903896   0.607797   0.570313   0.036202   0.661892   0.619502   0.854089   0.688989   0.903527   0.657779   0.574917   0.046229   0.679569   0.618829   0.872738   0.723756   0.902794   0.695039   0.578258   0.055636   0.634857   0.626632   0.882147   0.741835   0.901811   0.714526   0.582780   0.062497   0.545129   0.640282   0.881812   0.741244   0.900556   0.713899   0.590483   0.064849   0.440925   0.655441   0.872803   0.723990   0.899812   0.695315   0.606078   0.059650   0.353417   0.669612   0.851823   0.684988   0.899916   0.653540   0.631095   0.047029   0.307523   0.681846   0.822127   0.631961   0.900426   0.597166   0.645258   0.040698   0.297434   0.687460   0.802202   0.597754   0.901283   0.561070   0.643538   0.041387   0.297505   0.687702   0.793860   0.584029   0.902142   0.546703   0.640988   0.040172   0.297769   0.687617   0.787355   0.573513   0.902587   0.535734   0.639235   0.038952   0.298055   0.687443   0.781855   0.564774   0.902757   0.526646   0.637726   0.038247   0.298297   0.687233   0.777092   0.557314   0.902804   0.518908   0.636200   0.037582   0.298550   0.686882   0.773140   0.551174   0.902974   0.512549   0.634744   0.036731   0.298819   0.686417   0.769982   0.546309   0.903443   0.507520   0.633056   0.035836 113611
  2   0.138000   0.690363   0.514975   0.247530   0.459726   0.212578   0.294513   0.064741   0.285564   0.708476   0.537927   0.267053   0.459264   0.230741   0.295429   0.071433   0.285093   0.706795   0.539044   0.268065   0.459544   0.231693   0.290674   0.072570   0.285059   0.705182   0.539301   0.268316   0.460894   0.231932   0.287357   0.074274   0.284899   0.703974   0.538694   0.267789   0.461692   0.231440   0.284383   0.076931   0.295170   0.693180   0.545639   0.274050   0.461590   0.237322   0.284361   0.079198   0.347221   0.658995   0.565127   0.292543   0.460898   0.254855   0.287853   0.086193   0.449490   0.610510   0.588406   0.316059   0.459783   0.277394   0.291644   0.108874   0.567033   0.568356   0.611115   0.340350   0.459249   0.300914   0.294969   0.138353   0.666996   0.542223   0.631682   0.363387   0.459364   0.323406   0.298807   0.159478   0.728296   0.535691   0.646897   0.381164   0.459205   0.340895   0.304544   0.173977   0.734370   0.549943   0.655058   0.391062   0.458887   0.350698   0.312732   0.184518   0.683766   0.581046   0.654786   0.390936   0.458513   0.350610   0.322687   0.189822   0.591964   0.621708   0.645936   0.380557   0.457997   0.340391   0.332421   0.187722   0.482208   0.664463   0.630221   0.362343   0.457516   0.322497   0.339857   0.176282   0.379458   0.701892   0.610455   0.340047   0.457534   0.300697   0.343411   0.152246   0.305956   0.728605   0.587714   0.315558   0.457975   0.276951   0.341175   0.119178   0.277495   0.736963   0.570690   0.298013   0.458570   0.260071   0.333444   0.099523   0.276240   0.732484   0.563095   0.290569   0.458997   0.252975   0.325046   0.096128   0.275993   0.728233   0.557992   0.285665   0.459033   0.248315   0.317951   0.095853   0.275573   0.724853   0.553854   0.281753   0.459105   0.244609   0.311267   0.097020   0.275447   0.721993   0.549992   0.278162   0.459161   0.241217   0.305471   0.097257   0.275436   0.719645   0.546118   0.274600   0.459190   0.237859   0.300296   0.096926   0.275437   0.717515   0.542782   0.271564   0.459470   0.235001   0.295494   0.097034 149182
  3   0.144142   0.684621   0.429561   0.181357   0.278839   0.151938   0.223852   0.208142   0.269879   0.696355   0.417122   0.172743   0.280651   0.144198   0.214904   0.341961   0.269090   0.693471   0.419012   0.174071   0.280911   0.145395   0.215604   0.363529   0.268693   0.691138   0.420225   0.174943   0.282070   0.146185   0.216364   0.376035   0.268053   0.689560   0.420371   0.175083   0.282724   0.146316   0.217034   0.389684   0.282504   0.683657   0.422469   0.176541   0.282619   0.147628   0.217426   0.399947   0.348104   0.662063   0.431814   0.183131   0.282052   0.153571   0.219738   0.395085   0.464379   0.627866   0.447233   0.194427   0.281183   0.163826   0.222984   0.394453   0.587259   0.595978   0.463960   0.207230   0.281002   0.175538   0.225535   0.404321   0.686770   0.572802   0.479479   0.219546   0.281505   0.186875   0.227989   0.401782   0.750082   0.561209   0.491551   0.229449   0.281715   0.196043   0.230030   0.394597   0.765404   0.564359   0.498667   0.235437   0.281695   0.201612   0.231828   0.388959   0.729131   0.582265   0.499956   0.236548   0.281488   0.202649   0.233365   0.384629   0.649797   0.611217   0.495109   0.232459   0.281011   0.198846   0.234178   0.378713   0.538827   0.648126   0.484391   0.223571   0.280437   0.190601   0.233632   0.373864   0.415594   0.688536   0.467960   0.210397   0.280171   0.178452   0.231621   0.376037   0.307478   0.724387   0.447413   0.194587   0.280220   0.163975   0.227832   0.387143   0.256407   0.738386   0.433048   0.183934   0.280510   0.154284   0.223195   0.402970   0.252223   0.733208   0.427734   0.180209   0.280770   0.150928   0.219519   0.414560   0.252143   0.726813   0.424270   0.177830   0.280744   0.148793   0.216843   0.424609   0.252128   0.721264   0.421304   0.175814   0.280795   0.146985   0.214704   0.432728   0.252258   0.716550   0.418715   0.174065   0.280849   0.145419   0.212660   0.433848   0.252384   0.712519   0.416562   0.172622   0.280870   0.144129   0.210631   0.432375   0.252388   0.708987   0.414861   0.171492   0.281099   0.143120   0.208972   0.432695 100059
  4   0.154989   0.686449   0.369948   0.141806   0.197963   0.116643   0.197146   0.114279   0.284525   0.699852   0.349908   0.129328   0.197601   0.105629   0.188520   0.162678   0.285648   0.697063   0.351504   0.130195   0.198001   0.106377   0.189844   0.171094   0.286258   0.695170   0.352141   0.130551   0.199208   0.106685   0.191007   0.178579   0.286499   0.693936   0.351919   0.130421   0.199929   0.106571   0.191710   0.186593   0.296822   0.685615   0.355178   0.132275   0.199906   0.108182   0.192868   0.192930   0.343615   0.658948   0.365193   0.138222   0.199414   0.113388   0.194947   0.203438   0.430365   0.620486   0.378331   0.146360   0.198608   0.120562   0.197282   0.221705   0.528339   0.585113   0.391756   0.154967   0.198403   0.128194   0.200037   0.235662   0.613744   0.559334   0.404566   0.163427   0.198858   0.135733   0.202937   0.238177   0.668109   0.548887   0.414788   0.170361   0.199066   0.141941   0.205708   0.237593   0.676665   0.557141   0.420887   0.174585   0.199044   0.145736   0.208558   0.237433   0.637794   0.581929   0.422100   0.175435   0.198822   0.146502   0.211099   0.236252   0.564326   0.616788   0.418167   0.172691   0.198313   0.144034   0.212590   0.230616   0.471890   0.656421   0.409723   0.166875   0.197763   0.138814   0.212415   0.222544   0.378465   0.695629   0.397035   0.158373   0.197579   0.131218   0.210751   0.215990   0.306948   0.725647   0.381427   0.148286   0.197683   0.122261   0.207838   0.207459   0.277207   0.735886   0.369496   0.140839   0.197981   0.115687   0.204179   0.202281   0.274917   0.732079   0.363343   0.137149   0.198243   0.112451   0.200635   0.202778   0.274710   0.727594   0.358802   0.134482   0.198236   0.110121   0.197688   0.206312   0.275135   0.723381   0.354862   0.132198   0.198259   0.108130   0.195503   0.209876   0.275207   0.719923   0.351332   0.130178   0.198251   0.106373   0.193339   0.208584   0.274683   0.717331   0.348229   0.128421   0.198228   0.104847   0.190812   0.206095   0.274302   0.714990   0.345724   0.127013   0.198430   0.103626   0.188486   0.206046 177382
  5   0.114739   0.679528   0.762935   0.534733   0.938613   0.495418   0.755651   0.021684   0.300298   0.687083   0.770827   0.546672   0.938081   0.507716   0.764813   0.021667   0.300754   0.685879   0.771979   0.548433   0.939097   0.509535   0.769192   0.022330   0.301142   0.684803   0.773010   0.550019   0.941361   0.511173   0.774044   0.022668   0.301469   0.683988   0.773050   0.550070   0.942747   0.511224   0.777475   0.023032   0.305259   0.682311   0.774383   0.552114   0.943000   0.513334   0.778337   0.023062   0.325479   0.676832   0.781241   0.562886   0.942657   0.524508   0.780238   0.022728   0.366354   0.667491   0.793614   0.582777   0.941791   0.545232   0.789506   0.022795   0.414704   0.657965   0.809313   0.608801   0.940946   0.572501   0.801922   0.025314   0.457268   0.650615   0.826593   0.638374   0.941026   0.603676   0.811402   0.029608   0.484011   0.646429   0.842061   0.665667   0.941115   0.632614   0.817766   0.033263   0.486864   0.646121   0.853472   0.686343   0.940694   0.654645   0.821696   0.035748   0.464688   0.649566   0.859909   0.698215   0.939853   0.667337   0.824310   0.036992   0.423772   0.655771   0.860921   0.700103   0.938572   0.669360   0.827204   0.036602   0.373194   0.663025   0.856927   0.692708   0.937803   0.661448   0.835798   0.032783   0.328594   0.670823   0.844401   0.669937   0.937758   0.637169   0.850392   0.027920   0.307196   0.677166   0.828069   0.640817   0.937995   0.606235   0.855880   0.029156   0.303735   0.679639   0.818101   0.623502   0.938589   0.587930   0.852078   0.032860   0.303335   0.680171   0.812531   0.614058   0.939249   0.577993   0.849717   0.033466   0.303039   0.680521   0.807782   0.606100   0.939568   0.569638   0.848147   0.033015   0.302858   0.680723   0.803625   0.599197   0.939486   0.562402   0.846921   0.031955   0.302718   0.680839   0.800020   0.593257   0.939414   0.556184   0.845805   0.030864   0.302619   0.680875   0.797008   0.588330   0.939678   0.551035   0.844411   0.030252   0.302524   0.680885   0.794365   0.584041   0.940239   0.546559   0.842829   0.029909 670317
  6   0.115467   0.680715   0.741702   0.503634   0.934327   0.463568   0.676282   0.025867   0.298202   0.689315   0.751954   0.518386   0.933583   0.478626   0.683711   0.025230   0.298790   0.687901   0.753368   0.520436   0.934468   0.480722   0.684966   0.024976   0.299154   0.686748   0.754487   0.522076   0.936565   0.482402   0.687345   0.024527   0.299427   0.685894   0.754605   0.522237   0.937806   0.482565   0.688804   0.024490   0.304091   0.684128   0.756143   0.524494   0.937915   0.484877   0.688486   0.024098   0.328802   0.678035   0.763556   0.535704   0.937465   0.496425   0.689845   0.022984   0.381355   0.666683   0.777466   0.557305   0.936541   0.518786   0.698826   0.023057   0.450873   0.653641   0.796869   0.588588   0.935806   0.551401   0.711529   0.026828   0.521088   0.642238   0.819726   0.627030   0.935866   0.591798   0.720634   0.032943   0.572207   0.635033   0.840885   0.664140   0.935749   0.631105   0.725819   0.038782   0.585265   0.633956   0.856755   0.693000   0.935199   0.661881   0.728852   0.043297   0.553486   0.639073   0.865791   0.709848   0.934320   0.679933   0.731414   0.046103   0.488133   0.648622   0.867481   0.713045   0.933099   0.683369   0.735652   0.046495   0.410270   0.659711   0.862195   0.703130   0.932308   0.672734   0.744994   0.042688   0.343554   0.670440   0.847520   0.676140   0.932223   0.643891   0.759767   0.035648   0.308371   0.679201   0.826604   0.638748   0.932495   0.604143   0.766476   0.034722   0.300355   0.683073   0.812083   0.613573   0.933128   0.577536   0.763468   0.038378   0.300001   0.683549   0.804836   0.601442   0.933813   0.564801   0.761464   0.038880   0.299819   0.683837   0.798711   0.591345   0.934159   0.554232   0.760553   0.038073   0.299750   0.683970   0.793406   0.582712   0.934236   0.545216   0.759923   0.036858   0.299795   0.683948   0.788904   0.575453   0.934279   0.537649   0.759359   0.035648   0.299812   0.683896   0.785034   0.569272   0.934520   0.531216   0.758524   0.034622   0.299768   0.683832   0.781666   0.563957   0.935034   0.525697   0.757228   0.033785 332845
  7   0.126491   0.678530   0.645067   0.378846   0.743014   0.338565   0.443379   0.041099   0.297892   0.685160   0.669187   0.406613   0.740966   0.365802   0.450189   0.040323   0.298536   0.684143   0.672660   0.410870   0.741422   0.370023   0.447483   0.035996   0.299160   0.683158   0.675969   0.414922   0.743133   0.374040   0.446730   0.033379   0.299711   0.682274   0.678295   0.417771   0.744191   0.376865   0.445894   0.032217   0.301382   0.680542   0.681508   0.421767   0.744269   0.380837   0.445321   0.031209   0.313343   0.674763   0.691345   0.434501   0.743893   0.393590   0.445660   0.027445   0.342518   0.665417   0.704390   0.451772   0.743086   0.410956   0.451398   0.024251   0.381624   0.656256   0.716109   0.467789   0.742738   0.427156   0.461881   0.027190   0.421033   0.648675   0.728598   0.485389   0.743052   0.445059   0.471663   0.034096   0.449807   0.644065   0.739954   0.501883   0.743000   0.461932   0.480665   0.041654   0.455775   0.643977   0.747921   0.513768   0.742648   0.474151   0.489617   0.048180   0.436822   0.648414   0.750989   0.518437   0.742110   0.478969   0.498956   0.052350   0.401299   0.655974   0.748243   0.514351   0.741244   0.474770   0.508692   0.052869   0.359742   0.664929   0.740285   0.502550   0.740455   0.462649   0.518867   0.048545   0.323590   0.673854   0.726925   0.483204   0.740319   0.442870   0.530443   0.039761   0.304435   0.680446   0.711488   0.461436   0.740629   0.420724   0.536358   0.034795   0.300337   0.682793   0.702363   0.448870   0.741185   0.407997   0.534214   0.034766   0.300417   0.682800   0.698988   0.444354   0.741710   0.403447   0.531004   0.033768   0.300532   0.682712   0.696298   0.440796   0.741939   0.399871   0.528295   0.032891   0.300654   0.682601   0.693892   0.437646   0.742124   0.396710   0.526086   0.032630   0.300728   0.682500   0.691667   0.434755   0.742168   0.393814   0.524033   0.032521   0.300774   0.682374   0.689790   0.432330   0.742187   0.391386   0.521846   0.032332   0.300829   0.682196   0.688321   0.430447   0.742524   0.389504   0.519727   0.032069 231944
  8   0.144784   0.688145   0.450220   0.195370   0.340293   0.164484   0.245623   0.077420   0.283086   0.704479   0.455388   0.198699   0.340124   0.167430   0.238179   0.092232   0.282427   0.703385   0.455600   0.198866   0.340498   0.167583   0.235504   0.094972   0.282158   0.701993   0.455761   0.199008   0.341793   0.167715   0.233469   0.098892   0.281746   0.700783   0.455355   0.198749   0.342550   0.167486   0.231594   0.104734   0.293846   0.689304   0.463245   0.204562   0.342466   0.172762   0.233060   0.109725   0.350824   0.656370   0.483501   0.220286   0.341851   0.187163   0.237580   0.120679   0.457389   0.613666   0.506024   0.239006   0.340877   0.204506   0.240772   0.148590   0.577037   0.577286   0.526659   0.257137   0.340503   0.221467   0.243241   0.177489   0.678218   0.552335   0.544636   0.273571   0.340790   0.236947   0.246548   0.189483   0.742091   0.542245   0.558090   0.286310   0.340811   0.249022   0.251030   0.193386   0.751421   0.550907   0.565624   0.293691   0.340626   0.256060   0.256896   0.196074   0.703065   0.576904   0.566110   0.294302   0.340305   0.256665   0.263624   0.196528   0.612296   0.613395   0.559297   0.287787   0.339779   0.250479   0.269656   0.191797   0.499497   0.654227   0.546371   0.275492   0.339267   0.238816   0.273302   0.181877   0.389110   0.692852   0.528644   0.259084   0.339193   0.223325   0.273973   0.164029   0.305536   0.724109   0.504786   0.238116   0.339479   0.203706   0.271292   0.136559   0.271029   0.736924   0.485567   0.221969   0.339937   0.188716   0.264522   0.120521   0.269056   0.734011   0.477240   0.215344   0.340290   0.182623   0.257193   0.119908   0.269080   0.729877   0.471865   0.211161   0.340308   0.178792   0.251768   0.122294   0.269239   0.726039   0.467421   0.207769   0.340357   0.175695   0.247238   0.125687   0.269509   0.722725   0.463291   0.204661   0.340383   0.172864   0.243347   0.126437   0.269634   0.719979   0.459422   0.201782   0.340388   0.170246   0.239585   0.125879   0.269655   0.717438   0.456230   0.199445   0.340630   0.168127   0.235996   0.126290 191184
  9   0.155036   0.680369   0.402359   0.161551   0.248280   0.134002   0.227041   0.055743   0.295569   0.688478   0.394291   0.155870   0.247679   0.128887   0.221132   0.066965   0.296426   0.687169   0.395256   0.156442   0.248111   0.129387   0.222769   0.069969   0.296796   0.686418   0.395297   0.156456   0.249415   0.129398   0.223975   0.072446   0.296973   0.685887   0.394919   0.156210   0.250232   0.129179   0.224678   0.074836   0.301541   0.681212   0.396916   0.157482   0.250234   0.130305   0.225704   0.076975   0.327748   0.663780   0.404121   0.162211   0.249734   0.134513   0.227880   0.081480   0.381996   0.636928   0.413977   0.168855   0.248899   0.140451   0.231835   0.093128   0.444522   0.613177   0.424279   0.175974   0.248604   0.146841   0.237458   0.107258   0.497346   0.597758   0.434498   0.183191   0.248992   0.153343   0.243646   0.116563   0.527107   0.593908   0.442597   0.189028   0.249175   0.158620   0.249672   0.123165   0.526221   0.602205   0.446978   0.192243   0.249109   0.161535   0.254836   0.127543   0.497335   0.619438   0.447221   0.192424   0.248844   0.161700   0.258389   0.128042   0.449279   0.641571   0.443455   0.189638   0.248299   0.159171   0.259813   0.122849   0.393304   0.665142   0.436560   0.184598   0.247735   0.154603   0.259052   0.113321   0.341008   0.687234   0.427381   0.178034   0.247597   0.148677   0.256587   0.102558   0.306565   0.702225   0.417532   0.171172   0.247788   0.142510   0.252770   0.092515   0.294747   0.706514   0.410756   0.166571   0.248156   0.138392   0.248513   0.087409   0.293854   0.704922   0.407285   0.164280   0.248470   0.136352   0.244784   0.086510   0.293587   0.703223   0.404396   0.162390   0.248501   0.134671   0.241798   0.088232   0.293470   0.701678   0.401660   0.160618   0.248536   0.133098   0.239326   0.090183   0.293098   0.700441   0.399049   0.158949   0.248527   0.131619   0.236754   0.089398   0.292521   0.699528   0.396687   0.157458   0.248516   0.130301   0.233916   0.088277   0.292013   0.698689   0.394722   0.156231   0.248741   0.129218   0.231192   0.088565 341348
 10   0.116551   0.678461   0.753698   0.520730   0.942426   0.480987   0.769476   0.018987   0.301724   0.685061   0.762671   0.534073   0.941836   0.494688   0.776321   0.017891   0.302072   0.684043   0.764097   0.536224   0.942715   0.496903   0.780263   0.018607   0.302411   0.683098   0.765373   0.538158   0.944850   0.498896   0.784783   0.019151   0.302696   0.682391   0.765669   0.538605   0.946225   0.499356   0.787846   0.019766   0.303681   0.681623   0.765647   0.538560   0.946538   0.499307   0.789284   0.020043   0.312388   0.678933   0.768302   0.542622   0.946275   0.503500   0.789065   0.020453   0.333632   0.673348   0.774779   0.552659   0.945464   0.513885   0.792363   0.020669   0.361004   0.666869   0.783949   0.567127   0.944717   0.528906   0.800775   0.021812   0.386720   0.661382   0.795090   0.585079   0.944966   0.547615   0.808890   0.024617   0.403746   0.657919   0.805698   0.602532   0.945205   0.565878   0.814579   0.027071   0.406207   0.657141   0.813767   0.616063   0.944950   0.580086   0.818099   0.028307   0.393506   0.659053   0.818485   0.624078   0.944322   0.588522   0.820140   0.028523   0.369749   0.663033   0.819420   0.625679   0.943242   0.590210   0.822135   0.027593   0.340764   0.667849   0.816941   0.621459   0.942545   0.585766   0.829200   0.023867   0.316222   0.673159   0.808457   0.607174   0.942462   0.570755   0.842629   0.020333   0.305622   0.677037   0.798336   0.590309   0.942621   0.553067   0.848361   0.021927   0.304363   0.678212   0.792866   0.581352   0.943124   0.543703   0.845002   0.024797   0.304184   0.678506   0.789453   0.575842   0.943705   0.537959   0.842432   0.025647   0.304016   0.678740   0.786341   0.570862   0.943945   0.532775   0.840202   0.025755   0.303867   0.678931   0.783423   0.566223   0.943806   0.527953   0.838179   0.025410   0.303765   0.679043   0.780885   0.562213   0.943683   0.523788   0.836423   0.024914   0.303713   0.679069   0.778806   0.558946   0.943873   0.520399   0.834843   0.024515   0.303706   0.679033   0.777078   0.556244   0.944346   0.517599   0.833409   0.024288 1059204
 11   0.117919   0.679338   0.738319   0.498548   0.934216   0.458335   0.703564   0.021956   0.300933   0.686745   0.748699   0.513407   0.933443   0.473488   0.710709   0.020940   0.301298   0.685583   0.750314   0.515747   0.934228   0.475880   0.713508   0.021121   0.301640   0.684509   0.751833   0.517968   0.936270   0.478153   0.717253   0.020872   0.301932   0.683699   0.752369   0.518747   0.937519   0.478950   0.719897   0.020958   0.303398   0.682713   0.752900   0.519511   0.937685   0.479730   0.720468   0.020994   0.315630   0.679150   0.757151   0.525855   0.937361   0.486248   0.720033   0.020632   0.344497   0.671787   0.766406   0.539901   0.936534   0.500726   0.725052   0.019938   0.380830   0.663311   0.779318   0.559985   0.935878   0.521522   0.735902   0.020754   0.415198   0.656172   0.794643   0.584513   0.936172   0.547056   0.745782   0.023634   0.439449   0.651610   0.809063   0.608276   0.936308   0.571929   0.752592   0.026756   0.445688   0.650455   0.820230   0.627162   0.935963   0.591792   0.757297   0.029242   0.431583   0.652751   0.827086   0.638971   0.935251   0.604255   0.760736   0.030647   0.400806   0.657812   0.829060   0.642403   0.934099   0.607883   0.764060   0.030400   0.361305   0.664001   0.826720   0.638337   0.933307   0.603585   0.771736   0.027204   0.325535   0.670733   0.817181   0.622008   0.933192   0.586372   0.785242   0.023069   0.307378   0.676452   0.803222   0.598483   0.933384   0.561646   0.793153   0.024647   0.303999   0.678838   0.794120   0.583447   0.933915   0.545902   0.791981   0.028768   0.303678   0.679321   0.789358   0.575759   0.934521   0.537885   0.789782   0.029845   0.303426   0.679673   0.785230   0.569166   0.934818   0.531025   0.788207   0.029873   0.303226   0.679937   0.781531   0.563313   0.934842   0.524946   0.786757   0.029477   0.303079   0.680114   0.778298   0.558239   0.934837   0.519683   0.785267   0.028916   0.303004   0.680184   0.775604   0.554036   0.935043   0.515329   0.783806   0.028361   0.302964   0.680194   0.773323   0.550498   0.935520   0.511667   0.782417   0.027814 790658
 12   0.125419   0.677664   0.669639   0.407592   0.767635   0.366843   0.572019   0.030592   0.301060   0.683790   0.684913   0.425916   0.766501   0.384946   0.580283   0.031805   0.301570   0.683310   0.684810   0.425814   0.767093   0.384849   0.579811   0.029621   0.301996   0.682734   0.685091   0.426191   0.768849   0.385229   0.581020   0.028628   0.302292   0.682309   0.684731   0.425744   0.769956   0.384784   0.581416   0.028375   0.303198   0.681641   0.684292   0.425193   0.769982   0.384237   0.581057   0.028117   0.312372   0.678293   0.686762   0.428450   0.769402   0.387508   0.581027   0.026829   0.337068   0.671322   0.691970   0.435289   0.768375   0.394375   0.586201   0.026219   0.370790   0.663740   0.697889   0.443098   0.767923   0.402221   0.597335   0.029689   0.401933   0.657996   0.704260   0.451607   0.768290   0.410791   0.609122   0.035729   0.422302   0.654851   0.709915   0.459258   0.768378   0.418514   0.619069   0.041107   0.425113   0.654966   0.713756   0.464498   0.768152   0.423812   0.626491   0.044589   0.408809   0.658438   0.714724   0.465817   0.767715   0.425145   0.631311   0.045155   0.379815   0.664306   0.712438   0.462669   0.766987   0.421957   0.633566   0.042266   0.346790   0.671284   0.707576   0.456028   0.766282   0.415242   0.633855   0.036464   0.318909   0.677918   0.700804   0.446855   0.766155   0.405980   0.634053   0.030096   0.304881   0.681977   0.694264   0.438068   0.766469   0.397122   0.632112   0.027177   0.302259   0.682846   0.691020   0.433753   0.766992   0.392780   0.627388   0.026896   0.302331   0.682519   0.690036   0.432466   0.767435   0.391489   0.622909   0.026549   0.302423   0.682203   0.689097   0.431249   0.767519   0.390270   0.618968   0.026423   0.302519   0.681938   0.688069   0.429923   0.767588   0.388944   0.615467   0.026693   0.302612   0.681729   0.686951   0.428493   0.767611   0.387514   0.612109   0.027179   0.302695   0.681515   0.685957   0.427227   0.767644   0.386251   0.608836   0.027461   0.302766   0.681260   0.685228   0.426303   0.767967   0.385330   0.605902   0.027692 329880
 13   0.143111   0.678945   0.516987   0.248595   0.455864   0.213465   0.331055   0.038798   0.298294   0.686148   0.528901   0.258093   0.455048   0.222191   0.332751   0.043238   0.298863   0.685428   0.528990   0.258129   0.455516   0.222218   0.332888   0.041310   0.299131   0.684782   0.529004   0.258121   0.456966   0.222208   0.332985   0.041066   0.299289   0.684277   0.528827   0.257954   0.457878   0.222049   0.332873   0.041598   0.301941   0.681497   0.530584   0.259502   0.457875   0.223498   0.333589   0.042256   0.321379   0.670689   0.537304   0.265623   0.457325   0.229257   0.336261   0.042346   0.365677   0.652936   0.545686   0.273437   0.456394   0.236637   0.342954   0.046567   0.418549   0.636614   0.553599   0.280983   0.456018   0.243794   0.353278   0.056736   0.460058   0.626634   0.561337   0.288489   0.456363   0.250935   0.363984   0.067575   0.479125   0.624576   0.566994   0.294071   0.456483   0.256261   0.373634   0.076267   0.472325   0.630345   0.569606   0.296699   0.456347   0.258777   0.381386   0.081894   0.444960   0.641486   0.568762   0.295880   0.456022   0.257999   0.386652   0.083086   0.406351   0.655141   0.564619   0.291765   0.455435   0.254068   0.389094   0.078814   0.364506   0.669348   0.558025   0.285270   0.454828   0.247872   0.388784   0.069781   0.327930   0.682111   0.550275   0.277769   0.454692   0.240739   0.386083   0.058558   0.305873   0.690320   0.543147   0.271003   0.454938   0.234327   0.381204   0.050283   0.299254   0.692443   0.539107   0.267232   0.455369   0.230765   0.375376   0.047370   0.298724   0.691733   0.537423   0.265701   0.455730   0.229324   0.370140   0.047176   0.298277   0.691155   0.535830   0.264274   0.455779   0.227986   0.365501   0.048147   0.297852   0.690691   0.534260   0.262879   0.455837   0.226679   0.361279   0.049398   0.297550   0.690208   0.532775   0.261556   0.455853   0.225439   0.357526   0.049773   0.297332   0.689753   0.531391   0.260329   0.455862   0.224290   0.354006   0.049811   0.297092   0.689371   0.530147   0.259236   0.456130   0.223267   0.350659   0.050056 353581
 14   0.149100   0.679118   0.461760   0.203386   0.356216   0.171685   0.279603   0.047717   0.297741   0.686381   0.467595   0.207240   0.355595   0.175109   0.278022   0.054791   0.298218   0.685562   0.467997   0.207506   0.356020   0.175346   0.278410   0.055727   0.298497   0.684830   0.468358   0.207762   0.357396   0.175577   0.278872   0.056898   0.298700   0.684191   0.468445   0.207823   0.358265   0.175631   0.279125   0.058551   0.301788   0.681125   0.470235   0.209205   0.358248   0.176895   0.279891   0.060187   0.322460   0.669226   0.476570   0.214222   0.357714   0.181503   0.282446   0.061551   0.367931   0.649754   0.485328   0.221333   0.356832   0.188061   0.287771   0.068290   0.421993   0.631664   0.494805   0.229208   0.356482   0.195355   0.295114   0.080773   0.466792   0.619894   0.504305   0.237237   0.356826   0.202813   0.302909   0.092210   0.490308   0.616656   0.511592   0.243516   0.356963   0.208665   0.310097   0.101199   0.487811   0.622163   0.515544   0.246998   0.356849   0.211923   0.315867   0.107277   0.462927   0.634200   0.515718   0.247185   0.356534   0.212105   0.319733   0.109191   0.422944   0.649846   0.512009   0.243948   0.355960   0.209081   0.321305   0.105067   0.376308   0.666809   0.505166   0.238003   0.355377   0.203532   0.320591   0.095298   0.333278   0.682763   0.496349   0.230485   0.355250   0.196537   0.317954   0.082934   0.306120   0.693504   0.487314   0.222950   0.355486   0.189554   0.313586   0.072918   0.297498   0.696573   0.481512   0.218201   0.355908   0.185167   0.308522   0.068834   0.296943   0.695647   0.478891   0.216099   0.356266   0.183232   0.304193   0.068450   0.296639   0.694736   0.476630   0.214309   0.356321   0.181588   0.300638   0.069844   0.296373   0.693906   0.474560   0.212690   0.356372   0.180104   0.297520   0.071319   0.296165   0.693078   0.472751   0.211287   0.356379   0.178820   0.294648   0.071187   0.295933   0.692345   0.471111   0.210020   0.356385   0.177662   0.291885   0.070584   0.295655   0.691735   0.469700   0.208945   0.356635   0.176680   0.289212   0.070764 394842
 15   0.118530   0.677945   0.738053   0.497826   0.939990   0.457535   0.746633   0.018757   0.302011   0.684096   0.747083   0.510802   0.939269   0.470775   0.752085   0.017489   0.302369   0.683191   0.748605   0.513016   0.940055   0.473040   0.755032   0.018347   0.302722   0.682328   0.750005   0.515065   0.942094   0.475138   0.758690   0.018983   0.303009   0.681704   0.750391   0.515628   0.943385   0.475714   0.761329   0.019501   0.303494   0.681197   0.750103   0.515191   0.943632   0.475263   0.762689   0.019675   0.309409   0.679316   0.751665   0.517489   0.943371   0.477619   0.762028   0.020239   0.325630   0.674909   0.756474   0.524657   0.942597   0.484981   0.764119   0.020700   0.347579   0.669451   0.763797   0.535735   0.941946   0.496393   0.771784   0.021562   0.368527   0.664690   0.773057   0.549996   0.942304   0.511131   0.780041   0.023863   0.383054   0.661556   0.782110   0.564194   0.942610   0.525854   0.786051   0.026048   0.385671   0.660716   0.789126   0.575385   0.942443   0.537495   0.789830   0.027036   0.375256   0.662239   0.793250   0.582035   0.941898   0.544428   0.791964   0.026991   0.355682   0.665569   0.793935   0.583153   0.940888   0.545595   0.793909   0.026034   0.332391   0.669621   0.791571   0.579337   0.940205   0.541617   0.800308   0.022821   0.313225   0.674058   0.784224   0.567581   0.940123   0.529380   0.811497   0.020415   0.305124   0.677224   0.775817   0.554248   0.940272   0.515525   0.814820   0.022519   0.304225   0.678142   0.771349   0.547277   0.940731   0.508304   0.810505   0.025119   0.304095   0.678383   0.768470   0.542838   0.941264   0.503715   0.807610   0.025663   0.303986   0.678550   0.765925   0.538940   0.941487   0.499691   0.805260   0.025485   0.303906   0.678687   0.763554   0.535331   0.941391   0.495969   0.803015   0.025217   0.303858   0.678782   0.761441   0.532130   0.941277   0.492671   0.800824   0.025007   0.303827   0.678815   0.759689   0.529488   0.941421   0.489951   0.798934   0.024719   0.303832   0.678788   0.758271   0.527359   0.941858   0.487761   0.797274   0.024472 1290661
 16   0.120078   0.679025   0.721016   0.474015   0.931516   0.433360   0.679278   0.023923   0.301410   0.686178   0.732398   0.489730   0.930608   0.449279   0.683368   0.021861   0.301713   0.685122   0.734063   0.492067   0.931251   0.451654   0.683697   0.021589   0.302003   0.684117   0.735650   0.494317   0.933097   0.453944   0.685362   0.020908   0.302236   0.683365   0.736285   0.495220   0.934194   0.454863   0.686582   0.020476   0.302862   0.682727   0.736287   0.495214   0.934274   0.454856   0.686665   0.020241   0.310096   0.680534   0.738442   0.498309   0.933906   0.458014   0.684886   0.019971   0.329591   0.675226   0.744427   0.507003   0.933100   0.466903   0.686000   0.019413   0.355559   0.668426   0.753541   0.520458   0.932604   0.480701   0.693226   0.020049   0.379996   0.662442   0.764893   0.537574   0.933011   0.498322   0.701754   0.022424   0.397330   0.658404   0.776108   0.554870   0.933198   0.516203   0.708122   0.024861   0.401997   0.657082   0.785112   0.569052   0.932943   0.530921   0.712475   0.026367   0.391788   0.658686   0.790744   0.578058   0.932357   0.540295   0.715918   0.026769   0.369569   0.662660   0.792372   0.580686   0.931352   0.543035   0.719552   0.025829   0.341492   0.667710   0.790316   0.577384   0.930623   0.539595   0.726815   0.022626   0.317067   0.673232   0.782282   0.564604   0.930527   0.526307   0.739015   0.019874   0.305596   0.677382   0.772088   0.548543   0.930753   0.509638   0.745335   0.021944   0.303836   0.678756   0.766333   0.539619   0.931290   0.500402   0.743209   0.025329   0.303724   0.679015   0.763087   0.534667   0.931845   0.495293   0.740672   0.026479   0.303625   0.679221   0.760154   0.530229   0.932071   0.490721   0.738744   0.026731   0.303540   0.679393   0.757437   0.526146   0.932101   0.486521   0.737075   0.026757   0.303478   0.679533   0.754960   0.522449   0.932079   0.482722   0.735440   0.026772   0.303443   0.679625   0.752772   0.519202   0.932206   0.479389   0.733983   0.026657   0.303441   0.679653   0.750900   0.516437   0.932621   0.476554   0.732786   0.026602 744232
 17   0.122028   0.679428   0.698666   0.444007   0.927252   0.403112   0.580645   0.024615   0.300658   0.687043   0.710910   0.460053   0.926143   0.419215   0.583795   0.023737   0.300947   0.686108   0.712120   0.461659   0.926661   0.420829   0.581820   0.023375   0.301230   0.685194   0.713321   0.463276   0.928341   0.422460   0.582362   0.022404   0.301489   0.684485   0.713719   0.463809   0.929368   0.422996   0.583151   0.022019   0.302078   0.683912   0.713522   0.463532   0.929504   0.422716   0.583302   0.021997   0.309055   0.682005   0.715664   0.466479   0.929236   0.425698   0.582549   0.021494   0.327689   0.677178   0.721935   0.475170   0.928552   0.434509   0.584570   0.020205   0.352628   0.670728   0.731160   0.488159   0.928202   0.447714   0.592915   0.020154   0.376308   0.664819   0.742410   0.504363   0.928645   0.464258   0.603961   0.021861   0.393266   0.660621   0.753815   0.521199   0.928830   0.481524   0.613222   0.023722   0.398539   0.658980   0.763265   0.535471   0.928603   0.496222   0.620216   0.025060   0.389885   0.660155   0.769225   0.544631   0.928011   0.505688   0.626288   0.025547   0.369099   0.663669   0.770878   0.547223   0.926950   0.508376   0.632897   0.024601   0.341513   0.668342   0.768609   0.543750   0.926148   0.504791   0.642319   0.021457   0.316856   0.673873   0.759785   0.530304   0.925967   0.490919   0.653974   0.019357   0.304927   0.678393   0.748514   0.513295   0.926131   0.473403   0.659291   0.022063   0.302940   0.679997   0.742180   0.503904   0.926676   0.463764   0.657695   0.025585   0.302813   0.680278   0.738785   0.498980   0.927276   0.458730   0.655678   0.026666   0.302758   0.680452   0.735927   0.494874   0.927576   0.454541   0.653888   0.026824   0.302775   0.680554   0.733356   0.491212   0.927686   0.450810   0.652360   0.027072   0.302831   0.680626   0.730982   0.487849   0.927688   0.447387   0.650768   0.027728   0.302926   0.680632   0.728954   0.484988   0.927785   0.444478   0.649393   0.028312   0.303048   0.680554   0.727323   0.482695   0.928138   0.442147   0.648621   0.028525 333640
 18   0.131711   0.677620   0.620337   0.350329   0.667276   0.310580   0.470859   0.034336   0.300375   0.683610   0.634383   0.364852   0.665984   0.324552   0.477098   0.036786   0.300920   0.682911   0.635329   0.365878   0.666521   0.325546   0.475946   0.033627   0.301407   0.682111   0.636618   0.367320   0.668173   0.326952   0.476441   0.031892   0.301705   0.681561   0.636961   0.367692   0.669201   0.327314   0.476746   0.031301   0.302968   0.680411   0.637508   0.368312   0.669215   0.327919   0.476837   0.031023   0.314677   0.675245   0.642079   0.373677   0.668669   0.333197   0.478061   0.029777   0.344653   0.665767   0.649132   0.382033   0.667701   0.341430   0.484658   0.030153   0.383696   0.656354   0.655976   0.390263   0.667304   0.349563   0.496401   0.035133   0.417577   0.649883   0.662792   0.398589   0.667678   0.357814   0.508696   0.042734   0.437517   0.647164   0.668084   0.405150   0.667775   0.364332   0.519552   0.049559   0.437370   0.648607   0.671023   0.408837   0.667586   0.368004   0.528034   0.053716   0.417715   0.653803   0.670954   0.408764   0.667201   0.367934   0.533886   0.054492   0.386215   0.661339   0.667644   0.404639   0.666526   0.363831   0.537002   0.051281   0.351034   0.669868   0.661915   0.397548   0.665844   0.356788   0.537503   0.044640   0.321162   0.677857   0.654719   0.388735   0.665694   0.348051   0.536854   0.037377   0.305279   0.682933   0.647789   0.380347   0.665970   0.339753   0.534149   0.033824   0.301760   0.684190   0.644172   0.376017   0.666456   0.335478   0.529236   0.033540   0.301788   0.683819   0.643022   0.374671   0.666873   0.334155   0.524690   0.033403   0.301830   0.683467   0.641865   0.373326   0.666956   0.332834   0.520934   0.033467   0.301885   0.683148   0.640755   0.372039   0.667040   0.331570   0.517729   0.033829   0.301946   0.682873   0.639644   0.370756   0.667070   0.330313   0.514689   0.034212   0.301980   0.682612   0.638642   0.369607   0.667091   0.329186   0.511630   0.034363   0.301982   0.682323   0.637958   0.368830   0.667392   0.328427   0.508788   0.034234 386003
 19   0.136560   0.678245   0.573141   0.301185   0.568876   0.263220   0.391817   0.037695   0.298709   0.684819   0.587362   0.314036   0.567816   0.275284   0.396202   0.040769   0.299307   0.684156   0.588023   0.314666   0.568329   0.275881   0.395709   0.036866   0.299708   0.683459   0.588454   0.315088   0.569887   0.276283   0.396277   0.035787   0.299936   0.682958   0.588272   0.314890   0.570860   0.276091   0.396742   0.035598   0.301943   0.680928   0.589522   0.316153   0.570871   0.277301   0.397533   0.035544   0.318326   0.672903   0.595767   0.322695   0.570322   0.283608   0.400227   0.034672   0.357022   0.659827   0.603607   0.331062   0.569372   0.291702   0.408039   0.036839   0.404982   0.647665   0.610560   0.338637   0.568993   0.299056   0.420167   0.044520   0.444261   0.639932   0.617450   0.346271   0.569353   0.306490   0.432422   0.053863   0.463590   0.637849   0.622422   0.351868   0.569466   0.311956   0.443398   0.061761   0.458934   0.641331   0.624570   0.354319   0.569311   0.314357   0.452336   0.066527   0.433867   0.649114   0.623472   0.353089   0.568957   0.313157   0.458682   0.066950   0.397290   0.659166   0.619285   0.348371   0.568322   0.308548   0.462033   0.062494   0.357956   0.669857   0.612927   0.341277   0.567685   0.301630   0.462393   0.054306   0.324407   0.679624   0.605498   0.333111   0.567549   0.293690   0.460612   0.045090   0.305415   0.685901   0.598631   0.325683   0.567807   0.286487   0.456807   0.039380   0.300435   0.687476   0.595041   0.321851   0.568262   0.282780   0.451591   0.037984   0.300246   0.686963   0.593904   0.320669   0.568651   0.281643   0.446658   0.037899   0.300086   0.686540   0.592762   0.319493   0.568717   0.280512   0.442361   0.038337   0.299942   0.686160   0.591653   0.318357   0.568780   0.279422   0.438510   0.039089   0.299821   0.685826   0.590511   0.317195   0.568795   0.278306   0.434827   0.039642   0.299733   0.685510   0.589434   0.316099   0.568806   0.277255   0.431304   0.039886   0.299637   0.685198   0.588561   0.315223   0.569090   0.276417   0.428012   0.040066 354524
 20   0.119695   0.677306   0.729541   0.485707   0.936367   0.445189   0.732790   0.020905   0.302581   0.682983   0.737877   0.497431   0.935687   0.457105   0.737503   0.019227   0.302858   0.682364   0.738703   0.498592   0.936436   0.458285   0.739747   0.019596   0.303107   0.681731   0.739521   0.499760   0.938362   0.459475   0.742619   0.019876   0.303300   0.681318   0.739369   0.499535   0.939576   0.459245   0.744438   0.020337   0.303527   0.681100   0.738376   0.498100   0.939780   0.457779   0.744859   0.020828   0.307376   0.680002   0.738475   0.498239   0.939497   0.457920   0.743011   0.022084   0.319275   0.676923   0.741093   0.502034   0.938767   0.461799   0.742521   0.023564   0.336459   0.672795   0.745806   0.508925   0.938200   0.468852   0.746754   0.025147   0.353192   0.669095   0.752098   0.518233   0.938620   0.478400   0.752510   0.027802   0.364844   0.666671   0.758299   0.527527   0.939017   0.487958   0.756918   0.030477   0.366854   0.666085   0.762860   0.534446   0.938981   0.495089   0.759636   0.031797   0.358448   0.667390   0.764993   0.537708   0.938539   0.498455   0.760945   0.031674   0.342931   0.670094   0.764313   0.536679   0.937636   0.497396   0.761716   0.029965   0.324990   0.673320   0.761397   0.532250   0.936996   0.492830   0.765113   0.025730   0.310513   0.676669   0.755474   0.523313   0.936889   0.483628   0.770664   0.022257   0.304455   0.678827   0.749424   0.514253   0.937024   0.474313   0.770774   0.023075   0.303922   0.679335   0.746224   0.509525   0.937460   0.469464   0.766554   0.024757   0.303900   0.679462   0.744031   0.506312   0.937957   0.466174   0.763489   0.024891   0.303886   0.679522   0.742098   0.503494   0.938153   0.463291   0.760940   0.024474   0.303883   0.679564   0.740332   0.500934   0.938027   0.460675   0.758273   0.024319   0.303896   0.679585   0.738787   0.498704   0.937853   0.458398   0.755568   0.024551   0.303918   0.679543   0.737558   0.496937   0.937929   0.456594   0.753326   0.024638   0.303948   0.679444   0.736600   0.495564   0.938290   0.455194   0.751591   0.024587 805240
 21   0.121500   0.677903   0.709104   0.457726   0.904955   0.416886   0.676990   0.025376   0.302290   0.684304   0.719389   0.471469   0.904168   0.430726   0.680703   0.024637   0.302594   0.683904   0.719273   0.471312   0.904783   0.430567   0.679931   0.024639   0.302851   0.683410   0.719377   0.471478   0.906568   0.430739   0.679890   0.024290   0.303063   0.683106   0.718663   0.470523   0.907714   0.429778   0.679143   0.024627   0.303364   0.682977   0.717126   0.468430   0.907826   0.427663   0.677564   0.025236   0.307821   0.681804   0.716777   0.467992   0.907405   0.427227   0.674962   0.026025   0.321660   0.678248   0.719074   0.471216   0.906582   0.430503   0.674454   0.026755   0.341899   0.673342   0.723674   0.477646   0.906160   0.437031   0.678831   0.028314   0.361830   0.668839   0.729996   0.486561   0.906612   0.446097   0.685151   0.030941   0.376173   0.665703   0.736487   0.495824   0.906872   0.455539   0.690641   0.033373   0.379837   0.664647   0.741708   0.503365   0.906752   0.463241   0.694785   0.034665   0.371164   0.665877   0.744693   0.507708   0.906292   0.467683   0.697605   0.034120   0.352960   0.669027   0.744766   0.507802   0.905416   0.467777   0.699702   0.031591   0.331052   0.673161   0.742163   0.503980   0.904696   0.463861   0.702805   0.026956   0.312863   0.677367   0.736511   0.495748   0.904542   0.455440   0.707798   0.023261   0.304538   0.679978   0.730624   0.487240   0.904739   0.446749   0.708888   0.023441   0.303441   0.680530   0.727629   0.482962   0.905226   0.442388   0.705667   0.024656   0.303488   0.680482   0.726028   0.480697   0.905708   0.440084   0.702963   0.024973   0.303539   0.680407   0.724638   0.478745   0.905863   0.438101   0.700540   0.025009   0.303591   0.680338   0.723340   0.476936   0.905855   0.436265   0.698193   0.025274   0.303643   0.680274   0.722128   0.475252   0.905768   0.434558   0.695766   0.025910   0.303692   0.680160   0.721157   0.473909   0.905803   0.433196   0.693629   0.026276   0.303756   0.679991   0.720451   0.472935   0.906131   0.432209   0.691956   0.026415 498109
 22   0.119177   0.680947   0.718521   0.470967   0.929674   0.430345   0.604814   0.026861   0.299670   0.689834   0.731509   0.488803   0.928587   0.448398   0.610155   0.025448   0.300115   0.688448   0.733260   0.491272   0.929236   0.450910   0.608877   0.025082   0.300489   0.687191   0.734873   0.493566   0.931116   0.453247   0.609298   0.024336   0.300791   0.686207   0.735568   0.494566   0.932200   0.454266   0.609856   0.023987   0.302639   0.685082   0.736347   0.495676   0.932256   0.455398   0.609555   0.023543   0.317327   0.681064   0.741226   0.502758   0.931820   0.462639   0.610240   0.021829   0.352135   0.672310   0.751667   0.518133   0.930859   0.478401   0.617042   0.020068   0.397348   0.661671   0.766514   0.540545   0.930267   0.501483   0.629951   0.021490   0.441668   0.652370   0.784682   0.568922   0.930557   0.530894   0.641573   0.025227   0.475687   0.645959   0.802448   0.597682   0.930563   0.560901   0.649245   0.029069   0.487361   0.643868   0.816612   0.621375   0.930126   0.585771   0.655104   0.031974   0.469399   0.646868   0.825388   0.636404   0.929339   0.601617   0.660169   0.033517   0.427899   0.653864   0.827963   0.640864   0.928148   0.606329   0.665939   0.033382   0.375889   0.662194   0.825148   0.635977   0.927324   0.601165   0.675504   0.029902   0.330213   0.670980   0.813508   0.616117   0.927215   0.580240   0.689416   0.025010   0.307016   0.678406   0.796291   0.587340   0.927467   0.550038   0.697203   0.026212   0.302319   0.681357   0.785169   0.569224   0.928071   0.531115   0.696205   0.030517   0.302146   0.681699   0.779721   0.560584   0.928694   0.522137   0.694088   0.031925   0.302068   0.681924   0.775045   0.553257   0.928967   0.514540   0.692476   0.032238   0.302046   0.682055   0.770904   0.546835   0.929068   0.507894   0.691288   0.032213   0.302027   0.682147   0.767192   0.541135   0.929125   0.502005   0.690219   0.032060   0.302001   0.682214   0.763900   0.536125   0.929308   0.496838   0.689158   0.031807   0.301984   0.682221   0.761047   0.531820   0.929776   0.492406   0.688298   0.031404 372133
 23   0.121871   0.678575   0.694734   0.439838   0.824686   0.399103   0.517681   0.039627   0.299175   0.685010   0.719967   0.472829   0.823395   0.432208   0.517912   0.040562   0.299927   0.683712   0.724526   0.479177   0.823909   0.438649   0.513158   0.036846   0.300566   0.682741   0.727395   0.483177   0.825752   0.442709   0.512379   0.035101   0.301051   0.681958   0.729070   0.485511   0.826913   0.445077   0.512035   0.034870   0.302591   0.680575   0.731363   0.488712   0.827030   0.448328   0.511879   0.033864   0.313889   0.675966   0.739762   0.500837   0.826700   0.460713   0.513483   0.029230   0.341007   0.668107   0.751676   0.518348   0.825917   0.478660   0.522309   0.023867   0.376873   0.659975   0.762572   0.534788   0.825528   0.495591   0.536834   0.023855   0.412709   0.653121   0.773946   0.552413   0.825853   0.513834   0.550532   0.028614   0.439109   0.648868   0.783989   0.568356   0.825841   0.530411   0.562837   0.034957   0.446119   0.648418   0.790714   0.579250   0.825492   0.541780   0.574273   0.040793   0.430356   0.651877   0.792974   0.582957   0.824912   0.545659   0.585187   0.044379   0.397716   0.658229   0.790167   0.578386   0.823957   0.540884   0.595847   0.044244   0.357948   0.665952   0.782796   0.566489   0.823172   0.528475   0.607408   0.039956   0.322805   0.673948   0.769524   0.545569   0.823097   0.506752   0.621263   0.032900   0.304834   0.679951   0.754141   0.521888   0.823426   0.482272   0.628642   0.029685   0.301415   0.682037   0.745439   0.508800   0.823997   0.468802   0.626547   0.030118   0.301496   0.682047   0.742253   0.504140   0.824553   0.464031   0.622541   0.029750   0.301613   0.681968   0.739769   0.500555   0.824810   0.460369   0.618658   0.029693   0.301755   0.681876   0.737482   0.497287   0.824957   0.457037   0.615350   0.030221   0.301883   0.681776   0.735453   0.494407   0.824944   0.454105   0.612166   0.030961   0.301973   0.681627   0.733868   0.492168   0.824965   0.451828   0.609072   0.031411   0.302072   0.681415   0.732642   0.490448   0.825330   0.450079   0.606554   0.031622 255435
 24   0.128727   0.688030   0.591593   0.320869   0.626122   0.282272   0.361214   0.058687   0.288080   0.703362   0.624544   0.354891   0.621688   0.315014   0.364076   0.057549   0.288532   0.700940   0.627742   0.358412   0.621957   0.318439   0.357215   0.055978   0.289067   0.699032   0.629276   0.360109   0.623450   0.320092   0.354787   0.055227   0.289521   0.697601   0.629211   0.360027   0.624367   0.320010   0.353348   0.055073   0.296715   0.690232   0.636010   0.367554   0.624337   0.327342   0.353934   0.054472   0.335462   0.668239   0.655121   0.389889   0.623694   0.349312   0.357496   0.058064   0.416091   0.637510   0.677875   0.418160   0.622581   0.377427   0.362532   0.075531   0.514823   0.610764   0.700463   0.447943   0.622002   0.407369   0.367196   0.102490   0.603724   0.594278   0.721778   0.477324   0.622040   0.437151   0.371723   0.127177   0.659096   0.590023   0.737271   0.499499   0.621770   0.459785   0.378795   0.146173   0.662654   0.598220   0.744895   0.510728   0.621371   0.471308   0.389075   0.158922   0.613534   0.617079   0.743475   0.508811   0.620986   0.469372   0.401843   0.164136   0.530608   0.642038   0.733176   0.494094   0.620475   0.454354   0.415282   0.159934   0.437484   0.668341   0.716136   0.470192   0.619975   0.430044   0.426974   0.145357   0.356382   0.691249   0.695939   0.442609   0.619998   0.402128   0.435056   0.119631   0.305164   0.707112   0.674469   0.414339   0.620464   0.373705   0.436843   0.089601   0.288068   0.712061   0.659512   0.395296   0.621078   0.354679   0.432185   0.071806   0.287601   0.709881   0.653391   0.387877   0.621525   0.347333   0.425462   0.066392   0.287446   0.707697   0.649413   0.383174   0.621595   0.342698   0.419073   0.064277   0.287171   0.705894   0.646271   0.379513   0.621717   0.339099   0.412843   0.063979   0.287003   0.704426   0.643207   0.375984   0.621792   0.335637   0.406829   0.063905   0.287000   0.703164   0.639973   0.372277   0.621829   0.332004   0.401369   0.063619   0.287087   0.701948   0.637022   0.368916   0.622169   0.328713   0.396571   0.063382 104032
