timestamp=                2021-11-15T08:46:42.994971
shape=                    (5, 5)
sigma=                    2.5
nepochs=                  2
thresh=                   None
rate=                     0.0075
neighborhood function=    gaussian
init weights=             pca
topology=                 hexagonal
activation distance=      euclidean
output type=              labels
mapfile_prefix=           full2018_5x5_2_0075_3_09
apply classification=     False
seed=                     None
random order=             True
custom init file=         None
order labels by size=     False
decay_function=           3

Quantization Error=       0.34760949
Topographic Error=        0.08889798

############ NEURONS #############
 25 192
  0   0.112917   0.681064   0.764120   0.536603   0.935896   0.497359   0.722787   0.024310   0.297779   0.689932   0.769957   0.545425   0.935454   0.506446   0.732841   0.026105   0.298567   0.688418   0.770759   0.546643   0.936663   0.507701   0.736139   0.026958   0.299112   0.687195   0.771380   0.547594   0.938933   0.508682   0.740012   0.026898   0.299497   0.686274   0.771115   0.547167   0.940369   0.508239   0.743082   0.026599   0.308850   0.683107   0.774723   0.552750   0.940553   0.514013   0.744320   0.025629   0.349023   0.673319   0.787554   0.573135   0.940065   0.535206   0.750924   0.024094   0.427608   0.657626   0.808970   0.608538   0.939108   0.572287   0.767640   0.025053   0.526175   0.641439   0.836295   0.656039   0.938111   0.622518   0.783295   0.030464   0.619758   0.628586   0.864738   0.708161   0.937890   0.678188   0.791367   0.037134   0.674172   0.622263   0.888255   0.753385   0.937649   0.726935   0.793476   0.042202   0.665082   0.624497   0.903768   0.784393   0.936950   0.760604   0.792102   0.046084   0.602390   0.633518   0.910603   0.798432   0.935904   0.775927   0.791388   0.048914   0.513701   0.645812   0.909012   0.795317   0.934500   0.772559   0.794851   0.049942   0.421691   0.658524   0.899551   0.776291   0.933700   0.751874   0.806313   0.047454   0.345885   0.670437   0.879339   0.736475   0.933687   0.708757   0.825090   0.041591   0.307986   0.679974   0.854065   0.688278   0.933981   0.656885   0.831573   0.040931   0.300459   0.684225   0.837474   0.657852   0.934628   0.624384   0.826885   0.043422   0.299972   0.684882   0.828712   0.642368   0.935353   0.607960   0.826222   0.042470   0.299681   0.685279   0.821435   0.629722   0.935775   0.594589   0.826203   0.041030   0.299522   0.685497   0.815157   0.618965   0.935778   0.583247   0.826115   0.039277   0.299460   0.685558   0.809805   0.609908   0.935742   0.573718   0.825862   0.037531   0.299441   0.685490   0.805353   0.602452   0.936055   0.565890   0.825171   0.036295   0.299361   0.685418   0.801392   0.595899   0.936689   0.559025   0.824061   0.035315 288355
  1   0.117364   0.682585   0.711335   0.462007   0.904747   0.421440   0.521051   0.033308   0.295399   0.692841   0.726331   0.482851   0.903617   0.442587   0.524574   0.032995   0.296077   0.691280   0.728594   0.486211   0.904286   0.446035   0.520746   0.031654   0.296511   0.690093   0.729873   0.488091   0.906234   0.447959   0.520602   0.030513   0.296912   0.689034   0.730577   0.489146   0.907384   0.449043   0.521647   0.030081   0.302644   0.686010   0.734886   0.495171   0.907481   0.455169   0.523064   0.028629   0.333382   0.676828   0.748443   0.514839   0.907027   0.475297   0.529957   0.024118   0.402532   0.661097   0.769951   0.547319   0.906010   0.508770   0.546210   0.021812   0.495989   0.643636   0.797397   0.590934   0.905254   0.554144   0.562669   0.027070   0.592794   0.628637   0.827759   0.642101   0.905182   0.607957   0.571912   0.036249   0.665743   0.619256   0.854370   0.689518   0.904811   0.658346   0.576176   0.046308   0.683161   0.618583   0.873138   0.724531   0.904075   0.695875   0.579104   0.055766   0.637537   0.626428   0.882646   0.742806   0.903086   0.715573   0.583202   0.062600   0.547010   0.640087   0.882420   0.742419   0.901826   0.715167   0.590606   0.064810   0.441728   0.655307   0.873483   0.725289   0.901081   0.696713   0.606238   0.059534   0.353623   0.669527   0.852371   0.686007   0.901186   0.654631   0.631402   0.047111   0.307546   0.681854   0.822400   0.632444   0.901700   0.597678   0.645613   0.041010   0.297413   0.687491   0.802428   0.598137   0.902558   0.561474   0.643949   0.041702   0.297468   0.687753   0.793971   0.584236   0.903419   0.546925   0.641387   0.040474   0.297687   0.687711   0.787311   0.573471   0.903866   0.535694   0.639604   0.039256   0.297987   0.687505   0.781848   0.564789   0.904036   0.526666   0.638004   0.038412   0.298225   0.687275   0.777115   0.557373   0.904084   0.518974   0.636284   0.037572   0.298454   0.686955   0.773105   0.551146   0.904257   0.512526   0.634726   0.036682   0.298727   0.686513   0.769877   0.546173   0.904728   0.507384   0.633117   0.035806 110997
  2   0.134881   0.691747   0.535921   0.266447   0.503550   0.230369   0.305721   0.071581   0.283756   0.711167   0.564187   0.292088   0.502584   0.254495   0.307692   0.077938   0.283087   0.709111   0.566136   0.293992   0.502772   0.256310   0.301748   0.080582   0.283078   0.707139   0.566588   0.294480   0.504092   0.256783   0.298349   0.083087   0.282892   0.705821   0.565679   0.293625   0.504870   0.255974   0.295506   0.086042   0.293523   0.694724   0.572775   0.300449   0.504751   0.262459   0.295384   0.088119   0.347720   0.659649   0.593733   0.321789   0.504033   0.282948   0.298607   0.097450   0.453082   0.610785   0.618939   0.349151   0.502876   0.309518   0.301835   0.125367   0.573631   0.569205   0.643192   0.377098   0.502299   0.336947   0.304029   0.158972   0.675774   0.544591   0.664930   0.403386   0.502367   0.362975   0.306579   0.183291   0.739372   0.539359   0.680746   0.423375   0.502159   0.382925   0.311366   0.200630   0.748726   0.553140   0.689197   0.434467   0.501811   0.394072   0.319033   0.212170   0.700865   0.582706   0.689066   0.434537   0.501432   0.394186   0.328868   0.217105   0.609584   0.621863   0.680093   0.423199   0.500930   0.382871   0.339056   0.214087   0.495745   0.664264   0.663640   0.402656   0.500469   0.362409   0.347627   0.201099   0.386260   0.702319   0.642319   0.376767   0.500510   0.336751   0.352671   0.174055   0.306291   0.730324   0.617116   0.347528   0.500998   0.308009   0.351835   0.134728   0.274783   0.739329   0.598144   0.326434   0.501640   0.287431   0.344783   0.110061   0.273622   0.734445   0.589971   0.317820   0.502085   0.279110   0.336284   0.105604   0.273579   0.729777   0.584737   0.312439   0.502120   0.273937   0.329019   0.105117   0.273308   0.726044   0.580514   0.308178   0.502202   0.269853   0.322200   0.106289   0.273204   0.723031   0.576513   0.304189   0.502271   0.266038   0.316223   0.106566   0.273290   0.720575   0.572553   0.300283   0.502307   0.262309   0.310967   0.106283   0.273491   0.718268   0.569052   0.296877   0.502598   0.259066   0.306184   0.106282 105541
  3   0.145245   0.684937   0.422440   0.176439   0.268705   0.147520   0.220637   0.201220   0.271072   0.697036   0.408686   0.167064   0.270255   0.139116   0.211834   0.327477   0.270352   0.694234   0.410343   0.168196   0.270536   0.140132   0.212584   0.347232   0.269964   0.691935   0.411394   0.168933   0.271699   0.140796   0.213389   0.359355   0.269447   0.690308   0.411475   0.169024   0.272355   0.140883   0.214098   0.372904   0.283844   0.684134   0.413626   0.170489   0.272253   0.142197   0.214557   0.383262   0.348484   0.661945   0.423060   0.177017   0.271693   0.148065   0.216756   0.380642   0.463334   0.627051   0.438426   0.188045   0.270828   0.158043   0.219763   0.382833   0.585355   0.594524   0.454951   0.200421   0.270645   0.169322   0.222219   0.393129   0.684868   0.570755   0.470271   0.212319   0.271145   0.180234   0.224646   0.390615   0.748255   0.558862   0.482231   0.221915   0.271360   0.189085   0.226633   0.383667   0.762867   0.562358   0.489360   0.227776   0.271345   0.194513   0.228404   0.378145   0.726057   0.580992   0.490737   0.228928   0.271139   0.195584   0.229941   0.373821   0.646835   0.610678   0.486024   0.225029   0.270659   0.191969   0.230757   0.367799   0.536081   0.648481   0.475472   0.216453   0.270089   0.184042   0.230264   0.362749   0.413806   0.689508   0.459286   0.203741   0.269832   0.172360   0.228311   0.364067   0.307701   0.725394   0.439009   0.188459   0.269885   0.158416   0.224681   0.372645   0.257945   0.739333   0.424671   0.178037   0.270177   0.148967   0.220240   0.385762   0.253886   0.734191   0.419194   0.174268   0.270441   0.145581   0.216631   0.395903   0.253968   0.727752   0.415648   0.171886   0.270417   0.143451   0.213961   0.405118   0.254089   0.722171   0.412622   0.169881   0.270461   0.141662   0.211856   0.412960   0.254005   0.717561   0.409914   0.168098   0.270504   0.140072   0.209855   0.414111   0.253908   0.713633   0.407641   0.166608   0.270518   0.138745   0.207839   0.412417   0.253890   0.710146   0.405832   0.165436   0.270743   0.137703   0.206115   0.412358 118633
  4   0.155637   0.685622   0.370897   0.142215   0.200263   0.116978   0.199009   0.097225   0.287058   0.698271   0.352488   0.130705   0.199794   0.106813   0.190539   0.133799   0.288106   0.695798   0.354026   0.131541   0.200204   0.107534   0.191801   0.140842   0.288630   0.694250   0.354509   0.131802   0.201430   0.107758   0.192815   0.146980   0.288913   0.693160   0.354260   0.131653   0.202172   0.107628   0.193389   0.153572   0.298173   0.685006   0.357652   0.133611   0.202160   0.109334   0.194563   0.158977   0.341070   0.658863   0.367720   0.139645   0.201670   0.114623   0.196731   0.169015   0.421701   0.621429   0.380513   0.147622   0.200862   0.121662   0.199287   0.187455   0.512816   0.587722   0.393476   0.155967   0.200640   0.129066   0.202485   0.202493   0.592185   0.563588   0.405933   0.164223   0.201079   0.136427   0.205945   0.206916   0.642296   0.554324   0.415945   0.171039   0.201282   0.142533   0.209332   0.208184   0.649270   0.563146   0.421887   0.175171   0.201250   0.146248   0.212757   0.209392   0.612128   0.587252   0.422984   0.175945   0.201018   0.146946   0.215729   0.208799   0.542417   0.620712   0.419025   0.173173   0.200503   0.144451   0.217452   0.203255   0.455882   0.658346   0.410714   0.167428   0.199952   0.139292   0.217375   0.194650   0.370442   0.694692   0.398555   0.159242   0.199779   0.131974   0.215712   0.186551   0.307034   0.721670   0.383903   0.149715   0.199904   0.123506   0.212756   0.176429   0.281241   0.730749   0.372710   0.142683   0.200216   0.117292   0.208981   0.170005   0.279076   0.727611   0.366795   0.139109   0.200485   0.114155   0.205296   0.169585   0.278805   0.723831   0.362330   0.136466   0.200483   0.111842   0.202273   0.172240   0.278983   0.720338   0.358352   0.134146   0.200506   0.109817   0.199928   0.174963   0.278838   0.717522   0.354766   0.132075   0.200496   0.108013   0.197573   0.173416   0.278320   0.715350   0.351657   0.130295   0.200475   0.106465   0.194912   0.171021   0.277934   0.713348   0.349145   0.128872   0.200680   0.105229   0.192409   0.171058 219145
  5   0.114695   0.679545   0.762995   0.534825   0.938704   0.495513   0.756004   0.021658   0.300262   0.687115   0.770854   0.546717   0.938157   0.507764   0.765104   0.021611   0.300723   0.685911   0.771965   0.548412   0.939170   0.509513   0.769412   0.022243   0.301119   0.684829   0.772992   0.549992   0.941436   0.511145   0.774174   0.022618   0.301451   0.684010   0.773023   0.550028   0.942825   0.511180   0.777562   0.023081   0.305277   0.682326   0.774325   0.552021   0.943081   0.513238   0.778427   0.023158   0.325543   0.676811   0.781202   0.562824   0.942738   0.524444   0.780298   0.022816   0.366506   0.667427   0.793621   0.582786   0.941868   0.545241   0.789530   0.022846   0.415088   0.657848   0.809368   0.608892   0.941023   0.572597   0.801942   0.025390   0.458082   0.650422   0.826695   0.638548   0.941100   0.603860   0.811430   0.029736   0.485650   0.646100   0.842269   0.666042   0.941183   0.633013   0.817767   0.033385   0.488991   0.645719   0.853806   0.686955   0.940760   0.655299   0.821718   0.035883   0.466047   0.649311   0.860222   0.698791   0.939918   0.667953   0.824344   0.037201   0.424349   0.655675   0.861163   0.700551   0.938638   0.669839   0.827213   0.036907   0.373578   0.662967   0.857166   0.693148   0.937868   0.661918   0.835767   0.033038   0.328762   0.670808   0.844651   0.670384   0.937820   0.637644   0.850267   0.027987   0.307228   0.677196   0.828274   0.641173   0.938055   0.606610   0.855799   0.029143   0.303696   0.679691   0.818234   0.623729   0.938649   0.588170   0.852083   0.032865   0.303292   0.680221   0.812645   0.614249   0.939310   0.578194   0.849715   0.033439   0.303009   0.680568   0.807880   0.606262   0.939629   0.569808   0.848104   0.032971   0.302815   0.680778   0.803704   0.599326   0.939547   0.562537   0.846775   0.031969   0.302668   0.680899   0.800086   0.593364   0.939474   0.556297   0.845522   0.030972   0.302566   0.680942   0.797028   0.588363   0.939738   0.551069   0.844070   0.030360   0.302473   0.680950   0.794349   0.584015   0.940299   0.546532   0.842400   0.030021 661547
  6   0.115420   0.680648   0.741717   0.503649   0.933948   0.463582   0.676024   0.025812   0.298090   0.689196   0.751948   0.518375   0.933208   0.478615   0.683469   0.025369   0.298661   0.687803   0.753355   0.520414   0.934100   0.480699   0.684794   0.025188   0.299016   0.686663   0.754480   0.522062   0.936202   0.482386   0.687203   0.024746   0.299276   0.685820   0.754603   0.522236   0.937445   0.482564   0.688634   0.024634   0.304058   0.684036   0.756191   0.524568   0.937553   0.484953   0.688240   0.024162   0.329262   0.677921   0.763734   0.535974   0.937106   0.496703   0.689563   0.023059   0.382730   0.666546   0.777792   0.557813   0.936185   0.519313   0.698694   0.023087   0.452994   0.653502   0.797353   0.589385   0.935451   0.552236   0.711499   0.026810   0.523404   0.642258   0.820286   0.628006   0.935513   0.592831   0.720582   0.032969   0.574611   0.635192   0.841439   0.665165   0.935396   0.632201   0.725634   0.038895   0.587159   0.634201   0.857256   0.693963   0.934847   0.662919   0.728593   0.043559   0.554919   0.639319   0.866184   0.710622   0.933968   0.680771   0.731347   0.046417   0.489929   0.648723   0.867830   0.713738   0.932744   0.684120   0.735837   0.046862   0.411710   0.659771   0.862458   0.703651   0.931950   0.673298   0.745389   0.043108   0.344174   0.670449   0.847671   0.676436   0.931859   0.644210   0.760322   0.036045   0.308493   0.679144   0.826720   0.638960   0.932126   0.604369   0.767017   0.035099   0.300219   0.683029   0.812159   0.613704   0.932755   0.577676   0.764099   0.038651   0.299841   0.683509   0.804907   0.601563   0.933440   0.564929   0.762256   0.039073   0.299670   0.683772   0.798818   0.591524   0.933786   0.554420   0.761336   0.038357   0.299601   0.683898   0.793525   0.582905   0.933864   0.545418   0.760701   0.037234   0.299636   0.683882   0.789030   0.575654   0.933909   0.537857   0.760120   0.035993   0.299674   0.683822   0.785192   0.569522   0.934152   0.531475   0.759285   0.034896   0.299660   0.683756   0.781839   0.564226   0.934666   0.525975   0.758097   0.033987 327454
  7   0.125979   0.678474   0.650078   0.384725   0.752408   0.344352   0.448899   0.041038   0.298044   0.685048   0.674504   0.413199   0.750576   0.372346   0.455784   0.040275   0.298693   0.684012   0.678031   0.417587   0.751032   0.376708   0.453131   0.036117   0.299328   0.683015   0.681338   0.421692   0.752760   0.380788   0.452499   0.033547   0.299870   0.682148   0.683663   0.424585   0.753831   0.383664   0.451704   0.032455   0.301452   0.680516   0.686763   0.428493   0.753911   0.387559   0.451128   0.031416   0.313075   0.674977   0.696358   0.441072   0.753542   0.400185   0.451503   0.027442   0.341442   0.665952   0.709293   0.458393   0.752739   0.417637   0.457309   0.023922   0.379625   0.657016   0.721000   0.474559   0.752392   0.434018   0.467918   0.026425   0.418295   0.649536   0.733500   0.492362   0.752709   0.452163   0.477786   0.032917   0.446825   0.644928   0.744920   0.509122   0.752657   0.469342   0.486783   0.040151   0.452824   0.644758   0.752965   0.521242   0.752300   0.481825   0.495695   0.046415   0.434302   0.648989   0.756144   0.526123   0.751752   0.486870   0.505038   0.050569   0.399699   0.656228   0.753611   0.522303   0.750867   0.482935   0.514763   0.051292   0.358768   0.664919   0.745836   0.510629   0.750073   0.470918   0.525141   0.047198   0.323095   0.673688   0.732348   0.490872   0.749943   0.450674   0.537219   0.038701   0.304398   0.680216   0.716673   0.468504   0.750258   0.427869   0.543363   0.034005   0.300515   0.682546   0.707506   0.455732   0.750823   0.414907   0.541184   0.033975   0.300616   0.682560   0.704112   0.451140   0.751361   0.410271   0.537942   0.033024   0.300741   0.682484   0.701326   0.447416   0.751599   0.406520   0.535313   0.032248   0.300849   0.682400   0.698807   0.444090   0.751785   0.403178   0.533225   0.032004   0.300919   0.682323   0.696499   0.441064   0.751823   0.400140   0.531144   0.031982   0.300964   0.682226   0.694541   0.438506   0.751842   0.397574   0.528964   0.031940   0.301031   0.682064   0.693014   0.436521   0.752180   0.395585   0.527016   0.031838 229963
  8   0.143669   0.688605   0.460721   0.203369   0.359745   0.171787   0.253033   0.074062   0.283446   0.705315   0.469128   0.209295   0.359562   0.177121   0.246938   0.087040   0.282740   0.704149   0.469568   0.209648   0.359921   0.177446   0.243864   0.089706   0.282447   0.702789   0.469787   0.209835   0.361226   0.177620   0.241504   0.093001   0.282099   0.701525   0.469424   0.209589   0.361993   0.177401   0.239373   0.098177   0.294062   0.689955   0.477327   0.215612   0.361906   0.182899   0.240626   0.102903   0.350704   0.656397   0.497617   0.231901   0.361275   0.197903   0.245054   0.112764   0.456934   0.612245   0.520528   0.251590   0.360278   0.216251   0.248296   0.138847   0.576479   0.574536   0.541827   0.270970   0.359876   0.234492   0.250836   0.167699   0.678370   0.548857   0.560449   0.288646   0.360129   0.251253   0.254316   0.181593   0.742547   0.539180   0.574399   0.302399   0.360112   0.264381   0.259067   0.187543   0.751555   0.549081   0.582291   0.310456   0.359896   0.272121   0.265216   0.191715   0.702555   0.576436   0.582787   0.311114   0.359558   0.272778   0.272444   0.193193   0.610657   0.614283   0.575580   0.303952   0.359031   0.265931   0.279145   0.189375   0.497583   0.655858   0.562063   0.290593   0.358524   0.253172   0.283416   0.179481   0.387867   0.694584   0.543798   0.273047   0.358469   0.236496   0.284595   0.160528   0.305510   0.725226   0.519849   0.251246   0.358787   0.215971   0.282007   0.132216   0.271819   0.737285   0.500765   0.234658   0.359274   0.200480   0.275010   0.115898   0.269932   0.734062   0.492461   0.227803   0.359643   0.194136   0.267439   0.114945   0.270022   0.729794   0.487124   0.223482   0.359665   0.190150   0.261742   0.116741   0.270210   0.725943   0.482687   0.219964   0.359722   0.186916   0.256944   0.119664   0.270497   0.722632   0.478546   0.216723   0.359757   0.183944   0.252868   0.120149   0.270668   0.719904   0.474652   0.213702   0.359768   0.181177   0.248993   0.119340   0.270738   0.717422   0.471435   0.211248   0.360017   0.178936   0.245204   0.119652 216760
  9   0.153979   0.679949   0.412758   0.168366   0.265140   0.140065   0.235726   0.054342   0.296005   0.687756   0.407188   0.164208   0.264616   0.136287   0.230168   0.065192   0.296776   0.686578   0.408030   0.164721   0.265046   0.136737   0.231561   0.067729   0.297127   0.685864   0.408056   0.164725   0.266365   0.136739   0.232674   0.069896   0.297296   0.685326   0.407726   0.164501   0.267192   0.136539   0.233280   0.072186   0.301584   0.681019   0.409634   0.165760   0.267190   0.137659   0.234216   0.074214   0.326785   0.664829   0.416682   0.170548   0.266684   0.141944   0.236425   0.077836   0.379176   0.639749   0.426356   0.177292   0.265842   0.148007   0.240563   0.088220   0.440203   0.617233   0.436512   0.184545   0.265534   0.154553   0.246409   0.101896   0.491716   0.602456   0.446639   0.191927   0.265911   0.161239   0.252851   0.111321   0.520521   0.598588   0.454584   0.197835   0.266086   0.166608   0.259048   0.118120   0.519262   0.606319   0.458810   0.201041   0.266012   0.169532   0.264322   0.122855   0.490933   0.622525   0.458948   0.201159   0.265738   0.169642   0.267966   0.123699   0.444573   0.643196   0.455195   0.198304   0.265186   0.167037   0.269451   0.118851   0.390325   0.665362   0.448365   0.193158   0.264619   0.162350   0.268740   0.109622   0.339607   0.686179   0.439292   0.186460   0.264485   0.156270   0.266177   0.098818   0.306368   0.700327   0.429566   0.179455   0.264683   0.149939   0.262195   0.088974   0.295199   0.704350   0.422967   0.174812   0.265060   0.145759   0.257868   0.084268   0.294418   0.702879   0.419684   0.172563   0.265382   0.143744   0.254154   0.083683   0.294169   0.701325   0.416959   0.170718   0.265420   0.142093   0.251180   0.085431   0.294046   0.699901   0.414397   0.169000   0.265459   0.140560   0.248678   0.087367   0.293779   0.698686   0.411992   0.167408   0.265454   0.139140   0.246112   0.086832   0.293273   0.697796   0.409809   0.165976   0.265448   0.137867   0.243369   0.085772   0.292831   0.696991   0.407939   0.164761   0.265679   0.136787   0.240678   0.085858 351169
 10   0.116515   0.678466   0.754004   0.521181   0.942543   0.481450   0.770373   0.019058   0.301702   0.685075   0.762964   0.534512   0.941968   0.495139   0.777256   0.017826   0.302039   0.684065   0.764379   0.536648   0.942855   0.497339   0.781205   0.018507   0.302377   0.683128   0.765630   0.538546   0.944997   0.499295   0.785677   0.019104   0.302664   0.682429   0.765890   0.538938   0.946373   0.499698   0.788679   0.019783   0.303684   0.681647   0.765891   0.538928   0.946685   0.499686   0.789995   0.020132   0.312503   0.678914   0.768629   0.543119   0.946414   0.504013   0.789739   0.020588   0.334000   0.673260   0.775189   0.553295   0.945599   0.514543   0.793078   0.020771   0.361771   0.666706   0.784446   0.567920   0.944851   0.529730   0.801411   0.021928   0.387658   0.661194   0.795642   0.585981   0.945100   0.548559   0.809450   0.024723   0.404625   0.657751   0.806258   0.603469   0.945338   0.566861   0.815140   0.027157   0.407219   0.656978   0.814358   0.617069   0.945082   0.581144   0.818657   0.028498   0.394578   0.658892   0.819118   0.625163   0.944453   0.589666   0.820688   0.028767   0.370468   0.662927   0.820045   0.626753   0.943374   0.591342   0.822692   0.027833   0.341103   0.667800   0.817519   0.622446   0.942678   0.586806   0.829815   0.024060   0.316350   0.673160   0.808941   0.607988   0.942596   0.571610   0.843335   0.020510   0.305623   0.677087   0.798719   0.590938   0.942755   0.553725   0.849125   0.022082   0.304329   0.678282   0.793183   0.581866   0.943260   0.544239   0.845804   0.024905   0.304130   0.678596   0.789691   0.576227   0.943841   0.538360   0.843253   0.025725   0.303958   0.678840   0.786531   0.571167   0.944080   0.533092   0.841032   0.025784   0.303825   0.679015   0.783618   0.566533   0.943941   0.528275   0.839018   0.025411   0.303735   0.679118   0.781062   0.562493   0.943818   0.524079   0.837286   0.024858   0.303692   0.679143   0.778951   0.559175   0.944007   0.520637   0.835683   0.024432   0.303684   0.679116   0.777185   0.556414   0.944480   0.517775   0.834155   0.024277 1035108
 11   0.117847   0.679388   0.738931   0.499429   0.934295   0.459235   0.703609   0.022164   0.300945   0.686838   0.749307   0.514298   0.933555   0.474401   0.710790   0.021198   0.301308   0.685665   0.750916   0.516631   0.934346   0.476785   0.713657   0.021345   0.301652   0.684578   0.752428   0.518846   0.936391   0.479053   0.717402   0.021028   0.301943   0.683762   0.752954   0.519611   0.937639   0.479836   0.720086   0.021081   0.303455   0.682771   0.753473   0.520359   0.937810   0.480599   0.720785   0.021066   0.315880   0.679176   0.757735   0.526724   0.937491   0.487140   0.720456   0.020665   0.344980   0.671785   0.767001   0.540804   0.936666   0.501657   0.725522   0.019975   0.381592   0.663265   0.779931   0.560948   0.936008   0.522522   0.736330   0.020779   0.416050   0.656097   0.795281   0.585558   0.936297   0.548149   0.746100   0.023638   0.439952   0.651563   0.809717   0.609383   0.936429   0.573093   0.752842   0.026758   0.446023   0.650409   0.820882   0.628289   0.936081   0.592982   0.757459   0.029210   0.432084   0.652694   0.827738   0.640110   0.935368   0.605461   0.760747   0.030665   0.401367   0.657775   0.829731   0.643580   0.934218   0.609130   0.763965   0.030514   0.361670   0.664010   0.827386   0.639502   0.933429   0.604818   0.771600   0.027306   0.325668   0.670775   0.817822   0.623106   0.933318   0.587530   0.785031   0.023153   0.307418   0.676511   0.803814   0.599466   0.933511   0.562677   0.792905   0.024721   0.303995   0.678921   0.794631   0.584278   0.934041   0.546769   0.791817   0.028860   0.303668   0.679414   0.789807   0.576483   0.934648   0.538640   0.789638   0.030008   0.303427   0.679750   0.785671   0.569871   0.934945   0.531759   0.787933   0.030034   0.303242   0.679987   0.782008   0.564071   0.934970   0.525734   0.786467   0.029555   0.303112   0.680145   0.778807   0.559040   0.934964   0.520515   0.785131   0.028982   0.303051   0.680210   0.776119   0.554843   0.935169   0.516166   0.783677   0.028519   0.303010   0.680221   0.773835   0.551298   0.935647   0.512497   0.782227   0.028037 784149
 12   0.124843   0.677737   0.674091   0.413086   0.777281   0.372299   0.579160   0.030871   0.300992   0.683927   0.689736   0.432114   0.776136   0.391143   0.587151   0.032172   0.301499   0.683454   0.689639   0.432030   0.776734   0.391067   0.586585   0.029922   0.301941   0.682890   0.689831   0.432302   0.778502   0.391344   0.587923   0.028964   0.302242   0.682449   0.689448   0.431818   0.779613   0.390862   0.588392   0.028639   0.303152   0.681779   0.688998   0.431246   0.779641   0.390290   0.587988   0.028230   0.312208   0.678514   0.691366   0.434406   0.779067   0.393471   0.587923   0.026928   0.336673   0.671664   0.696483   0.441199   0.778043   0.400305   0.593026   0.026336   0.370316   0.664137   0.702366   0.449040   0.777597   0.408198   0.604029   0.029792   0.401426   0.658388   0.708662   0.457531   0.777968   0.416764   0.615754   0.035714   0.422144   0.655152   0.714343   0.465290   0.778053   0.424611   0.625641   0.040887   0.425756   0.655091   0.718439   0.470938   0.777819   0.430333   0.633056   0.044283   0.409940   0.658426   0.719736   0.472733   0.777376   0.432153   0.637917   0.045015   0.380670   0.664281   0.717621   0.469791   0.776644   0.429168   0.640268   0.042297   0.347091   0.671282   0.712761   0.463072   0.775941   0.422358   0.640835   0.036413   0.318947   0.677911   0.705937   0.453709   0.775817   0.412883   0.641489   0.029963   0.304828   0.681952   0.699317   0.444703   0.776131   0.403783   0.639955   0.027014   0.302186   0.682825   0.695970   0.440194   0.776656   0.399236   0.635404   0.026717   0.302273   0.682505   0.694923   0.438807   0.777100   0.397841   0.630967   0.026371   0.302379   0.682179   0.693993   0.437588   0.777185   0.396617   0.627076   0.026300   0.302479   0.681914   0.692976   0.436262   0.777254   0.395288   0.623629   0.026691   0.302580   0.681713   0.691866   0.434825   0.777274   0.393849   0.620189   0.027297   0.302655   0.681521   0.690799   0.433453   0.777307   0.392478   0.616818   0.027743   0.302729   0.681280   0.690009   0.432442   0.777633   0.391467   0.613872   0.027968 317173
 13   0.142145   0.679486   0.521879   0.252912   0.466632   0.217507   0.334766   0.039012   0.297680   0.687202   0.534991   0.263561   0.465604   0.227323   0.336710   0.043341   0.298228   0.686452   0.535151   0.263669   0.466073   0.227418   0.336428   0.041370   0.298525   0.685747   0.535219   0.263717   0.467531   0.227461   0.336265   0.041084   0.298693   0.685204   0.534995   0.263511   0.468445   0.227267   0.335925   0.041622   0.301695   0.682062   0.537033   0.265335   0.468437   0.228978   0.336644   0.042117   0.322852   0.670305   0.544532   0.272278   0.467875   0.235529   0.339574   0.041959   0.370148   0.651559   0.553484   0.280784   0.466934   0.243590   0.346518   0.046295   0.426446   0.634316   0.561872   0.288965   0.466554   0.251380   0.356929   0.056681   0.471027   0.623680   0.570110   0.297148   0.466888   0.259197   0.367713   0.067652   0.491897   0.621411   0.576027   0.303140   0.466988   0.264942   0.377559   0.076524   0.484914   0.627460   0.578685   0.305890   0.466841   0.267589   0.385724   0.082220   0.455231   0.639549   0.577632   0.304835   0.466511   0.266579   0.391648   0.083403   0.413139   0.654355   0.573001   0.300117   0.465924   0.262052   0.394799   0.078980   0.367923   0.669529   0.565817   0.292876   0.465325   0.255117   0.395044   0.069559   0.329021   0.682923   0.557572   0.284726   0.465199   0.247337   0.392645   0.057900   0.305749   0.691457   0.550053   0.277451   0.465455   0.240420   0.387748   0.049185   0.298677   0.693706   0.545694   0.273312   0.465894   0.236497   0.381561   0.046020   0.298082   0.692991   0.543795   0.271561   0.466259   0.234846   0.375853   0.045781   0.297619   0.692350   0.542113   0.270031   0.466304   0.233407   0.370843   0.046685   0.297176   0.691811   0.540562   0.268632   0.466357   0.232093   0.366265   0.047928   0.296872   0.691292   0.539054   0.267272   0.466368   0.230815   0.362101   0.048564   0.296656   0.690794   0.537593   0.265955   0.466374   0.229578   0.358307   0.048815   0.296422   0.690353   0.536296   0.264798   0.466642   0.228494   0.354769   0.049104 364460
 14   0.148586   0.678994   0.468320   0.208428   0.368163   0.176294   0.286189   0.046097   0.298106   0.686166   0.475156   0.213093   0.367582   0.180464   0.285144   0.052365   0.298576   0.685356   0.475553   0.213354   0.368004   0.180695   0.285483   0.052795   0.298805   0.684650   0.475966   0.213654   0.369384   0.180966   0.285833   0.053747   0.298964   0.684067   0.476074   0.213736   0.370252   0.181041   0.285989   0.055502   0.301912   0.681128   0.477848   0.215125   0.370231   0.182314   0.286698   0.057000   0.322173   0.669469   0.484207   0.220244   0.369695   0.187028   0.289173   0.058257   0.367089   0.650232   0.493026   0.227515   0.368811   0.193752   0.294577   0.064989   0.420206   0.632458   0.502390   0.235420   0.368463   0.201092   0.302181   0.077439   0.463455   0.621188   0.511662   0.243390   0.368806   0.208518   0.310249   0.089031   0.485931   0.618229   0.518835   0.249681   0.368937   0.214399   0.317587   0.098097   0.482983   0.623686   0.522727   0.253177   0.368817   0.217682   0.323380   0.104208   0.458316   0.635455   0.522752   0.253235   0.368501   0.217742   0.327345   0.106134   0.419279   0.650709   0.518926   0.249837   0.367929   0.214558   0.329017   0.101902   0.373920   0.667185   0.512088   0.243802   0.367347   0.208910   0.328294   0.092027   0.332365   0.682553   0.503409   0.236283   0.367218   0.201896   0.325573   0.079574   0.306133   0.692915   0.494596   0.228819   0.367456   0.194960   0.321042   0.069656   0.297856   0.695841   0.489030   0.224191   0.367880   0.190673   0.315888   0.065869   0.297362   0.694898   0.486574   0.222190   0.368239   0.188827   0.311561   0.065507   0.297075   0.693995   0.484461   0.220493   0.368295   0.187265   0.307960   0.066609   0.296800   0.693201   0.482542   0.218965   0.368350   0.185860   0.304796   0.068021   0.296597   0.692411   0.480842   0.217619   0.368362   0.184623   0.301921   0.068160   0.296356   0.691742   0.479253   0.216371   0.368370   0.183479   0.299129   0.067781   0.296122   0.691105   0.477985   0.215382   0.368623   0.182573   0.296482   0.067967 383832
 15   0.118468   0.677978   0.738539   0.498525   0.939993   0.458248   0.746998   0.018702   0.301988   0.684164   0.747564   0.511506   0.939294   0.471496   0.752440   0.017475   0.302350   0.683251   0.749080   0.513717   0.940085   0.473758   0.755430   0.018393   0.302710   0.682374   0.750498   0.515796   0.942120   0.475888   0.759158   0.019007   0.302995   0.681741   0.750896   0.516378   0.943412   0.476483   0.761838   0.019492   0.303490   0.681224   0.750614   0.515949   0.943663   0.476041   0.763245   0.019680   0.309489   0.679304   0.752203   0.518289   0.943402   0.478440   0.762657   0.020224   0.325879   0.674836   0.757061   0.525541   0.942625   0.485891   0.764796   0.020664   0.348007   0.669328   0.764449   0.536732   0.941969   0.497421   0.772529   0.021507   0.369066   0.664535   0.773789   0.551136   0.942322   0.512312   0.780820   0.023750   0.383533   0.661397   0.782895   0.565440   0.942626   0.527149   0.786825   0.025906   0.386071   0.660583   0.789929   0.576677   0.942457   0.538842   0.790604   0.026961   0.375704   0.662128   0.794070   0.583366   0.941909   0.545817   0.792782   0.027008   0.356011   0.665483   0.794772   0.584512   0.940899   0.547014   0.794731   0.026066   0.332537   0.669579   0.792416   0.580703   0.940222   0.543042   0.801174   0.022841   0.313290   0.674054   0.785036   0.568874   0.940141   0.530726   0.812463   0.020473   0.305137   0.677242   0.776564   0.555417   0.940291   0.516737   0.815796   0.022664   0.304230   0.678157   0.772073   0.548396   0.940754   0.509461   0.811562   0.025210   0.304094   0.678396   0.769174   0.543921   0.941292   0.504834   0.808764   0.025722   0.303984   0.678572   0.766585   0.539950   0.941517   0.500733   0.806406   0.025598   0.303901   0.678721   0.764163   0.536258   0.941424   0.496925   0.804127   0.025352   0.303848   0.678827   0.762005   0.532986   0.941311   0.493553   0.801884   0.025183   0.303821   0.678862   0.760230   0.530307   0.941459   0.490795   0.799960   0.024841   0.303834   0.678829   0.758811   0.528174   0.941899   0.488600   0.798257   0.024608 1284239
 16   0.120039   0.679064   0.721127   0.474172   0.931073   0.433520   0.679585   0.023791   0.301364   0.686257   0.732611   0.490031   0.930167   0.449586   0.683837   0.021734   0.301672   0.685194   0.734297   0.492401   0.930818   0.451994   0.684109   0.021488   0.301970   0.684173   0.735931   0.494721   0.932671   0.454356   0.685781   0.020759   0.302214   0.683406   0.736611   0.495689   0.933771   0.455343   0.687062   0.020296   0.302855   0.682738   0.736675   0.495771   0.933848   0.455425   0.687266   0.020021   0.310203   0.680485   0.738932   0.499019   0.933480   0.458739   0.685613   0.019764   0.329856   0.675109   0.745019   0.507873   0.932675   0.467794   0.686877   0.019246   0.355887   0.668277   0.754202   0.521451   0.932177   0.481722   0.694233   0.019880   0.380377   0.662278   0.765600   0.538663   0.932582   0.499447   0.702763   0.022265   0.397821   0.658232   0.776804   0.555964   0.932770   0.517337   0.709229   0.024698   0.402464   0.656934   0.785802   0.570154   0.932517   0.532068   0.713703   0.026196   0.392187   0.658564   0.791447   0.579191   0.931934   0.541476   0.717141   0.026674   0.369915   0.662562   0.793059   0.581796   0.930929   0.544192   0.720721   0.025817   0.341694   0.667639   0.791010   0.578500   0.930195   0.540758   0.727908   0.022544   0.317120   0.673207   0.782967   0.565687   0.930096   0.527432   0.740091   0.019747   0.305580   0.677405   0.772699   0.549489   0.930321   0.510616   0.746363   0.021865   0.303825   0.678795   0.766872   0.540442   0.930855   0.501252   0.744125   0.025244   0.303705   0.679063   0.763574   0.535407   0.931407   0.496056   0.741535   0.026411   0.303604   0.679265   0.760630   0.530946   0.931632   0.491460   0.739560   0.026736   0.303521   0.679429   0.757924   0.526875   0.931662   0.487271   0.737899   0.026753   0.303467   0.679559   0.755467   0.523204   0.931639   0.483497   0.736329   0.026728   0.303445   0.679639   0.753312   0.520003   0.931764   0.480212   0.734904   0.026634   0.303438   0.679668   0.751453   0.517256   0.932177   0.477394   0.733700   0.026567 747219
 17   0.122064   0.679407   0.698509   0.443797   0.926629   0.402900   0.582494   0.024577   0.300689   0.687000   0.710764   0.459848   0.925515   0.419006   0.585491   0.023741   0.300987   0.686062   0.712012   0.461505   0.926035   0.420672   0.583395   0.023410   0.301280   0.685145   0.713249   0.463172   0.927711   0.422354   0.583663   0.022474   0.301529   0.684440   0.713631   0.463686   0.928738   0.422872   0.584357   0.022171   0.302100   0.683886   0.713356   0.463304   0.928871   0.422485   0.584604   0.022172   0.309021   0.681994   0.715429   0.466156   0.928598   0.425372   0.583767   0.021681   0.327490   0.677201   0.721607   0.474716   0.927911   0.434049   0.585619   0.020371   0.352127   0.670800   0.730674   0.487469   0.927560   0.447012   0.593906   0.020239   0.375631   0.664890   0.741781   0.503450   0.928004   0.463323   0.604985   0.021855   0.392611   0.660688   0.753082   0.520111   0.928190   0.480406   0.614287   0.023666   0.397931   0.659043   0.762462   0.534257   0.927967   0.494972   0.621249   0.024962   0.389156   0.660244   0.768362   0.543313   0.927377   0.504328   0.627318   0.025425   0.368194   0.663812   0.769952   0.545801   0.926320   0.506907   0.633917   0.024486   0.340836   0.668488   0.767665   0.542308   0.925522   0.503302   0.643256   0.021368   0.316607   0.673987   0.758900   0.528977   0.925345   0.489554   0.654875   0.019326   0.304905   0.678435   0.747800   0.512252   0.925514   0.472336   0.660315   0.021946   0.302986   0.679962   0.741673   0.503178   0.926063   0.463024   0.658821   0.025273   0.302873   0.680224   0.738376   0.498397   0.926663   0.458137   0.656719   0.026343   0.302812   0.680398   0.735544   0.494331   0.926961   0.453989   0.654841   0.026641   0.302836   0.680494   0.732996   0.490701   0.927067   0.450290   0.653361   0.026946   0.302909   0.680548   0.730698   0.487445   0.927066   0.446977   0.651783   0.027598   0.302996   0.680556   0.728714   0.484649   0.927164   0.444134   0.650317   0.028161   0.303112   0.680489   0.727090   0.482367   0.927516   0.441814   0.649403   0.028394 335558
 18   0.131093   0.677373   0.626676   0.357253   0.679184   0.317309   0.486664   0.033457   0.300750   0.683147   0.639966   0.371228   0.678002   0.330793   0.493066   0.035913   0.301271   0.682516   0.640770   0.372111   0.678540   0.331651   0.492003   0.033179   0.301739   0.681762   0.642035   0.373557   0.680197   0.333067   0.492420   0.031721   0.302053   0.681229   0.642334   0.373899   0.681235   0.333401   0.492798   0.031171   0.303184   0.680247   0.642659   0.374275   0.681251   0.333771   0.492803   0.030856   0.313979   0.675688   0.646634   0.379000   0.680704   0.338429   0.493800   0.029571   0.341843   0.667083   0.653105   0.386740   0.679734   0.346069   0.500290   0.029548   0.378758   0.658318   0.659520   0.394508   0.679332   0.353754   0.512070   0.033966   0.411416   0.652127   0.665935   0.402390   0.679709   0.361573   0.524389   0.041074   0.430511   0.649431   0.670982   0.408678   0.679816   0.367826   0.535188   0.047422   0.430418   0.650614   0.673803   0.412225   0.679630   0.371360   0.543508   0.051282   0.411928   0.655294   0.673771   0.412195   0.679243   0.371332   0.548966   0.051938   0.382124   0.662200   0.670748   0.408407   0.678562   0.367561   0.551471   0.048899   0.348801   0.670073   0.665477   0.401843   0.677870   0.361034   0.551407   0.042537   0.320325   0.677557   0.658672   0.393453   0.677715   0.352706   0.550450   0.035747   0.305261   0.682337   0.652096   0.385428   0.677993   0.344756   0.547540   0.032741   0.302018   0.683506   0.648726   0.381357   0.678480   0.340731   0.542493   0.032620   0.302054   0.683174   0.647671   0.380107   0.678901   0.339499   0.537938   0.032508   0.302125   0.682840   0.646654   0.378910   0.678986   0.338320   0.534190   0.032480   0.302193   0.682543   0.645650   0.377733   0.679068   0.337163   0.530948   0.032756   0.302241   0.682287   0.644656   0.376574   0.679097   0.336024   0.527845   0.033162   0.302289   0.682024   0.643807   0.375588   0.679116   0.335057   0.524833   0.033314   0.302336   0.681715   0.643229   0.374922   0.679418   0.334403   0.522170   0.033261 363519
 19   0.136198   0.677995   0.578341   0.306366   0.579283   0.268174   0.400408   0.037007   0.299089   0.684353   0.592235   0.319025   0.578209   0.280075   0.405118   0.040022   0.299639   0.683730   0.592876   0.319646   0.578724   0.280665   0.404554   0.036245   0.300031   0.683045   0.593381   0.320150   0.580292   0.281146   0.405137   0.034989   0.300286   0.682530   0.593251   0.320004   0.581271   0.281004   0.405769   0.034746   0.302099   0.680733   0.594258   0.321029   0.581284   0.281988   0.406553   0.034719   0.317265   0.673406   0.599985   0.327092   0.580736   0.287844   0.408984   0.033803   0.353784   0.661077   0.607517   0.335197   0.579786   0.295694   0.416575   0.035578   0.399437   0.649490   0.614262   0.342598   0.579408   0.302889   0.428661   0.042779   0.436966   0.642060   0.620914   0.350014   0.579775   0.310119   0.440964   0.051806   0.455943   0.639877   0.625761   0.355499   0.579890   0.315480   0.451875   0.059489   0.452306   0.642898   0.627937   0.357991   0.579737   0.317922   0.460570   0.064167   0.428968   0.650037   0.627033   0.356970   0.579380   0.316924   0.466607   0.064611   0.393927   0.659583   0.623044   0.352448   0.578739   0.312503   0.469668   0.060411   0.355705   0.669941   0.616793   0.345431   0.578096   0.305653   0.469840   0.052731   0.323328   0.679378   0.609531   0.337394   0.577954   0.297828   0.468004   0.043954   0.305273   0.685357   0.602870   0.330131   0.578211   0.290776   0.464245   0.038607   0.300634   0.686852   0.599372   0.326363   0.578668   0.287126   0.459208   0.037399   0.300495   0.686358   0.598277   0.325214   0.579061   0.286017   0.454511   0.037286   0.300393   0.685921   0.597207   0.324102   0.579128   0.284947   0.450374   0.037729   0.300282   0.685555   0.596164   0.323026   0.579191   0.283913   0.446578   0.038408   0.300250   0.685175   0.595188   0.322020   0.579204   0.282946   0.443100   0.038748   0.300218   0.684831   0.594229   0.321033   0.579215   0.281996   0.439841   0.038864   0.300106   0.684562   0.593388   0.320177   0.579499   0.281176   0.436693   0.039146 353926
 20   0.119665   0.677309   0.729860   0.486158   0.936411   0.445648   0.733496   0.020655   0.302588   0.682981   0.738256   0.497976   0.935726   0.457662   0.738359   0.019026   0.302873   0.682348   0.739138   0.499219   0.936476   0.458926   0.740703   0.019468   0.303131   0.681702   0.739988   0.500434   0.938402   0.460164   0.743639   0.019793   0.303330   0.681276   0.739877   0.500269   0.939626   0.459994   0.745555   0.020200   0.303563   0.681040   0.738939   0.498910   0.939838   0.458606   0.746117   0.020581   0.307430   0.679913   0.739111   0.499156   0.939560   0.458856   0.744377   0.021729   0.319389   0.676798   0.741821   0.503089   0.938829   0.462876   0.743970   0.023187   0.336620   0.672626   0.746624   0.510118   0.938260   0.470073   0.748348   0.024739   0.353611   0.668859   0.753018   0.519590   0.938680   0.479792   0.754285   0.027398   0.365420   0.666410   0.759297   0.529016   0.939070   0.489488   0.758761   0.030105   0.367370   0.665833   0.763933   0.536064   0.939024   0.496754   0.761617   0.031414   0.358824   0.667161   0.766167   0.539486   0.938580   0.500287   0.763163   0.031319   0.343149   0.669909   0.765537   0.538533   0.937676   0.499306   0.764025   0.029674   0.325143   0.673167   0.762610   0.534080   0.937036   0.494714   0.767520   0.025549   0.310561   0.676560   0.756608   0.525004   0.936929   0.485366   0.773254   0.022144   0.304494   0.678758   0.750465   0.515787   0.937065   0.475885   0.773356   0.022967   0.303973   0.679278   0.747228   0.510994   0.937504   0.470968   0.769108   0.024679   0.303946   0.679402   0.745021   0.507754   0.938003   0.467649   0.766066   0.024822   0.303924   0.679471   0.743062   0.504892   0.938200   0.464720   0.763389   0.024433   0.303922   0.679527   0.741254   0.502266   0.938073   0.462035   0.760554   0.024424   0.303933   0.679552   0.739676   0.499985   0.937897   0.459705   0.757791   0.024676   0.303945   0.679512   0.738424   0.498182   0.937976   0.457865   0.755555   0.024625   0.303968   0.679423   0.737455   0.496790   0.938341   0.456445   0.753777   0.024557 819141
 21   0.121445   0.677865   0.710289   0.459296   0.910090   0.418465   0.680708   0.025154   0.302349   0.684217   0.720272   0.472677   0.909330   0.431948   0.684287   0.024213   0.302629   0.683798   0.720240   0.472631   0.909959   0.431900   0.683752   0.024251   0.302871   0.683293   0.720435   0.472920   0.911748   0.432196   0.683915   0.023933   0.303077   0.682979   0.719793   0.472059   0.912896   0.431329   0.683272   0.024229   0.303355   0.682852   0.718276   0.469990   0.913017   0.429237   0.681748   0.024794   0.307639   0.681750   0.717870   0.469470   0.912609   0.428718   0.679077   0.025695   0.321055   0.678337   0.720099   0.472606   0.911803   0.431905   0.678188   0.026550   0.340707   0.673570   0.724668   0.479007   0.911380   0.438407   0.682072   0.028100   0.360105   0.669175   0.730920   0.487841   0.911834   0.447394   0.688037   0.030807   0.374070   0.666110   0.737348   0.497035   0.912106   0.456769   0.693137   0.033322   0.377475   0.665075   0.742554   0.504569   0.911992   0.464467   0.696784   0.034558   0.368941   0.666262   0.745560   0.508950   0.911528   0.468950   0.699191   0.034014   0.351416   0.669282   0.745688   0.509127   0.910640   0.469129   0.701059   0.031490   0.330263   0.673237   0.743177   0.505437   0.909920   0.465348   0.704261   0.026824   0.312599   0.677298   0.737593   0.497287   0.909766   0.457008   0.709457   0.023158   0.304543   0.679829   0.731739   0.488808   0.909953   0.448343   0.710731   0.023336   0.303500   0.680367   0.728755   0.484536   0.910434   0.443987   0.707627   0.024557   0.303545   0.680354   0.727069   0.482148   0.910917   0.441556   0.704840   0.024938   0.303592   0.680309   0.725576   0.480047   0.911080   0.439421   0.702328   0.025077   0.303638   0.680267   0.724195   0.478115   0.911069   0.437460   0.699952   0.025469   0.303687   0.680222   0.722909   0.476327   0.910977   0.435646   0.697618   0.026111   0.303742   0.680121   0.721869   0.474886   0.911015   0.434185   0.695613   0.026467   0.303811   0.679966   0.721124   0.473855   0.911344   0.433140   0.693977   0.026664 514348
 22   0.119189   0.681022   0.718049   0.470299   0.931889   0.429665   0.605524   0.026558   0.299581   0.689990   0.730623   0.487541   0.930817   0.447112   0.610991   0.025073   0.300028   0.688601   0.732265   0.489842   0.931472   0.449450   0.609865   0.024761   0.300399   0.687337   0.733799   0.492012   0.933357   0.451659   0.610482   0.023978   0.300686   0.686358   0.734416   0.492897   0.934441   0.452561   0.611190   0.023595   0.302595   0.685235   0.735134   0.493915   0.934497   0.453598   0.610934   0.023139   0.317464   0.681204   0.739956   0.500897   0.934054   0.460733   0.611390   0.021524   0.352469   0.672386   0.750397   0.516242   0.933080   0.476459   0.617770   0.019978   0.398206   0.661589   0.765349   0.538773   0.932478   0.499655   0.630454   0.021615   0.443485   0.652046   0.783771   0.567494   0.932758   0.529413   0.642017   0.025519   0.478227   0.645439   0.801898   0.596801   0.932757   0.559983   0.649538   0.029357   0.490536   0.643240   0.816473   0.621169   0.932315   0.585560   0.655161   0.032210   0.472851   0.646239   0.825622   0.636834   0.931525   0.602076   0.659929   0.033745   0.430879   0.653347   0.828442   0.641718   0.930328   0.607237   0.665473   0.033655   0.377689   0.661890   0.825755   0.637046   0.929501   0.602297   0.674913   0.030212   0.330742   0.670910   0.814067   0.617077   0.929393   0.581253   0.688800   0.025195   0.307052   0.678450   0.796718   0.588046   0.929647   0.550777   0.696593   0.026336   0.302262   0.681456   0.785462   0.569699   0.930256   0.531612   0.695494   0.030686   0.302099   0.681804   0.779901   0.560876   0.930881   0.522442   0.693408   0.032152   0.301998   0.682035   0.775130   0.553400   0.931149   0.514690   0.691833   0.032511   0.301938   0.682195   0.770893   0.546833   0.931247   0.507895   0.690628   0.032433   0.301921   0.682294   0.767090   0.540994   0.931306   0.501863   0.689646   0.032266   0.301892   0.682364   0.763698   0.535833   0.931491   0.496540   0.688676   0.032055   0.301877   0.682374   0.760746   0.531382   0.931959   0.491957   0.687945   0.031614 365473
 23   0.121567   0.678641   0.697906   0.443966   0.831089   0.403243   0.521395   0.039091   0.299270   0.685105   0.723254   0.477376   0.829854   0.436816   0.520865   0.039901   0.300035   0.683757   0.728010   0.484033   0.830361   0.443578   0.515644   0.036465   0.300674   0.682774   0.730921   0.488117   0.832208   0.447727   0.514790   0.034749   0.301149   0.682000   0.732585   0.490454   0.833375   0.450102   0.514540   0.034517   0.302651   0.680643   0.734809   0.493590   0.833494   0.453293   0.514363   0.033597   0.313829   0.676098   0.743168   0.505744   0.833167   0.465724   0.516034   0.028970   0.340878   0.668256   0.755136   0.523447   0.832383   0.483888   0.525329   0.023451   0.376807   0.660052   0.766179   0.540222   0.831993   0.501186   0.540354   0.023319   0.412376   0.653206   0.777705   0.558217   0.832319   0.519837   0.554310   0.028043   0.438625   0.648949   0.787814   0.574381   0.832310   0.536666   0.566882   0.034279   0.446040   0.648399   0.794598   0.585442   0.831957   0.548224   0.578834   0.040049   0.430905   0.651759   0.796980   0.589371   0.831367   0.552338   0.590310   0.043656   0.398607   0.658032   0.794321   0.585015   0.830399   0.547782   0.601249   0.043628   0.358660   0.665745   0.787014   0.573141   0.829615   0.535381   0.613015   0.039381   0.323131   0.673786   0.773655   0.551925   0.829545   0.513322   0.627310   0.032208   0.304909   0.679865   0.758033   0.527692   0.829873   0.488236   0.635056   0.029057   0.301463   0.682010   0.749114   0.514182   0.830445   0.474314   0.632908   0.029657   0.301521   0.682023   0.745871   0.509406   0.831005   0.469418   0.628750   0.029321   0.301644   0.681920   0.743411   0.505827   0.831264   0.465756   0.624778   0.029388   0.301775   0.681822   0.741170   0.502599   0.831407   0.462461   0.621262   0.030007   0.301888   0.681736   0.739133   0.499685   0.831391   0.459490   0.617917   0.030822   0.301995   0.681587   0.737529   0.497398   0.831415   0.457159   0.614803   0.031295   0.302113   0.681364   0.736361   0.495740   0.831786   0.455471   0.612183   0.031373 240206
 24   0.129353   0.684288   0.600475   0.329876   0.644589   0.290912   0.376327   0.050340   0.292223   0.696149   0.630249   0.360921   0.640650   0.320838   0.380908   0.049404   0.292956   0.694223   0.633473   0.364482   0.641025   0.324304   0.375768   0.045282   0.293613   0.692637   0.635570   0.366810   0.642607   0.326571   0.374154   0.043265   0.294198   0.691361   0.636373   0.367677   0.643588   0.327412   0.373377   0.042397   0.299065   0.686271   0.641620   0.373600   0.643606   0.333200   0.373807   0.041607   0.327266   0.670624   0.656747   0.391512   0.643050   0.350856   0.376588   0.041534   0.388854   0.647891   0.675047   0.414229   0.642039   0.373440   0.382487   0.049744   0.466216   0.627476   0.692969   0.437676   0.641546   0.396977   0.389733   0.067093   0.537783   0.614030   0.710746   0.461837   0.641684   0.421404   0.396858   0.085731   0.583032   0.609743   0.724255   0.480776   0.641501   0.440661   0.405661   0.101744   0.585345   0.615377   0.731257   0.490811   0.641134   0.450905   0.416620   0.113311   0.544502   0.629553   0.730528   0.489826   0.640711   0.449911   0.429117   0.118373   0.476937   0.648553   0.722062   0.477880   0.640101   0.437749   0.441744   0.115394   0.402798   0.668462   0.707784   0.458105   0.639515   0.417685   0.452585   0.103740   0.340442   0.685573   0.690594   0.434917   0.639480   0.394273   0.460667   0.083536   0.304605   0.696633   0.673153   0.412122   0.639873   0.371392   0.463011   0.064445   0.294286   0.699788   0.661955   0.397879   0.640434   0.357168   0.459216   0.055215   0.294064   0.698515   0.657509   0.392434   0.640882   0.351767   0.453769   0.051580   0.293864   0.697316   0.654359   0.388660   0.640989   0.348040   0.448369   0.049743   0.293614   0.696306   0.651806   0.385641   0.641119   0.345064   0.443094   0.049295   0.293504   0.695397   0.649458   0.382873   0.641174   0.342338   0.438107   0.049218   0.293500   0.694595   0.647064   0.380068   0.641199   0.339578   0.433426   0.049064   0.293554   0.693863   0.644816   0.377452   0.641534   0.337008   0.429293   0.048819 135050
