timestamp=                2021-11-15T08:38:05.626753
shape=                    (5, 5)
sigma=                    2.5
nepochs=                  2
thresh=                   None
rate=                     0.0075
neighborhood function=    gaussian
init weights=             pca
topology=                 hexagonal
activation distance=      euclidean
output type=              labels
mapfile_prefix=           full2018_5x5_2_0075_3_07
apply classification=     False
seed=                     None
random order=             True
custom init file=         None
order labels by size=     False
decay_function=           3

Quantization Error=       0.34764307
Topographic Error=        0.09081469

############ NEURONS #############
 25 192
  0   0.129217   0.685036   0.598947   0.328299   0.640951   0.289395   0.373741   0.051741   0.291407   0.697598   0.629184   0.359785   0.636814   0.319740   0.378108   0.051014   0.292079   0.695574   0.632381   0.363310   0.637170   0.323169   0.372455   0.047624   0.292754   0.693891   0.634420   0.365566   0.638742   0.325366   0.370589   0.045832   0.293282   0.692628   0.634945   0.366126   0.639713   0.325907   0.369710   0.045087   0.298544   0.687126   0.640456   0.372325   0.639722   0.331961   0.370247   0.044336   0.328950   0.670230   0.656454   0.391230   0.639148   0.350590   0.373311   0.044864   0.394774   0.645951   0.675672   0.415123   0.638112   0.374352   0.379051   0.054763   0.476976   0.624291   0.694580   0.439937   0.637599   0.399276   0.385721   0.074160   0.551947   0.610350   0.713073   0.465174   0.637715   0.424810   0.392333   0.094200   0.599119   0.606107   0.726985   0.484785   0.637513   0.444772   0.400831   0.110832   0.601418   0.612156   0.734177   0.495162   0.637140   0.455380   0.411617   0.122564   0.558627   0.627077   0.733266   0.493920   0.636727   0.454125   0.424301   0.127539   0.487806   0.647288   0.724225   0.481119   0.636141   0.441083   0.437374   0.124368   0.409487   0.668567   0.709242   0.460318   0.635576   0.419967   0.448461   0.112106   0.343505   0.686691   0.691445   0.436253   0.635555   0.395657   0.456457   0.090846   0.304793   0.698602   0.673318   0.412485   0.635963   0.371783   0.458671   0.069749   0.293191   0.702085   0.661451   0.397350   0.636532   0.356658   0.454724   0.058648   0.292921   0.700687   0.656634   0.391449   0.636977   0.350806   0.449011   0.054497   0.292712   0.699332   0.653320   0.387483   0.637071   0.346889   0.443339   0.052570   0.292450   0.698157   0.650727   0.384422   0.637196   0.343874   0.437730   0.052092   0.292327   0.697125   0.648283   0.381562   0.637252   0.341060   0.432337   0.052033   0.292313   0.696253   0.645697   0.378552   0.637280   0.338103   0.427351   0.051786   0.292405   0.695403   0.643378   0.375866   0.637619   0.335465   0.423065   0.051365 127419
  1   0.136392   0.678020   0.576625   0.304655   0.575687   0.266537   0.397649   0.037153   0.299098   0.684385   0.590714   0.317453   0.574548   0.278563   0.402350   0.040289   0.299653   0.683739   0.591384   0.318097   0.575062   0.279174   0.401909   0.036549   0.300032   0.683076   0.591814   0.318520   0.576627   0.279577   0.402515   0.035402   0.300274   0.682583   0.591635   0.318326   0.577605   0.279389   0.403067   0.035197   0.302136   0.680737   0.592711   0.319421   0.577617   0.280439   0.403763   0.035216   0.317630   0.673238   0.598588   0.325626   0.577067   0.286430   0.406132   0.034301   0.354787   0.660679   0.606213   0.333812   0.576115   0.294356   0.413710   0.036128   0.401402   0.648835   0.613011   0.341252   0.575735   0.301585   0.425771   0.043440   0.439569   0.641281   0.619721   0.348714   0.576100   0.308856   0.438084   0.052593   0.458810   0.639118   0.624536   0.354152   0.576215   0.314171   0.449071   0.060230   0.454942   0.642300   0.626621   0.356536   0.576062   0.316505   0.457877   0.064816   0.430632   0.649742   0.625610   0.355392   0.575710   0.315388   0.463989   0.065327   0.394897   0.659482   0.621516   0.350761   0.575076   0.310861   0.467084   0.061053   0.356405   0.669929   0.615216   0.343712   0.574435   0.303985   0.467245   0.052989   0.323735   0.679464   0.607956   0.335707   0.574295   0.296196   0.465323   0.043998   0.305358   0.685542   0.601324   0.328498   0.574551   0.289199   0.461459   0.038642   0.300596   0.687056   0.597857   0.324778   0.575005   0.285598   0.456305   0.037442   0.300435   0.686553   0.596791   0.323664   0.575393   0.284525   0.451479   0.037392   0.300293   0.686138   0.595669   0.322504   0.575457   0.283408   0.447231   0.037888   0.300160   0.685796   0.594532   0.321333   0.575519   0.282284   0.443373   0.038635   0.300093   0.685439   0.593471   0.320242   0.575536   0.281235   0.439895   0.039031   0.300050   0.685088   0.592484   0.319229   0.575548   0.280262   0.436665   0.039267   0.299997   0.684751   0.591714   0.318449   0.575829   0.279514   0.433583   0.039529 357237
  2   0.148890   0.678954   0.465167   0.205995   0.362612   0.174069   0.283043   0.046759   0.298032   0.686062   0.471656   0.210369   0.362091   0.177970   0.281840   0.053578   0.298497   0.685234   0.472127   0.210689   0.362511   0.178256   0.282147   0.054596   0.298739   0.684517   0.472552   0.210999   0.363889   0.178536   0.282575   0.055783   0.298898   0.683923   0.472658   0.211075   0.364759   0.178604   0.282839   0.057494   0.301838   0.681021   0.474344   0.212384   0.364741   0.179803   0.283599   0.058980   0.322016   0.669471   0.480568   0.217354   0.364206   0.184373   0.286103   0.060104   0.366438   0.650495   0.489221   0.224431   0.363324   0.190908   0.291495   0.066677   0.419109   0.632918   0.498473   0.232178   0.362977   0.198092   0.299038   0.079003   0.462490   0.621522   0.507700   0.240035   0.363326   0.205400   0.307014   0.090353   0.485525   0.618330   0.514851   0.246238   0.363464   0.211188   0.314289   0.099341   0.483262   0.623728   0.518785   0.249731   0.363350   0.214461   0.320048   0.105478   0.458759   0.635499   0.518936   0.249901   0.363035   0.214627   0.323885   0.107406   0.419958   0.650570   0.515249   0.246657   0.362459   0.211592   0.325437   0.103339   0.374623   0.666974   0.508476   0.240730   0.361875   0.206053   0.324647   0.093630   0.332527   0.682478   0.499756   0.233243   0.361746   0.199080   0.321894   0.081233   0.306075   0.692907   0.490903   0.225809   0.361981   0.192182   0.317429   0.071463   0.297753   0.695872   0.485319   0.221205   0.362403   0.187925   0.312375   0.067789   0.297205   0.694981   0.482797   0.219169   0.362761   0.186048   0.308102   0.067472   0.296918   0.694074   0.480633   0.217444   0.362818   0.184462   0.304555   0.068832   0.296686   0.693250   0.478656   0.215885   0.362869   0.183031   0.301438   0.070451   0.296462   0.692477   0.476901   0.214509   0.362878   0.181770   0.298565   0.070529   0.296225   0.691800   0.475340   0.213294   0.362887   0.180656   0.295792   0.070054   0.295965   0.691203   0.474021   0.212280   0.363140   0.179729   0.293093   0.070232 385299
  3   0.154338   0.680244   0.408541   0.165597   0.258029   0.137601   0.231661   0.055099   0.295612   0.688295   0.401838   0.160730   0.257450   0.133197   0.225758   0.066232   0.296449   0.687009   0.402795   0.161308   0.257876   0.133704   0.227173   0.068945   0.296825   0.686240   0.402866   0.161340   0.259189   0.133731   0.228373   0.071067   0.296999   0.685698   0.402500   0.161095   0.260015   0.133512   0.229094   0.073279   0.301497   0.681154   0.404466   0.162376   0.260014   0.134651   0.230125   0.075496   0.327337   0.664286   0.411657   0.167200   0.259507   0.138958   0.232375   0.079436   0.381010   0.638254   0.421523   0.173990   0.258668   0.145049   0.236508   0.090276   0.443465   0.614933   0.431825   0.181254   0.258365   0.151590   0.242359   0.104118   0.495910   0.599811   0.442056   0.188623   0.258747   0.158251   0.248734   0.113546   0.525079   0.596071   0.450070   0.194520   0.258925   0.163602   0.254856   0.120392   0.523907   0.604188   0.454327   0.197719   0.258854   0.166514   0.260119   0.125005   0.495018   0.620992   0.454488   0.197849   0.258584   0.166634   0.263785   0.125783   0.447890   0.642226   0.450759   0.195044   0.258037   0.164080   0.265257   0.120804   0.392679   0.665071   0.443949   0.189972   0.257471   0.159469   0.264493   0.111392   0.340575   0.686700   0.434808   0.183298   0.257335   0.153422   0.261960   0.100478   0.306342   0.701391   0.424938   0.176268   0.257531   0.147080   0.258075   0.090494   0.294750   0.705591   0.418156   0.171552   0.257904   0.142843   0.253729   0.085750   0.293926   0.704053   0.414759   0.169255   0.258223   0.140789   0.249937   0.085116   0.293638   0.702430   0.411943   0.167372   0.258258   0.139108   0.246959   0.086783   0.293557   0.700896   0.409271   0.165604   0.258296   0.137533   0.244511   0.088665   0.293295   0.699630   0.406757   0.163963   0.258289   0.136074   0.241974   0.087995   0.292812   0.698665   0.404506   0.162511   0.258281   0.134786   0.239216   0.086879   0.292377   0.697786   0.402618   0.161308   0.258509   0.133721   0.236593   0.087235 349847
  4   0.155459   0.685951   0.370410   0.141976   0.199532   0.116776   0.197981   0.104098   0.286174   0.698896   0.351456   0.130157   0.199085   0.106343   0.189512   0.145372   0.287234   0.696304   0.353042   0.131022   0.199490   0.107089   0.190834   0.152938   0.287717   0.694675   0.353537   0.131292   0.200705   0.107322   0.191967   0.159331   0.288031   0.693513   0.353299   0.131151   0.201438   0.107199   0.192680   0.166379   0.297839   0.685139   0.356758   0.133138   0.201422   0.108928   0.193966   0.172068   0.342144   0.658838   0.366861   0.139170   0.200932   0.114213   0.196189   0.182495   0.425070   0.621168   0.379774   0.147206   0.200126   0.121302   0.198695   0.201335   0.518445   0.587059   0.392913   0.155654   0.199911   0.128795   0.201728   0.216188   0.600065   0.562377   0.405521   0.164005   0.200354   0.136242   0.204956   0.220058   0.652335   0.552424   0.415661   0.170905   0.200558   0.142422   0.208056   0.220734   0.659580   0.561034   0.421630   0.175055   0.200531   0.146153   0.211238   0.221382   0.621625   0.585372   0.422736   0.175842   0.200306   0.146864   0.214039   0.220426   0.550866   0.619103   0.418860   0.173135   0.199794   0.144429   0.215579   0.214520   0.462134   0.657436   0.410580   0.167413   0.199243   0.139290   0.215348   0.206065   0.373517   0.695040   0.398177   0.159070   0.199067   0.131832   0.213643   0.198789   0.306907   0.723247   0.383031   0.149235   0.199185   0.123092   0.210752   0.188975   0.279563   0.732778   0.371497   0.141994   0.199492   0.116694   0.207066   0.182563   0.277377   0.729410   0.365490   0.138369   0.199759   0.113512   0.203424   0.182382   0.277314   0.725280   0.361037   0.135739   0.199753   0.111211   0.200422   0.185469   0.277636   0.721504   0.357106   0.133453   0.199775   0.109218   0.198122   0.188605   0.277550   0.718472   0.353535   0.131399   0.199765   0.107430   0.195858   0.187171   0.276976   0.716160   0.350415   0.129617   0.199744   0.105880   0.193277   0.184685   0.276549   0.714058   0.347884   0.128185   0.199949   0.104636   0.190844   0.184545 201987
  5   0.121581   0.678649   0.697414   0.443332   0.829654   0.402608   0.518186   0.039473   0.299192   0.685117   0.722653   0.476559   0.828414   0.435991   0.517908   0.040313   0.299968   0.683769   0.727355   0.483137   0.828925   0.442671   0.512929   0.036651   0.300613   0.682791   0.730159   0.487062   0.830772   0.446658   0.512286   0.034951   0.301108   0.682012   0.731773   0.489320   0.831940   0.448951   0.512212   0.034664   0.302606   0.680654   0.734040   0.492509   0.832058   0.452194   0.512139   0.033622   0.313780   0.676108   0.742391   0.504633   0.831728   0.464591   0.513879   0.029090   0.340815   0.668281   0.754319   0.522252   0.830945   0.482665   0.523111   0.023685   0.376772   0.660103   0.765347   0.538983   0.830554   0.499913   0.537997   0.023618   0.412646   0.653227   0.776826   0.556873   0.830880   0.518450   0.551943   0.028392   0.439163   0.648912   0.786942   0.573022   0.830871   0.535258   0.564549   0.034562   0.446445   0.648363   0.793791   0.584166   0.830521   0.546897   0.576488   0.040322   0.431149   0.651769   0.796141   0.588025   0.829932   0.550935   0.587893   0.044128   0.398729   0.658078   0.793397   0.583533   0.828969   0.546238   0.598742   0.044106   0.358595   0.665813   0.786039   0.571598   0.828186   0.533779   0.610582   0.039716   0.323042   0.673874   0.772616   0.550327   0.828117   0.511670   0.624866   0.032536   0.304868   0.679940   0.757006   0.526163   0.828447   0.486666   0.632532   0.029369   0.301433   0.682048   0.748197   0.512842   0.829019   0.472942   0.630447   0.029877   0.301495   0.682055   0.744999   0.508140   0.829576   0.468123   0.626330   0.029440   0.301617   0.681949   0.742568   0.504609   0.829831   0.464513   0.622366   0.029393   0.301759   0.681831   0.740399   0.501491   0.829973   0.461330   0.618879   0.029933   0.301866   0.681744   0.738361   0.498577   0.829957   0.458360   0.615670   0.030720   0.301978   0.681598   0.736738   0.496266   0.829981   0.456004   0.612624   0.031188   0.302111   0.681368   0.735544   0.494573   0.830351   0.454281   0.609977   0.031353 243323
  6   0.131238   0.677451   0.625415   0.355860   0.675858   0.315952   0.483165   0.033722   0.300595   0.683296   0.638578   0.369633   0.674619   0.329229   0.488935   0.036330   0.301142   0.682628   0.639367   0.370494   0.675160   0.330065   0.487949   0.033304   0.301637   0.681846   0.640569   0.371861   0.676816   0.331403   0.488529   0.031644   0.301946   0.681318   0.640847   0.372176   0.677848   0.331711   0.488898   0.031165   0.303102   0.680299   0.641235   0.372621   0.677857   0.332147   0.488954   0.030855   0.314197   0.675563   0.645391   0.377542   0.677304   0.336995   0.490071   0.029576   0.342593   0.666749   0.651977   0.385396   0.676331   0.344744   0.496642   0.029700   0.379780   0.657907   0.658448   0.393213   0.675924   0.352473   0.508442   0.034333   0.412345   0.651732   0.664953   0.401190   0.676296   0.360384   0.520746   0.041569   0.431381   0.649048   0.670052   0.407523   0.676400   0.366678   0.531552   0.047996   0.431266   0.650270   0.672933   0.411133   0.676212   0.370273   0.539891   0.052011   0.412768   0.655030   0.672943   0.411155   0.675824   0.370296   0.545422   0.052751   0.382836   0.662044   0.669833   0.407267   0.675150   0.366427   0.548084   0.049590   0.349131   0.670071   0.664365   0.400474   0.674467   0.359675   0.548151   0.043128   0.320409   0.677641   0.657464   0.391989   0.674318   0.351257   0.547204   0.036112   0.305264   0.682432   0.650901   0.384002   0.674596   0.343349   0.544376   0.032783   0.301991   0.683601   0.647538   0.379951   0.675080   0.339346   0.539481   0.032549   0.302028   0.683255   0.646482   0.378704   0.675496   0.338117   0.535001   0.032377   0.302098   0.682913   0.645449   0.377493   0.675579   0.336927   0.531289   0.032447   0.302165   0.682624   0.644385   0.376252   0.675659   0.335707   0.528100   0.032823   0.302236   0.682367   0.643309   0.375001   0.675688   0.334478   0.525111   0.033114   0.302286   0.682113   0.642360   0.373902   0.675711   0.333400   0.522223   0.033272   0.302299   0.681845   0.641710   0.373156   0.676014   0.332669   0.519507   0.033263 369449
  7   0.142514   0.679471   0.519431   0.250753   0.460938   0.215485   0.331797   0.039138   0.297745   0.687142   0.532041   0.260918   0.460051   0.224844   0.333441   0.043625   0.298316   0.686367   0.532218   0.261030   0.460519   0.224941   0.333414   0.041644   0.298587   0.685681   0.532235   0.261021   0.461974   0.224929   0.333497   0.041170   0.298717   0.685170   0.531968   0.260779   0.462883   0.224701   0.333267   0.041750   0.301661   0.682056   0.533987   0.262575   0.462871   0.226384   0.333926   0.042352   0.322827   0.670221   0.541553   0.269527   0.462309   0.232934   0.336760   0.042316   0.370353   0.651241   0.550693   0.278143   0.461368   0.241089   0.343637   0.046828   0.426742   0.633934   0.559144   0.286316   0.460988   0.248860   0.353987   0.057498   0.471415   0.623217   0.567390   0.294443   0.461321   0.256612   0.364648   0.068463   0.492514   0.620888   0.573468   0.300549   0.461421   0.262457   0.374384   0.077272   0.485412   0.627039   0.576192   0.303346   0.461274   0.265146   0.382549   0.083169   0.455535   0.639178   0.575129   0.302289   0.460943   0.264136   0.388454   0.084510   0.413466   0.654091   0.570491   0.297603   0.460357   0.259646   0.391525   0.080165   0.368204   0.669411   0.563276   0.290390   0.459759   0.252747   0.391706   0.070807   0.329131   0.682951   0.555056   0.282321   0.459634   0.245055   0.389260   0.059096   0.305751   0.691573   0.547497   0.275057   0.459890   0.238156   0.384326   0.050208   0.298666   0.693836   0.543074   0.270885   0.460328   0.234207   0.378190   0.046963   0.298084   0.693108   0.541149   0.269121   0.460692   0.232546   0.372570   0.046610   0.297610   0.692477   0.539394   0.267535   0.460736   0.231056   0.367610   0.047339   0.297177   0.691906   0.537817   0.266118   0.460791   0.229726   0.363124   0.048559   0.296872   0.691358   0.536295   0.264751   0.460804   0.228442   0.359023   0.049058   0.296647   0.690870   0.534825   0.263437   0.460810   0.227210   0.355200   0.049285   0.296443   0.690411   0.533567   0.262325   0.461077   0.226170   0.351661   0.049744 369501
  8   0.143802   0.688510   0.459247   0.202237   0.357152   0.170751   0.251742   0.074569   0.283264   0.705267   0.467287   0.207861   0.356841   0.175807   0.245259   0.087703   0.282455   0.704242   0.467513   0.208046   0.357205   0.175978   0.242070   0.089964   0.282244   0.702802   0.467745   0.208237   0.358507   0.176155   0.239732   0.093173   0.281956   0.701449   0.467528   0.208109   0.359271   0.176043   0.237652   0.098315   0.294043   0.689810   0.475520   0.214168   0.359187   0.181570   0.238931   0.102875   0.351143   0.656187   0.495935   0.230488   0.358558   0.196592   0.243391   0.112820   0.458113   0.612148   0.518962   0.250214   0.357564   0.214964   0.246660   0.139342   0.577892   0.574766   0.540276   0.269537   0.357165   0.233140   0.249162   0.168227   0.679472   0.549450   0.558810   0.287058   0.357420   0.249741   0.252630   0.181627   0.743224   0.539899   0.572635   0.300624   0.357407   0.262681   0.257462   0.187046   0.751807   0.549579   0.580397   0.308515   0.357197   0.270255   0.263755   0.190659   0.703018   0.576471   0.580790   0.309064   0.356866   0.270808   0.271117   0.191639   0.611148   0.614055   0.573537   0.301879   0.356342   0.263943   0.277929   0.187454   0.497664   0.655588   0.560071   0.288624   0.355836   0.251292   0.282236   0.177519   0.387750   0.694240   0.541900   0.271246   0.355781   0.234789   0.283336   0.158727   0.305353   0.725004   0.517910   0.249516   0.356096   0.214348   0.280521   0.130893   0.271614   0.737309   0.498705   0.232908   0.356577   0.198852   0.273214   0.115306   0.269616   0.734229   0.490315   0.226024   0.356942   0.192488   0.265492   0.114673   0.269643   0.730030   0.484926   0.221683   0.356962   0.188487   0.259768   0.116451   0.269756   0.726218   0.480462   0.218152   0.357014   0.185243   0.254990   0.119212   0.270139   0.722858   0.476347   0.214944   0.357045   0.182303   0.250970   0.119705   0.270404   0.720061   0.472483   0.211965   0.357053   0.179577   0.247160   0.119044   0.270490   0.717523   0.469247   0.209512   0.357301   0.177341   0.243502   0.119388 212772
  9   0.144740   0.684956   0.425390   0.178478   0.272871   0.149351   0.221857   0.204495   0.270361   0.697051   0.412132   0.169369   0.274470   0.141176   0.213018   0.333782   0.269746   0.694145   0.413879   0.170575   0.274745   0.142260   0.213843   0.353711   0.269589   0.691720   0.414996   0.171363   0.275906   0.142971   0.214745   0.365838   0.269002   0.690102   0.415069   0.171446   0.276562   0.143050   0.215478   0.379392   0.283328   0.684052   0.417123   0.172857   0.276458   0.144317   0.215904   0.389534   0.348345   0.661980   0.426448   0.179351   0.275893   0.150161   0.218147   0.386178   0.463513   0.627297   0.441777   0.190427   0.275026   0.160193   0.221248   0.388026   0.585560   0.594958   0.458343   0.202926   0.274848   0.171598   0.223714   0.398647   0.684975   0.571334   0.473756   0.214993   0.275351   0.182680   0.226075   0.396072   0.748424   0.559544   0.485760   0.224708   0.275564   0.191653   0.228071   0.388710   0.763642   0.562854   0.492877   0.230610   0.275548   0.197128   0.229865   0.382953   0.727310   0.581273   0.494253   0.231774   0.275340   0.198211   0.231379   0.378854   0.648354   0.610780   0.489531   0.227842   0.274860   0.194562   0.232188   0.373078   0.537632   0.648308   0.478993   0.219215   0.274288   0.186577   0.231637   0.368027   0.414688   0.689279   0.462759   0.206362   0.274028   0.174750   0.229640   0.369539   0.307564   0.725359   0.442354   0.190867   0.274077   0.160594   0.225964   0.378860   0.257239   0.739349   0.428009   0.180368   0.274364   0.151064   0.221405   0.392932   0.253080   0.734117   0.422607   0.176624   0.274623   0.147698   0.217741   0.403839   0.253068   0.727664   0.419069   0.174224   0.274597   0.145548   0.215075   0.413400   0.253240   0.722031   0.416059   0.172205   0.274644   0.143742   0.212963   0.421263   0.253272   0.717334   0.413394   0.170430   0.274692   0.142156   0.210995   0.422406   0.253184   0.713373   0.411157   0.168953   0.274708   0.140839   0.208983   0.420960   0.253164   0.709851   0.409390   0.167804   0.274934   0.139817   0.207271   0.421104 111462
 10   0.119101   0.680968   0.718144   0.470450   0.931364   0.429822   0.605709   0.026697   0.299499   0.689878   0.730883   0.487921   0.930275   0.447501   0.611122   0.025156   0.299949   0.688493   0.732567   0.490284   0.930931   0.449902   0.609893   0.024731   0.300316   0.687241   0.734120   0.492487   0.932819   0.452146   0.610441   0.023936   0.300612   0.686265   0.734749   0.493390   0.933906   0.453067   0.611133   0.023563   0.302557   0.685147   0.735492   0.494444   0.933966   0.454140   0.610864   0.023092   0.317518   0.681135   0.740319   0.501434   0.933529   0.461284   0.611399   0.021509   0.352671   0.672369   0.750703   0.516696   0.932566   0.476925   0.617957   0.019931   0.398248   0.661714   0.765565   0.539097   0.931971   0.499988   0.630695   0.021514   0.443152   0.652352   0.783855   0.567623   0.932257   0.529546   0.642190   0.025390   0.477879   0.645830   0.801837   0.596704   0.932256   0.559882   0.649689   0.029198   0.489979   0.643686   0.816272   0.620825   0.931813   0.585198   0.655387   0.032008   0.471958   0.646690   0.825264   0.636211   0.931027   0.601417   0.660326   0.033486   0.430013   0.653698   0.827969   0.640895   0.929834   0.606366   0.665960   0.033318   0.377205   0.662068   0.825273   0.636215   0.929005   0.601419   0.675385   0.029891   0.330736   0.670924   0.813680   0.616423   0.928893   0.580565   0.689198   0.025073   0.307127   0.678366   0.796446   0.587598   0.929145   0.550308   0.697085   0.026335   0.302294   0.681322   0.785265   0.569378   0.929754   0.531277   0.696221   0.030651   0.302120   0.681692   0.779716   0.560578   0.930377   0.522131   0.694212   0.032022   0.302012   0.681937   0.774968   0.553140   0.930649   0.514419   0.692669   0.032301   0.301962   0.682096   0.770762   0.546622   0.930753   0.507675   0.691466   0.032201   0.301948   0.682194   0.766982   0.540820   0.930815   0.501681   0.690486   0.032048   0.301928   0.682251   0.763644   0.535742   0.931003   0.496445   0.689539   0.031823   0.301913   0.682256   0.760761   0.531392   0.931475   0.491965   0.688737   0.031435 369276
 11   0.122111   0.679343   0.698330   0.443557   0.925982   0.402659   0.582033   0.024707   0.300710   0.686877   0.710644   0.459686   0.924881   0.418842   0.585006   0.023905   0.301010   0.685953   0.711916   0.461373   0.925400   0.420539   0.582946   0.023496   0.301306   0.685047   0.713170   0.463061   0.927073   0.422241   0.583259   0.022544   0.301558   0.684346   0.713575   0.463605   0.928101   0.422790   0.583979   0.022247   0.302108   0.683789   0.713340   0.463282   0.928236   0.422462   0.584196   0.022217   0.308953   0.681910   0.715480   0.466228   0.927960   0.425445   0.583275   0.021660   0.327413   0.677128   0.721739   0.474899   0.927273   0.434234   0.585162   0.020347   0.352218   0.670714   0.730887   0.487769   0.926923   0.447316   0.593474   0.020234   0.375642   0.664852   0.742015   0.503787   0.927368   0.463667   0.604492   0.021842   0.392475   0.660691   0.753277   0.520397   0.927557   0.480699   0.613825   0.023603   0.397870   0.659045   0.762598   0.534462   0.927340   0.495184   0.620812   0.024872   0.389164   0.660242   0.768430   0.543419   0.926754   0.504438   0.626914   0.025302   0.368239   0.663791   0.769970   0.545830   0.925700   0.506937   0.633605   0.024286   0.340803   0.668458   0.767626   0.542253   0.924901   0.503246   0.643010   0.021199   0.316543   0.673944   0.758795   0.528825   0.924722   0.489398   0.654611   0.019265   0.304884   0.678393   0.747623   0.511992   0.924891   0.472069   0.659949   0.022001   0.302977   0.679941   0.741426   0.502815   0.925437   0.462652   0.658397   0.025448   0.302872   0.680200   0.738120   0.498024   0.926035   0.457755   0.656322   0.026546   0.302799   0.680384   0.735263   0.493925   0.926336   0.453574   0.654484   0.026813   0.302800   0.680504   0.732663   0.490224   0.926445   0.449804   0.653048   0.027024   0.302867   0.680573   0.730326   0.486919   0.926447   0.446441   0.651474   0.027557   0.302973   0.680587   0.728305   0.484074   0.926546   0.443549   0.649948   0.028201   0.303103   0.680514   0.726682   0.481797   0.926896   0.441235   0.648992   0.028489 335327
 12   0.125038   0.677687   0.672471   0.411078   0.774228   0.370304   0.575969   0.030816   0.300994   0.683827   0.688328   0.430300   0.773164   0.389328   0.584185   0.031917   0.301516   0.683354   0.688248   0.430236   0.773766   0.389272   0.583764   0.029812   0.301960   0.682792   0.688498   0.430584   0.775537   0.389625   0.585073   0.029004   0.302266   0.682354   0.688164   0.430168   0.776651   0.389211   0.585540   0.028777   0.303196   0.681663   0.687740   0.429636   0.776680   0.388682   0.585285   0.028323   0.312332   0.678356   0.690212   0.432924   0.776109   0.391990   0.585282   0.026894   0.336885   0.671482   0.695470   0.439883   0.775087   0.398987   0.590332   0.026123   0.370415   0.663973   0.701439   0.447821   0.774639   0.406975   0.601264   0.029378   0.401530   0.658233   0.707790   0.456367   0.775008   0.415593   0.612902   0.035332   0.422082   0.655025   0.713443   0.464070   0.775096   0.423379   0.622837   0.040710   0.425462   0.655020   0.717430   0.469549   0.774868   0.428927   0.630314   0.044251   0.409728   0.658369   0.718639   0.471212   0.774427   0.430610   0.635215   0.044933   0.380610   0.664199   0.716471   0.468206   0.773690   0.427563   0.637674   0.042121   0.347219   0.671171   0.711609   0.461508   0.772981   0.420778   0.638271   0.036349   0.319071   0.677806   0.704763   0.452144   0.772853   0.411306   0.638847   0.030018   0.304864   0.681885   0.698059   0.443054   0.773168   0.402127   0.637293   0.027043   0.302189   0.682782   0.694661   0.438491   0.773694   0.397528   0.632786   0.026710   0.302271   0.682482   0.693548   0.437020   0.774143   0.396050   0.628433   0.026448   0.302368   0.682186   0.692534   0.435695   0.774233   0.394722   0.624562   0.026387   0.302472   0.681911   0.691523   0.434385   0.774305   0.393410   0.621042   0.026619   0.302568   0.681696   0.690417   0.432958   0.774324   0.391981   0.617691   0.027078   0.302636   0.681498   0.689377   0.431624   0.774353   0.390648   0.614375   0.027454   0.302709   0.681263   0.688608   0.430643   0.774678   0.389669   0.611281   0.027735 321263
 13   0.126141   0.678506   0.648580   0.382990   0.749649   0.342648   0.447553   0.040736   0.298007   0.685125   0.672868   0.411170   0.747636   0.370329   0.454370   0.039841   0.298650   0.684088   0.676335   0.415461   0.748092   0.374592   0.451655   0.035728   0.299297   0.683065   0.679662   0.419573   0.749814   0.378675   0.450972   0.033287   0.299846   0.682183   0.681990   0.422453   0.750879   0.381536   0.450107   0.032320   0.301466   0.680514   0.685128   0.426390   0.750961   0.385456   0.449475   0.031344   0.313237   0.674873   0.694790   0.439006   0.750593   0.398108   0.449893   0.027465   0.341994   0.665694   0.707763   0.456314   0.749790   0.415537   0.455685   0.024069   0.380731   0.656629   0.719511   0.472483   0.749439   0.431911   0.466290   0.026668   0.419745   0.649128   0.731986   0.490189   0.749754   0.449946   0.476246   0.033284   0.448225   0.644571   0.743302   0.506745   0.749702   0.466905   0.485390   0.040591   0.454238   0.644438   0.751287   0.518734   0.749346   0.479246   0.494492   0.046894   0.435597   0.648759   0.754376   0.523458   0.748805   0.484125   0.504027   0.051066   0.400396   0.656170   0.751683   0.519421   0.747933   0.479970   0.513755   0.051769   0.359088   0.664982   0.743807   0.507657   0.747142   0.467872   0.523945   0.047561   0.323286   0.673790   0.730392   0.488095   0.747009   0.447846   0.535711   0.038910   0.304416   0.680317   0.714895   0.466071   0.747323   0.425408   0.541592   0.034243   0.300460   0.682639   0.705791   0.453435   0.747885   0.412591   0.539389   0.034303   0.300549   0.682666   0.702401   0.448868   0.748419   0.407985   0.536115   0.033337   0.300658   0.682590   0.699674   0.445236   0.748653   0.404330   0.533439   0.032525   0.300774   0.682486   0.697229   0.442016   0.748837   0.401095   0.531356   0.032216   0.300854   0.682418   0.694935   0.439016   0.748873   0.398085   0.529177   0.032290   0.300902   0.682311   0.693050   0.436560   0.748887   0.395623   0.526820   0.032250   0.300975   0.682109   0.691638   0.434730   0.749223   0.393790   0.524793   0.031994 229487
 14   0.135520   0.691555   0.531802   0.262617   0.494506   0.226750   0.303107   0.070421   0.284029   0.710914   0.559073   0.287046   0.493683   0.249683   0.305123   0.077145   0.283292   0.709019   0.560579   0.288494   0.493890   0.251059   0.299431   0.079404   0.283343   0.707051   0.560976   0.288908   0.495221   0.251458   0.296030   0.081569   0.283226   0.705679   0.560243   0.288234   0.496001   0.250823   0.293176   0.084156   0.293752   0.694676   0.567266   0.294905   0.495881   0.257148   0.293062   0.086383   0.347657   0.659573   0.587927   0.315632   0.495169   0.276995   0.296449   0.095419   0.453033   0.609993   0.612801   0.342211   0.494021   0.302729   0.299970   0.122291   0.573811   0.567320   0.636767   0.369402   0.493453   0.329340   0.302369   0.154965   0.675488   0.542145   0.658393   0.395160   0.493528   0.354771   0.305006   0.178614   0.738052   0.536843   0.674171   0.414808   0.493328   0.374327   0.309903   0.195414   0.746949   0.550741   0.682483   0.425551   0.492989   0.385091   0.317745   0.206651   0.698843   0.581128   0.682253   0.425489   0.492614   0.385073   0.327657   0.211626   0.607275   0.621370   0.673232   0.414259   0.492115   0.373896   0.337827   0.208714   0.493897   0.664519   0.656747   0.393973   0.491654   0.353745   0.346287   0.196276   0.385228   0.703009   0.635706   0.368798   0.491692   0.328864   0.350965   0.170189   0.306197   0.730899   0.611025   0.340632   0.492165   0.301261   0.349677   0.132298   0.275177   0.739667   0.592443   0.320331   0.492792   0.281521   0.342427   0.108723   0.273905   0.734750   0.584426   0.312014   0.493232   0.273510   0.333956   0.104534   0.273776   0.730104   0.579209   0.306724   0.493268   0.268437   0.326640   0.103916   0.273466   0.726399   0.575038   0.302573   0.493348   0.264467   0.319707   0.104917   0.273420   0.723299   0.571166   0.298773   0.493415   0.260844   0.313668   0.105291   0.273545   0.720765   0.567225   0.294958   0.493451   0.257214   0.308382   0.104989   0.273733   0.718482   0.563755   0.291626   0.493741   0.254049   0.303621   0.105110 110584
 15   0.121470   0.677878   0.710065   0.458996   0.908578   0.418163   0.679948   0.025320   0.302346   0.684250   0.720060   0.472384   0.907825   0.431650   0.683468   0.024442   0.302631   0.683840   0.719967   0.472256   0.908453   0.431521   0.682867   0.024427   0.302881   0.683341   0.720124   0.472492   0.910233   0.431763   0.682939   0.024130   0.303091   0.683022   0.719468   0.471614   0.911376   0.430879   0.682306   0.024389   0.303366   0.682878   0.717983   0.469591   0.911496   0.428834   0.680771   0.024863   0.307696   0.681740   0.717650   0.469173   0.911081   0.428418   0.678025   0.025635   0.321295   0.678256   0.719955   0.472409   0.910263   0.431707   0.677162   0.026418   0.341221   0.673401   0.724584   0.478889   0.909836   0.438288   0.681192   0.027996   0.360859   0.668928   0.730927   0.487852   0.910290   0.447406   0.687315   0.030707   0.375099   0.665792   0.737473   0.497215   0.910557   0.456953   0.692538   0.033220   0.378571   0.664772   0.742728   0.504822   0.910440   0.464726   0.696305   0.034565   0.369746   0.666058   0.745677   0.509121   0.909978   0.469125   0.698740   0.034146   0.351839   0.669161   0.745715   0.509165   0.909096   0.469168   0.700636   0.031628   0.330397   0.673203   0.743089   0.505307   0.908382   0.465214   0.703859   0.026912   0.312636   0.677344   0.737410   0.497023   0.908234   0.456738   0.708949   0.023278   0.304558   0.679907   0.731536   0.488522   0.908426   0.448052   0.710018   0.023509   0.303493   0.680437   0.728574   0.484286   0.908909   0.443733   0.706818   0.024674   0.303529   0.680406   0.726913   0.481934   0.909392   0.441340   0.704101   0.024946   0.303573   0.680359   0.725422   0.479838   0.909554   0.439209   0.701603   0.025020   0.303617   0.680303   0.724076   0.477956   0.909546   0.437300   0.699260   0.025322   0.303666   0.680246   0.722843   0.476242   0.909454   0.435560   0.696911   0.025968   0.303710   0.680153   0.721809   0.474807   0.909489   0.434106   0.694813   0.026407   0.303775   0.679999   0.721058   0.473766   0.909814   0.433050   0.693099   0.026624 510614
 16   0.120064   0.679037   0.721137   0.474177   0.930549   0.433524   0.679661   0.023845   0.301380   0.686194   0.732610   0.490024   0.929656   0.449578   0.683749   0.021844   0.301693   0.685126   0.734317   0.492426   0.930301   0.452019   0.684110   0.021536   0.301989   0.684111   0.735942   0.494732   0.932150   0.454366   0.685826   0.020796   0.302223   0.683357   0.736593   0.495659   0.933251   0.455310   0.687121   0.020426   0.302844   0.682707   0.736629   0.495702   0.933328   0.455353   0.687258   0.020218   0.310131   0.680473   0.738854   0.498901   0.932963   0.458617   0.685487   0.019948   0.329732   0.675124   0.744894   0.507681   0.932158   0.467596   0.686620   0.019362   0.355828   0.668326   0.754052   0.521219   0.931661   0.481482   0.693890   0.019964   0.380508   0.662349   0.765442   0.538417   0.932065   0.499192   0.702361   0.022391   0.397960   0.658324   0.776626   0.555684   0.932251   0.517047   0.708786   0.024863   0.402656   0.656998   0.785615   0.569853   0.931995   0.531755   0.713295   0.026359   0.392502   0.658583   0.791265   0.578896   0.931409   0.541167   0.716804   0.026800   0.370141   0.662579   0.792864   0.581477   0.930406   0.543858   0.720474   0.025949   0.341869   0.667654   0.790775   0.578118   0.929675   0.540359   0.727646   0.022721   0.317246   0.673201   0.782723   0.565297   0.929579   0.527026   0.739843   0.019891   0.305619   0.677386   0.772484   0.549151   0.929808   0.510265   0.746181   0.021974   0.303821   0.678780   0.766655   0.540107   0.930344   0.500905   0.744005   0.025370   0.303708   0.679044   0.763351   0.535065   0.930898   0.495703   0.741480   0.026511   0.303607   0.679250   0.760415   0.530621   0.931124   0.491124   0.739480   0.026783   0.303521   0.679424   0.757712   0.526557   0.931156   0.486944   0.737741   0.026823   0.303458   0.679570   0.755218   0.522834   0.931134   0.483118   0.736103   0.026862   0.303438   0.679649   0.753050   0.519617   0.931259   0.479815   0.734723   0.026755   0.303444   0.679657   0.751236   0.516936   0.931673   0.477065   0.733549   0.026704 743233
 17   0.117854   0.679381   0.738866   0.499336   0.934521   0.459141   0.703497   0.021936   0.300961   0.686824   0.749203   0.514146   0.933760   0.474245   0.710771   0.021019   0.301324   0.685651   0.750810   0.516474   0.934546   0.476624   0.713701   0.021247   0.301669   0.684563   0.752351   0.518729   0.936583   0.478933   0.717487   0.020922   0.301960   0.683742   0.752899   0.519526   0.937830   0.479748   0.720163   0.020958   0.303418   0.682759   0.753393   0.520236   0.938001   0.480473   0.720877   0.020971   0.315608   0.679216   0.757597   0.526513   0.937678   0.486923   0.720497   0.020635   0.344548   0.671849   0.766838   0.540554   0.936848   0.501398   0.725440   0.019941   0.381080   0.663342   0.779736   0.560640   0.936188   0.522202   0.736250   0.020775   0.415337   0.656209   0.795023   0.585135   0.936479   0.547707   0.746100   0.023715   0.439258   0.651672   0.809398   0.608844   0.936614   0.572526   0.752832   0.026857   0.445350   0.650533   0.820501   0.627630   0.936269   0.592287   0.757402   0.029324   0.431449   0.652807   0.827331   0.639399   0.935553   0.604708   0.760711   0.030687   0.401041   0.657826   0.829348   0.642907   0.934401   0.608418   0.763890   0.030339   0.361502   0.664026   0.827060   0.638932   0.933612   0.604215   0.771389   0.027015   0.325509   0.670797   0.817513   0.622578   0.933498   0.586974   0.784827   0.022921   0.307352   0.676533   0.803528   0.598989   0.933687   0.562176   0.792760   0.024626   0.304018   0.678915   0.794409   0.583915   0.934217   0.546390   0.791600   0.028814   0.303698   0.679404   0.789594   0.576137   0.934823   0.538279   0.789399   0.029939   0.303426   0.679762   0.785429   0.569483   0.935118   0.531355   0.787758   0.029881   0.303221   0.680020   0.781731   0.563633   0.935143   0.525279   0.786302   0.029409   0.303084   0.680192   0.778492   0.558548   0.935137   0.520005   0.784903   0.028888   0.303021   0.680255   0.775802   0.554348   0.935343   0.515652   0.783445   0.028409   0.302999   0.680245   0.773543   0.550839   0.935821   0.512020   0.782037   0.027945 784097
 18   0.115390   0.680675   0.741845   0.503853   0.934151   0.463794   0.675769   0.025685   0.298126   0.689244   0.752158   0.518699   0.933424   0.478949   0.683356   0.025148   0.298674   0.687846   0.753558   0.520724   0.934308   0.481019   0.684756   0.024989   0.299015   0.686708   0.754633   0.522299   0.936408   0.482631   0.687233   0.024669   0.299282   0.685861   0.754725   0.522424   0.937644   0.482757   0.688774   0.024570   0.303980   0.684087   0.756259   0.524670   0.937750   0.485058   0.688490   0.024034   0.328867   0.677988   0.763696   0.535911   0.937298   0.496637   0.689794   0.022939   0.381751   0.666615   0.777677   0.557627   0.936370   0.519119   0.698746   0.023010   0.451056   0.653651   0.797075   0.588914   0.935637   0.551740   0.711437   0.026719   0.521646   0.642339   0.819878   0.627286   0.935704   0.592067   0.720516   0.032857   0.573260   0.635105   0.840998   0.664348   0.935591   0.631327   0.725647   0.038763   0.585392   0.634118   0.856783   0.693065   0.935043   0.661953   0.728747   0.043369   0.553406   0.639244   0.865734   0.709753   0.934166   0.679834   0.731624   0.046191   0.488607   0.648726   0.867368   0.712840   0.932947   0.683151   0.736134   0.046576   0.410686   0.659826   0.862017   0.702799   0.932158   0.672379   0.745546   0.042793   0.343820   0.670495   0.847343   0.675810   0.932068   0.643537   0.760324   0.035812   0.308487   0.679161   0.826604   0.638734   0.932336   0.604125   0.767142   0.034839   0.300257   0.683012   0.812167   0.613710   0.932967   0.577680   0.764380   0.038367   0.299860   0.683507   0.804905   0.601550   0.933650   0.564914   0.762686   0.038858   0.299701   0.683767   0.798827   0.591529   0.933994   0.554423   0.761839   0.038081   0.299642   0.683899   0.793528   0.582898   0.934072   0.545408   0.761169   0.036896   0.299690   0.683882   0.789025   0.575634   0.934114   0.537834   0.760714   0.035619   0.299732   0.683830   0.785169   0.569478   0.934356   0.531427   0.759893   0.034537   0.299694   0.683779   0.781795   0.564152   0.934871   0.525897   0.758640   0.033692 330879
 19   0.117228   0.682620   0.711534   0.462268   0.905489   0.421702   0.522398   0.033280   0.295238   0.692926   0.726305   0.482812   0.904352   0.442547   0.526105   0.033097   0.295945   0.691344   0.728572   0.486173   0.905026   0.445994   0.522285   0.031750   0.296393   0.690112   0.729904   0.488119   0.906971   0.447985   0.522048   0.030550   0.296795   0.689046   0.730571   0.489116   0.908120   0.449009   0.522993   0.030138   0.302648   0.686036   0.734821   0.495047   0.908218   0.455037   0.524300   0.028750   0.333562   0.676911   0.748163   0.514389   0.907766   0.474827   0.531237   0.024327   0.403029   0.661138   0.769555   0.546685   0.906749   0.508109   0.547564   0.022033   0.496742   0.643606   0.797084   0.590416   0.905989   0.553602   0.563986   0.027260   0.593690   0.628578   0.827525   0.641709   0.905915   0.607545   0.573104   0.036373   0.666858   0.619122   0.854246   0.689315   0.905541   0.658134   0.577072   0.046231   0.684172   0.618433   0.873138   0.724563   0.904803   0.695916   0.579623   0.055482   0.638453   0.626292   0.882746   0.743039   0.903813   0.715833   0.583547   0.062246   0.548122   0.639923   0.882665   0.742924   0.902551   0.715718   0.590858   0.064483   0.442766   0.655158   0.873886   0.726081   0.901801   0.697570   0.606216   0.059362   0.354216   0.669428   0.852955   0.687091   0.901903   0.655791   0.631264   0.047074   0.307656   0.681817   0.823015   0.633523   0.902417   0.598822   0.645529   0.041006   0.297274   0.687545   0.802845   0.598834   0.903278   0.562205   0.643798   0.041806   0.297330   0.687812   0.794321   0.584804   0.904143   0.547518   0.641201   0.040653   0.297583   0.687752   0.787636   0.573994   0.904594   0.536240   0.639388   0.039423   0.297922   0.687523   0.782159   0.565276   0.904769   0.527171   0.637935   0.038530   0.298208   0.687254   0.777416   0.557832   0.904821   0.519448   0.636629   0.037654   0.298436   0.686928   0.773340   0.551498   0.904996   0.512888   0.635425   0.036700   0.298689   0.686489   0.770057   0.546442   0.905471   0.507660   0.634119   0.035703 111849
 20   0.119691   0.677323   0.729747   0.485994   0.936425   0.445481   0.733044   0.020722   0.302590   0.683009   0.738171   0.497846   0.935744   0.457528   0.737859   0.019063   0.302869   0.682373   0.739054   0.499091   0.936485   0.458794   0.740156   0.019449   0.303124   0.681722   0.739914   0.500322   0.938401   0.460049   0.743107   0.019738   0.303318   0.681295   0.739799   0.500153   0.939620   0.459875   0.745035   0.020173   0.303545   0.681064   0.738842   0.498768   0.939827   0.458460   0.745557   0.020572   0.307413   0.679946   0.738988   0.498975   0.939548   0.458672   0.743772   0.021797   0.319344   0.676842   0.741668   0.502866   0.938818   0.462649   0.743297   0.023339   0.336495   0.672680   0.746444   0.509856   0.938248   0.469805   0.747616   0.024866   0.353228   0.668948   0.752799   0.519269   0.938666   0.479463   0.753517   0.027517   0.364921   0.666508   0.759071   0.528681   0.939054   0.489144   0.757970   0.030249   0.366914   0.665931   0.763685   0.535691   0.939009   0.496371   0.760740   0.031559   0.358473   0.667244   0.765872   0.539039   0.938568   0.499827   0.762130   0.031325   0.342971   0.669951   0.765269   0.538126   0.937662   0.498887   0.763001   0.029606   0.325048   0.673198   0.762385   0.533737   0.937020   0.494361   0.766589   0.025487   0.310546   0.676574   0.756416   0.524715   0.936912   0.485068   0.772354   0.022084   0.304480   0.678756   0.750311   0.515558   0.937050   0.475650   0.772523   0.022976   0.303950   0.679277   0.747079   0.510775   0.937490   0.470743   0.768295   0.024708   0.303933   0.679416   0.744837   0.507485   0.937989   0.467373   0.765258   0.024862   0.303916   0.679488   0.742863   0.504603   0.938188   0.464424   0.762697   0.024424   0.303909   0.679536   0.741079   0.502012   0.938064   0.461776   0.759980   0.024318   0.303917   0.679558   0.739519   0.499758   0.937892   0.459474   0.757267   0.024521   0.303934   0.679516   0.738275   0.497967   0.937970   0.457645   0.755078   0.024523   0.303967   0.679415   0.737317   0.496592   0.938332   0.456243   0.753416   0.024433 816713
 21   0.118511   0.677949   0.738330   0.498220   0.940005   0.457937   0.747186   0.018691   0.302008   0.684105   0.747399   0.511262   0.939294   0.471246   0.752619   0.017427   0.302364   0.683193   0.748935   0.513502   0.940083   0.473538   0.755605   0.018305   0.302715   0.682322   0.750350   0.515576   0.942118   0.475661   0.759284   0.018923   0.303000   0.681697   0.750736   0.516139   0.943408   0.476237   0.761867   0.019436   0.303492   0.681183   0.750467   0.515729   0.943658   0.475815   0.763141   0.019651   0.309422   0.679293   0.752044   0.518052   0.943398   0.478196   0.762449   0.020270   0.325642   0.674873   0.756847   0.525218   0.942624   0.485559   0.764558   0.020735   0.347706   0.669382   0.764181   0.536323   0.941971   0.496999   0.772270   0.021575   0.368823   0.664591   0.773474   0.550646   0.942324   0.511804   0.780589   0.023815   0.383408   0.661443   0.782585   0.564950   0.942622   0.526640   0.786651   0.025946   0.386007   0.660610   0.789634   0.576202   0.942449   0.538347   0.790514   0.026999   0.375520   0.662167   0.793747   0.582845   0.941901   0.545273   0.792714   0.027027   0.355918   0.665512   0.794464   0.584012   0.940889   0.546492   0.794601   0.026112   0.332540   0.669582   0.792125   0.580233   0.940205   0.542552   0.800981   0.022897   0.313256   0.674047   0.784750   0.568419   0.940121   0.530252   0.812204   0.020505   0.305139   0.677215   0.776331   0.555050   0.940270   0.516357   0.815513   0.022701   0.304236   0.678121   0.771887   0.548108   0.940732   0.509163   0.811207   0.025309   0.304101   0.678362   0.769008   0.543664   0.941269   0.504568   0.808398   0.025778   0.303997   0.678535   0.766447   0.539737   0.941498   0.500513   0.806019   0.025632   0.303917   0.678683   0.764052   0.536087   0.941403   0.496748   0.803674   0.025442   0.303862   0.678788   0.761906   0.532833   0.941291   0.493395   0.801536   0.025175   0.303839   0.678820   0.760138   0.530164   0.941442   0.490647   0.799737   0.024779   0.303840   0.678798   0.758703   0.528007   0.941882   0.488428   0.798073   0.024536 1283365
 22   0.116529   0.678465   0.753822   0.520910   0.942471   0.481172   0.770009   0.019020   0.301701   0.685071   0.762820   0.534293   0.941893   0.494913   0.776960   0.017808   0.302040   0.684054   0.764249   0.536449   0.942773   0.497134   0.780943   0.018484   0.302378   0.683110   0.765531   0.538394   0.944909   0.499138   0.785403   0.019049   0.302657   0.682404   0.765827   0.538841   0.946287   0.499598   0.788447   0.019642   0.303669   0.681623   0.765836   0.538841   0.946607   0.499596   0.789869   0.019963   0.312501   0.678895   0.768554   0.543002   0.946341   0.503891   0.789573   0.020393   0.333974   0.673251   0.775111   0.553171   0.945523   0.514415   0.792821   0.020616   0.361596   0.666741   0.784352   0.567765   0.944771   0.529568   0.801153   0.021774   0.387430   0.661254   0.795535   0.585800   0.945018   0.548368   0.809176   0.024568   0.404584   0.657791   0.806158   0.603295   0.945259   0.566677   0.814859   0.027097   0.407031   0.657035   0.814206   0.616804   0.945007   0.580864   0.818369   0.028461   0.394302   0.658957   0.818906   0.624793   0.944378   0.589275   0.820397   0.028754   0.370446   0.662949   0.819828   0.626376   0.943296   0.590944   0.822399   0.027818   0.341117   0.667818   0.817332   0.622121   0.942597   0.586462   0.829437   0.024021   0.316333   0.673169   0.808823   0.607785   0.942512   0.571396   0.842888   0.020448   0.305615   0.677064   0.798660   0.590840   0.942668   0.553622   0.848744   0.022039   0.304338   0.678248   0.793159   0.581824   0.943172   0.544195   0.845455   0.024849   0.304133   0.678559   0.789691   0.576226   0.943754   0.538358   0.842837   0.025627   0.303954   0.678809   0.786521   0.571151   0.943995   0.533076   0.840597   0.025685   0.303814   0.678994   0.783599   0.566503   0.943856   0.528243   0.838594   0.025305   0.303722   0.679094   0.781063   0.562494   0.943736   0.524080   0.836887   0.024833   0.303672   0.679122   0.778956   0.559183   0.943927   0.520645   0.835297   0.024467   0.303664   0.679089   0.777207   0.556447   0.944402   0.517809   0.833779   0.024260 1041156
 23   0.114748   0.679531   0.762917   0.534705   0.938557   0.495389   0.755449   0.021615   0.300315   0.687088   0.770769   0.546582   0.938020   0.507623   0.764657   0.021539   0.300768   0.685888   0.771872   0.548265   0.939038   0.509360   0.769040   0.022206   0.301163   0.684813   0.772895   0.549838   0.941308   0.510986   0.773848   0.022627   0.301497   0.683996   0.772942   0.549899   0.942699   0.511047   0.777211   0.023052   0.305282   0.682318   0.774266   0.551928   0.942950   0.513141   0.778105   0.023040   0.325492   0.676824   0.781135   0.562715   0.942602   0.524330   0.780038   0.022589   0.366293   0.667483   0.793543   0.582657   0.941729   0.545105   0.789323   0.022587   0.414780   0.657943   0.809318   0.608807   0.940882   0.572507   0.801845   0.025184   0.457494   0.650555   0.826653   0.638475   0.940963   0.603782   0.811469   0.029527   0.484206   0.646320   0.842172   0.665864   0.941054   0.632824   0.817929   0.033112   0.487410   0.645956   0.853657   0.686680   0.940636   0.655005   0.821913   0.035596   0.464834   0.649488   0.860028   0.698431   0.939795   0.667568   0.824449   0.037008   0.423208   0.655821   0.860928   0.700110   0.938513   0.669366   0.827272   0.036704   0.372822   0.663072   0.856871   0.692600   0.937740   0.661332   0.835792   0.032765   0.328490   0.670841   0.844317   0.669784   0.937695   0.637006   0.850318   0.027821   0.307201   0.677178   0.827985   0.640675   0.937934   0.606085   0.855873   0.029046   0.303750   0.679656   0.817999   0.623337   0.938528   0.587759   0.852006   0.032756   0.303353   0.680182   0.812435   0.613906   0.939190   0.577836   0.849527   0.033340   0.303060   0.680532   0.807686   0.605947   0.939509   0.569479   0.847948   0.032912   0.302878   0.680734   0.803524   0.599035   0.939427   0.562233   0.846675   0.031961   0.302736   0.680851   0.799922   0.593099   0.939355   0.556021   0.845468   0.030927   0.302635   0.680892   0.796895   0.588152   0.939621   0.550850   0.844056   0.030252   0.302547   0.680895   0.794254   0.583866   0.940183   0.546377   0.842471   0.029872 665637
 24   0.112844   0.681085   0.764089   0.536558   0.935912   0.497312   0.722421   0.024253   0.297682   0.689962   0.769883   0.545316   0.935462   0.506334   0.732570   0.026041   0.298487   0.688436   0.770690   0.546540   0.936668   0.507595   0.735985   0.026861   0.299037   0.687216   0.771310   0.547487   0.938945   0.508573   0.739831   0.026851   0.299431   0.686291   0.771044   0.547060   0.940384   0.508128   0.742874   0.026585   0.308750   0.683136   0.774645   0.552628   0.940572   0.513887   0.744165   0.025567   0.348663   0.673432   0.787448   0.572964   0.940090   0.535027   0.750789   0.023953   0.426875   0.657882   0.808778   0.608215   0.939135   0.571948   0.767502   0.024870   0.525236   0.641790   0.835966   0.655464   0.938134   0.621908   0.783082   0.030300   0.618385   0.628957   0.864321   0.707395   0.937911   0.677369   0.791141   0.036939   0.673930   0.622486   0.887881   0.752674   0.937667   0.726171   0.793372   0.041973   0.665457   0.624648   0.903475   0.783834   0.936967   0.760002   0.792090   0.045855   0.602411   0.633672   0.910400   0.798041   0.935922   0.775506   0.791372   0.048734   0.513941   0.645869   0.908875   0.795045   0.934517   0.772264   0.794935   0.049730   0.421654   0.658522   0.899467   0.776119   0.933715   0.751687   0.806496   0.047217   0.346004   0.670332   0.879428   0.736643   0.933704   0.708937   0.825039   0.041431   0.308095   0.679852   0.854189   0.688521   0.933997   0.657148   0.831301   0.040784   0.300431   0.684157   0.837509   0.657932   0.934644   0.624473   0.826521   0.043368   0.299976   0.684791   0.828799   0.642534   0.935369   0.608140   0.825820   0.042517   0.299696   0.685191   0.821530   0.629900   0.935793   0.594781   0.825871   0.041006   0.299523   0.685417   0.815226   0.619094   0.935797   0.583385   0.825772   0.039215   0.299486   0.685464   0.809911   0.610093   0.935762   0.573914   0.825441   0.037558   0.299435   0.685452   0.805379   0.602509   0.936075   0.565952   0.824673   0.036349   0.299333   0.685391   0.801392   0.595919   0.936707   0.559050   0.823641   0.035323 291189
