timestamp=                2021-11-18T12:14:42.934667
shape=                    (5, 5)
sigma=                    2.5
nepochs=                  3
thresh=                   None
rate=                     0.00725
neighborhood function=    gaussian
init weights=             pca
topology=                 hexagonal
activation distance=      euclidean
output type=              labels
mapfile_prefix=           full2019_5x5_3_00725_3_01
apply classification=     False
seed=                     None
random order=             True
custom init file=         None
order labels by size=     False
decay_function=           3

Quantization Error=       0.35524610
Topographic Error=        0.09857725

############ NEURONS #############
 25 192
  0   0.115874   0.713830   0.744036   0.512000   0.934518   0.472576   0.670764   0.022826   0.296447   0.724266   0.746197   0.515115   0.933674   0.475762   0.677928   0.025913   0.296945   0.723026   0.746067   0.514949   0.934989   0.475596   0.678816   0.027020   0.297176   0.722104   0.745777   0.514559   0.937523   0.475202   0.679901   0.027859   0.297507   0.721283   0.744771   0.513101   0.938920   0.473709   0.680259   0.028354   0.307944   0.716490   0.751068   0.522229   0.939145   0.483056   0.683476   0.026167   0.353304   0.703823   0.770228   0.551123   0.938701   0.512862   0.693845   0.021942   0.441871   0.685902   0.797646   0.594806   0.937579   0.558386   0.712460   0.020826   0.552309   0.667894   0.829942   0.649409   0.936746   0.615931   0.730877   0.024371   0.653777   0.654081   0.862174   0.707199   0.936710   0.677512   0.740485   0.028483   0.707686   0.647938   0.888213   0.756433   0.936516   0.730504   0.742308   0.031040   0.694780   0.650775   0.905553   0.790638   0.935895   0.767617   0.739752   0.033214   0.631784   0.659831   0.914087   0.807952   0.934785   0.786503   0.737853   0.034799   0.543492   0.671597   0.914625   0.809139   0.933243   0.787817   0.739698   0.034988   0.448551   0.684536   0.907210   0.794228   0.932349   0.771579   0.747252   0.034141   0.363844   0.697563   0.888121   0.756689   0.932160   0.730872   0.762386   0.032462   0.313787   0.710412   0.857488   0.698626   0.932215   0.668346   0.769748   0.034029   0.300738   0.717410   0.833945   0.655562   0.932781   0.622285   0.766233   0.037399   0.300116   0.718129   0.823041   0.636654   0.933487   0.602268   0.764334   0.037850   0.299728   0.718538   0.814041   0.621384   0.933857   0.586168   0.763424   0.037102   0.299557   0.718699   0.806362   0.608580   0.933774   0.572711   0.763092   0.035745   0.299526   0.718703   0.799971   0.598078   0.933601   0.561705   0.762486   0.034102   0.299598   0.718522   0.794808   0.589710   0.933851   0.552958   0.761551   0.032810   0.299661   0.718317   0.790264   0.582439   0.934541   0.545374   0.760549   0.031981 296274
  1   0.116828   0.711181   0.751770   0.522998   0.941243   0.483797   0.744976   0.018851   0.299893   0.719174   0.756721   0.530287   0.940465   0.491281   0.753173   0.019716   0.300422   0.718113   0.757055   0.530760   0.941552   0.491763   0.755269   0.020636   0.300811   0.717194   0.757470   0.531364   0.943911   0.492382   0.757923   0.021359   0.301091   0.716503   0.756976   0.530614   0.945280   0.491607   0.759205   0.022036   0.305785   0.714193   0.759179   0.533873   0.945506   0.494956   0.759492   0.021713   0.332064   0.706399   0.769404   0.549416   0.945096   0.511009   0.763012   0.019869   0.389502   0.693425   0.786803   0.576693   0.944041   0.539345   0.775116   0.019217   0.464897   0.679883   0.808670   0.612432   0.943162   0.576762   0.790102   0.022418   0.541024   0.668608   0.832452   0.653026   0.943213   0.619611   0.801182   0.027134   0.594624   0.661767   0.853684   0.690813   0.943149   0.659812   0.807940   0.030683   0.602254   0.661614   0.869397   0.719764   0.942601   0.690814   0.810245   0.033096   0.562093   0.667917   0.877917   0.735828   0.941617   0.708091   0.810489   0.035067   0.492432   0.678137   0.878808   0.737546   0.940202   0.709946   0.811900   0.036403   0.414003   0.689538   0.872677   0.725968   0.939345   0.697490   0.818195   0.035420   0.346426   0.700540   0.856946   0.696865   0.939185   0.666300   0.831049   0.031193   0.310995   0.709742   0.834648   0.656754   0.939300   0.623541   0.836259   0.030615   0.303457   0.713999   0.819112   0.629609   0.939885   0.594765   0.831722   0.033238   0.303075   0.714475   0.811613   0.616936   0.940646   0.581414   0.829104   0.033158   0.302842   0.714728   0.805475   0.606710   0.941091   0.570671   0.827330   0.032309   0.302655   0.714900   0.800031   0.597758   0.941087   0.561290   0.825551   0.031066   0.302519   0.714994   0.795282   0.590029   0.941027   0.553204   0.823757   0.029723   0.302457   0.714970   0.791315   0.583633   0.941333   0.546525   0.821860   0.028741   0.302442   0.714864   0.787913   0.578193   0.942006   0.540855   0.819925   0.028070 749266
  2   0.117070   0.710389   0.755738   0.528667   0.941433   0.489584   0.768092   0.017863   0.300960   0.717696   0.760606   0.535884   0.940798   0.497003   0.775631   0.018749   0.301447   0.716768   0.760810   0.536170   0.941841   0.497294   0.777654   0.019895   0.301877   0.715888   0.761239   0.536797   0.944156   0.497937   0.780236   0.020767   0.302216   0.715213   0.760885   0.536254   0.945559   0.497375   0.781344   0.021474   0.304512   0.713836   0.761592   0.537304   0.945846   0.498455   0.781145   0.021483   0.319913   0.708758   0.768109   0.547227   0.945505   0.508706   0.781869   0.020045   0.353826   0.699944   0.779977   0.565630   0.944570   0.527783   0.789544   0.018494   0.395729   0.691103   0.794415   0.588674   0.943773   0.551799   0.801803   0.019883   0.434446   0.684198   0.810389   0.614931   0.943993   0.579316   0.811719   0.023076   0.460982   0.679960   0.824740   0.639206   0.944200   0.604892   0.818592   0.025528   0.466992   0.679120   0.835553   0.657947   0.943910   0.624728   0.822779   0.027189   0.449751   0.681894   0.841917   0.669160   0.943132   0.636633   0.824859   0.028399   0.414754   0.687532   0.843332   0.671681   0.941828   0.639315   0.826080   0.029106   0.370501   0.694398   0.840386   0.666469   0.940970   0.633777   0.831260   0.026986   0.329494   0.701947   0.829623   0.647710   0.940701   0.613900   0.843744   0.022511   0.308137   0.708982   0.812969   0.619221   0.940668   0.583820   0.847225   0.023199   0.304108   0.712220   0.801462   0.599965   0.941118   0.563573   0.840256   0.026887   0.303730   0.712628   0.795708   0.590586   0.941768   0.553761   0.836092   0.027687   0.303501   0.712848   0.790907   0.582851   0.942128   0.545686   0.832979   0.027460   0.303353   0.712965   0.786644   0.576051   0.942033   0.538599   0.830078   0.026918   0.303275   0.713003   0.782953   0.570213   0.941921   0.532526   0.827366   0.026292   0.303258   0.712965   0.779885   0.565395   0.942203   0.527520   0.824871   0.025683   0.303250   0.712877   0.777281   0.561328   0.942824   0.523299   0.822486   0.025187 1046587
  3   0.118705   0.709863   0.742877   0.509813   0.937348   0.470242   0.749735   0.018197   0.301313   0.716720   0.747811   0.516929   0.936682   0.477520   0.755470   0.018604   0.301795   0.715919   0.748061   0.517275   0.937754   0.477871   0.757069   0.019762   0.302213   0.715133   0.748528   0.517944   0.940126   0.478555   0.759306   0.020747   0.302539   0.714538   0.748208   0.517465   0.941554   0.478061   0.760161   0.021446   0.303970   0.713578   0.748260   0.517524   0.941813   0.478118   0.759844   0.021775   0.315360   0.709731   0.752851   0.524289   0.941472   0.485064   0.760076   0.021294   0.341756   0.702742   0.761941   0.537879   0.940523   0.499057   0.765798   0.020411   0.374847   0.695618   0.773129   0.554997   0.939786   0.516757   0.776301   0.021646   0.405410   0.689972   0.785747   0.574768   0.940107   0.537292   0.785830   0.024592   0.426050   0.686482   0.797212   0.593160   0.940432   0.556478   0.792740   0.027075   0.430596   0.685639   0.805960   0.607479   0.940279   0.571471   0.797165   0.028538   0.416989   0.687591   0.811158   0.616097   0.939592   0.580517   0.799358   0.028898   0.389239   0.691911   0.812251   0.617928   0.938376   0.582442   0.800146   0.028288   0.354398   0.697404   0.809779   0.613818   0.937611   0.578126   0.803791   0.025230   0.322583   0.703749   0.800591   0.598727   0.937446   0.562313   0.813702   0.021158   0.306665   0.709401   0.787069   0.576839   0.937470   0.539442   0.814535   0.022333   0.304005   0.711755   0.778194   0.562747   0.937910   0.524771   0.806419   0.025818   0.303703   0.712062   0.773566   0.555550   0.938483   0.517306   0.802200   0.026497   0.303494   0.712252   0.769638   0.549500   0.938747   0.511043   0.798770   0.026057   0.303354   0.712362   0.766145   0.544165   0.938571   0.505528   0.795456   0.025573   0.303277   0.712400   0.763079   0.539516   0.938329   0.500730   0.792218   0.025388   0.303275   0.712350   0.760588   0.535762   0.938484   0.496859   0.789368   0.025039   0.303321   0.712222   0.758626   0.532818   0.939024   0.493826   0.786937   0.024532 1158587
  4   0.120295   0.709728   0.728892   0.489909   0.932641   0.449933   0.719944   0.019862   0.301561   0.716466   0.733900   0.496918   0.931847   0.457063   0.724843   0.019606   0.302099   0.715685   0.734238   0.497376   0.932897   0.457525   0.726282   0.020123   0.302557   0.714904   0.734864   0.498247   0.935304   0.458410   0.728406   0.020714   0.302943   0.714317   0.734679   0.497967   0.936778   0.458122   0.729182   0.021290   0.303885   0.713648   0.734242   0.497328   0.937060   0.457467   0.728728   0.021642   0.312783   0.710738   0.737140   0.501466   0.936707   0.461691   0.728236   0.021986   0.334868   0.704989   0.743946   0.511298   0.935719   0.471750   0.732381   0.022361   0.363076   0.698907   0.752734   0.524224   0.935104   0.485019   0.741774   0.024211   0.389206   0.694043   0.762767   0.539274   0.935573   0.500523   0.751296   0.027574   0.407700   0.690929   0.771901   0.553245   0.935976   0.514970   0.758703   0.030591   0.412589   0.690042   0.778846   0.564047   0.935913   0.526174   0.763627   0.032379   0.401849   0.691553   0.782869   0.570372   0.935305   0.532747   0.766012   0.032665   0.378659   0.695104   0.783489   0.571352   0.934136   0.533767   0.766548   0.031341   0.348252   0.699892   0.781120   0.567621   0.933347   0.529888   0.768358   0.027369   0.320144   0.705436   0.773376   0.555554   0.933165   0.517367   0.774994   0.022340   0.306127   0.710098   0.762334   0.538572   0.933203   0.499791   0.774369   0.022500   0.303861   0.711913   0.755251   0.527861   0.933640   0.488739   0.766730   0.025409   0.303649   0.712111   0.751648   0.522506   0.934157   0.483232   0.762578   0.025889   0.303523   0.712226   0.748561   0.517953   0.934328   0.478557   0.758927   0.025467   0.303459   0.712278   0.745828   0.513953   0.934126   0.474454   0.755392   0.025224   0.303421   0.712293   0.743417   0.510448   0.933847   0.470863   0.751862   0.025254   0.303413   0.712254   0.741436   0.507582   0.933919   0.467931   0.748713   0.024966   0.303451   0.712147   0.739876   0.505334   0.934401   0.465633   0.745997   0.024684 899067
  5   0.120859   0.713718   0.702344   0.454385   0.936989   0.414088   0.588228   0.026535   0.297820   0.724192   0.709220   0.463466   0.935697   0.423230   0.590658   0.027609   0.298207   0.723081   0.709131   0.463349   0.936618   0.423113   0.587149   0.027126   0.298469   0.722076   0.709336   0.463634   0.938729   0.423403   0.585450   0.026829   0.298771   0.721170   0.709027   0.463240   0.939909   0.423009   0.584060   0.026564   0.302804   0.718441   0.711693   0.466820   0.939906   0.426625   0.583955   0.025172   0.330436   0.709618   0.722941   0.482379   0.939175   0.442424   0.587979   0.022438   0.394034   0.694513   0.742279   0.510090   0.937869   0.470744   0.599107   0.021988   0.481009   0.677743   0.767764   0.548342   0.937226   0.510177   0.612998   0.026703   0.574240   0.662652   0.797162   0.594820   0.937397   0.558556   0.621838   0.033049   0.646625   0.652279   0.824893   0.640996   0.937150   0.607086   0.625297   0.038261   0.669782   0.650018   0.847047   0.679678   0.936484   0.648103   0.625733   0.042383   0.634931   0.656198   0.861471   0.705793   0.935471   0.675982   0.625381   0.045056   0.555382   0.668402   0.866980   0.716015   0.934142   0.686946   0.626629   0.045516   0.456522   0.683543   0.863539   0.709660   0.933220   0.680138   0.631666   0.043435   0.367101   0.698354   0.848859   0.682981   0.933036   0.651638   0.643531   0.038665   0.314383   0.711668   0.821316   0.634772   0.933306   0.600497   0.651088   0.036389   0.299908   0.718407   0.798614   0.596267   0.934039   0.559892   0.648208   0.037760   0.299741   0.718981   0.787520   0.578325   0.934743   0.541140   0.644237   0.038140   0.299787   0.719363   0.777733   0.562857   0.935035   0.525045   0.641316   0.037466   0.299957   0.719486   0.769426   0.549983   0.935209   0.511696   0.638920   0.036337   0.300103   0.719507   0.762432   0.539327   0.935323   0.500684   0.636643   0.034820   0.300202   0.719426   0.756654   0.530674   0.935604   0.491769   0.634565   0.033273   0.300337   0.719173   0.752067   0.523903   0.936286   0.484813   0.633189   0.032096 220492
  6   0.119378   0.711780   0.724001   0.483392   0.931629   0.443365   0.668417   0.021618   0.298830   0.720387   0.729508   0.491044   0.930599   0.451140   0.673490   0.023006   0.299285   0.719389   0.729993   0.491721   0.931531   0.451827   0.673351   0.023431   0.299603   0.718537   0.730566   0.492537   0.933760   0.452659   0.673990   0.023823   0.299889   0.717837   0.730384   0.492292   0.935023   0.452413   0.673830   0.024231   0.304336   0.715334   0.733305   0.496378   0.935148   0.456568   0.673752   0.023321   0.330143   0.707329   0.744841   0.512978   0.934671   0.473542   0.676527   0.020403   0.387133   0.694097   0.763754   0.541170   0.933581   0.502558   0.687743   0.018588   0.463419   0.679899   0.787580   0.578348   0.932835   0.541149   0.703728   0.021506   0.542136   0.667758   0.814024   0.621650   0.932952   0.586506   0.715458   0.026620   0.600678   0.659941   0.837840   0.662521   0.932865   0.629692   0.721884   0.030712   0.610457   0.659547   0.855296   0.693694   0.932376   0.662878   0.724775   0.033781   0.569720   0.666020   0.864929   0.711393   0.931477   0.681821   0.726616   0.036373   0.500890   0.675895   0.866830   0.714973   0.930137   0.685671   0.730064   0.037688   0.421280   0.687280   0.861288   0.704765   0.929274   0.674741   0.737672   0.036512   0.350630   0.698762   0.845426   0.676115   0.929083   0.644175   0.750667   0.032732   0.311610   0.709197   0.820960   0.633282   0.929191   0.598746   0.755353   0.032836   0.302201   0.714512   0.802942   0.602702   0.929754   0.566501   0.750275   0.035615   0.301655   0.715201   0.794475   0.588910   0.930403   0.552071   0.747278   0.035254   0.301422   0.715567   0.787632   0.577952   0.930717   0.540643   0.745333   0.034079   0.301278   0.715778   0.781777   0.568706   0.930721   0.531025   0.743768   0.032649   0.301157   0.715898   0.776679   0.560756   0.930654   0.522775   0.742063   0.031291   0.301130   0.715910   0.772380   0.554124   0.930881   0.515906   0.740051   0.030310   0.301093   0.715898   0.768618   0.548379   0.931518   0.509966   0.738010   0.029533 540377
  7   0.119010   0.710753   0.735704   0.499563   0.933700   0.459776   0.716609   0.019230   0.300296   0.718395   0.741287   0.507495   0.932854   0.467866   0.722703   0.019881   0.300784   0.717419   0.741865   0.508314   0.933847   0.468701   0.724004   0.020735   0.301196   0.716505   0.742638   0.509421   0.936134   0.469832   0.726230   0.021269   0.301547   0.715790   0.742616   0.509384   0.937493   0.469793   0.727323   0.021682   0.304357   0.714101   0.744174   0.511620   0.937707   0.472078   0.726900   0.021456   0.322305   0.708212   0.752299   0.523560   0.937301   0.484332   0.727251   0.019636   0.361437   0.698275   0.766287   0.544597   0.936306   0.506017   0.735241   0.017901   0.410165   0.688218   0.783473   0.571342   0.935586   0.533760   0.748424   0.019659   0.455740   0.680255   0.802458   0.601938   0.935787   0.565707   0.758666   0.023557   0.487385   0.675329   0.819586   0.630494   0.935867   0.595713   0.765255   0.026754   0.495713   0.674268   0.832719   0.653031   0.935502   0.619523   0.769327   0.028937   0.476909   0.677386   0.840697   0.667003   0.934656   0.634341   0.771718   0.030510   0.435974   0.683836   0.842871   0.670858   0.933323   0.638439   0.773813   0.031004   0.383517   0.691733   0.839798   0.665432   0.932465   0.632676   0.779934   0.028529   0.334962   0.700350   0.827879   0.644736   0.932266   0.610763   0.792526   0.024115   0.308996   0.708581   0.808753   0.612261   0.932322   0.576522   0.796993   0.025008   0.303634   0.712547   0.795154   0.589744   0.932801   0.552891   0.791525   0.028823   0.303229   0.713046   0.788570   0.579171   0.933409   0.541860   0.787872   0.029597   0.302982   0.713342   0.783178   0.570626   0.933728   0.532967   0.785227   0.029205   0.302813   0.713519   0.778489   0.563277   0.933687   0.525334   0.782898   0.028456   0.302712   0.713597   0.774407   0.556939   0.933575   0.518762   0.780760   0.027699   0.302653   0.713610   0.770920   0.551573   0.933798   0.513207   0.778750   0.027096   0.302616   0.713590   0.767905   0.546974   0.934406   0.508454   0.776710   0.026706 976452
  8   0.121134   0.710904   0.715837   0.472013   0.926113   0.431798   0.662643   0.021490   0.300401   0.718748   0.722394   0.480946   0.925001   0.440841   0.666561   0.022206   0.300832   0.717858   0.722989   0.481754   0.925850   0.441657   0.665743   0.022580   0.301222   0.716977   0.723931   0.483051   0.928070   0.442973   0.666427   0.022765   0.301600   0.716249   0.724161   0.483364   0.929404   0.443290   0.666426   0.023128   0.303713   0.714776   0.725529   0.485241   0.929586   0.445193   0.665564   0.022773   0.319107   0.709500   0.733091   0.495912   0.929128   0.456064   0.664496   0.020624   0.353819   0.700182   0.746422   0.515144   0.928062   0.475736   0.669979   0.018665   0.396859   0.690469   0.762589   0.539227   0.927457   0.500518   0.682838   0.020233   0.437672   0.682518   0.780673   0.567098   0.927799   0.529380   0.694180   0.023896   0.466990   0.677339   0.797535   0.593965   0.927943   0.557375   0.701356   0.027185   0.474887   0.675999   0.810695   0.615549   0.927667   0.579985   0.706181   0.029538   0.457912   0.678796   0.818727   0.628997   0.926915   0.594128   0.709697   0.030718   0.421192   0.684836   0.821054   0.632945   0.925668   0.598290   0.713081   0.030187   0.374158   0.692355   0.818221   0.628154   0.924798   0.593243   0.720149   0.026822   0.331013   0.700853   0.806423   0.608521   0.924577   0.572620   0.732570   0.022677   0.308185   0.709003   0.787838   0.578272   0.924661   0.540976   0.737163   0.023898   0.303390   0.712800   0.775054   0.557990   0.925158   0.519862   0.732426   0.027449   0.303017   0.713282   0.768845   0.548435   0.925699   0.509970   0.728726   0.028279   0.302788   0.713588   0.763692   0.540607   0.925906   0.501887   0.725778   0.028161   0.302652   0.713763   0.759232   0.533912   0.925872   0.494988   0.723015   0.027913   0.302574   0.713856   0.755290   0.528048   0.925752   0.488955   0.720228   0.027734   0.302562   0.713872   0.751950   0.523113   0.925896   0.483885   0.717653   0.027519   0.302561   0.713859   0.749106   0.518947   0.926454   0.479611   0.715165   0.027352 834857
  9   0.122748   0.709826   0.707243   0.460509   0.899728   0.420189   0.658707   0.024081   0.302485   0.716790   0.715588   0.471605   0.898637   0.431372   0.662988   0.024810   0.302963   0.716229   0.715734   0.471797   0.899427   0.431565   0.661074   0.024838   0.303393   0.715574   0.716247   0.472498   0.901612   0.432275   0.660667   0.024859   0.303776   0.715078   0.715867   0.471973   0.902950   0.431743   0.659995   0.025229   0.304487   0.714637   0.714753   0.470444   0.903150   0.430193   0.658964   0.025422   0.312532   0.712132   0.716393   0.472737   0.902723   0.432524   0.657765   0.025209   0.334123   0.706553   0.721575   0.479956   0.901684   0.439862   0.660683   0.025305   0.363434   0.700170   0.728497   0.489679   0.901198   0.449760   0.669589   0.027649   0.392168   0.694748   0.736808   0.501531   0.901726   0.461859   0.679613   0.031712   0.413772   0.690975   0.745079   0.513532   0.902029   0.474149   0.687670   0.035241   0.421113   0.689583   0.752037   0.523796   0.901937   0.484690   0.693419   0.037155   0.410222   0.691128   0.756432   0.530371   0.901407   0.491462   0.696717   0.036991   0.384370   0.695269   0.757276   0.531677   0.900377   0.492815   0.697893   0.034556   0.351626   0.700855   0.754686   0.527845   0.899551   0.488876   0.699113   0.029466   0.322041   0.706889   0.747594   0.517332   0.899353   0.478067   0.703423   0.024009   0.306673   0.711625   0.737756   0.502884   0.899482   0.463237   0.703564   0.023582   0.303805   0.713371   0.731409   0.493694   0.899945   0.453831   0.697956   0.025641   0.303759   0.713436   0.728631   0.489760   0.900386   0.449819   0.693352   0.025953   0.303782   0.713419   0.726306   0.486494   0.900444   0.446495   0.689367   0.025897   0.303829   0.713361   0.724259   0.483640   0.900339   0.443594   0.685699   0.026122   0.303892   0.713287   0.722418   0.481088   0.900138   0.441002   0.682132   0.026482   0.303953   0.713191   0.720843   0.478918   0.900139   0.438801   0.678875   0.026597   0.304012   0.713043   0.719636   0.477265   0.900567   0.437126   0.676086   0.026545 382584
 10   0.140983   0.721296   0.494570   0.234942   0.433977   0.201327   0.281025   0.054481   0.285252   0.739510   0.513401   0.250102   0.433335   0.215321   0.280786   0.060432   0.284518   0.738385   0.513788   0.250456   0.433712   0.215654   0.275245   0.063071   0.284165   0.737015   0.513965   0.250643   0.435255   0.215834   0.271432   0.066781   0.283740   0.735908   0.513373   0.250152   0.436116   0.215378   0.268301   0.070815   0.296215   0.723035   0.521924   0.257527   0.435975   0.222265   0.269736   0.073995   0.354704   0.685397   0.544525   0.278089   0.435236   0.241648   0.275108   0.080520   0.462496   0.636095   0.569706   0.302530   0.434000   0.264948   0.279636   0.099331   0.581193   0.595612   0.593005   0.326441   0.433450   0.287969   0.283808   0.123205   0.679689   0.571288   0.613509   0.348411   0.433636   0.309286   0.288824   0.140205   0.739720   0.565379   0.628400   0.365032   0.433558   0.325530   0.295436   0.151902   0.748549   0.578459   0.636639   0.374578   0.433314   0.334922   0.303643   0.160747   0.702742   0.607541   0.636911   0.375078   0.432930   0.335446   0.312732   0.165376   0.612604   0.647169   0.628880   0.366026   0.432342   0.326583   0.320962   0.163290   0.500215   0.690073   0.614149   0.349551   0.431800   0.310474   0.326472   0.153854   0.392127   0.728444   0.595060   0.328781   0.431758   0.290265   0.328070   0.135160   0.311145   0.757582   0.571539   0.304408   0.432140   0.266757   0.324461   0.106669   0.277351   0.768484   0.552361   0.285414   0.432726   0.248583   0.315655   0.088014   0.275134   0.764966   0.543037   0.276633   0.433104   0.240256   0.306442   0.084357   0.274823   0.760906   0.537088   0.271146   0.433079   0.235073   0.298993   0.083726   0.274509   0.757557   0.532267   0.266779   0.433130   0.230960   0.292144   0.084719   0.274615   0.754608   0.527816   0.262804   0.433156   0.227225   0.286230   0.085004   0.274952   0.752071   0.523510   0.259001   0.433190   0.223660   0.281109   0.084376   0.275340   0.749727   0.519812   0.255771   0.433559   0.220636   0.276650   0.084110 205246
 11   0.129990   0.722114   0.576298   0.310299   0.606521   0.272584   0.360050   0.053080   0.284437   0.740583   0.608659   0.342754   0.602658   0.303709   0.361213   0.053843   0.284306   0.738372   0.611240   0.345556   0.602917   0.306433   0.350610   0.055250   0.284662   0.736266   0.612561   0.347004   0.604570   0.307843   0.344641   0.056947   0.284872   0.734835   0.611966   0.346385   0.605512   0.307247   0.340556   0.058721   0.295792   0.724203   0.620509   0.355638   0.605368   0.316239   0.341742   0.059196   0.350742   0.693277   0.645204   0.383874   0.604580   0.343952   0.348127   0.064432   0.456181   0.653479   0.673311   0.418180   0.603260   0.378021   0.354547   0.084997   0.573425   0.622241   0.698452   0.450938   0.602667   0.410942   0.359511   0.112764   0.670259   0.605171   0.720308   0.480732   0.602778   0.441134   0.364291   0.134882   0.728775   0.602248   0.735487   0.502219   0.602570   0.463059   0.371654   0.150882   0.736009   0.612378   0.743119   0.513342   0.602257   0.474471   0.381656   0.160714   0.690178   0.633445   0.742517   0.512614   0.601874   0.473752   0.393244   0.163961   0.602933   0.661592   0.733336   0.499591   0.601300   0.460457   0.404981   0.159652   0.493573   0.692966   0.716908   0.476688   0.600742   0.437148   0.415019   0.146979   0.388775   0.722367   0.696096   0.448456   0.600713   0.408560   0.421323   0.124886   0.312203   0.746101   0.670494   0.415258   0.601171   0.375217   0.420881   0.093781   0.281344   0.755692   0.650065   0.389780   0.601813   0.349810   0.413254   0.072313   0.279683   0.753555   0.640496   0.378416   0.602180   0.338580   0.403702   0.066240   0.279324   0.750936   0.634250   0.371181   0.602131   0.331463   0.395162   0.064036   0.279033   0.748553   0.629463   0.365745   0.602214   0.326134   0.386924   0.064192   0.279060   0.746433   0.625061   0.360831   0.602276   0.321332   0.379488   0.064651   0.279449   0.744515   0.620837   0.356166   0.602333   0.316783   0.373028   0.064483   0.279956   0.742682   0.617186   0.352176   0.602762   0.312899   0.367385   0.064116 102507
 12   0.126756   0.711366   0.643482   0.382316   0.753291   0.342488   0.467762   0.036626   0.297297   0.719588   0.667613   0.410236   0.751067   0.369944   0.472002   0.038079   0.297756   0.718786   0.671347   0.414882   0.751616   0.374571   0.465172   0.034248   0.298094   0.718137   0.674086   0.418284   0.753582   0.377959   0.461533   0.032229   0.298458   0.717438   0.675745   0.420329   0.754765   0.379990   0.458369   0.031530   0.302490   0.713591   0.681917   0.428017   0.754831   0.387651   0.457495   0.030160   0.329460   0.702492   0.698588   0.449657   0.754327   0.409373   0.462386   0.025376   0.388502   0.687366   0.717736   0.475416   0.753298   0.435396   0.474743   0.023334   0.463132   0.673512   0.735189   0.499924   0.752844   0.460352   0.488613   0.029466   0.536479   0.662643   0.753690   0.526900   0.753050   0.488012   0.498787   0.038669   0.589428   0.656546   0.770100   0.551748   0.752825   0.513670   0.507753   0.047768   0.599507   0.657516   0.781595   0.569712   0.752335   0.532329   0.517237   0.055754   0.563636   0.665217   0.785938   0.576695   0.751661   0.539621   0.528031   0.061469   0.497516   0.677107   0.782230   0.570936   0.750673   0.533647   0.539760   0.062983   0.419502   0.690748   0.771381   0.554033   0.749850   0.516099   0.551980   0.059189   0.350376   0.703496   0.754227   0.527920   0.749722   0.489107   0.565052   0.047823   0.310240   0.713888   0.731475   0.494613   0.750042   0.454928   0.570573   0.038293   0.299647   0.718622   0.715711   0.472221   0.750599   0.432080   0.565562   0.035806   0.299597   0.718765   0.710308   0.464838   0.751061   0.424600   0.559028   0.033513   0.299641   0.718675   0.706281   0.459413   0.751228   0.419119   0.553654   0.031596   0.299731   0.718474   0.702953   0.454980   0.751411   0.414648   0.548805   0.030485   0.299807   0.718250   0.699925   0.450978   0.751447   0.410620   0.544135   0.029795   0.299838   0.718051   0.697140   0.447327   0.751502   0.406948   0.539560   0.029266   0.299943   0.717747   0.694969   0.444500   0.751997   0.404110   0.535387   0.028877 188937
 13   0.122585   0.710436   0.699020   0.450340   0.849222   0.410078   0.565809   0.033546   0.300337   0.717550   0.721164   0.479586   0.847748   0.439523   0.564482   0.035619   0.301062   0.716409   0.725795   0.486046   0.848361   0.446091   0.556136   0.032653   0.301707   0.715470   0.728913   0.490406   0.850417   0.450526   0.552282   0.031472   0.302283   0.714614   0.730729   0.492965   0.851708   0.453133   0.549345   0.031714   0.304647   0.712639   0.733850   0.497395   0.851873   0.457652   0.547440   0.030964   0.321502   0.706438   0.744978   0.513577   0.851462   0.474231   0.550665   0.025833   0.360638   0.696577   0.759623   0.535255   0.850510   0.496516   0.564920   0.020385   0.411153   0.686712   0.772734   0.555255   0.850075   0.517191   0.584379   0.021516   0.461904   0.678473   0.787007   0.577659   0.850409   0.540476   0.599609   0.027148   0.500576   0.673185   0.800042   0.598673   0.850393   0.562424   0.611288   0.033649   0.512385   0.672372   0.809410   0.614109   0.850024   0.578612   0.621839   0.039543   0.491101   0.676479   0.813418   0.620784   0.849341   0.585625   0.631993   0.043470   0.445087   0.684105   0.811409   0.617403   0.848240   0.582066   0.641831   0.043340   0.389072   0.693157   0.804331   0.605623   0.847355   0.569689   0.652751   0.038779   0.337518   0.702559   0.790392   0.582949   0.847171   0.545968   0.666889   0.030859   0.308712   0.710918   0.770779   0.551969   0.847370   0.513737   0.673990   0.027318   0.302372   0.714676   0.757901   0.532128   0.847855   0.493191   0.670031   0.028427   0.302312   0.714817   0.753517   0.525580   0.848331   0.486450   0.664123   0.028155   0.302370   0.714761   0.750316   0.520857   0.848537   0.481598   0.658726   0.027730   0.302526   0.714591   0.747630   0.516922   0.848677   0.477562   0.653966   0.027821   0.302665   0.714436   0.745140   0.513297   0.848658   0.473848   0.649389   0.028341   0.302744   0.714317   0.742912   0.510075   0.848735   0.470549   0.645046   0.028714   0.302796   0.714198   0.740991   0.507322   0.849264   0.467737   0.641253   0.028947 283104
 14   0.126233   0.709247   0.674362   0.418686   0.780933   0.378366   0.573731   0.029854   0.302267   0.715553   0.691951   0.440269   0.779539   0.399809   0.579841   0.032381   0.302870   0.714881   0.693391   0.442164   0.780266   0.401716   0.576403   0.029814   0.303383   0.714205   0.694439   0.443544   0.782351   0.403103   0.576018   0.028543   0.303712   0.713729   0.694329   0.443408   0.783600   0.402968   0.575421   0.028169   0.304950   0.712750   0.694404   0.443510   0.783659   0.403072   0.574468   0.027579   0.317487   0.708168   0.699282   0.450057   0.783076   0.409681   0.575242   0.025130   0.349469   0.699738   0.707117   0.460603   0.781925   0.420334   0.583401   0.023381   0.392111   0.691158   0.714749   0.470986   0.781448   0.430842   0.597638   0.026624   0.432097   0.684591   0.723047   0.482468   0.781847   0.442501   0.611016   0.032829   0.459280   0.680862   0.730581   0.493069   0.781934   0.453297   0.622099   0.038659   0.465597   0.680654   0.736164   0.501040   0.781731   0.461437   0.630940   0.042888   0.447212   0.684361   0.738230   0.504023   0.781232   0.464490   0.637377   0.044498   0.410447   0.691027   0.736129   0.501001   0.780343   0.461399   0.640981   0.042398   0.367092   0.699011   0.730675   0.493183   0.779545   0.453410   0.642420   0.036621   0.328965   0.706809   0.722371   0.481405   0.779391   0.441398   0.644555   0.029084   0.308168   0.712526   0.712331   0.467382   0.779663   0.427137   0.644033   0.025417   0.303454   0.714554   0.706143   0.458854   0.780183   0.418486   0.638474   0.025448   0.303439   0.714403   0.704341   0.456428   0.780604   0.416036   0.632221   0.024991   0.303512   0.714159   0.702896   0.454501   0.780675   0.414092   0.626812   0.024633   0.303649   0.713878   0.701543   0.452708   0.780738   0.412287   0.622169   0.024808   0.303765   0.713670   0.700089   0.450794   0.780677   0.410361   0.617598   0.025330   0.303822   0.713514   0.698702   0.448977   0.780674   0.408536   0.613151   0.025718   0.303866   0.713312   0.697658   0.447618   0.781102   0.407172   0.609276   0.025935 312143
 15   0.146921   0.719242   0.434709   0.188331   0.324838   0.158541   0.233697   0.067861   0.282654   0.735225   0.434525   0.187694   0.324373   0.157884   0.225531   0.083716   0.281968   0.733905   0.435109   0.188109   0.324850   0.158258   0.222973   0.088443   0.281300   0.732554   0.435340   0.188306   0.326355   0.158442   0.220926   0.094391   0.280425   0.731453   0.434746   0.187926   0.327186   0.158105   0.219102   0.101458   0.294511   0.719214   0.443919   0.194486   0.327079   0.164037   0.222034   0.106991   0.357721   0.685154   0.466404   0.211413   0.326425   0.179482   0.228137   0.118401   0.470845   0.642684   0.490271   0.230670   0.325325   0.197260   0.231777   0.144037   0.593234   0.607449   0.511515   0.248751   0.324909   0.214107   0.234954   0.167734   0.694482   0.583585   0.529531   0.264702   0.325246   0.229072   0.239092   0.176204   0.758352   0.574020   0.542830   0.276890   0.325340   0.240576   0.244079   0.178459   0.768853   0.581927   0.550323   0.283984   0.325234   0.247311   0.249751   0.179972   0.721456   0.606733   0.550769   0.284521   0.324908   0.247839   0.255661   0.179818   0.630323   0.642024   0.543979   0.278205   0.324319   0.241862   0.260478   0.174944   0.515662   0.681824   0.531457   0.266635   0.323745   0.230926   0.262592   0.166710   0.400942   0.720663   0.514149   0.251095   0.323607   0.216310   0.261527   0.154551   0.310671   0.753363   0.490067   0.230514   0.323836   0.197117   0.257537   0.130477   0.271402   0.767820   0.469481   0.213689   0.324286   0.181549   0.250240   0.113358   0.268464   0.765697   0.459803   0.206216   0.324597   0.174704   0.242549   0.112077   0.268323   0.761701   0.453936   0.201798   0.324546   0.170673   0.236832   0.114471   0.268583   0.757770   0.449202   0.198287   0.324547   0.167479   0.232257   0.117765   0.269317   0.754093   0.444916   0.195155   0.324519   0.164636   0.228459   0.117882   0.270003   0.750989   0.440839   0.192218   0.324517   0.161977   0.224987   0.116543   0.270524   0.748164   0.437512   0.189857   0.324834   0.159844   0.221905   0.116401 212270
 16   0.155755   0.712362   0.401687   0.165150   0.250263   0.137640   0.220710   0.050230   0.295879   0.720982   0.389809   0.156895   0.249470   0.130211   0.213321   0.063597   0.296806   0.719430   0.390680   0.157405   0.249988   0.130656   0.214489   0.067258   0.297132   0.718539   0.390795   0.157472   0.251515   0.130715   0.215366   0.071027   0.297436   0.717716   0.390503   0.157278   0.252412   0.130542   0.215973   0.074861   0.303555   0.711880   0.393437   0.159146   0.252392   0.132198   0.217425   0.077774   0.335056   0.692321   0.402323   0.165002   0.251855   0.137420   0.220503   0.082465   0.397594   0.663876   0.413554   0.172637   0.250903   0.144264   0.225197   0.094093   0.469072   0.639120   0.424899   0.180552   0.250568   0.151390   0.231425   0.107672   0.529295   0.623398   0.435656   0.188237   0.250970   0.158337   0.238203   0.116517   0.563360   0.620193   0.443860   0.194223   0.251158   0.163768   0.244825   0.123251   0.561147   0.630320   0.448201   0.197450   0.251131   0.166704   0.250447   0.128247   0.526720   0.649594   0.448174   0.197440   0.250852   0.166697   0.253987   0.129789   0.472966   0.672528   0.444066   0.194376   0.250244   0.163907   0.254774   0.125442   0.409868   0.696626   0.436846   0.189046   0.249658   0.159062   0.253035   0.116470   0.349914   0.719289   0.427160   0.182052   0.249530   0.152728   0.249422   0.105349   0.309904   0.734938   0.416480   0.174547   0.249716   0.145964   0.244302   0.093638   0.295492   0.739823   0.408724   0.169240   0.250095   0.141201   0.238808   0.086503   0.293860   0.738535   0.404428   0.166390   0.250386   0.138657   0.234038   0.084395   0.293295   0.736866   0.401032   0.164165   0.250364   0.136675   0.230134   0.085922   0.293258   0.735087   0.397890   0.162121   0.250351   0.134856   0.226945   0.088290   0.292971   0.733683   0.394695   0.160064   0.250262   0.133029   0.223804   0.087949   0.292276   0.732769   0.391657   0.158130   0.250211   0.131314   0.220569   0.086844   0.291769   0.731814   0.389115   0.156525   0.250493   0.129893   0.217726   0.087251 298554
 17   0.144246   0.711124   0.511337   0.248255   0.444797   0.213584   0.322939   0.035330   0.298243   0.719051   0.517738   0.253141   0.443756   0.218043   0.320976   0.041270   0.298961   0.718197   0.517616   0.253003   0.444333   0.217909   0.320860   0.040914   0.299070   0.717713   0.517215   0.252647   0.446018   0.217574   0.320519   0.041705   0.299044   0.717405   0.516365   0.251916   0.447007   0.216892   0.319760   0.042847   0.303442   0.713190   0.519452   0.254576   0.446977   0.219375   0.321444   0.043698   0.330888   0.698840   0.529136   0.263216   0.446369   0.227488   0.326704   0.043672   0.387784   0.678268   0.539301   0.272579   0.445291   0.236328   0.335558   0.048039   0.451188   0.661044   0.548056   0.280846   0.444879   0.244166   0.347667   0.058589   0.498015   0.651686   0.556031   0.288495   0.445252   0.251440   0.360227   0.069347   0.516877   0.651221   0.561647   0.293963   0.445385   0.256654   0.371345   0.077835   0.505704   0.658690   0.564319   0.296606   0.445298   0.259182   0.379772   0.083197   0.471747   0.671265   0.563476   0.295780   0.444968   0.258393   0.384847   0.084235   0.426704   0.685553   0.559296   0.291651   0.444311   0.254448   0.386230   0.079902   0.379250   0.699754   0.552811   0.285314   0.443668   0.248401   0.384147   0.070912   0.336932   0.712687   0.545124   0.277934   0.443530   0.241383   0.379422   0.059643   0.309759   0.721835   0.537267   0.270552   0.443768   0.234388   0.372490   0.050870   0.300555   0.725012   0.532025   0.265721   0.444212   0.229827   0.364625   0.047461   0.299386   0.724772   0.529498   0.263456   0.444541   0.227698   0.357751   0.046767   0.298537   0.724475   0.527172   0.261402   0.444530   0.225773   0.351800   0.047255   0.297881   0.724164   0.524901   0.259411   0.444550   0.223910   0.346481   0.048443   0.297421   0.723813   0.522627   0.257423   0.444499   0.222050   0.341660   0.049144   0.297016   0.723496   0.520425   0.255509   0.444482   0.220261   0.337108   0.049286   0.296603   0.723214   0.518505   0.253857   0.444823   0.218720   0.332894   0.049673 294948
 18   0.130613   0.709208   0.635510   0.372339   0.704991   0.332544   0.500713   0.030093   0.301506   0.715476   0.651936   0.390613   0.703334   0.350383   0.506571   0.033395   0.302108   0.714785   0.653344   0.392249   0.704008   0.351993   0.503889   0.030779   0.302572   0.714088   0.654681   0.393819   0.706013   0.353539   0.503408   0.029331   0.302873   0.713596   0.654937   0.394109   0.707199   0.353823   0.502526   0.028919   0.304637   0.712066   0.656036   0.395409   0.707223   0.355106   0.501803   0.028619   0.320319   0.705849   0.662650   0.403507   0.706623   0.363147   0.503725   0.026475   0.358541   0.695476   0.671670   0.414689   0.705487   0.374274   0.512684   0.025966   0.407271   0.685713   0.679720   0.424854   0.705049   0.384423   0.526750   0.031325   0.451176   0.678776   0.688119   0.435671   0.705450   0.395262   0.540156   0.039407   0.478152   0.675601   0.695109   0.444839   0.705539   0.404480   0.551643   0.046459   0.478746   0.676959   0.699321   0.450446   0.705365   0.410134   0.560835   0.051085   0.454158   0.682379   0.699832   0.451149   0.704920   0.410846   0.567350   0.052466   0.414515   0.690200   0.696454   0.446670   0.704099   0.406334   0.570968   0.049565   0.370125   0.698910   0.690213   0.438445   0.703327   0.398058   0.571835   0.042830   0.331093   0.707285   0.681992   0.427745   0.703158   0.387314   0.571383   0.034582   0.308756   0.713470   0.672613   0.415731   0.703415   0.375288   0.568365   0.030195   0.303041   0.715691   0.666860   0.408461   0.703907   0.368028   0.561950   0.029885   0.302906   0.715556   0.665110   0.406310   0.704293   0.365891   0.555393   0.029575   0.302882   0.715324   0.663645   0.404523   0.704332   0.364118   0.550029   0.029158   0.302951   0.715015   0.662340   0.402938   0.704394   0.362547   0.545496   0.028979   0.302988   0.714771   0.660957   0.401271   0.704349   0.360897   0.541151   0.029078   0.302963   0.714577   0.659715   0.399780   0.704340   0.359421   0.536819   0.029218   0.302949   0.714336   0.658817   0.398710   0.704747   0.358364   0.532855   0.029408 339697
 19   0.125187   0.712715   0.673526   0.417781   0.940186   0.377497   0.540179   0.021501   0.299034   0.722217   0.680620   0.426520   0.938708   0.386186   0.544790   0.021730   0.299537   0.721227   0.681087   0.427019   0.939641   0.386668   0.545324   0.022712   0.299722   0.720570   0.681101   0.426960   0.941796   0.386594   0.545266   0.024462   0.299710   0.720320   0.679788   0.425210   0.943248   0.384829   0.542548   0.026745   0.301353   0.719538   0.679011   0.424019   0.943860   0.383602   0.535830   0.029113   0.317417   0.715468   0.682784   0.428556   0.943647   0.388090   0.526897   0.030606   0.357848   0.707056   0.692222   0.440681   0.942656   0.400233   0.521223   0.032534   0.410860   0.697370   0.706459   0.459861   0.942077   0.419611   0.521106   0.037493   0.456763   0.689748   0.723746   0.484086   0.942573   0.444265   0.522734   0.043636   0.499933   0.683320   0.741258   0.509537   0.943040   0.470343   0.522630   0.048916   0.537523   0.678296   0.758117   0.535002   0.942931   0.496627   0.519411   0.053055   0.538018   0.678444   0.771356   0.555611   0.942110   0.518022   0.513519   0.054974   0.497124   0.683964   0.777513   0.565362   0.940744   0.528178   0.509432   0.053885   0.432001   0.692535   0.776236   0.563296   0.939860   0.526020   0.510618   0.047937   0.360389   0.702698   0.765194   0.545999   0.939632   0.508044   0.518707   0.037755   0.309923   0.716134   0.737917   0.505207   0.939718   0.466011   0.521847   0.034190   0.293861   0.724337   0.714203   0.470940   0.940293   0.430925   0.516170   0.037480   0.294099   0.724236   0.705882   0.459681   0.940927   0.419537   0.511875   0.037817   0.294889   0.723628   0.700055   0.451826   0.941180   0.411597   0.509421   0.036083   0.296012   0.722527   0.696099   0.446439   0.941024   0.406143   0.507501   0.034577   0.297129   0.721361   0.693558   0.442938   0.940819   0.402592   0.505581   0.033147   0.297725   0.720637   0.691385   0.439984   0.940988   0.399604   0.503662   0.031717   0.298053   0.720081   0.689445   0.437389   0.941593   0.396986   0.502262   0.030794 68959
 20   0.145564   0.715880   0.427588   0.184015   0.275283   0.154753   0.219237   0.174681   0.270587   0.727468   0.409404   0.171300   0.276765   0.143291   0.207239   0.289757   0.269525   0.724508   0.411165   0.172551   0.277137   0.144422   0.206310   0.315756   0.268406   0.722229   0.412272   0.173363   0.278575   0.145160   0.206175   0.335156   0.267187   0.720628   0.412337   0.173460   0.279338   0.145255   0.206103   0.353545   0.286056   0.713803   0.415067   0.175363   0.279195   0.146970   0.206242   0.366635   0.360345   0.690848   0.425934   0.183042   0.278525   0.153906   0.208477   0.365257   0.482262   0.656414   0.442764   0.195375   0.277483   0.165118   0.211829   0.365418   0.605759   0.625473   0.460417   0.208864   0.277248   0.177472   0.214991   0.372930   0.703331   0.603608   0.476385   0.221519   0.277773   0.189134   0.218440   0.369773   0.763779   0.593096   0.488573   0.231494   0.278054   0.198378   0.221798   0.362272   0.776863   0.596662   0.495692   0.237459   0.278118   0.203928   0.224754   0.356531   0.740437   0.613993   0.496961   0.238544   0.277902   0.204942   0.227042   0.351805   0.660570   0.642090   0.491985   0.234357   0.277373   0.201043   0.228269   0.344565   0.548716   0.678353   0.481135   0.225396   0.276770   0.192726   0.227757   0.339635   0.425005   0.717933   0.464787   0.212310   0.276480   0.180645   0.225272   0.343449   0.314915   0.753278   0.444108   0.196359   0.276506   0.166014   0.220693   0.352590   0.261357   0.767780   0.429087   0.185173   0.276789   0.155816   0.215242   0.363582   0.256236   0.763142   0.423216   0.181036   0.276985   0.152081   0.210919   0.371468   0.256102   0.756841   0.419540   0.178509   0.276860   0.149808   0.207744   0.378981   0.256143   0.751368   0.416377   0.176357   0.276835   0.147877   0.205220   0.385894   0.256286   0.746795   0.413470   0.174387   0.276819   0.146110   0.202878   0.385284   0.256205   0.743012   0.410889   0.172645   0.276833   0.144548   0.200496   0.381456   0.256169   0.739551   0.408957   0.171358   0.277146   0.143397   0.198580   0.380340 95627
 21   0.156668   0.717808   0.366394   0.143288   0.194704   0.118336   0.187743   0.097610   0.285488   0.731602   0.341790   0.128070   0.194032   0.104900   0.177202   0.140057   0.285962   0.729272   0.342460   0.128422   0.194548   0.105202   0.177836   0.148837   0.285814   0.727626   0.342670   0.128535   0.196006   0.105300   0.178226   0.157580   0.285732   0.726350   0.342227   0.128284   0.196835   0.105081   0.178319   0.166189   0.298357   0.716853   0.346104   0.130492   0.196799   0.107003   0.179593   0.173131   0.352018   0.687678   0.357677   0.137342   0.196256   0.113004   0.182250   0.184381   0.449189   0.646324   0.372657   0.146591   0.195323   0.121164   0.185085   0.202422   0.556689   0.608924   0.387817   0.156283   0.195058   0.129765   0.188593   0.215130   0.647403   0.582789   0.401730   0.165468   0.195521   0.137962   0.192510   0.217050   0.704543   0.572779   0.412695   0.172921   0.195761   0.144645   0.196405   0.216846   0.713040   0.582114   0.419273   0.177497   0.195780   0.148766   0.200127   0.217688   0.669537   0.608950   0.420434   0.178329   0.195529   0.149519   0.203172   0.217204   0.588249   0.646015   0.415897   0.175168   0.194957   0.146673   0.204742   0.211486   0.486859   0.687837   0.406470   0.168671   0.194377   0.140833   0.204338   0.203510   0.386195   0.728607   0.392762   0.159480   0.194186   0.132609   0.202163   0.197583   0.311405   0.758538   0.376471   0.148940   0.194289   0.123236   0.198403   0.187999   0.280865   0.768130   0.364247   0.141294   0.194606   0.116474   0.193857   0.179709   0.278352   0.764008   0.357903   0.137476   0.194836   0.113120   0.189582   0.177924   0.278084   0.759284   0.353163   0.134675   0.194756   0.110667   0.186078   0.180862   0.278392   0.754881   0.348998   0.132242   0.194719   0.108541   0.183369   0.184406   0.278538   0.751159   0.345081   0.129993   0.194634   0.106580   0.180797   0.182694   0.278065   0.748349   0.341557   0.127991   0.194579   0.104838   0.178120   0.179556   0.277604   0.745794   0.338858   0.126470   0.194840   0.103517   0.175884   0.179557 187588
 22   0.149947   0.711327   0.459433   0.206040   0.352327   0.174560   0.271468   0.041590   0.297612   0.719410   0.460653   0.206444   0.351685   0.174847   0.267607   0.049991   0.298139   0.718457   0.461007   0.206671   0.352220   0.175047   0.267887   0.051415   0.298299   0.717744   0.461242   0.206836   0.353824   0.175196   0.267958   0.053450   0.298440   0.717122   0.461033   0.206681   0.354765   0.175054   0.267733   0.055858   0.303403   0.712459   0.464260   0.209146   0.354730   0.177309   0.269211   0.057668   0.332018   0.696670   0.473654   0.216551   0.354150   0.184115   0.273567   0.059077   0.391085   0.673433   0.484776   0.225621   0.353125   0.192499   0.280366   0.066348   0.458938   0.653198   0.495764   0.234825   0.352728   0.201049   0.289027   0.079069   0.513376   0.641153   0.505857   0.243435   0.353091   0.209072   0.298346   0.090012   0.540252   0.639449   0.513090   0.249718   0.353241   0.214946   0.307063   0.098552   0.534299   0.647500   0.516856   0.253058   0.353172   0.218080   0.313870   0.104434   0.501181   0.662072   0.516604   0.252857   0.352851   0.217895   0.318009   0.106284   0.452263   0.679382   0.512351   0.249098   0.352213   0.214371   0.319028   0.102250   0.396616   0.697396   0.505018   0.242668   0.351614   0.208350   0.317086   0.093037   0.344332   0.714346   0.495637   0.234607   0.351501   0.200829   0.312754   0.080324   0.309795   0.726536   0.485363   0.226012   0.351731   0.192847   0.306456   0.068453   0.297691   0.730815   0.478097   0.220072   0.352162   0.187352   0.299474   0.062895   0.296367   0.730229   0.474564   0.217256   0.352491   0.184759   0.293528   0.061832   0.295627   0.729416   0.471708   0.215011   0.352487   0.182697   0.288616   0.063061   0.295066   0.728681   0.468980   0.212891   0.352487   0.180753   0.284278   0.065140   0.294622   0.728006   0.466275   0.210809   0.352416   0.178848   0.280263   0.065891   0.294180   0.727396   0.463685   0.208835   0.352390   0.177043   0.276452   0.065967   0.293776   0.726763   0.461547   0.207217   0.352707   0.175566   0.273011   0.066491 333015
 23   0.138439   0.711209   0.557431   0.290590   0.540559   0.253555   0.373124   0.033698   0.298046   0.719351   0.570466   0.302247   0.538968   0.264498   0.373439   0.037285   0.298727   0.718558   0.570914   0.302653   0.539590   0.264880   0.372296   0.034980   0.298990   0.717965   0.570589   0.302324   0.541380   0.264564   0.372075   0.034898   0.299053   0.717609   0.569610   0.301362   0.542429   0.263645   0.371434   0.035222   0.303107   0.713690   0.572676   0.304341   0.542407   0.266484   0.373091   0.035350   0.330062   0.700855   0.582890   0.314636   0.541771   0.276360   0.379079   0.034512   0.387217   0.682812   0.593274   0.325438   0.540634   0.286777   0.389947   0.037981   0.452408   0.667756   0.601547   0.334294   0.540190   0.295363   0.404365   0.047944   0.502966   0.659154   0.609224   0.342661   0.540566   0.303500   0.418729   0.058574   0.526119   0.657910   0.614577   0.348579   0.540687   0.309272   0.431506   0.066878   0.516777   0.663731   0.616731   0.350983   0.540580   0.311621   0.441691   0.071735   0.480981   0.674479   0.615189   0.349252   0.540224   0.309929   0.448435   0.072005   0.431620   0.687374   0.610142   0.343630   0.539533   0.304439   0.451260   0.066998   0.380060   0.700293   0.602830   0.335605   0.538871   0.296624   0.450303   0.057810   0.336185   0.711761   0.594769   0.326930   0.538730   0.288207   0.446269   0.047018   0.309478   0.719809   0.586862   0.318607   0.538972   0.280162   0.439553   0.039556   0.301025   0.722566   0.581985   0.313571   0.539435   0.275311   0.431276   0.037271   0.300191   0.722321   0.580074   0.311662   0.539780   0.273484   0.423656   0.036858   0.299610   0.721973   0.578450   0.310059   0.539772   0.271952   0.417088   0.036982   0.299115   0.721671   0.576799   0.308435   0.539795   0.270401   0.411096   0.037611   0.298746   0.721418   0.574949   0.306612   0.539747   0.268659   0.405611   0.038140   0.298462   0.721161   0.573167   0.304863   0.539741   0.266990   0.400382   0.038306   0.298135   0.720927   0.571581   0.303326   0.540110   0.265525   0.395407   0.038578 289801
 24   0.134544   0.709951   0.601316   0.334853   0.627670   0.296036   0.434679   0.033196   0.300169   0.716918   0.615976   0.349609   0.626222   0.310185   0.437065   0.036869   0.300778   0.716241   0.616915   0.350594   0.626875   0.311136   0.435163   0.033844   0.301201   0.715597   0.617384   0.351077   0.628790   0.311600   0.435306   0.032827   0.301436   0.715147   0.616933   0.350569   0.629923   0.311104   0.435190   0.032575   0.304099   0.712661   0.618736   0.352534   0.629933   0.313015   0.435869   0.032529   0.324615   0.703653   0.626930   0.361750   0.629324   0.322028   0.440085   0.031041   0.371370   0.689955   0.636599   0.372845   0.628196   0.332916   0.450384   0.032219   0.428195   0.677780   0.644839   0.382539   0.627757   0.342473   0.464740   0.039523   0.476169   0.669935   0.653104   0.392471   0.628138   0.352303   0.478640   0.048814   0.502221   0.667488   0.659394   0.400173   0.628234   0.359953   0.490881   0.056732   0.499201   0.670726   0.662537   0.404080   0.628087   0.363844   0.500932   0.061852   0.469442   0.678601   0.661792   0.403166   0.627686   0.362936   0.508163   0.063089   0.424105   0.688946   0.657146   0.397441   0.626932   0.357244   0.511892   0.059422   0.375466   0.699763   0.649961   0.388693   0.626220   0.348566   0.512034   0.051741   0.333687   0.709635   0.641563   0.378642   0.626067   0.338625   0.509636   0.042577   0.309224   0.716566   0.632865   0.368430   0.626312   0.328560   0.504662   0.036895   0.302355   0.718850   0.627704   0.362459   0.626784   0.322692   0.497625   0.035522   0.302054   0.718496   0.626167   0.360731   0.627145   0.321002   0.490887   0.034880   0.301862   0.718103   0.624841   0.359252   0.627163   0.319559   0.485153   0.034593   0.301736   0.717730   0.623565   0.357841   0.627207   0.318182   0.480069   0.034798   0.301635   0.717427   0.622145   0.356274   0.627161   0.316656   0.475277   0.035041   0.301527   0.717149   0.620774   0.354763   0.627157   0.315184   0.470663   0.035222   0.301417   0.716844   0.619756   0.353652   0.627552   0.314103   0.466362   0.035493 326785
