timestamp=                2021-11-27T19:32:39.329981
shape=                    (5, 5)
sigma=                    2.5
nepochs=                  3
thresh=                   None
rate=                     0.00724
neighborhood function=    gaussian
init weights=             pca
topology=                 hexagonal
activation distance=      euclidean
output type=              labels
mapfile_prefix=           full2018_5x5_3_00724_3_09
apply classification=     False
apply activation=         False
seed=                     None
random order=             True
custom init file=         None
order labels by size=     False
decay_function=           3

quantization Error=       0.34761179
topographic Error=        0.10541410

############ NEURONS #############
 25 192
  0   0.129150   0.689753   0.584123   0.313269   0.608679   0.274976   0.351315   0.063489   0.286311   0.706626   0.618498   0.348329   0.604870   0.308645   0.353917   0.063142   0.286606   0.703897   0.621743   0.351886   0.605079   0.312103   0.346485   0.063179   0.287050   0.701820   0.622950   0.353236   0.606517   0.313420   0.343719   0.063214   0.287384   0.700324   0.622546   0.352801   0.607396   0.312998   0.341984   0.063564   0.295555   0.691948   0.629599   0.360484   0.607341   0.320461   0.342395   0.063605   0.338626   0.666685   0.649639   0.383557   0.606665   0.343099   0.345966   0.069715   0.427149   0.631385   0.673747   0.413166   0.605509   0.372486   0.350296   0.092070   0.533374   0.601169   0.697793   0.444608   0.604906   0.404051   0.353560   0.123026   0.627090   0.583234   0.720026   0.475075   0.604928   0.434901   0.356930   0.149669   0.685680   0.579252   0.735764   0.497504   0.604648   0.457777   0.363434   0.169672   0.690672   0.589079   0.743291   0.508564   0.604252   0.469122   0.373430   0.182696   0.640692   0.610402   0.741652   0.506351   0.603886   0.466889   0.385840   0.187499   0.554015   0.638493   0.731008   0.491225   0.603415   0.451469   0.398807   0.182846   0.453980   0.668506   0.713321   0.466585   0.602945   0.426438   0.409966   0.167578   0.364515   0.694844   0.692225   0.438001   0.602982   0.397546   0.417366   0.139777   0.305409   0.713421   0.669445   0.408337   0.603475   0.367779   0.418519   0.104572   0.284435   0.719289   0.653191   0.387937   0.604109   0.347447   0.413293   0.082585   0.283795   0.716455   0.646381   0.379803   0.604552   0.339413   0.406019   0.076752   0.283581   0.713690   0.641977   0.374681   0.604599   0.334379   0.399140   0.074716   0.283183   0.711434   0.638466   0.370674   0.604710   0.330455   0.392461   0.074575   0.283007   0.709523   0.635154   0.366935   0.604790   0.326800   0.386232   0.074639   0.283110   0.707872   0.631762   0.363130   0.604824   0.323085   0.380591   0.074458   0.283310   0.706360   0.628617   0.359616   0.605151   0.319656   0.375734   0.074230 
  1   0.136719   0.678410   0.570407   0.298462   0.563517   0.260616   0.387040   0.037909   0.298472   0.685126   0.585178   0.311785   0.562420   0.273120   0.391530   0.040805   0.299071   0.684441   0.585840   0.312419   0.562932   0.273722   0.390992   0.036856   0.299475   0.683729   0.586203   0.312769   0.564491   0.274054   0.391497   0.035765   0.299712   0.683228   0.585930   0.312483   0.565466   0.273778   0.391942   0.035615   0.301840   0.681077   0.587244   0.313807   0.565475   0.275046   0.392786   0.035649   0.318854   0.672705   0.593778   0.320619   0.564917   0.281608   0.395581   0.034886   0.358799   0.659115   0.601877   0.329227   0.563961   0.289929   0.403482   0.037211   0.408006   0.646532   0.609017   0.336984   0.563580   0.297455   0.415677   0.045116   0.448451   0.638559   0.616068   0.344777   0.563938   0.305042   0.428020   0.054681   0.468779   0.636370   0.621150   0.350486   0.564048   0.310617   0.439164   0.062837   0.463949   0.640060   0.623297   0.352937   0.563895   0.313017   0.448266   0.067793   0.437967   0.648227   0.622152   0.351655   0.563538   0.311766   0.454751   0.068371   0.400095   0.658736   0.617759   0.346715   0.562904   0.306942   0.458270   0.063988   0.359216   0.669913   0.611105   0.339315   0.562274   0.299730   0.458686   0.055522   0.324736   0.680004   0.603519   0.331007   0.562145   0.291656   0.456787   0.045886   0.305339   0.686418   0.596547   0.323495   0.562409   0.284377   0.452852   0.039773   0.300184   0.688059   0.592815   0.319532   0.562867   0.280548   0.447521   0.038055   0.299929   0.687570   0.591567   0.318246   0.563256   0.279311   0.442436   0.037809   0.299723   0.687141   0.590339   0.316995   0.563319   0.278111   0.437975   0.038251   0.299532   0.686765   0.589203   0.315845   0.563377   0.277009   0.433849   0.039037   0.299427   0.686384   0.588136   0.314767   0.563387   0.275976   0.430004   0.039496   0.299365   0.686029   0.587093   0.313711   0.563397   0.274964   0.426468   0.039723   0.299265   0.685729   0.586188   0.312808   0.563680   0.274101   0.423083   0.039987 
  2   0.149327   0.679184   0.459436   0.201606   0.351563   0.170059   0.277246   0.048256   0.297626   0.686501   0.464864   0.205151   0.351051   0.173203   0.275408   0.055237   0.298149   0.685625   0.465347   0.205474   0.351470   0.173490   0.275879   0.055937   0.298454   0.684848   0.465790   0.205796   0.352838   0.173781   0.276394   0.057172   0.298634   0.684236   0.465872   0.205858   0.353699   0.173838   0.276624   0.059031   0.301801   0.681125   0.467688   0.207252   0.353677   0.175111   0.277324   0.060650   0.323005   0.668876   0.474224   0.212393   0.353145   0.179827   0.279865   0.062080   0.369469   0.648898   0.483241   0.219671   0.352267   0.186534   0.285160   0.068930   0.424682   0.630396   0.492909   0.227666   0.351920   0.193932   0.292461   0.081507   0.470067   0.618552   0.502397   0.235653   0.352263   0.201346   0.300281   0.092945   0.493943   0.615442   0.509628   0.241857   0.352400   0.207124   0.307515   0.101792   0.491520   0.621150   0.513554   0.245298   0.352288   0.210341   0.313323   0.107783   0.466085   0.633488   0.513628   0.245396   0.351976   0.210439   0.317232   0.109577   0.425300   0.649450   0.509840   0.242104   0.351407   0.207366   0.318817   0.105334   0.377693   0.666755   0.502934   0.236131   0.350830   0.201794   0.318086   0.095453   0.333831   0.683002   0.494009   0.228554   0.350703   0.194751   0.315403   0.082885   0.306080   0.693972   0.484871   0.220976   0.350936   0.187734   0.310900   0.072843   0.297258   0.697116   0.479054   0.216241   0.351351   0.183365   0.305726   0.069022   0.296693   0.696144   0.476426   0.214146   0.351706   0.181438   0.301426   0.068858   0.296419   0.695141   0.474189   0.212387   0.351762   0.179824   0.297964   0.070318   0.296171   0.694250   0.472128   0.210784   0.351813   0.178358   0.294909   0.071918   0.295915   0.693422   0.470277   0.209356   0.351821   0.177052   0.292040   0.071979   0.295671   0.692683   0.468615   0.208082   0.351827   0.175888   0.289231   0.071472   0.295429   0.692024   0.467209   0.207018   0.352076   0.174918   0.286491   0.071677 
  3   0.155091   0.680707   0.399191   0.159505   0.242790   0.132185   0.224434   0.055948   0.294956   0.689099   0.390176   0.153272   0.242192   0.126590   0.217960   0.067699   0.295898   0.687678   0.391184   0.153858   0.242620   0.127101   0.219486   0.070653   0.296320   0.686893   0.391217   0.153861   0.243922   0.127101   0.220697   0.072912   0.296501   0.686364   0.390798   0.153591   0.244742   0.126861   0.221363   0.075309   0.301324   0.681410   0.392868   0.154887   0.244747   0.128006   0.222352   0.077655   0.328365   0.663198   0.400350   0.159738   0.244243   0.132313   0.224553   0.082263   0.383882   0.635444   0.410503   0.166508   0.243408   0.138353   0.228509   0.094148   0.447812   0.610970   0.421015   0.173696   0.243113   0.144793   0.234101   0.108416   0.501213   0.595303   0.431343   0.180917   0.243504   0.151287   0.240284   0.117553   0.530964   0.591493   0.439399   0.186667   0.243694   0.156476   0.246335   0.123807   0.529526   0.600336   0.443697   0.189789   0.243631   0.159303   0.251625   0.128107   0.499883   0.618323   0.443878   0.189922   0.243368   0.159424   0.255305   0.128800   0.451332   0.640880   0.440117   0.187168   0.242826   0.156927   0.256803   0.123604   0.394603   0.664997   0.433264   0.182207   0.242261   0.152440   0.256113   0.114093   0.341600   0.687590   0.424086   0.175710   0.242121   0.146585   0.253646   0.103367   0.306556   0.702887   0.414219   0.168906   0.242312   0.140480   0.249873   0.093156   0.294477   0.707269   0.407359   0.164298   0.242677   0.136364   0.245725   0.087973   0.293514   0.705688   0.403793   0.161971   0.242985   0.134295   0.242026   0.087266   0.293210   0.703978   0.400859   0.160075   0.243012   0.132612   0.239004   0.089233   0.293090   0.702387   0.398028   0.158264   0.243046   0.131008   0.236561   0.091375   0.292727   0.701101   0.395333   0.156557   0.243036   0.129498   0.234043   0.090587   0.292136   0.700173   0.392877   0.155020   0.243024   0.128141   0.231243   0.089112   0.291580   0.699369   0.390767   0.153715   0.243247   0.126992   0.228525   0.089141 
  4   0.155053   0.686345   0.368808   0.141133   0.195761   0.116054   0.196170   0.122144   0.284105   0.699635   0.347903   0.128183   0.195376   0.104634   0.187801   0.176744   0.285036   0.696886   0.349466   0.129027   0.195775   0.105361   0.189280   0.185819   0.285548   0.695004   0.350119   0.129393   0.196976   0.105678   0.190562   0.193754   0.285892   0.693676   0.349978   0.129314   0.197690   0.105609   0.191380   0.201909   0.296436   0.685596   0.353007   0.131018   0.197666   0.107087   0.192491   0.208171   0.343582   0.659636   0.362497   0.136595   0.197178   0.111961   0.194468   0.218176   0.430834   0.621725   0.375273   0.144429   0.196377   0.118854   0.196791   0.235691   0.529508   0.586524   0.388567   0.152860   0.196178   0.126316   0.199498   0.249105   0.615798   0.560563   0.401327   0.161202   0.196637   0.133737   0.202257   0.251338   0.671610   0.549416   0.411575   0.168090   0.196850   0.139893   0.204757   0.250489   0.681707   0.556886   0.417745   0.172328   0.196835   0.143695   0.207233   0.250084   0.644436   0.580818   0.419123   0.173291   0.196617   0.144562   0.209406   0.248710   0.571293   0.615246   0.415429   0.170740   0.196110   0.142271   0.210519   0.242879   0.477164   0.655376   0.407070   0.165035   0.195559   0.137158   0.210075   0.235098   0.381190   0.695537   0.394232   0.156508   0.195366   0.129553   0.208322   0.229701   0.306988   0.726474   0.378404   0.146378   0.195460   0.120573   0.205393   0.222732   0.275825   0.737019   0.366440   0.138988   0.195752   0.114061   0.201815   0.218440   0.273461   0.732929   0.360428   0.135422   0.196013   0.110940   0.198474   0.219055   0.273476   0.728078   0.356016   0.132858   0.196004   0.108704   0.195721   0.222701   0.273863   0.723749   0.352137   0.130633   0.196030   0.106768   0.193585   0.226223   0.273929   0.720236   0.348693   0.128680   0.196025   0.105072   0.191461   0.224713   0.273413   0.717560   0.345701   0.126999   0.196005   0.103613   0.189033   0.222115   0.272984   0.715143   0.343322   0.125672   0.196207   0.102464   0.186797   0.222293 
  5   0.122133   0.678493   0.692583   0.437052   0.820844   0.396312   0.516903   0.039747   0.299222   0.684865   0.717936   0.470024   0.819564   0.429366   0.517737   0.040572   0.299974   0.683603   0.722314   0.476092   0.820083   0.435518   0.513350   0.036749   0.300598   0.682654   0.725076   0.479921   0.821930   0.439400   0.512851   0.034854   0.301069   0.681889   0.726715   0.482188   0.823094   0.441697   0.512713   0.034431   0.302543   0.680551   0.728864   0.485175   0.823212   0.444728   0.512712   0.033378   0.313594   0.675995   0.737009   0.496874   0.822880   0.456667   0.514153   0.028968   0.340297   0.668188   0.748662   0.513903   0.822096   0.474101   0.522674   0.023845   0.376018   0.660057   0.759389   0.529983   0.821706   0.490642   0.536868   0.023985   0.411568   0.653227   0.770632   0.547272   0.822032   0.508511   0.550111   0.028796   0.437559   0.649017   0.780528   0.562853   0.822024   0.524686   0.562068   0.035015   0.444525   0.648555   0.787173   0.573520   0.821678   0.535800   0.573342   0.040728   0.428912   0.652017   0.789434   0.577196   0.821106   0.539640   0.583947   0.044329   0.396639   0.658368   0.786669   0.572737   0.820159   0.534991   0.594065   0.044275   0.357393   0.666098   0.779344   0.561012   0.819372   0.522781   0.605093   0.040005   0.322670   0.674056   0.766285   0.540580   0.819290   0.501594   0.618521   0.032889   0.304825   0.679974   0.751229   0.517560   0.819613   0.477828   0.625607   0.029690   0.301410   0.682032   0.742689   0.504798   0.820180   0.464709   0.623381   0.030178   0.301490   0.682040   0.739544   0.500231   0.820733   0.460039   0.619416   0.029768   0.301605   0.681955   0.737099   0.496727   0.820986   0.456464   0.615601   0.029700   0.301732   0.681857   0.734867   0.493557   0.821132   0.453236   0.612301   0.030247   0.301846   0.681767   0.732819   0.490666   0.821121   0.450295   0.609208   0.031052   0.301940   0.681640   0.731188   0.488377   0.821141   0.447970   0.606149   0.031494   0.302033   0.681445   0.729965   0.486669   0.821502   0.446236   0.603496   0.031573 
  6   0.131956   0.677786   0.617942   0.347689   0.660573   0.308011   0.464860   0.034899   0.300101   0.683908   0.631519   0.361585   0.659214   0.321354   0.470507   0.037290   0.300676   0.683165   0.632511   0.362654   0.659749   0.322389   0.469486   0.034098   0.301185   0.682343   0.633731   0.364016   0.661396   0.323717   0.470087   0.032661   0.301512   0.681749   0.634068   0.364387   0.662424   0.324078   0.470607   0.032192   0.302877   0.680472   0.634782   0.365191   0.662438   0.324862   0.470869   0.031827   0.315052   0.675046   0.639581   0.370785   0.661890   0.330359   0.472203   0.030528   0.345782   0.665281   0.646795   0.379286   0.660923   0.338728   0.478860   0.030916   0.385735   0.655636   0.653714   0.387574   0.660520   0.346912   0.490652   0.036144   0.420813   0.648934   0.660627   0.396001   0.660884   0.355259   0.502966   0.044043   0.441128   0.646212   0.666011   0.402661   0.660979   0.361874   0.513925   0.051109   0.440545   0.647896   0.668858   0.406215   0.660791   0.365410   0.522742   0.055658   0.420379   0.653340   0.668569   0.405856   0.660409   0.365054   0.528971   0.056665   0.388035   0.661139   0.665057   0.401486   0.659740   0.360709   0.532235   0.053403   0.352045   0.669911   0.659120   0.394167   0.659062   0.353444   0.532782   0.046603   0.321585   0.678085   0.651756   0.385202   0.658915   0.344565   0.532078   0.039069   0.305305   0.683264   0.644808   0.376848   0.659194   0.336311   0.529200   0.035216   0.301641   0.684529   0.641195   0.372558   0.659677   0.332081   0.524215   0.034672   0.301650   0.684145   0.640018   0.371191   0.660090   0.330739   0.519608   0.034342   0.301686   0.683764   0.638914   0.369917   0.660172   0.329490   0.515793   0.034281   0.301739   0.683413   0.637858   0.368704   0.660253   0.328301   0.512485   0.034610   0.301783   0.683127   0.636774   0.367464   0.660280   0.327087   0.509304   0.035046   0.301802   0.682863   0.635802   0.366356   0.660299   0.326003   0.506175   0.035309   0.301799   0.682579   0.635082   0.365541   0.660598   0.325206   0.503365   0.035322 
  7   0.143425   0.678756   0.515368   0.247153   0.453379   0.212113   0.329953   0.038781   0.298602   0.685792   0.527176   0.256547   0.452518   0.220741   0.331847   0.043510   0.299123   0.685157   0.527152   0.256484   0.452986   0.220676   0.332045   0.041796   0.299382   0.684524   0.527139   0.256449   0.454438   0.220639   0.332345   0.041547   0.299568   0.683986   0.526972   0.256291   0.455353   0.220490   0.332422   0.042104   0.302049   0.681395   0.528558   0.257689   0.455351   0.221797   0.333205   0.042590   0.320765   0.671013   0.534993   0.263535   0.454800   0.227295   0.335769   0.042440   0.363562   0.653854   0.543045   0.271007   0.453875   0.234347   0.342302   0.046524   0.414623   0.638059   0.550685   0.278251   0.453508   0.241210   0.352400   0.056551   0.454955   0.628320   0.558331   0.285614   0.453860   0.248205   0.362789   0.067285   0.473588   0.626164   0.563973   0.291130   0.453986   0.253461   0.372110   0.075893   0.467194   0.631504   0.566569   0.293710   0.453854   0.255926   0.379584   0.081435   0.441204   0.642166   0.565780   0.292946   0.453525   0.255201   0.384685   0.082660   0.404139   0.655374   0.561751   0.288970   0.452933   0.251406   0.387032   0.078423   0.363355   0.669236   0.555331   0.282691   0.452323   0.245424   0.386643   0.069504   0.327441   0.681825   0.547794   0.275448   0.452184   0.238545   0.383913   0.058522   0.305844   0.689917   0.540821   0.268871   0.452429   0.232320   0.379066   0.050458   0.299411   0.692018   0.536843   0.265180   0.452860   0.228836   0.373332   0.047735   0.298943   0.691310   0.535226   0.263715   0.453223   0.227459   0.368252   0.047611   0.298555   0.690713   0.533710   0.262364   0.453274   0.226192   0.363782   0.048543   0.298162   0.690258   0.532207   0.261031   0.453331   0.224944   0.359735   0.049745   0.297874   0.689812   0.530762   0.259751   0.453345   0.223745   0.356076   0.050234   0.297659   0.689364   0.529409   0.258556   0.453354   0.222627   0.352635   0.050401   0.297436   0.688949   0.528233   0.257527   0.453622   0.221665   0.349353   0.050702 
  8   0.145533   0.687843   0.442370   0.189560   0.324470   0.159206   0.240432   0.082173   0.282524   0.703814   0.444616   0.190691   0.324351   0.160152   0.231929   0.101506   0.281967   0.702511   0.445072   0.191020   0.324725   0.160449   0.229513   0.105745   0.281764   0.701021   0.445324   0.191217   0.326011   0.160629   0.227886   0.110369   0.281312   0.699788   0.444903   0.190941   0.326763   0.160384   0.226520   0.116928   0.293716   0.688406   0.452529   0.196417   0.326681   0.165333   0.228115   0.122747   0.351034   0.656209   0.472046   0.211189   0.326081   0.178802   0.232430   0.134899   0.457784   0.614507   0.493870   0.228853   0.325131   0.195093   0.235407   0.163886   0.577291   0.578901   0.513897   0.245948   0.324779   0.211005   0.237708   0.192121   0.678454   0.554056   0.531451   0.261529   0.325088   0.225607   0.240764   0.202346   0.742680   0.543496   0.544785   0.273774   0.325137   0.237151   0.244709   0.204870   0.752981   0.551353   0.552380   0.280976   0.324980   0.243979   0.249805   0.206377   0.705552   0.576549   0.553038   0.281719   0.324673   0.244704   0.255777   0.205785   0.615305   0.612473   0.546547   0.275695   0.324148   0.239014   0.261201   0.200379   0.502910   0.652860   0.534067   0.264166   0.323629   0.228133   0.264417   0.190699   0.391281   0.691848   0.516550   0.248417   0.323537   0.213338   0.264889   0.174412   0.305487   0.723922   0.492782   0.228072   0.323795   0.194389   0.262216   0.148013   0.269771   0.737222   0.473629   0.212393   0.324227   0.179899   0.255852   0.132462   0.267659   0.734366   0.465328   0.205981   0.324564   0.174033   0.248999   0.132500   0.267823   0.730054   0.460053   0.201998   0.324578   0.170404   0.243972   0.135262   0.268117   0.726051   0.455621   0.198710   0.324621   0.167416   0.239984   0.138749   0.268484   0.722557   0.451515   0.195704   0.324640   0.164692   0.236519   0.139328   0.268626   0.719699   0.447704   0.192951   0.324641   0.162201   0.233014   0.138765   0.268619   0.717112   0.444527   0.190692   0.324879   0.160163   0.229589   0.139535 
  9   0.143494   0.684518   0.432895   0.183702   0.284900   0.154053   0.225306   0.213284   0.269081   0.696130   0.421333   0.175673   0.286877   0.146836   0.216695   0.351483   0.268218   0.693218   0.423281   0.177064   0.287125   0.148093   0.217424   0.374181   0.267806   0.690871   0.424507   0.177961   0.288283   0.148907   0.218214   0.387024   0.267000   0.689327   0.424643   0.178102   0.288935   0.149042   0.218891   0.401020   0.281601   0.683590   0.426679   0.179541   0.288825   0.150340   0.219209   0.411642   0.348016   0.662363   0.435918   0.186116   0.288253   0.156279   0.221520   0.405660   0.465421   0.628664   0.451312   0.197488   0.287382   0.166618   0.224772   0.404014   0.589032   0.597270   0.468101   0.210452   0.287209   0.178495   0.227258   0.414057   0.688890   0.574419   0.483717   0.222964   0.287716   0.190033   0.229637   0.411480   0.752295   0.562881   0.495878   0.233040   0.287927   0.199377   0.231650   0.403799   0.767633   0.565814   0.503075   0.239152   0.287909   0.205070   0.233482   0.397588   0.731704   0.583273   0.504404   0.240301   0.287701   0.206143   0.235057   0.393159   0.652662   0.611637   0.499544   0.236155   0.287222   0.202279   0.235920   0.387423   0.541256   0.648066   0.488733   0.227099   0.286644   0.193864   0.235416   0.382527   0.416890   0.688157   0.472158   0.213683   0.286373   0.181471   0.233422   0.384610   0.307511   0.723814   0.451500   0.197656   0.286415   0.166776   0.229640   0.396857   0.255720   0.737752   0.437154   0.186931   0.286702   0.157005   0.224952   0.414345   0.251363   0.732585   0.431932   0.183239   0.286962   0.153674   0.221255   0.426601   0.251306   0.726179   0.428544   0.180892   0.286937   0.151563   0.218612   0.436782   0.251396   0.720594   0.425658   0.178915   0.286991   0.149789   0.216499   0.445176   0.251477   0.715912   0.423109   0.177180   0.287050   0.148234   0.214474   0.446683   0.251540   0.711927   0.420982   0.175739   0.287074   0.146942   0.212423   0.445149   0.251530   0.708417   0.419291   0.174605   0.287306   0.145928   0.210706   0.445081 
 10   0.119237   0.680861   0.719007   0.471666   0.927153   0.431059   0.605076   0.026803   0.299770   0.689659   0.732348   0.490009   0.926087   0.449629   0.609977   0.025452   0.300222   0.688264   0.734250   0.492698   0.926737   0.452365   0.608525   0.025054   0.300602   0.686999   0.735944   0.495108   0.928625   0.454820   0.608994   0.024192   0.300910   0.686016   0.736695   0.496185   0.929718   0.455919   0.609607   0.023827   0.302703   0.684903   0.737499   0.497336   0.929783   0.457093   0.609381   0.023440   0.317096   0.680956   0.742414   0.504496   0.929355   0.464419   0.610044   0.021752   0.351225   0.672335   0.752861   0.519917   0.928402   0.480236   0.616772   0.019942   0.395579   0.661831   0.767567   0.542161   0.927812   0.503152   0.629813   0.021274   0.439194   0.652643   0.785530   0.570256   0.928101   0.532278   0.641750   0.024993   0.472726   0.646312   0.803087   0.598716   0.928111   0.561979   0.649657   0.028836   0.484345   0.644222   0.817071   0.622132   0.927685   0.586564   0.655713   0.031749   0.466905   0.647161   0.825661   0.636852   0.926908   0.602085   0.661111   0.033368   0.426301   0.654057   0.828043   0.640992   0.925717   0.606463   0.667158   0.033243   0.375083   0.662282   0.825112   0.635920   0.924889   0.601106   0.676871   0.029771   0.329869   0.670993   0.813406   0.615958   0.924781   0.580075   0.690909   0.024909   0.306993   0.678354   0.796181   0.587167   0.925034   0.549857   0.698889   0.026154   0.302433   0.681289   0.785067   0.569057   0.925638   0.530941   0.697953   0.030482   0.302266   0.681637   0.779636   0.560444   0.926261   0.521991   0.695777   0.031819   0.302168   0.681864   0.775012   0.553203   0.926534   0.514483   0.694105   0.032051   0.302137   0.681998   0.770925   0.546871   0.926635   0.507932   0.692814   0.032017   0.302136   0.682077   0.767292   0.541291   0.926686   0.502167   0.691598   0.031911   0.302110   0.682128   0.764085   0.536408   0.926866   0.497130   0.690384   0.031675   0.302100   0.682119   0.761322   0.532235   0.927337   0.492833   0.689408   0.031299 
 11   0.121909   0.679474   0.699098   0.444571   0.928881   0.403677   0.581311   0.024587   0.300550   0.687129   0.711121   0.460337   0.927799   0.419501   0.584532   0.023592   0.300834   0.686182   0.712349   0.461967   0.928317   0.421140   0.582572   0.023245   0.301106   0.685261   0.713557   0.463593   0.929993   0.422779   0.583047   0.022304   0.301349   0.684553   0.713942   0.464109   0.931016   0.423300   0.583781   0.021969   0.301975   0.683970   0.713766   0.463862   0.931151   0.423048   0.583923   0.021864   0.309186   0.682018   0.715998   0.466932   0.930878   0.426156   0.583116   0.021237   0.328280   0.677112   0.722374   0.475775   0.930189   0.435122   0.585073   0.019956   0.353589   0.670588   0.731707   0.488930   0.929831   0.448498   0.593302   0.019962   0.377592   0.664613   0.743159   0.505448   0.930270   0.465365   0.604149   0.021698   0.395008   0.660355   0.754804   0.522665   0.930457   0.483028   0.613174   0.023595   0.400641   0.658666   0.764438   0.537248   0.930228   0.498054   0.619938   0.024990   0.391871   0.659863   0.770499   0.546593   0.929630   0.507716   0.625923   0.025526   0.370491   0.663465   0.772193   0.549253   0.928562   0.510475   0.632526   0.024592   0.342275   0.668197   0.769960   0.545828   0.927759   0.506937   0.642056   0.021411   0.317157   0.673782   0.761076   0.532258   0.927583   0.492932   0.653937   0.019285   0.304938   0.678378   0.749617   0.514921   0.927751   0.475070   0.659469   0.022058   0.302858   0.680013   0.743152   0.505310   0.928301   0.465201   0.657985   0.025613   0.302737   0.680294   0.739703   0.500295   0.928908   0.460072   0.655957   0.026696   0.302675   0.680473   0.736787   0.496100   0.929213   0.455790   0.654120   0.026956   0.302690   0.680577   0.734174   0.492372   0.929322   0.451991   0.652577   0.027215   0.302748   0.680644   0.731784   0.488981   0.929328   0.448539   0.651002   0.027765   0.302842   0.680659   0.729691   0.486023   0.929436   0.445530   0.649699   0.028291   0.302964   0.680592   0.727972   0.483603   0.929797   0.443069   0.648945   0.028532 
 12   0.125809   0.677658   0.666346   0.403571   0.761854   0.362857   0.565469   0.030873   0.301019   0.683798   0.681557   0.421645   0.760702   0.380682   0.574096   0.032250   0.301508   0.683317   0.681469   0.421555   0.761292   0.380597   0.573573   0.030034   0.301940   0.682713   0.681874   0.422087   0.763039   0.381131   0.574747   0.028960   0.302231   0.682271   0.681617   0.421775   0.764135   0.380823   0.575110   0.028709   0.303160   0.681572   0.681216   0.421278   0.764157   0.380329   0.574736   0.028351   0.312489   0.678117   0.683778   0.424630   0.763581   0.383691   0.574780   0.026925   0.337539   0.670989   0.689139   0.431622   0.762559   0.390701   0.579966   0.026373   0.371735   0.663284   0.695172   0.439533   0.762113   0.398642   0.590952   0.030006   0.402995   0.657504   0.701604   0.448073   0.762482   0.407234   0.602564   0.036154   0.422983   0.654429   0.707214   0.455615   0.762571   0.414839   0.612437   0.041544   0.425517   0.654642   0.710991   0.460747   0.762347   0.420023   0.619926   0.045070   0.409172   0.658183   0.711960   0.462071   0.761919   0.421363   0.624804   0.045726   0.379979   0.664139   0.709663   0.458934   0.761201   0.418190   0.627040   0.042768   0.346794   0.671190   0.704780   0.452300   0.760499   0.411488   0.627362   0.036726   0.318961   0.677867   0.698032   0.443204   0.760371   0.402313   0.627717   0.030250   0.304902   0.681973   0.691500   0.434477   0.760682   0.393524   0.625921   0.027326   0.302229   0.682869   0.688232   0.430152   0.761203   0.389176   0.621198   0.027019   0.302314   0.682544   0.687199   0.428806   0.761643   0.387827   0.616714   0.026751   0.302399   0.682238   0.686200   0.427517   0.761726   0.386537   0.612847   0.026730   0.302483   0.681976   0.685173   0.426205   0.761797   0.385226   0.609348   0.027079   0.302572   0.681755   0.684086   0.424823   0.761819   0.383847   0.605954   0.027613   0.302637   0.681547   0.683062   0.423528   0.761848   0.382557   0.602666   0.027904   0.302703   0.681312   0.682270   0.422530   0.762168   0.381562   0.599751   0.028191 
 13   0.126704   0.678677   0.641718   0.375041   0.737350   0.334840   0.437752   0.041277   0.297656   0.685457   0.666054   0.402808   0.735184   0.362035   0.444792   0.040463   0.298278   0.684433   0.669488   0.406981   0.735636   0.366167   0.441887   0.036219   0.298915   0.683408   0.672809   0.411011   0.737344   0.370155   0.441004   0.033617   0.299478   0.682500   0.675177   0.413888   0.738398   0.373003   0.440177   0.032434   0.301253   0.680656   0.678593   0.418107   0.738476   0.377192   0.439656   0.031291   0.313917   0.674509   0.688761   0.431171   0.738092   0.390257   0.440087   0.027496   0.344559   0.664656   0.702156   0.448800   0.737274   0.407965   0.445695   0.024644   0.385589   0.655008   0.714411   0.465478   0.736917   0.424820   0.455771   0.028127   0.426581   0.647135   0.727424   0.483763   0.737216   0.443410   0.465249   0.035645   0.456075   0.642511   0.739116   0.500712   0.737151   0.460743   0.474148   0.043688   0.461819   0.642644   0.747304   0.512896   0.736791   0.473264   0.483099   0.050453   0.441856   0.647430   0.750462   0.517684   0.736250   0.478202   0.492546   0.054754   0.404795   0.655401   0.747642   0.513488   0.735387   0.473889   0.502418   0.055282   0.361547   0.664786   0.739409   0.501309   0.734602   0.461386   0.512775   0.050728   0.324179   0.674019   0.725693   0.481511   0.734469   0.441156   0.524561   0.041414   0.304393   0.680801   0.709860   0.459263   0.734786   0.418535   0.530557   0.035925   0.300110   0.683232   0.700411   0.446308   0.735344   0.405425   0.528392   0.035633   0.300190   0.683232   0.696908   0.441644   0.735870   0.400731   0.525141   0.034499   0.300319   0.683112   0.694160   0.438024   0.736099   0.397095   0.522451   0.033541   0.300434   0.682966   0.691753   0.434885   0.736284   0.393947   0.520115   0.033272   0.300486   0.682864   0.689467   0.431930   0.736327   0.390988   0.517848   0.033154   0.300513   0.682746   0.687529   0.429439   0.736344   0.388498   0.515565   0.032887   0.300564   0.682551   0.686039   0.427534   0.736679   0.386594   0.513433   0.032648 
 14   0.139576   0.689857   0.503231   0.237451   0.436999   0.203183   0.286749   0.062171   0.286057   0.707600   0.523510   0.254072   0.436698   0.218548   0.286671   0.068039   0.285627   0.706108   0.524334   0.254793   0.437016   0.219222   0.282430   0.068732   0.285587   0.704588   0.524665   0.255096   0.438367   0.219507   0.279291   0.070448   0.285463   0.703393   0.524228   0.254736   0.439168   0.219174   0.276378   0.073320   0.295762   0.692482   0.531230   0.260838   0.439075   0.224873   0.276637   0.075804   0.347484   0.658292   0.550512   0.278500   0.438397   0.241515   0.280545   0.082153   0.448392   0.610169   0.573169   0.300584   0.437310   0.262548   0.284669   0.102618   0.563969   0.568299   0.595106   0.323213   0.436798   0.284318   0.288408   0.129513   0.662529   0.541971   0.614949   0.344628   0.436935   0.305089   0.292815   0.148949   0.723127   0.534919   0.629608   0.361124   0.436803   0.321207   0.299079   0.162489   0.727922   0.548998   0.637527   0.370382   0.436502   0.330316   0.307450   0.172364   0.675995   0.580539   0.637324   0.370360   0.436128   0.330331   0.317257   0.177153   0.584508   0.621537   0.628778   0.360729   0.435606   0.320917   0.326492   0.174954   0.476330   0.664206   0.613649   0.343815   0.435125   0.304406   0.333135   0.164022   0.376246   0.701204   0.594715   0.323195   0.435135   0.284372   0.335867   0.141485   0.305652   0.727421   0.572942   0.300590   0.435552   0.262595   0.332939   0.112118   0.278420   0.735802   0.556446   0.284201   0.436128   0.246930   0.324760   0.095202   0.277057   0.731751   0.548799   0.276959   0.436548   0.240066   0.316208   0.091928   0.276802   0.727661   0.543716   0.272243   0.436583   0.235613   0.309153   0.091773   0.276513   0.724224   0.539696   0.268572   0.436653   0.232156   0.302740   0.093092   0.276415   0.721389   0.535898   0.265150   0.436703   0.228941   0.297254   0.093335   0.276459   0.719022   0.532146   0.261808   0.436725   0.225808   0.292337   0.092626   0.276419   0.716959   0.528875   0.258925   0.436996   0.223109   0.287711   0.092585 
 15   0.121603   0.677968   0.707750   0.455934   0.899324   0.415084   0.671661   0.025529   0.302261   0.684441   0.718374   0.470083   0.898491   0.429324   0.675510   0.025041   0.302581   0.684053   0.718180   0.469826   0.899104   0.429066   0.674595   0.025035   0.302853   0.683571   0.718217   0.469902   0.900886   0.429148   0.674569   0.024701   0.303071   0.683263   0.717452   0.468883   0.902033   0.428122   0.673922   0.024975   0.303389   0.683110   0.715893   0.466769   0.902144   0.425987   0.672452   0.025551   0.307957   0.681860   0.715585   0.466396   0.901708   0.425619   0.670084   0.026181   0.322155   0.678149   0.717946   0.469707   0.900862   0.428983   0.670037   0.026686   0.342931   0.673085   0.722534   0.476104   0.900450   0.435475   0.674987   0.028224   0.363405   0.668477   0.728731   0.484815   0.900910   0.444328   0.682031   0.031036   0.378282   0.665263   0.735125   0.493909   0.901157   0.453591   0.688217   0.033667   0.382268   0.664155   0.740367   0.501450   0.901029   0.461289   0.692800   0.035034   0.373325   0.665449   0.743367   0.505798   0.900569   0.465733   0.695784   0.034528   0.354544   0.668771   0.743350   0.505759   0.899703   0.465691   0.697837   0.032005   0.332083   0.673118   0.740624   0.501770   0.898982   0.461606   0.700618   0.027386   0.313294   0.677502   0.734997   0.493598   0.898832   0.453251   0.705155   0.023581   0.304587   0.680183   0.729188   0.485227   0.899040   0.444704   0.706109   0.023454   0.303408   0.680720   0.726286   0.481089   0.899530   0.440488   0.702884   0.024493   0.303460   0.680642   0.724800   0.478993   0.900010   0.438356   0.700046   0.024864   0.303509   0.680542   0.723493   0.477162   0.900159   0.436497   0.697484   0.025054   0.303568   0.680446   0.722276   0.475469   0.900165   0.434780   0.695065   0.025391   0.303633   0.680367   0.721109   0.473855   0.900092   0.433144   0.692542   0.026085   0.303685   0.680258   0.720115   0.472483   0.900123   0.431755   0.690319   0.026592   0.303742   0.680092   0.719384   0.471477   0.900452   0.430736   0.688622   0.026768 
 16   0.120117   0.679049   0.720830   0.473754   0.932014   0.433095   0.679541   0.023835   0.301429   0.686234   0.732125   0.489339   0.931091   0.448881   0.683584   0.021787   0.301731   0.685181   0.733751   0.491620   0.931740   0.451198   0.683888   0.021546   0.302023   0.684172   0.735332   0.493860   0.933581   0.453478   0.685599   0.020838   0.302256   0.683417   0.735963   0.494757   0.934668   0.454391   0.686866   0.020405   0.302869   0.682767   0.735980   0.494772   0.934743   0.454405   0.686973   0.020123   0.310006   0.680569   0.738118   0.497842   0.934368   0.457537   0.685168   0.019935   0.329326   0.675255   0.744056   0.506461   0.933558   0.466348   0.686122   0.019511   0.355121   0.668466   0.753110   0.519816   0.933060   0.480041   0.693134   0.020204   0.379510   0.662484   0.764410   0.536837   0.933464   0.497561   0.701384   0.022625   0.396946   0.658423   0.775587   0.554058   0.933650   0.515361   0.707628   0.025084   0.401662   0.657104   0.784574   0.568198   0.933396   0.530034   0.711961   0.026540   0.391508   0.658718   0.790222   0.577218   0.932809   0.539420   0.715311   0.026905   0.369249   0.662725   0.791827   0.579805   0.931807   0.542115   0.718909   0.025954   0.341159   0.667794   0.789749   0.576474   0.931080   0.538647   0.726116   0.022617   0.316931   0.673308   0.781774   0.563805   0.930985   0.525478   0.738122   0.019774   0.305585   0.677441   0.771690   0.547934   0.931212   0.509008   0.744342   0.021804   0.303854   0.678798   0.765983   0.539089   0.931749   0.499857   0.742258   0.025180   0.303742   0.679057   0.762727   0.534127   0.932302   0.494738   0.739772   0.026359   0.303639   0.679264   0.759789   0.529682   0.932527   0.490159   0.737887   0.026642   0.303555   0.679445   0.757065   0.525593   0.932557   0.485954   0.736227   0.026681   0.303505   0.679581   0.754592   0.521905   0.932533   0.482165   0.734582   0.026695   0.303473   0.679664   0.752420   0.518685   0.932655   0.478859   0.733112   0.026608   0.303472   0.679685   0.750573   0.515957   0.933064   0.476062   0.731890   0.026569 
 17   0.117938   0.679343   0.738471   0.498754   0.934412   0.458544   0.703588   0.021937   0.300995   0.686756   0.748772   0.513502   0.933634   0.473583   0.710729   0.021021   0.301354   0.685605   0.750354   0.515793   0.934419   0.475924   0.713586   0.021216   0.301688   0.684535   0.751850   0.517978   0.936461   0.478161   0.717401   0.020874   0.301978   0.683719   0.752377   0.518745   0.937710   0.478945   0.720135   0.020921   0.303434   0.682740   0.752873   0.519459   0.937881   0.479673   0.720823   0.020957   0.315648   0.679190   0.757092   0.525752   0.937562   0.486139   0.720498   0.020569   0.344604   0.671822   0.766338   0.539783   0.936738   0.500602   0.725664   0.019865   0.381057   0.663320   0.779277   0.559915   0.936081   0.521449   0.736658   0.020710   0.415246   0.656171   0.794628   0.584493   0.936373   0.547036   0.746607   0.023602   0.439098   0.651643   0.809013   0.608197   0.936508   0.571847   0.753383   0.026781   0.445269   0.650528   0.820114   0.626968   0.936162   0.591588   0.757954   0.029307   0.431456   0.652791   0.826967   0.638768   0.935449   0.604041   0.761271   0.030684   0.400835   0.657800   0.829011   0.642321   0.934298   0.607797   0.764444   0.030405   0.361212   0.664008   0.826715   0.638334   0.933506   0.603583   0.771947   0.027141   0.325396   0.670756   0.817168   0.621990   0.933390   0.586354   0.785416   0.022991   0.307378   0.676454   0.803224   0.598487   0.933577   0.561650   0.793308   0.024622   0.304064   0.678838   0.794136   0.583470   0.934103   0.545925   0.791987   0.028803   0.303741   0.679333   0.789363   0.575764   0.934705   0.537891   0.789616   0.029939   0.303482   0.679697   0.785219   0.569147   0.934999   0.531005   0.787903   0.029982   0.303298   0.679949   0.781522   0.563297   0.935022   0.524929   0.786484   0.029518   0.303170   0.680111   0.778303   0.558242   0.935014   0.519686   0.785087   0.028951   0.303082   0.680188   0.775618   0.554050   0.935216   0.515342   0.783579   0.028464   0.303029   0.680199   0.773362   0.550551   0.935692   0.511721   0.782178   0.027862 
 18   0.115390   0.680702   0.741065   0.502723   0.934731   0.462639   0.675159   0.025833   0.298015   0.689284   0.751397   0.517572   0.933973   0.477794   0.682575   0.025227   0.298584   0.687873   0.752840   0.519661   0.934856   0.479928   0.683818   0.025043   0.298928   0.686724   0.753994   0.521352   0.936949   0.481659   0.686102   0.024619   0.299197   0.685869   0.754150   0.521575   0.938184   0.481887   0.687408   0.024530   0.303976   0.684089   0.755717   0.523873   0.938287   0.484241   0.687036   0.024008   0.329057   0.677982   0.763153   0.535104   0.937831   0.495808   0.688434   0.022967   0.382377   0.666607   0.777088   0.556721   0.936898   0.518183   0.697411   0.023104   0.452224   0.653584   0.796497   0.587998   0.936164   0.550788   0.710035   0.026772   0.523161   0.642182   0.819412   0.626529   0.936224   0.591277   0.719068   0.032803   0.575381   0.634838   0.840705   0.663872   0.936106   0.630829   0.724164   0.038557   0.588109   0.633746   0.856706   0.692973   0.935554   0.661865   0.727120   0.043050   0.555952   0.638905   0.865861   0.710046   0.934670   0.680160   0.729781   0.045884   0.491279   0.648400   0.867719   0.713563   0.933448   0.683940   0.733977   0.046475   0.413068   0.659565   0.862516   0.703791   0.932654   0.673455   0.743216   0.042948   0.344839   0.670384   0.847861   0.676803   0.932564   0.644606   0.758180   0.035971   0.308616   0.679162   0.826955   0.639386   0.932836   0.604824   0.765064   0.034977   0.300137   0.683098   0.812268   0.613903   0.933469   0.577888   0.762217   0.038573   0.299746   0.683590   0.804922   0.601601   0.934153   0.564971   0.760423   0.039045   0.299617   0.683834   0.798821   0.591537   0.934497   0.554435   0.759433   0.038307   0.299600   0.683933   0.793525   0.582913   0.934579   0.545427   0.758662   0.037157   0.299665   0.683915   0.788988   0.575593   0.934630   0.537794   0.758146   0.035859   0.299684   0.683880   0.785083   0.569358   0.934876   0.531306   0.757340   0.034729   0.299615   0.683859   0.781616   0.563891   0.935392   0.525631   0.756098   0.033865 
 19   0.117369   0.682563   0.710487   0.460863   0.901348   0.420286   0.514089   0.033788   0.295293   0.692787   0.725963   0.482331   0.900186   0.442057   0.517568   0.033535   0.296015   0.691189   0.728443   0.485992   0.900841   0.445812   0.513720   0.032025   0.296467   0.689986   0.729802   0.487972   0.902775   0.447836   0.513699   0.030847   0.296888   0.688917   0.730555   0.489092   0.903925   0.448984   0.514822   0.030486   0.302466   0.685878   0.734927   0.495204   0.904032   0.455199   0.516381   0.029113   0.332473   0.676745   0.748474   0.514879   0.903590   0.475337   0.523581   0.024494   0.400086   0.661175   0.769813   0.547096   0.902583   0.508538   0.540068   0.021878   0.490702   0.644127   0.796672   0.589716   0.901841   0.552865   0.556673   0.026970   0.584705   0.629487   0.826317   0.639569   0.901782   0.605274   0.566240   0.036145   0.656225   0.620234   0.852394   0.685888   0.901418   0.654466   0.571079   0.046253   0.673415   0.619583   0.870751   0.719997   0.900688   0.691000   0.574752   0.055707   0.629258   0.627304   0.879947   0.737597   0.899709   0.709956   0.579745   0.062563   0.541279   0.640737   0.879562   0.736908   0.898458   0.709224   0.587849   0.064752   0.438503   0.655736   0.870534   0.719699   0.897719   0.690703   0.603621   0.059400   0.352395   0.669758   0.849599   0.680933   0.897825   0.649211   0.628455   0.046801   0.307372   0.681866   0.820040   0.628356   0.898336   0.593358   0.642531   0.040358   0.297467   0.687404   0.800316   0.594619   0.899189   0.557783   0.641006   0.040970   0.297557   0.687625   0.792098   0.581160   0.900042   0.543707   0.638335   0.039826   0.297819   0.687554   0.785658   0.570803   0.900486   0.532912   0.636237   0.038606   0.298102   0.687383   0.780243   0.562233   0.900659   0.524006   0.634480   0.037843   0.298310   0.687185   0.775553   0.554905   0.900706   0.516410   0.632793   0.037193   0.298549   0.686850   0.771667   0.548889   0.900872   0.510185   0.631211   0.036411   0.298838   0.686370   0.768615   0.544204   0.901336   0.505344   0.629552   0.035538 
 20   0.119784   0.677310   0.728795   0.484656   0.935889   0.444120   0.731036   0.021177   0.302596   0.682991   0.737143   0.496376   0.935205   0.456029   0.735638   0.019595   0.302869   0.682378   0.737946   0.497503   0.935942   0.457174   0.737765   0.019933   0.303118   0.681755   0.738721   0.498610   0.937861   0.458301   0.740514   0.020182   0.303312   0.681360   0.738511   0.498303   0.939081   0.457988   0.742186   0.020663   0.303523   0.681156   0.737455   0.496780   0.939283   0.456432   0.742443   0.021114   0.307298   0.680081   0.737480   0.496814   0.938997   0.456466   0.740473   0.022345   0.319097   0.677028   0.740009   0.500474   0.938268   0.460206   0.739800   0.023875   0.336112   0.672919   0.744610   0.507185   0.937712   0.467073   0.743815   0.025511   0.352676   0.669246   0.750761   0.516260   0.938139   0.476378   0.749402   0.028220   0.364301   0.666827   0.756839   0.525341   0.938533   0.485710   0.753652   0.030906   0.366397   0.666235   0.761323   0.532115   0.938499   0.492687   0.756307   0.032243   0.357999   0.667546   0.763413   0.535300   0.938064   0.495972   0.757596   0.031997   0.342593   0.670244   0.762750   0.534301   0.937165   0.494943   0.758284   0.030154   0.324886   0.673462   0.759863   0.529930   0.936519   0.490440   0.761568   0.025961   0.310482   0.676790   0.754015   0.521132   0.936403   0.481387   0.767065   0.022446   0.304425   0.678931   0.748057   0.512239   0.936537   0.472248   0.767138   0.023168   0.303891   0.679439   0.744872   0.507548   0.936975   0.467440   0.762970   0.024798   0.303877   0.679560   0.742677   0.504342   0.937470   0.464159   0.760027   0.024901   0.303865   0.679621   0.740742   0.501530   0.937665   0.461284   0.757432   0.024450   0.303870   0.679659   0.738995   0.499007   0.937544   0.458707   0.754717   0.024370   0.303878   0.679671   0.737465   0.496804   0.937372   0.456459   0.752047   0.024668   0.303889   0.679628   0.736227   0.495029   0.937444   0.454649   0.749769   0.024700   0.303920   0.679528   0.735280   0.493678   0.937799   0.453272   0.748031   0.024631 
 21   0.118538   0.677938   0.737942   0.497665   0.939969   0.457370   0.746218   0.018811   0.302011   0.684089   0.746934   0.510581   0.939257   0.470549   0.751675   0.017515   0.302366   0.683193   0.748416   0.512739   0.940046   0.472756   0.754601   0.018424   0.302720   0.682333   0.749788   0.514746   0.942071   0.474811   0.758198   0.019063   0.303001   0.681707   0.750158   0.515284   0.943355   0.475361   0.760857   0.019519   0.303473   0.681199   0.749861   0.514834   0.943606   0.474898   0.762240   0.019694   0.309274   0.679345   0.751361   0.517041   0.943348   0.477158   0.761550   0.020364   0.325237   0.674982   0.756054   0.524032   0.942578   0.484339   0.763501   0.020867   0.346886   0.669578   0.763213   0.534852   0.941929   0.495483   0.770983   0.021701   0.367705   0.664845   0.772308   0.548842   0.942283   0.509939   0.779103   0.024004   0.382207   0.661703   0.781248   0.562841   0.942585   0.524450   0.785019   0.026215   0.384761   0.660877   0.788180   0.573876   0.942420   0.535926   0.788760   0.027250   0.374381   0.662428   0.792222   0.580382   0.941879   0.542705   0.790892   0.027259   0.354956   0.665764   0.792843   0.581392   0.940880   0.543760   0.792819   0.026302   0.331931   0.669811   0.790440   0.577525   0.940207   0.539730   0.799149   0.023068   0.313040   0.674232   0.783109   0.565820   0.940128   0.527552   0.810047   0.020659   0.305067   0.677347   0.774810   0.552685   0.940279   0.513908   0.813089   0.022783   0.304192   0.678219   0.770444   0.545885   0.940742   0.506866   0.808810   0.025320   0.304056   0.678450   0.767590   0.541493   0.941278   0.502327   0.806060   0.025734   0.303946   0.678620   0.765045   0.537601   0.941504   0.498310   0.803747   0.025570   0.303869   0.678755   0.762692   0.534024   0.941410   0.494622   0.801469   0.025325   0.303821   0.678845   0.760601   0.530861   0.941297   0.491365   0.799250   0.025100   0.303806   0.678873   0.758864   0.528247   0.941443   0.488674   0.797345   0.024784   0.303818   0.678844   0.757452   0.526130   0.941881   0.486497   0.795661   0.024557 
 22   0.116589   0.678419   0.753446   0.520352   0.942393   0.480598   0.769306   0.018940   0.301725   0.684979   0.762435   0.533711   0.941818   0.494314   0.776188   0.017760   0.302072   0.683963   0.763877   0.535885   0.942691   0.496552   0.780163   0.018439   0.302408   0.683023   0.765167   0.537840   0.944819   0.498567   0.784714   0.018989   0.302692   0.682326   0.765466   0.538290   0.946195   0.499030   0.787695   0.019640   0.303658   0.681570   0.765450   0.538254   0.946513   0.498990   0.789017   0.020018   0.312249   0.678917   0.768088   0.542288   0.946254   0.503154   0.788712   0.020483   0.333335   0.673390   0.774542   0.552285   0.945447   0.513498   0.791871   0.020731   0.360576   0.666965   0.783663   0.566672   0.944705   0.528432   0.800235   0.021887   0.386093   0.661526   0.794730   0.584494   0.944960   0.547005   0.808410   0.024643   0.403098   0.658078   0.805276   0.601833   0.945201   0.565145   0.814202   0.027106   0.405674   0.657294   0.813304   0.615283   0.944950   0.579266   0.817806   0.028377   0.393092   0.659179   0.817999   0.623253   0.944328   0.587654   0.819850   0.028594   0.369534   0.663105   0.818924   0.624837   0.943252   0.589323   0.821857   0.027641   0.340663   0.667862   0.816460   0.620644   0.942555   0.584908   0.829034   0.023849   0.316183   0.673141   0.807990   0.606397   0.942471   0.569939   0.842505   0.020362   0.305606   0.677018   0.797880   0.589564   0.942623   0.552287   0.848164   0.022050   0.304328   0.678195   0.792434   0.580651   0.943122   0.542972   0.844842   0.024851   0.304143   0.678497   0.789028   0.575160   0.943703   0.537248   0.842321   0.025648   0.303979   0.678737   0.785929   0.570204   0.943946   0.532090   0.840081   0.025769   0.303844   0.678917   0.783042   0.565617   0.943809   0.527322   0.838032   0.025449   0.303759   0.679013   0.780518   0.561631   0.943690   0.523183   0.836319   0.024966   0.303713   0.679036   0.778447   0.558378   0.943882   0.519809   0.834769   0.024536   0.303698   0.679011   0.776718   0.555678   0.944355   0.517012   0.833265   0.024316 
 23   0.114782   0.679510   0.762681   0.534354   0.938605   0.495028   0.755729   0.021600   0.300325   0.687043   0.770626   0.546367   0.938066   0.507402   0.764836   0.021496   0.300785   0.685839   0.771764   0.548105   0.939081   0.509196   0.769194   0.022142   0.301172   0.684767   0.772785   0.549674   0.941347   0.510816   0.774022   0.022541   0.301495   0.683950   0.772832   0.549734   0.942738   0.510877   0.777422   0.022979   0.305261   0.682280   0.774142   0.551740   0.942993   0.512948   0.778251   0.023001   0.325301   0.676825   0.780951   0.562425   0.942649   0.524030   0.779955   0.022615   0.365907   0.667513   0.793262   0.582198   0.941781   0.544626   0.788998   0.022702   0.414152   0.657980   0.808910   0.608115   0.940936   0.571780   0.801369   0.025323   0.456850   0.650575   0.826168   0.637625   0.941019   0.602883   0.810901   0.029613   0.484137   0.646266   0.841710   0.665037   0.941109   0.631943   0.817295   0.033232   0.487749   0.645850   0.853217   0.685877   0.940689   0.654147   0.821220   0.035759   0.465284   0.649384   0.859648   0.697727   0.939848   0.666815   0.823861   0.037111   0.423959   0.655703   0.860636   0.699571   0.938569   0.668790   0.826769   0.036866   0.373537   0.662966   0.856666   0.692226   0.937795   0.660933   0.835254   0.032993   0.328751   0.670819   0.844175   0.669528   0.937745   0.636734   0.849743   0.027959   0.307222   0.677212   0.827817   0.640380   0.937977   0.605773   0.855232   0.029153   0.303730   0.679683   0.817826   0.623035   0.938568   0.587439   0.851311   0.032873   0.303332   0.680196   0.812281   0.613639   0.939227   0.577554   0.848847   0.033372   0.303037   0.680547   0.807515   0.605655   0.939544   0.569172   0.847296   0.032879   0.302825   0.680779   0.803294   0.598652   0.939462   0.561832   0.846022   0.031911   0.302680   0.680904   0.799664   0.592675   0.939392   0.555577   0.844853   0.030861   0.302593   0.680929   0.796639   0.587729   0.939659   0.550408   0.843486   0.030200   0.302506   0.680931   0.793991   0.583435   0.940219   0.545927   0.841877   0.029849 
 24   0.112874   0.681071   0.764129   0.536606   0.935790   0.497360   0.722990   0.024333   0.297710   0.689936   0.769839   0.545245   0.935345   0.506260   0.733021   0.026232   0.298477   0.688426   0.770587   0.546380   0.936555   0.507429   0.736429   0.027102   0.298998   0.687221   0.771139   0.547222   0.938827   0.508299   0.740357   0.027032   0.299400   0.686304   0.770837   0.546740   0.940268   0.507797   0.743345   0.026743   0.308812   0.683114   0.774475   0.552363   0.940454   0.513613   0.744566   0.025744   0.348967   0.673299   0.787358   0.572817   0.939965   0.534874   0.751280   0.024142   0.427280   0.657664   0.808755   0.608168   0.939006   0.571897   0.768017   0.025088   0.525280   0.641621   0.835964   0.655438   0.938005   0.621877   0.783642   0.030531   0.617947   0.628858   0.864264   0.707256   0.937783   0.677214   0.791875   0.037199   0.673101   0.622417   0.887743   0.752367   0.937545   0.725830   0.794161   0.042249   0.664316   0.624647   0.903235   0.783310   0.936848   0.759425   0.792858   0.046105   0.601672   0.633688   0.910068   0.797331   0.935800   0.774725   0.792252   0.048937   0.513230   0.645961   0.908411   0.794089   0.934395   0.771219   0.795740   0.049961   0.421014   0.658644   0.898882   0.774949   0.933597   0.750415   0.807110   0.047465   0.345848   0.670435   0.878750   0.735339   0.933587   0.707532   0.825713   0.041592   0.308006   0.679959   0.853574   0.687381   0.933881   0.655928   0.831968   0.040842   0.300420   0.684246   0.836975   0.656965   0.934526   0.623442   0.827056   0.043354   0.299926   0.684898   0.828236   0.641526   0.935251   0.607068   0.826298   0.042542   0.299671   0.685267   0.821021   0.629001   0.935676   0.593827   0.826385   0.041115   0.299517   0.685473   0.814774   0.618306   0.935682   0.582551   0.826459   0.039263   0.299477   0.685519   0.809471   0.609339   0.935648   0.573119   0.826276   0.037521   0.299453   0.685461   0.805031   0.601916   0.935962   0.565327   0.825551   0.036366   0.299364   0.685378   0.801111   0.595438   0.936594   0.558542   0.824387   0.035452 
